2.625138222356326878e-07
1.797248785351257538e-07
5.808180503663606942e-06
1.302045566262677312e-04
1.419682084815576673e-04
2.985571336466819048e-04
1.952873892150819302e-03
2.250450705787443439e-07
6.945622743614876526e-08
6.345699148369021714e-07
1.791236492465486663e-08
2.718093661258080829e-08
2.174360957951648743e-08
1.530592186327339732e-08
4.043770651662725868e-09
1.321491254202555865e-07
9.286270596930989996e-08
2.061472592629343126e-08
3.190545427855795424e-08
5.488676624310073748e-09
3.926647096363922174e-08
1.400396882900167839e-07
9.140364909399067983e-08
9.371277087666385341e-08
1.318785747272954723e-09
3.990613350879357313e-08
5.852357709557054477e-09
6.809307961930244346e-08
1.369291902086899881e-09
2.412262567474954267e-08
1.343581175206054468e-07
2.226743944788722729e-08
1.720345750300111831e-07
9.208010509610176086e-03
2.225327305495738983e-03
1.140871518146013841e-06
1.527527388134330977e-06
3.495692908472847193e-07
3.124572458546026610e-07
1.265132777916733176e-05
8.482305524637467897e-09
3.607111977999011287e-07
1.043101178765937220e-07
5.413496069195389282e-07
1.792377162246339140e-07
3.423852206196897896e-07
4.940923670204711016e-09
1.159131102212995756e-07
1.108671838778718666e-07
2.460647465341025963e-06
6.319829282119826530e-08
1.504396607288072119e-07
2.245678416556984303e-07
1.108890756995606353e-07
2.251940571795785218e-07
1.025132903009762231e-07
7.003229995916626649e-08
5.014763004851374717e-08
5.164845333638368174e-07
1.088105747726331174e-07
7.475670713574800175e-07
2.102447353991010459e-07
6.582544074262841605e-07
2.378321551077533513e-05
6.293726073636207730e-08
3.322913544252514839e-04
8.931809816203895025e-07
6.165488230180926621e-06
9.291715059589478187e-07
1.223020262841600925e-07
1.072098232413054575e-08
1.990420486208677175e-07
4.340078962883353597e-09
1.480436839784715630e-08
1.721042153235430305e-08
6.022248033588084581e-09
1.391692450170012307e-07
1.872908228506275918e-08
2.394989166987215867e-07
4.520396501561663172e-08
9.986214521973124647e-09
2.221462480633817904e-08
1.265399305339087732e-07
4.477558093185507460e-07
2.961886202967889403e-08
5.864719554438124760e-08
1.859596210351810441e-07
1.383083603201384904e-08
1.096595951821655035e-07
8.950969743182213278e-09
1.035897589929390961e-08
2.672641885581583665e-09
1.335236134991646395e-07
6.976169864003622934e-09
2.349547578717192664e-08
1.538556659852474695e-08
1.020304374321767682e-08
2.838742375388392247e-06
2.529674247853108682e-06
3.132368249225692125e-07
5.185775009408644109e-08
3.113439106527948752e-07
5.988612201690557413e-07
5.563343918879581906e-08
8.457822673335613217e-07
1.577795956109184772e-07
1.494812636337883305e-06
8.787336810200940818e-06
2.023971092057763599e-06
1.340674589300760999e-05
5.688674065140730818e-08
2.178304470135117299e-08
1.287060603499412537e-02
8.186711966118309647e-07
4.082537330418745114e-08
7.469103735502358177e-08
3.025798989142458595e-08
1.171565486401959788e-06
4.971215821569785476e-05
1.167966183857060969e-05
3.631994786701397970e-06
5.280783170746872202e-06
1.081435220839921385e-05
3.978161657869350165e-06
5.097303414913767483e-07
1.319032344326842576e-05
4.182788870821241289e-08
9.822614943644225605e-10
1.791386772254099924e-08
2.060458470509729523e-08
2.362357491847433266e-07
8.598808776127953024e-09
1.118469050709336443e-08
2.713854696523299026e-09
2.340265758959958475e-09
3.240095525214314875e-09
1.785689818234459381e-08
1.574957622096917476e-07
7.491175324503274169e-08
2.865551095965201966e-06
1.330959378265106352e-07
8.696979136857407866e-08
1.227954555815813364e-07
2.022519993261084892e-06
1.060625618265476078e-05
6.879985221530660056e-07
3.125068815279519185e-06
9.146216143562924117e-06
5.083579139864013996e-07
3.483004547888413072e-05
1.732875825837254524e-04
4.861064098804490641e-06
1.659174131418694742e-07
3.432159019212122075e-07
2.497775142273894744e-07
2.156110241458009114e-07
1.198849872707796749e-06
2.063113981876085745e-07
2.594346710793615784e-07
3.734880010597407818e-05
1.424637730451649986e-06
2.357274979658541270e-06
6.174940949676965829e-07
1.172525799120194279e-06
1.763062527970760129e-06
2.797046150249116181e-08
4.914498390462540556e-07
5.612303510815763730e-09
5.708303888241061941e-06
1.389202793689037208e-06
2.898859065680881031e-06
1.771914503478910774e-05
4.516643002716591582e-06
1.962269743671640754e-05
1.286430915570235811e-06
8.063159384619211778e-08
2.214560254287789576e-06
2.495996511697740061e-07
6.302598194452002645e-06
5.590657679022115190e-07
2.625405159051297233e-06
6.645192485166262486e-08
1.371793132420862094e-06
2.370705658449878683e-07
1.452828996661992278e-06
6.630484108427481260e-07
1.412428787261887919e-06
2.803908500936813653e-07
1.848803435677837115e-06
1.100382405638811179e-06
3.315230969747062773e-07
5.178727406018879265e-06
4.647183970973856049e-07
1.943172378560120706e-07
3.082583432956198521e-08
2.484166998328873888e-06
1.288688196154907928e-07
1.085708163373055868e-07
3.897957299159315880e-07
4.783069016411900520e-07
6.902253346652287291e-08
5.971204330990076414e-08
5.680157755705295131e-06
7.497782803511654492e-07
1.212000938721757848e-06
7.297480664192335098e-08
8.133148980959958863e-07
1.838627395045477897e-05
1.171013650491659064e-06
2.584797039162367582e-05
1.372922611153626349e-06
2.444764140818733722e-05
2.235805709460692015e-07
9.585714906279463321e-07
3.635212237895757426e-07
9.562359082337934524e-07
3.272093351824878482e-08
1.309594722442852799e-06
5.421972673502750695e-06
4.576907883802050492e-07
2.251240687201061519e-07
1.161511931968561839e-06
2.327897163922898471e-06
2.304329427715856582e-06
1.305052819589036517e-06
1.492529236202244647e-06
3.253676652548165293e-07
1.040409824781818315e-05
1.181554480922386574e-07
1.473393126616429072e-06
1.866688535301364027e-06
7.440793979185400531e-06
2.000424359493990778e-07
8.445796879641420674e-07
4.631055617210222408e-06
1.338805395789677277e-05
1.029908071359386668e-05
1.143252461588417646e-06
8.549971425964031368e-06
2.633115627759252675e-06
8.920173399928899016e-07
1.981445052479102742e-07
5.279192009766120464e-06
1.030378143695998006e-06
4.873775765190657694e-07
2.938147645181743428e-06
1.559479642310179770e-05
3.169574483763426542e-06
7.109368311830621678e-07
4.026294845971278846e-06
6.422199930966598913e-06
3.638632222191517940e-07
4.435036160543859296e-08
2.007407601922750473e-05
1.700041366348159499e-06
1.993931419974614982e-07
1.608978163858409971e-05
2.509765636204974726e-06
1.347869056189665571e-05
1.320426235906779766e-06
1.239180619450053200e-06
6.336163096420932561e-07
5.264109404379269108e-06
6.557947926921769977e-06
1.333846557827200741e-05
1.939702798381404136e-07
5.548624670836943551e-08
2.312325023012817837e-06
9.101019600166182499e-07
7.814762170710309874e-08
6.744291880522723659e-08
3.874354703725657600e-08
4.981635015610663686e-08
1.320239243796095252e-05
1.261555553355719894e-07
3.550117000372665643e-08
5.515668703992560040e-07
3.851332337490021018e-07
3.822763883221114156e-09
6.219547543651060550e-08
1.643161340325605124e-07
5.113621881491781096e-08
1.933443627422093414e-07
1.226548373978175732e-08
2.951300075437757187e-07
1.144958332588430494e-07
1.279696562050958164e-07
3.615720345351292053e-08
7.695043535704826354e-08
1.404601324139775897e-08
4.222861704761271540e-08
3.953671523504453944e-08
2.012777002846632968e-07
6.433386801063534222e-08
3.916532591574650723e-07
2.636814322443115088e-08
6.844443305453751236e-07
2.398778065071383025e-08
8.929250583378234296e-08
1.199062467094336171e-06
3.382610636037952645e-09
1.570878183088098012e-08
7.907252630445782415e-09
7.346258268370320366e-09
4.620730464921507519e-09
4.198943770461482927e-08
3.774714585347282991e-08
4.257953101216571667e-09
1.570440844034237671e-08
2.943958854473294195e-08
1.138828551461301686e-07
6.929502305297319253e-09
1.033014918050412234e-08
1.967018370407913608e-08
3.264419845550037280e-08
1.027691638455507928e-07
4.007905829439550871e-08
2.193529358152090936e-09
1.205456801045556858e-08
1.910154168172084610e-08
2.278510713438208768e-08
1.051266309559650836e-07
4.370242834283999400e-08
4.541898945831235324e-08
1.961967477370762936e-08
2.949376742833464959e-08
1.405375815721754407e-08
9.239268256351351738e-04
4.200880721327848732e-05
2.788339998005540110e-06
1.972647538650562637e-07
9.304771708684711484e-08
9.253886901205987670e-08
1.573025798506932915e-07
8.828652084957866464e-07
1.439246855028386562e-08
3.792452929474166012e-08
9.232374509338114876e-07
6.335192637152431416e-08
1.292320212087361142e-05
1.544713995826896280e-06
2.234644853160716593e-06
4.985001851309789345e-07
9.076351261683157645e-07
4.295417056709993631e-06
1.939900721481535584e-05
5.262102149572456256e-06
6.324095807030971628e-07
5.208305964288229006e-08
6.124465556922586984e-08
7.229161980149001465e-08
9.269402312384045217e-07
7.047976851026760414e-07
1.452454228001442971e-07
2.247966767754405737e-05
2.268187699883128516e-07
2.161924896881828317e-07
1.044713968667565496e-07
9.674481304955406813e-08
1.280806287695668289e-07
3.419388008296664339e-07
2.235498754998843651e-07
2.186316123697906733e-07
4.352910764282569289e-06
5.256358903693580942e-08
5.756915655297234480e-08
4.623040172901937694e-09
3.334167431034984475e-08
4.557403343596888590e-09
1.102503244254648962e-08
4.892872240702672570e-08
6.515544015428531566e-08
2.255555813235332607e-07
1.111831920752592850e-06
3.793992107148369541e-07
2.928546294356237922e-08
4.569670153387050959e-08
1.228946278075682130e-08
3.260852849962248001e-07
6.589992995742477433e-09
2.013583326743173529e-07
2.873279640880355146e-07
5.082748089080268983e-08
5.448376683148126176e-08
4.225770666721473390e-08
4.133336915401741862e-06
1.048196395458944608e-06
1.061772625376988799e-08
1.251050107953233237e-08
1.218256966240005568e-05
2.355117658225935884e-06
7.016530503278772812e-07
9.044993589668592904e-07
6.439540811697952449e-07
3.111824116786010563e-05
7.122306669771205634e-06
5.652255481436441187e-07
3.459883009782060981e-05
4.711814582947226882e-08
1.680638206380535848e-07
2.470615934058173480e-09
7.236956633960289764e-08
3.499582135191303678e-07
5.101590261347155320e-08
1.640091973342805431e-08
1.185147198157210369e-06
9.482914009595333482e-09
2.008715540569028235e-07
2.444176425342448056e-05
1.701428686828876380e-07
6.027767085470259190e-08
5.122622326325654285e-08
1.192906347569078207e-05
2.240674774611761677e-07
2.924082593835919397e-07
7.509225383728335146e-07
6.131536878228871501e-08
8.530534501005604398e-07
3.192371877958066761e-08
4.490365483889036113e-07
2.148326075257500634e-06
4.856481155002256855e-06
1.079235607903683558e-05
5.217132752477482427e-07
1.853443620802863734e-07
3.696773021033550322e-08
2.763941608918685233e-07
5.267044980428181589e-05
1.504446936451131478e-05
5.117188266012817621e-06
1.025345568450575229e-06
1.549984252058322909e-09
1.686634298891931394e-08
1.005457597784698009e-03
2.682510285012540407e-06
1.415104452462401241e-05
6.704529482703946996e-07
4.159726813668385148e-05
2.636506337694299873e-07
6.865332835559456726e-08
1.692360910965362564e-06
2.182345610890479293e-07
6.562338938920220244e-08
7.548698732762204600e-08
1.242384405486518517e-05
4.267651587724685669e-02
8.981307253463910456e-09
4.422403435455635190e-06
5.419571014186885805e-09
1.059460919350385666e-05
3.358597723490674980e-06
2.414730104760565155e-08
9.010292956190824043e-08
7.590467276941126329e-08
1.073012612096135854e-08
6.469169022693677107e-08
1.938452527383560664e-07
9.299493086700749700e-08
8.310963472979437938e-09
8.021957000892143697e-06
1.665602176217362285e-04
6.048805900604747876e-09
1.443091150576947257e-06
2.172402455471456051e-04
2.290851597308574128e-08
1.795060100562295702e-08
8.184626310026033025e-09
4.945998455241351621e-08
7.766106335793665494e-08
3.457564332620677305e-07
6.614438774477093830e-08
4.329678233716549585e-07
4.637727979570627213e-04
1.052707375492900610e-06
4.162287936537722999e-08
1.038117829921247903e-06
5.509365337275085039e-07
2.962185696731012285e-08
8.009771335082405130e-08
1.511383402430510614e-06
1.498041513059433782e-07
4.445230405991651423e-09
4.849649570815017796e-08
5.423268021331750788e-07
1.486225810367614031e-04
1.445356723195345694e-08
2.663202280928089749e-07
1.566227638249984011e-06
2.165733121728408150e-06
2.396601139764698019e-08
2.900971729502543894e-08
8.750920983402465936e-07
2.609884930393491231e-08
4.166291134310995403e-08
4.154079391582854441e-08
4.456300217725583934e-09
2.385058150977670266e-09
6.779048788985164720e-08
3.558530181635433109e-08
3.966533483890088974e-07
4.964923050465586130e-07
8.144461105530353962e-08
5.165313154975592624e-07
1.288316013869916787e-07
2.969998469382062467e-08
1.402270584094367223e-07
1.552158096274069976e-06
1.487771150721073354e-08
2.578398152763838880e-07
2.059193349168708664e-08
1.130003283833502792e-06
9.179548783322388772e-07
1.774441571456009115e-08
2.264586811406843481e-07
1.300153962802141905e-05
9.170344128506258130e-05
4.262936670329509070e-08
2.884389687096700072e-06
1.890239360591294826e-07
6.013737561261223163e-07
1.148374106918481630e-08
2.084265204871371679e-08
4.142735008372255834e-07
1.568952211528085172e-05
1.444309472020677276e-08
1.224580773850902915e-05
1.847919435249423259e-07
7.364008780541553278e-08
3.518876923180869198e-08
1.275601425732020289e-05
3.964591144267615164e-08
3.572887052882833814e-08
1.468423818096198374e-07
1.720556497275538277e-08
2.973036394848804775e-08
4.695701605328395090e-08
2.841146056198340375e-07
2.611619152048660908e-07
1.451808913088825648e-07
9.574308279525212129e-08
1.460291287003201433e-06
6.281086825765669346e-06
1.248307853529695421e-06
9.371398732582747471e-07
3.447582685112138279e-06
3.068059015731705585e-07
5.625713939139131980e-08
4.067953085495901178e-09
6.904805331942043267e-07
8.881092306012305926e-09
2.412597011058892349e-09
1.413147430184835684e-07
3.909034163029900810e-08
1.491626306915350142e-07
6.608851776945812162e-08
9.744140072598383995e-08
5.597692265268960909e-08
1.385054360980575439e-06
2.176920332885856624e-07
1.459512259316397831e-05
2.762677908663135895e-08
4.401483693072805181e-06
1.430302404514804948e-06
3.123170344565551204e-08
5.842178296688871342e-08
2.361669437789259973e-08
4.715824530876489007e-08
1.108122233972608228e-07
1.516272476465019281e-07
1.695590981398709118e-05
3.172433764575544046e-07
2.618678536236984655e-06
6.973984767455476685e-08
1.048712306328525301e-06
3.220638120637886459e-07
5.959104782959911972e-06
2.537609233854709601e-08
5.466204697768262122e-07
1.939056346600409597e-06
1.287285584794517490e-07
4.117131879866064992e-08
1.227293040528820711e-07
3.132959989216033136e-07
8.949464103125137626e-08
1.217216265558818122e-07
2.138788630645649391e-07
3.343664616295427550e-07
1.580517334787145955e-07
3.842629894279525615e-07
1.387169987765446422e-07
2.496005890861852095e-07
9.475487416921168915e-08
5.507584610597859864e-09
4.944904574699648947e-08
5.222647700975358021e-07
4.683811027916817693e-07
4.685321073338855058e-07
3.648293400715374446e-08
5.818788508804573212e-07
3.563694122021843214e-07
2.305336010977043770e-06
1.414333269167400431e-06
6.510522894132009242e-07
1.434732780580816325e-06
7.655341960344230756e-08
1.348536216028151102e-07
4.909060180580127053e-07
7.568218762799006072e-08
2.254825631098356098e-06
2.858136940631084144e-05
5.181108519991539652e-08
1.256733099808116094e-07
2.138217638503192575e-07
4.290088284619741898e-09
1.106822544727492641e-08
2.349836449866415933e-06
1.308514811171335168e-06
2.858316463516530348e-07
3.334606546445684216e-08
2.721475844680298906e-08
4.755857929694684572e-08
8.855695341480895877e-07
6.395033125272675534e-08
1.356076229086511375e-08
2.589841585631802445e-08
1.668602999416179955e-05
1.818655164242954925e-06
1.801446956051222514e-06
3.599850515456637368e-07
2.315381131268168247e-08
3.619020390033256263e-07
5.398934263212140650e-06
2.045039053655273165e-07
2.936572940370751894e-08
1.069072027348738629e-06
1.735765295052260626e-06
4.563347033581521828e-08
6.452520295852082199e-08
2.776885405182838440e-03
3.973685670644044876e-03
3.174782534642872633e-07
2.173707798647228628e-06
6.673198527096246835e-08
1.115061536438588519e-07
6.780911121495591942e-08
5.887942933213707875e-08
2.755409514065831900e-05
4.200369474460785568e-08
2.140058619204410206e-08
6.279927333707746584e-07
1.281098320760065690e-07
1.256770190138922771e-07
7.062432416660158196e-08
8.169444640770961996e-07
2.812139427987858653e-06
1.801830933345627273e-07
2.273427298860042356e-06
6.495105253634392284e-07
6.337329327976704008e-09
8.307797827455942752e-08
2.250387296953704208e-06
1.352027254597487627e-07
7.234116861098982554e-09
5.115055756732544978e-08
3.772321633732644841e-06
3.884547822963213548e-06
5.597512995336728636e-07
1.048264905989526596e-07
3.044544527597281558e-08
5.141916048501116165e-08
5.499992766999639571e-06
2.224947274953592569e-05
1.521717877039918676e-05
1.336889443592781390e-08
1.344413078641082393e-07
3.547167750639346195e-07
4.443577665824705036e-07
8.621706371059190133e-08
8.640008672955445945e-07
6.866066115662761149e-08
3.028356942991194956e-08
1.748278236846090294e-06
1.878097748431173386e-07
1.541614480515818286e-08
3.040070595261568087e-08
3.589396513348219742e-08
1.377284153392110966e-08
1.352918554964332998e-09
9.693497560192554374e-08
2.253934638929422363e-07
5.911501375521766022e-06
5.126074711370165460e-07
1.681030994404864032e-07
1.903545635286718607e-04
1.440879060510269483e-07
5.133273717206066067e-08
1.986854158531059511e-06
7.153448677854612470e-08
5.284780399961164221e-07
5.040116590748766612e-08
2.574029736024385784e-07
2.179949478886555880e-05
2.369527237533475272e-06
4.772792181029217318e-06
3.314589491765218554e-07
7.058011952665310673e-09
7.090345661708852276e-06
1.056093083207088057e-06
1.107554794543830212e-07
6.902424587451605476e-08
6.018321414558158722e-07
1.543982648399833124e-07
5.458716145767539274e-08
7.276209146311884979e-08
3.119437863574603398e-08
6.110941797032864997e-08
1.721093326523259748e-06
1.084918949345592409e-06
5.726261224481277168e-05
1.023824651724680734e-07
1.045270437316503376e-06
3.951636173837869137e-08
2.747974860994872870e-07
1.266034246327762958e-07
3.071856156111607561e-07
1.740778969860912184e-07
5.791022772427822929e-08
1.767863437862615683e-07
4.004521088063484058e-06
8.652983041201878223e-08
2.569004777797090355e-07
1.791229806258343160e-06
1.434521834653423866e-08
2.670532558113336563e-05
2.137231724930188648e-08
2.709688544655364240e-07
3.049875942906510318e-07
1.128803319261351135e-06
1.545337937614021939e-07
4.862285436502133962e-07
1.181035713671008125e-06
5.269056657652981812e-08
2.310761892942991835e-08
2.163010570654932962e-08
4.455119437807297800e-07
5.021597004883915361e-08
8.435682019580781343e-08
1.326246660937613342e-06
2.326350490022832673e-08
7.780855071359837893e-07
9.560201874592166860e-08
3.539190061019326095e-07
2.488155132596148178e-06
4.070438919256957888e-08
1.453928089034661753e-08
7.647807933608419262e-07
3.357652985869208351e-06
2.072748657155898400e-06
1.190272087114863098e-05
1.553334527670813259e-07
3.573451579086395213e-07
9.200368111805801163e-08
1.194312631014327053e-06
1.013493147183908150e-07
3.041986076368630165e-07
1.507994284111191519e-06
9.522207911061286723e-09
3.061022724182294041e-08
1.942632252394105308e-06
4.632946470906063041e-08
1.190674538520397618e-06
1.581871487132957554e-07
4.455976920780813089e-09
2.802525145284562313e-08
5.671129201800795272e-06
9.446611627936363220e-03
1.288193089976630290e-07
1.415901351720094681e-08
1.163877598742146802e-07
5.525403139472473413e-07
3.645848437372478656e-06
2.111815717853460228e-07
4.306844857637770474e-06
5.295807170568878064e-08
1.611747713070599275e-08
8.064036194355139742e-08
1.049520736984277391e-08
1.247181415919840219e-07
2.533097465118316904e-08
3.940611748021183303e-07
2.071218290211618296e-07
1.616927079339802731e-06
9.500892338110134006e-05
2.255020444863475859e-05
7.217881830001715571e-07
3.375661890459014103e-06
3.430872936860396294e-07
1.799256097001489252e-06
1.961719231502456751e-09
8.971233000920619816e-07
2.935100162915205146e-08
1.970458403229713440e-02
1.022873220790643245e-05
2.267997416538491962e-07
6.980312150517420378e-08
1.839740289142355323e-04
1.048952412929793354e-06
4.278413598512997851e-06
1.323408469033893198e-05
7.955661907033118041e-09
1.323972611544377287e-07
7.524469225472785183e-08
1.620470442276200629e-07
4.336054075793072116e-07
5.469479947350919247e-05
1.713106634326777566e-08
9.948116108660087775e-09
4.991824198441463523e-07
1.627256551728351042e-07
1.121568331541311636e-07
1.703254248752728017e-08
1.663639181970211212e-07
2.489077087375335395e-05
2.819204070192427025e-08
4.431611699828863493e-08
8.103477000531711383e-08
6.895112392157898284e-07
9.031012950799777173e-07
3.151602641082718037e-07
1.479773459323041607e-08
1.655721234783413820e-06
2.579814690761850215e-07
1.003669353849545587e-06
2.168227638321695849e-06
9.136282415056484751e-07
1.022306037157250103e-06
3.013915556948632002e-05
1.923792297020554543e-04
4.519338719546794891e-03
2.862217343135853298e-07
3.182612431373854633e-07
2.193600892042013584e-07
4.567705839872360229e-02
7.538327918155118823e-05
3.999886999395130260e-08
1.746231248489493737e-07
2.301006851723741420e-08
8.345641617779619992e-07
6.381529527033080740e-09
4.287039345740595309e-08
1.991369771303652669e-07
6.378813395713223144e-06
2.074225022852260736e-07
4.328885552240535617e-07
4.916652684983091603e-08
4.234734873875822814e-08
1.941209006872668397e-07
9.204207174207112985e-09
8.765516668063355610e-08
1.979054218281817157e-07
2.110874319782851671e-08
3.824943632935173810e-06
4.223899168209754862e-07
2.390051463407871779e-07
3.707101257077738410e-07
1.187161924320889739e-08
2.085588675981853157e-05
8.253184205386787653e-06
7.342326171055901796e-06
6.272047414768167073e-08
2.965413841593544930e-06
7.681816896365489811e-06
1.094820959224307444e-06
5.969894800728070550e-08
1.090769075062780757e-08
2.991627354731463129e-07
2.123387530446052551e-04
3.881990267018409213e-07
2.549401578733068163e-09
1.034890010487288237e-05
1.220437297888565809e-05
2.775697538481836091e-08
9.671636007624329068e-07
3.961378780559243751e-08
1.414663017840211978e-07
1.504559499210245122e-08
1.491590921887109289e-07
1.016196815584180513e-08
6.410481745433571632e-08
5.727517304876528215e-07
5.485882982611656189e-03
5.504313094206736423e-07
5.634312572055932833e-09
5.721238593991984089e-09
6.245066686005884549e-09
3.069285128276533214e-07
4.089541789653594606e-07
2.538832859499962069e-07
1.368443645333172753e-05
6.757478331564925611e-06
2.861585279845257901e-08
2.001407182206094149e-07
3.069630452046112623e-07
1.616614753174872021e-07
1.521492208667041268e-06
1.087023946411136421e-07
1.660884585419353243e-08
7.094822507269782363e-08
8.572905585424450692e-08
2.728528869511137600e-08
1.655898955732482136e-07
6.729810309025197057e-08
1.342628934253298212e-06
5.036100046709179878e-04
6.458240932261105627e-06
1.996790615521604195e-06
1.707925184746272862e-05
2.995005488060087373e-08
2.979063538077753037e-07
1.438137019249552395e-06
6.801260354905025451e-08
2.928913716004899470e-07
6.236151151028934692e-09
1.201474759682241711e-07
3.608624155049255933e-08
4.029488298584738004e-09
7.289116865649702959e-09
1.445868917926418362e-07
9.104643083901464706e-08
1.184000029752496630e-05
4.760284468829922844e-07
4.157123001391482831e-08
1.852973667837432004e-07
1.018929012275293644e-07
6.357659287914430024e-08
8.315450550355762971e-09
3.949151903270831099e-07
1.120991388603442829e-08
8.867399259315789095e-09
6.385659645502528292e-08
2.347773531141683634e-08
1.734782983930927003e-07
2.841831587829801720e-07
4.066318481932285067e-08
3.547226867794961436e-08
4.023300803623897082e-08
1.616624523137488723e-08
4.119765719678980531e-07
7.233823851038323482e-08
4.424238397859880934e-08
1.130135274252097588e-07
1.802879978640703484e-08
4.277042719991186459e-08
8.192565559284048504e-08
1.547691823589047999e-07
3.714968670465168543e-07
1.677587704307370586e-07
7.114776678918133257e-08
1.262474484065023717e-06
6.705526356398650023e-09
1.376071736558515113e-07
4.814633598471118603e-07
1.022150986074166212e-08
5.132774205662826716e-08
4.913718143484402390e-08
6.707563926511284080e-08
2.155333191922181868e-07
3.117397540108868270e-08
9.818668331718072295e-07
4.294527755632771004e-08
3.407002805033698678e-05
4.019391042220377130e-07
8.882932015694677830e-04
1.402527559548616409e-03
8.546046592528000474e-05
8.813224267214536667e-04
1.870783889899030328e-04
6.143394112586975098e-01
2.139821350574493408e-01
2.443966877763159573e-05
6.085258428356610239e-05
2.743250206549419090e-06
2.664998532964091282e-07
2.202358518843539059e-05
5.540404686144029256e-07
3.592990793777062208e-09
5.576004102891829461e-09
4.547184460079733981e-07
1.978940957769736997e-07
2.610661731239360961e-08
4.099235084709107468e-08
4.422152422023373219e-09
1.633853585758515692e-08
7.142037361518305261e-08
5.213464504549847334e-08
1.546735717283809208e-07
2.329113044652331155e-07
8.428680864369653136e-09
8.962672950474370737e-07
3.374222501406620722e-08
