5.171554207095141464e-08
4.192493463506252738e-09
9.103775937546743080e-07
3.237033467939909315e-07
3.802633443683589576e-07
6.878709086777234916e-07
4.667210973252622352e-08
1.404626281953369471e-08
2.016090938639081287e-08
2.419918132545717526e-08
9.110540766243957478e-09
5.811917702658320195e-08
3.498013967373481137e-08
1.439463943597729667e-07
3.888852972977474565e-08
1.028931677637956454e-07
4.668356812231877484e-09
3.872095888368676242e-08
4.932889510200766381e-07
1.093761259340908509e-08
2.643372098987128993e-08
2.114343811143726271e-09
1.609692645843097125e-07
2.519776103326876182e-07
3.868897646697178061e-09
5.371924238772862736e-09
3.905570622464438202e-08
2.042526681123035814e-08
1.283224193571186333e-09
1.446951891637127119e-08
4.750103954620499280e-08
7.430873250058311896e-09
1.353784728763685052e-08
1.887688767965300940e-06
2.008716728596482426e-05
5.409466652395167330e-08
3.328184661199884431e-08
1.115661429906822377e-08
4.156562027901600231e-08
9.199517876368190628e-07
3.905763890088564949e-08
1.593536502753067907e-08
9.673937206855498516e-09
3.888237287696938438e-08
2.120051902920749853e-07
3.489371280807063158e-08
1.884170508503757446e-08
1.997648624296743947e-08
6.782364181390221347e-08
1.901369195422830671e-08
5.252383061815635301e-08
4.583576185268611880e-09
2.201310778104925703e-08
2.561925560584654704e-09
6.307886479817170766e-08
7.762026577040614939e-09
3.109614254981352133e-08
3.637586232230205496e-09
8.737511336676107021e-08
5.606938202618039213e-08
7.930022150048898766e-08
2.634850382321474171e-08
1.142954957344954892e-07
1.672922600448600861e-08
4.106945894477576076e-08
4.270210411050356925e-06
3.449995134019445686e-08
1.116480632390448591e-07
2.131305798513949412e-08
8.981723809142749815e-09
3.418636707053224200e-09
4.361990768586565537e-09
2.137150234560181161e-09
3.621704713907547557e-09
7.228741605302957396e-09
5.530830904376671242e-09
2.178758329307584063e-08
1.594070653254675562e-09
1.021046625027111077e-08
9.411742496467923047e-09
2.368333085200902133e-08
4.661101797864830587e-07
1.416785533336906155e-08
9.057458072447843733e-08
1.344395883506876999e-07
1.367273405605828884e-08
5.011811055055659381e-08
1.643744518275980226e-08
1.055578113806632246e-08
8.545320895336772082e-08
2.924477326970986724e-09
4.104257822490353647e-09
7.442547023117640492e-09
2.909777307991134876e-09
5.836676475468038916e-09
1.893995404955717277e-09
2.173552449136195719e-09
2.585095337792608916e-08
7.544068125753256027e-08
9.897391919366782531e-07
1.158122984179499326e-07
4.867342795478180051e-08
5.098441491213634436e-08
2.776689278505273251e-08
3.073468235470500076e-08
6.735348989650447038e-08
5.275012426864122972e-08
1.418252963958366308e-07
2.379963177645549877e-07
1.073955218089395203e-06
1.091897772198535677e-08
1.299748575434023223e-08
1.842555889197683427e-06
9.689749447261419846e-08
5.470465680446068291e-08
8.283356578431266826e-08
2.263472786978582008e-08
4.661072594558390847e-08
6.212496828084113076e-08
5.107983156449336093e-07
2.475514726540950505e-08
3.442285034793712839e-08
1.305020447261995287e-07
2.243015728708996903e-08
3.202581089212230836e-09
5.112902812243191875e-08
6.794506290930257819e-09
3.216416022411294762e-09
2.282147981702564721e-08
7.845602389977557323e-09
8.920654437361008604e-09
3.932240133508457802e-08
1.034955175782670267e-06
3.199290388167241872e-09
8.123064532128410065e-08
1.085061285266419873e-08
1.408640049049836307e-08
3.924844449443298799e-08
4.904002182115618780e-08
3.678050859434733866e-07
2.787604813647703850e-08
6.514081718478337280e-08
1.231077195740226671e-08
4.066687040449323831e-07
6.296518790804839227e-07
5.605815658782375976e-06
2.438788897052290849e-06
2.258821496070595458e-06
4.903708031633868814e-06
1.798293567389919190e-07
1.207438799610827118e-06
1.465806889200393925e-07
1.984271307264862116e-07
9.206065669786767103e-07
6.093963378361877403e-08
4.367631447621533880e-07
3.024570673915150110e-07
2.876857081446360098e-07
1.907904589870668133e-08
9.956038411473855376e-07
2.833149608250096207e-07
5.209881805967597757e-07
1.409316610079258680e-07
5.961724891534458948e-09
1.481443291595496703e-06
1.709429398033535108e-08
7.440407756575950771e-08
8.916558158489351626e-08
2.454256389228248736e-07
7.368831944631892839e-08
2.185483509720143047e-07
3.789737945680826670e-07
1.099114541602830286e-07
3.236582699628343107e-07
3.065665339363476960e-07
1.763547707867019199e-08
1.671060942953772610e-07
3.907450150109070819e-07
9.025145004670775961e-07
2.333870412485339330e-07
9.058130956418608548e-08
7.240171129296868457e-08
7.563835424662102014e-08
5.622474645861075260e-07
9.316585902752194670e-08
2.000829937287562643e-07
7.512721111879727687e-08
6.598351376396749401e-08
7.531340315836132504e-07
5.134458547217946034e-07
4.219170932628912851e-07
4.810294740309473127e-07
1.580084187935426598e-07
7.216883801675066934e-08
8.778069116033293540e-08
2.734288955252850428e-07
1.604602601901206071e-07
2.740666502631938783e-07
2.160994370115076890e-07
5.651172330090048490e-08
1.739878712214704137e-07
2.866913639820722892e-08
3.284521312707511242e-07
3.111201067440561019e-06
1.288227736040425953e-06
5.067192887509008870e-07
4.936146069667302072e-07
1.862629687821026891e-06
4.970900704392988700e-07
3.643116599505447084e-07
4.270407885087479372e-07
2.864044517991715111e-06
4.087695799626089865e-07
2.065508937221238739e-07
7.618406527853949228e-08
1.211893049912760034e-06
1.377402583102593780e-07
1.166774410421567154e-07
3.354455486714869039e-07
9.043428690347354859e-07
3.444761276227836788e-08
5.304400474415160716e-07
7.255505352077307180e-07
1.185121959679236170e-06
2.686244215510669164e-06
7.533283508109889226e-08
1.561975793151759717e-08
8.053799547269591130e-07
1.690710575985576725e-07
1.287746158595837187e-06
1.121546375770776649e-07
1.513999563940160442e-06
5.702802923224226106e-07
1.341576876257022377e-07
1.301310703638591804e-07
6.022125376148323994e-07
2.833544101576990215e-07
1.155899695959305973e-07
3.285859122570400359e-07
5.692343165719648823e-07
1.039000949276669417e-06
1.080486384807954892e-07
4.006920164556504460e-07
4.737900098916725256e-07
1.736165842203263310e-07
3.614448473854281474e-07
4.405450908961938694e-06
3.201710967459803214e-07
6.405105068552074954e-07
6.419254532374907285e-07
8.699958584656997118e-07
3.132237225145217963e-06
8.460565226187100052e-08
6.225821493899275083e-07
4.777710955750080757e-07
1.114573038307753450e-07
2.440440766804385930e-06
1.046979150487459265e-06
4.294632617529714480e-06
7.290490771083568688e-07
6.355217578857264016e-07
1.791224661928936257e-07
2.884316963047695026e-08
2.585148592970654136e-07
3.444210676661896287e-07
1.661618398429709487e-07
1.266746796346751580e-08
6.888556640660681296e-07
3.533635606345342239e-08
8.006098006774209352e-09
8.470625090239991550e-08
9.661361488610964443e-09
8.886083691095336690e-08
3.972509148297831416e-07
1.351467915355897276e-08
5.851624518271592024e-09
4.693051280924009916e-09
4.959282762229122454e-08
3.540211013230987191e-09
5.474369046964966401e-08
9.926272781513034715e-08
2.511628736101556569e-07
2.212899907760856877e-08
2.700355672402565688e-08
1.117600234579185781e-07
4.324227020902071672e-08
1.869251065045318683e-08
9.111253973514976678e-09
2.977884960841947759e-08
2.261824150195934635e-08
1.958211193198167166e-08
3.257391911759555114e-09
6.890734738362880307e-08
5.928477708749824160e-09
7.806647062125193770e-08
8.882588886649500637e-09
8.767331678427581210e-07
6.236701821649148769e-09
2.449615976729546674e-08
2.360909512333364546e-08
1.440452535028668990e-09
1.123237680644706415e-07
3.374461376992599071e-09
6.908484451173535490e-09
1.366623481047213318e-09
4.130866315676939848e-09
5.070189601497077092e-09
1.797588966567786883e-09
1.083115463984540838e-08
1.862361287408020871e-08
1.367332771451401641e-07
2.026121315168438741e-08
4.343070791890113469e-09
1.805475768890119070e-08
1.954225226086236944e-09
2.804033005787687216e-09
3.561293926424013989e-09
3.120913971699224021e-09
3.320605568291057352e-09
3.279147398060899832e-09
3.238591261833789758e-08
8.721805500044865767e-09
6.369302951725330786e-08
7.891155462402821286e-08
4.692140365136765467e-08
1.307236985326198919e-08
2.283431221883347462e-09
4.815644842892652377e-06
1.387033989885821939e-06
2.857080971807590686e-07
1.676451404364343034e-07
1.733928769453996210e-07
6.426559195915615419e-08
4.813350606980293378e-09
3.678615598801115993e-07
6.417985076723198290e-08
5.061004060280538397e-08
1.163066087883635191e-07
1.319954812117885012e-08
7.512001687359770585e-09
5.075177682556386571e-07
6.419246290079172468e-08
2.333622184380601539e-08
5.124090662889102532e-08
3.561954642350428912e-08
1.796757658212300157e-07
2.584405045524817979e-08
4.433467495346121723e-07
6.504782135152709088e-08
1.023314624148952134e-07
2.519693076408202614e-08
5.973858741015192209e-09
4.278105336652515689e-08
7.312142713544744765e-08
1.554787871782536968e-07
9.929794941854197532e-08
3.112947695171897067e-07
3.447370744424915756e-08
7.087211884027055930e-08
8.745810298194101051e-09
1.232710200582687321e-08
1.144472179248623434e-07
8.598014034078005352e-08
6.381463180105129140e-08
1.135015192943455986e-08
1.091327295199562286e-08
7.743419794259409628e-10
1.215945233390414160e-09
9.723342131451317982e-10
4.865567504452883441e-09
2.861041181745349604e-08
1.047937026044110098e-08
1.311160531258792616e-07
3.119167786280740984e-07
3.981953433651597152e-09
1.884102296401124477e-08
2.079540095678567013e-09
4.698604172403975099e-09
6.906903493586469267e-09
5.048205742319566980e-10
2.373321095205938036e-08
2.613985250476957845e-09
6.255107098951384614e-09
7.015724445835758161e-09
8.012346341956799733e-09
1.444869042188656749e-07
3.580147378556830517e-08
1.392815085488052773e-09
2.434365153902717793e-09
6.162326258163375314e-07
1.369097049064293969e-07
5.518926471381746524e-08
4.756168792141579615e-08
4.879693982218213932e-09
1.731180958586264751e-07
1.203563328999734949e-06
1.777674363268033630e-08
2.288072380451922072e-07
7.487197528632805188e-09
8.566241405105756712e-08
5.252279944301108117e-09
7.899934928445873084e-08
3.134702453166937630e-08
8.251850958913564682e-04
1.127582891058409587e-06
2.109380375259206630e-06
1.760140300177681638e-08
3.345408003951888531e-07
8.685578904987778515e-06
5.670897280651843175e-07
1.058359799799291068e-07
5.134086489277933651e-09
1.965620640476117842e-06
1.089353318661778758e-07
1.530446667175056064e-07
2.343046290320671687e-08
4.674480535982183937e-08
1.782188064680667594e-06
9.890700702896992880e-09
4.742617321085162985e-08
3.781504531730206509e-08
6.889927135489415377e-06
8.386003003124642419e-08
2.813977051374649818e-09
2.263553566805853734e-09
1.059540863934671506e-06
2.716151925596932415e-08
1.825857793846807908e-06
9.471251587456208654e-07
2.173353692569435225e-07
5.164348237940430408e-08
9.321878380319503776e-09
1.492177830186847132e-07
5.331162356014829129e-07
1.041246164845688327e-07
9.555973292663111351e-07
4.994122377866005991e-07
6.525109522044658661e-03
6.569390365029903478e-09
5.768735533706603746e-08
1.126752380287143751e-07
3.537086001870193286e-07
1.925630613186513074e-06
2.413193378458799998e-08
6.067792128305882215e-06
2.260832388856215402e-06
1.020006763496894564e-07
1.870239202617085539e-06
9.670399947481200797e-08
6.656607183685991913e-06
5.955204329666230478e-08
1.327170338072392042e-07
1.601306820475656423e-07
5.714240192133956953e-09
2.051811875958264864e-08
8.876136270430379227e-09
2.507277656604856020e-07
8.060096234885349986e-08
4.300397051792970160e-07
5.223819243838079274e-08
1.378532312810420990e-02
7.171297777830432096e-09
2.841192348057575146e-08
5.399855922405549791e-07
1.947258283507835586e-07
3.898373535093924147e-08
2.332620852030231617e-08
1.344512501333383625e-09
3.676490223369910382e-07
4.765594852074173104e-08
4.207652537502326595e-08
1.158211398433195427e-05
1.090573164219676983e-06
2.576962820910466689e-08
2.944022270412460784e-08
4.436352298853307730e-07
1.988127849017473636e-07
2.655125719286388630e-08
2.331623534246318741e-07
2.864508587663294747e-06
2.420268003788805800e-07
6.768106963761510997e-09
4.418042820475420740e-08
3.686535637825727463e-05
7.126376294763758779e-05
5.238656441974853806e-08
8.361435099857317255e-09
1.302170517192280386e-06
4.677885954151861370e-07
3.156737420795252547e-06
2.837381316567189060e-07
3.769987415580544621e-07
2.669822052325798722e-08
1.748208244833904246e-09
1.406077899446245283e-06
6.067435887047167853e-09
1.531884130656635534e-08
4.003740286862011999e-06
2.337525870643730741e-07
1.427358409245016446e-08
8.623437253163501737e-08
7.070766372407888412e-08
5.647056866564525990e-08
2.123911890805629810e-08
3.854367491840093862e-08
4.827825250686146319e-08
3.714174090418964624e-05
2.722557290724125778e-08
9.142557644281623652e-08
4.445707357803030391e-09
6.357569509418681264e-05
5.435498678707517684e-06
2.666244469651246618e-08
1.269960876015829854e-06
1.107129889987845672e-07
4.584437931498541730e-07
2.825676759243833658e-08
6.934223620191914961e-06
2.753776868757995544e-07
3.316507104500487912e-07
2.605080817730254239e-09
1.771669566608125024e-08
5.668098879141325597e-08
4.731497540433338145e-07
1.397054116836216053e-08
1.783454790711402893e-04
1.993073972528236482e-08
3.568053941194193612e-08
2.882903338274900307e-08
1.708310435333260102e-07
5.280700321463882574e-08
3.231415490745348507e-08
3.090002564931637608e-08
6.166220600789529271e-08
4.099948824887178489e-08
7.776508681445193361e-08
8.967338362708687782e-05
7.765351028865552507e-07
1.256900486623635516e-05
2.536757790494448273e-07
8.611094926891382784e-06
2.384666117904998828e-07
3.480092658492139890e-08
1.188000169349834323e-07
5.169651018377408036e-08
7.129285677365260199e-07
1.315626452225160392e-08
3.483951260818685114e-08
5.239325773231939820e-08
1.812863814620868652e-08
2.689210854001089501e-09
3.944830595514758897e-08
5.629591726119542727e-08
1.091645458473067265e-07
4.735316542792133987e-05
1.480425879663016531e-07
3.491007261047229804e-09
1.216452346852747723e-05
2.252059942975392914e-07
3.854395060898241354e-07
5.875303799030007212e-08
2.593698766872876149e-08
1.101868474506773055e-05
1.753050682395951299e-08
1.367693425180505074e-08
2.395970568613847718e-07
1.284768416098813759e-07
3.910191637146454013e-08
1.605860155962091085e-08
1.984573998470295919e-07
6.859381329604730126e-08
6.066875357646495104e-07
2.702978463275940157e-08
2.466858859406784177e-06
2.036274793226766633e-07
2.597047796371043660e-06
1.820392170337470361e-09
1.169694527902720438e-07
8.003037237358512357e-07
7.946207603026778088e-08
1.572206258515507216e-07
3.698084753978037043e-07
5.317105333801919187e-08
1.585184961072627630e-08
1.490948875471076462e-07
2.168335271335308789e-07
2.101342033711262047e-07
2.797495923800852324e-08
1.284827249037334695e-07
2.240163965439023741e-08
5.160919158697652165e-07
1.073304431997712527e-07
6.353114034851614633e-09
3.749272181607921084e-08
1.087853149783768458e-07
7.718172696513647679e-07
1.035678742766776850e-08
2.574859792048300733e-08
1.989890918707715173e-08
7.708852649557229597e-07
3.886248407525272341e-07
1.472513133649044903e-08
1.728689014157680504e-08
1.373690139416794409e-07
1.616802052240018384e-07
3.623986799539125059e-08
3.244376785005442798e-07
8.722637723224124784e-09
8.681558369971753564e-07
2.542608172007021494e-06
7.005378677149565192e-08
2.347098515542711539e-08
7.205509433561019250e-08
9.616520912913983921e-09
2.031763735033109697e-08
9.311344939533228171e-08
8.902667104848660529e-06
1.515441283572727116e-08
1.092431123339565602e-08
1.602231769481932133e-08
6.874263362988131121e-07
2.701005996641470119e-07
3.709990892275527585e-08
2.756069150677831203e-08
3.191923170220434258e-08
5.469073130370816216e-06
1.612988853594288230e-07
4.801502200280083343e-06
5.099081317894160748e-05
1.136590199735110218e-08
1.276450767306869238e-08
9.718456794871599413e-08
5.941102543260967650e-08
1.770936464140504540e-08
3.213987724848266225e-07
1.604051789172444842e-07
4.021139332621714857e-08
1.662172394389926922e-06
9.657060218160040677e-07
4.981965957995271310e-06
3.755861371246282943e-06
2.156507150630204706e-08
1.072650590572266083e-07
7.869061136034360970e-08
3.696387196328032587e-08
2.109494801061373437e-08
2.619008591864258051e-05
1.001714267090392241e-08
1.757577194894111017e-08
5.204895501265127677e-07
6.463930901645653648e-08
3.872413856242928887e-08
2.957542619697051123e-07
6.312063050017968635e-08
5.722044420508609619e-07
8.255501882103999378e-08
4.430929493537405506e-06
2.268557864226750098e-06
2.302913593155153649e-08
1.398235216498733280e-08
2.504755229892907664e-06
1.122040629297771375e-07
1.139772720648579707e-08
2.673966719157760963e-07
3.121034751529805362e-06
2.112039510393515229e-06
3.187834352047502762e-08
8.956836694551384426e-08
3.880126939748151926e-07
6.711595279540460979e-09
2.036136038441327401e-06
5.811629762320080772e-06
1.447217528038891032e-07
8.868977552367596218e-09
1.579998887279998598e-08
2.893579420515379752e-08
1.367920354766738456e-08
3.770823298054892803e-08
1.393932791415863903e-07
1.201803314643257181e-07
3.067664167133443698e-08
1.421177557858754881e-07
1.012169559544418007e-05
6.215022096967004472e-08
4.896216765359895362e-08
5.470674224739013880e-08
1.408981198380843125e-08
3.379536872571975437e-09
4.867407810138502100e-08
2.683570876627072721e-08
6.479048693108779844e-07
4.299318732137180632e-07
6.204258511388616171e-07
4.172729290985444095e-07
6.159335725897108205e-07
1.936456186513169087e-07
2.856928347227949416e-07
2.434199330991759780e-08
1.052411516866413876e-05
3.913825352697131166e-08
2.200793431939018774e-07
2.530646997911389917e-05
1.620520748701892444e-07
2.350376962567679584e-05
1.780828938535705674e-06
6.090059656571611413e-08
3.514055424602702260e-05
1.186745976156089455e-06
6.900375382201673347e-08
2.073777949362920481e-08
8.799265760472962938e-10
2.108119190324941883e-08
1.096118751320318552e-07
6.688289744261055603e-08
1.129441429270627850e-08
3.651894786571574514e-08
2.416683855699375272e-05
1.068450956154265441e-06
3.481810927041806281e-05
3.467537013079891040e-08
1.488759959755725504e-08
1.009656074302256457e-07
1.690816198163247464e-08
1.241018452446951414e-07
9.033239507516555022e-07
4.415852572492440231e-08
1.280523065361194313e-08
5.542815415537916124e-06
4.639019607566297054e-06
1.046411046701223313e-08
2.611595846246927977e-07
5.916563594610124710e-08
9.757139984856166848e-09
4.594208803609944880e-06
1.396225801642003717e-08
2.173730990762123838e-07
3.496474789699277608e-07
4.945538734091314836e-08
4.249708638326410437e-07
1.786048464680334291e-08
4.932489083842028776e-09
2.279050903553070384e-08
1.646610172656437499e-07
1.161760110335308127e-07
1.236830598827509675e-06
1.843052999106475909e-08
5.072298137065445189e-09
1.035512831037976866e-08
5.238815958819031948e-08
7.164027948647344601e-08
3.986543504197470611e-07
2.687953610802651383e-06
4.212775905898524798e-08
2.371728058392363891e-08
2.126765785703810252e-08
5.158410090189136099e-07
2.885439442934512044e-08
7.331534106924664229e-06
1.665989202592754737e-06
1.577971460164917517e-07
8.693094599721007398e-08
5.184265106095153897e-08
8.267647331194893923e-07
3.310956131485909282e-08
1.552723745135153877e-07
2.015711118019680725e-07
6.695549004120948666e-09
5.409584447058080059e-10
5.139931431585864630e-07
8.021918240785907983e-09
9.961113534018295468e-08
9.462831940254545771e-08
4.379958795652783010e-08
2.343515426161957294e-08
3.228924754239415051e-07
2.578333260316867381e-05
3.430344861499179387e-07
2.500203777344722766e-08
1.879199018617327965e-09
5.765625132880813908e-07
1.185264954983722419e-05
8.587491606704134028e-08
1.535347450953850057e-06
2.758635453403712745e-08
1.286908890563154273e-08
5.974910521899801097e-08
1.008001291324944759e-07
1.288950102207309101e-08
7.709896721053155488e-09
8.388610694964881986e-08
5.243764533702233166e-08
3.501161700114607811e-06
3.529632408572069835e-07
1.418208483983107726e-07
1.062735691448324360e-06
8.886952400644076988e-07
1.044624866608501179e-07
7.557908787703127018e-08
9.026909886244993686e-09
2.021362099924317590e-08
2.234599172368234576e-08
2.097748847518232651e-06
1.748704448800708633e-06
6.286222742346581072e-07
1.655673109723920788e-08
2.226340853894726024e-07
1.807337213222126593e-07
1.962853730219649151e-06
9.697187124402262270e-07
2.042634950072397260e-09
3.170403033436741680e-07
8.223818781516456511e-08
1.399658799527969677e-06
2.340254567911870254e-08
3.234853793401271105e-04
1.200788233290950302e-07
3.890728184074987439e-09
2.017834646039773361e-07
1.602860635330216610e-07
7.581023453440138837e-08
1.422030351250214153e-07
2.515393362045870163e-06
6.724518470946350135e-07
1.716908926141513803e-08
3.312302965241542552e-07
6.123497087173745967e-07
2.764731448223756161e-07
2.391360354181415460e-08
3.824219518833160691e-08
6.176099418553349096e-07
4.150137655756225286e-08
6.099929095171319204e-08
6.219669757001611288e-08
2.056352059298660606e-05
7.244425148655864177e-08
4.281724613974802196e-05
8.550118764105718583e-07
1.340753897238755599e-06
1.985714789043413475e-06
2.990649136336287484e-06
4.112879992135276552e-08
1.963195472853840329e-07
8.040354373406444211e-07
4.210862414311122848e-07
4.616638449306265102e-08
1.241587277434064163e-08
2.251180575285616214e-08
7.523436806877725758e-07
5.627627075455166050e-08
6.515606720824962395e-09
7.003758462076348223e-09
2.202098357884096913e-06
3.959909520290239016e-07
2.322649834241019562e-06
5.374069189656438539e-08
2.702973134205421957e-08
8.425137565382101457e-08
1.324528930979340657e-09
1.757036756089291885e-07
2.015997608850739198e-07
5.744937858764842531e-09
4.974077683073119260e-07
1.713839914430081990e-08
1.950367618519521784e-07
4.917264817549948930e-08
8.206124668674874556e-09
2.865978785848710686e-06
2.460355517541756853e-06
5.805350724585878197e-07
2.023716376697848318e-07
5.344063993106829002e-06
5.742627399740740657e-05
2.498449930499191396e-06
2.811690592352533713e-06
6.896362236830100301e-08
3.587415164929552702e-07
1.507937440692330711e-06
5.816054482465915498e-08
1.464248189364525388e-08
9.887226951832417399e-06
1.537359253234171774e-06
1.565104810197226470e-07
4.043827175337355584e-07
6.340697211726364912e-08
8.063406085057067685e-07
7.569597642032022122e-07
4.387743501865770668e-08
3.524582226077654923e-08
5.296272433952253778e-07
2.711576030378637370e-08
4.267218045583831554e-08
1.090969448114265106e-08
1.237258739905655602e-08
3.820710858803977317e-09
1.766500190569786355e-08
6.366770321619696915e-06
3.804967718679108657e-08
2.780680219416353793e-08
6.257145287236198783e-06
6.711045497098666601e-09
4.655437635392445372e-07
6.130929541825480555e-09
3.914900759127704077e-08
1.861743292863593524e-08
3.681496991703170352e-07
4.597254488203361689e-08
6.595482915372485877e-08
1.856371412145563227e-08
4.023667770525207743e-06
5.823210358357755467e-09
4.821721688585967058e-09
9.339551638731791172e-07
3.998642569058574736e-06
1.532486348878592253e-04
1.509669914412370417e-06
2.185591796433072886e-07
7.479201940441271290e-06
1.361483192852119828e-08
9.979359560929879081e-08
2.652119292179122567e-06
5.445032229545176961e-07
6.669334595699183410e-08
1.418185235912972075e-09
2.032597201662156294e-08
5.447150286386204243e-09
8.985545640882719454e-09
3.048024943552718469e-09
5.441286532459344016e-08
4.674549636263236607e-09
6.276036401686724275e-08
2.101599427817291144e-08
3.344409860162045334e-09
7.423468417755429982e-08
1.401013416391094779e-09
2.949395572215962602e-08
5.202508202017952499e-09
1.372309498037793674e-06
5.169519479153450447e-09
7.124330902996689474e-09
2.384905961605454650e-08
2.448401481558448722e-08
3.414954541369752405e-09
9.532443279169910966e-09
3.339972964866433358e-09
8.007717156033322681e-09
9.543649426291267446e-09
4.610215142974993796e-08
5.373433609179301129e-08
2.300534163168777013e-08
4.204587966682993283e-08
9.768047704028504086e-08
7.651040334621939110e-08
3.705696416389514525e-09
3.193171238535796874e-08
1.906496827075443434e-08
3.570136897224074346e-08
2.337350579750818724e-08
1.569964602765594464e-09
4.628146825780277140e-07
1.357117174194399922e-08
3.071684906430505180e-09
4.866859981689231063e-08
8.477910817816791678e-09
5.502145961067128610e-10
4.918500717820961654e-09
1.121060400066653528e-08
4.920586249568259518e-08
8.681822372125225229e-09
7.043952621188509511e-08
8.459545064454232488e-09
3.362690767971798778e-05
1.354663652364251902e-07
2.548562362790107727e-03
7.887973333708941936e-04
3.835189636447466910e-05
2.615012926980853081e-03
2.944508567452430725e-02
7.801877707242965698e-02
8.632354736328125000e-01
8.661529864184558392e-05
1.341379393124952912e-04
4.741007231245930598e-08
1.454513522958222893e-07
1.305595560552319512e-07
1.938694822456454858e-06
4.895383654002216645e-07
4.524243646386594264e-09
2.835426826663933753e-08
7.337919782912649680e-08
2.721607295086414524e-08
2.819970745804312173e-07
2.320348215789636015e-07
1.158359808073328168e-08
7.349485908747510621e-09
2.523213460392526031e-08
3.777858808007295011e-07
2.201532396384209278e-07
6.029526655737527108e-09
9.994170113714062609e-08
3.940842763228147305e-09
