1.215559652933961843e-09
6.172697020190298645e-09
8.835680631591458223e-08
1.039248402889825229e-07
7.882906061240646522e-08
3.391378911032916221e-08
1.437408592153133213e-08
1.019798467893906491e-08
2.718045344352049142e-09
1.121185810859515186e-08
1.240762048659860284e-09
7.470626894878762414e-10
1.428593954244661290e-08
1.772765934049402858e-09
5.985020035126353832e-09
2.562178025300454465e-09
7.037924132369255403e-10
1.358355983249737164e-09
5.534172231591583113e-09
2.824977807236450644e-09
6.167810151502806093e-10
7.155139813974642493e-10
6.185401524305689236e-09
4.813368192913003440e-08
4.237048767397055826e-10
4.042827184136399410e-10
6.534905949706626416e-09
6.474472957762600345e-09
6.564785381968363254e-10
1.171114649700655264e-09
8.187999611664054100e-09
1.421550543945215850e-09
2.301549839600625091e-09
5.296571998769650236e-07
1.564178688795436756e-07
6.867987067948888580e-09
5.153354010190014378e-08
8.690095865127034358e-10
2.227278805833066144e-08
2.933986031905533309e-08
1.413863026655803878e-09
3.839468298849624261e-09
7.059475226611766630e-10
1.471835364696971737e-08
8.785362659580187028e-09
5.091020938152723829e-09
9.558833724554460787e-10
1.018876893965625641e-08
1.254983672538401152e-08
6.715509481836079431e-09
1.477767952451358724e-08
3.543203419553719868e-08
1.565869545139264574e-09
5.936233171688343191e-10
5.967238259074747475e-09
2.809458221619820506e-10
8.283805641440267209e-09
1.270190730373599308e-09
1.273468530627042128e-08
4.269150366553731146e-09
4.099782202615642746e-08
5.919773560236762933e-09
1.989111808597954223e-08
2.238018659284080059e-08
3.653255919999764956e-09
1.221282417418478872e-07
1.187016795967110738e-08
2.024855838556050003e-09
3.689177408006116821e-09
1.906352853353610044e-09
8.568383780271915384e-10
2.448319325054626461e-09
6.362820270666702527e-10
1.831102602878331709e-09
2.696939560564715066e-09
1.400077498381335772e-09
1.659076609428211668e-08
3.151388483502159943e-09
1.543358219002755050e-09
5.844214445716033879e-09
8.699681530721647960e-10
5.438872907603808926e-09
6.003495922612955837e-09
1.447394537557045169e-09
4.706288248002010732e-09
3.472423681927239159e-09
6.632411508888935714e-09
4.976674183865270606e-09
4.612734638698157141e-09
5.544410264235466457e-09
5.660473201274385247e-10
9.103686693379131611e-10
4.443678758292435305e-09
3.343940124800326430e-10
2.085592365475008592e-09
1.438926894303804715e-10
9.395070277307127071e-10
7.497406029344233502e-10
2.333526261111273925e-09
4.698269773228958002e-09
1.283537276464130628e-08
2.178690472476318973e-08
1.544073757742125963e-09
6.007241371008831265e-09
3.222314859385733143e-09
1.693629592125489580e-08
5.231699962138236515e-09
8.558899367017147597e-09
1.815810968253117608e-08
5.351541432219164562e-08
8.835148168628847998e-10
1.224485957074250564e-09
1.279548200727731455e-06
9.080904028735403699e-09
6.168036303932922237e-09
4.819613153017598961e-09
3.038034046554116685e-09
8.273798357549821958e-08
2.663011855474906042e-07
2.258978213376394706e-07
7.431028592463917448e-08
2.520072541756235296e-07
2.711580862069240538e-07
1.032751342222582025e-07
8.487289981928825000e-09
3.266730530526729126e-08
5.608717934535434324e-09
1.469321553315694473e-09
9.615047424915701413e-09
6.531068130755102175e-09
3.453785524243357941e-08
6.151869680337540558e-09
2.448782687736184016e-08
2.962436962405945451e-10
2.660816988964143093e-08
1.524810389064157334e-09
6.553954268184725152e-09
2.169835644494355620e-09
4.730776215211562885e-09
1.483996214801663882e-08
1.919503667124899948e-08
7.757493314386465499e-09
1.121057469077868518e-08
3.493235922746862343e-09
5.893942400803098280e-08
1.559108397941599833e-08
4.406659481759334085e-09
5.967514482563274214e-08
6.284705023062997498e-08
3.843615203891204146e-09
2.062363137156353332e-06
2.188515502155041759e-08
9.367268738458278676e-09
3.391987135614726867e-08
7.795315504210975632e-09
1.154216704435384599e-07
1.322681413284954033e-07
1.135508131966389556e-08
4.795094543652567154e-09
6.822828169106287532e-08
6.164570720557094319e-08
1.467194579163333401e-07
2.237809582084082649e-08
9.695525271524729760e-09
1.139820398066149210e-07
4.051135427118879306e-09
9.728126748598242557e-09
1.988963838073232182e-08
5.788446166832272866e-09
2.120991737797339738e-08
1.604024788548485958e-07
7.612968744297177182e-08
1.958582629413285758e-07
6.728449619686216465e-08
2.233753981784047937e-08
2.192614267926273897e-08
5.217940568513768085e-08
8.266148654456628719e-08
1.058497289818660647e-07
6.331146096272277646e-08
1.425175621960761418e-08
3.216428012819960713e-08
6.794854812142148148e-08
6.021607390493954881e-08
4.909520612272899598e-08
5.794768043188014417e-08
4.108886386688936909e-08
8.970230780391830194e-09
1.742036062069018953e-07
4.684168004587263567e-07
8.598074430210544961e-08
8.901294279439753154e-08
1.642239411125956394e-08
1.591005727163974370e-08
7.669093093909395975e-08
4.299091926895926008e-08
5.104188360860462126e-08
2.527580633682191547e-08
2.859822600953521032e-08
3.950950144826492760e-08
3.495990696933404251e-08
1.080195488611934707e-08
1.031794383266060322e-07
7.566806630165956449e-07
4.478866344470588956e-08
9.226480557344984845e-08
1.599397236873301154e-08
3.999049624781036982e-07
3.435115729644167004e-07
5.027566984949771722e-08
1.109441640778641158e-07
3.402184063361346489e-07
5.504223850039124954e-07
3.187090769074529817e-08
6.899739446453168057e-08
4.078102904259139905e-07
1.397476410147646675e-07
1.329604515376558993e-07
5.834672123228301643e-08
9.365344055822788505e-08
1.868357912826468237e-09
4.018330912458623061e-08
8.084344358394446317e-07
1.831354268233553739e-07
3.398169781121396227e-07
7.499027177004791156e-09
8.532281547957154544e-09
7.583823702361769392e-08
9.425142621921622776e-08
5.402794158726464957e-07
2.977445490159880137e-08
5.521804951058584265e-07
1.296494929192704149e-07
4.132181530280831794e-08
2.672214627352786920e-08
7.599389562074065907e-08
1.206001698506042885e-08
1.277738537197592450e-08
3.137893429538962664e-07
6.576146915904246271e-08
1.167167553717263218e-07
1.404580558528323309e-07
4.749140458670808584e-08
6.626687110156126437e-08
5.466811003884686215e-08
5.999801544476213166e-08
5.853949005540926009e-07
7.930939460720765055e-08
1.307932052441174164e-06
3.531889944952126825e-07
4.644529951747244922e-07
1.144081352322245948e-06
7.752448460962568788e-09
1.861940148728535860e-07
2.324701284805996693e-07
1.881016764571086242e-08
2.414714685983199161e-07
7.733608242688205792e-08
5.112570420351403300e-07
4.092087024787360861e-08
3.837735107481421437e-08
3.923389968463197874e-08
6.757576276328336462e-09
8.008937868453358533e-08
1.872935655455876258e-07
8.897266923213464906e-09
1.581077135881514550e-08
1.045429414148202341e-07
2.232893514531042456e-08
2.642775598360458389e-08
4.909895423566013051e-08
8.737335299713322456e-09
4.811723020026192899e-09
5.460402263679497992e-08
2.126349762932022713e-09
5.274603420701851064e-09
1.639255953200802196e-09
5.710902417632723882e-09
7.394894696588494298e-10
5.301647831856826087e-08
2.938701904042773094e-08
3.147263782921072561e-08
2.407050381236786052e-08
1.802219884439182351e-08
8.012081664787729096e-09
1.675913074983270690e-09
1.137587091193381639e-08
3.423482608511108083e-09
8.537116791274002026e-09
6.110192352082322031e-09
1.974712171559644958e-09
1.216025724559699484e-09
1.501325641584116966e-08
1.073542255092263531e-09
9.001939638153544365e-09
8.483146629600923916e-09
1.350818337186865392e-07
3.108768353854429733e-09
2.920166997100182016e-09
2.602746285162993445e-08
1.226680979016236961e-09
2.155953415794442662e-09
2.536054477531024531e-09
8.235471860018606094e-09
4.368296280254924113e-10
2.589631287186477948e-10
1.551492490037276184e-09
8.278967511543555702e-10
1.258118054181522893e-09
8.566590992131750681e-09
1.152098647594357317e-07
5.954300164034975751e-09
1.308994357351878079e-09
4.182485113801703847e-08
3.997588926551998156e-09
2.698498757780498636e-09
2.824351585939410825e-10
4.528935004799450326e-10
1.020790341144106605e-09
1.448595909891992051e-09
6.296795973526059242e-09
8.027469355909033766e-09
4.699425737442197715e-09
1.143735417485913786e-08
1.004738869880839047e-08
3.453717534185329896e-09
2.361722151178469176e-09
2.851947726867365418e-07
1.064735926092907903e-07
1.323884002424335904e-09
1.005822181099347290e-08
8.694246211859990581e-09
6.015313136487066004e-09
4.920458263057980730e-09
2.220026296129162802e-08
3.616428490005318963e-09
7.000107604682170859e-09
2.188632386435074295e-08
1.262373139354622253e-08
2.653097519456082409e-09
3.596393227667249448e-08
1.412203687323199119e-06
6.283925557681868668e-08
2.613516159044593223e-08
6.423929388432725318e-09
4.548315644115064060e-07
1.031465828305044852e-07
6.225006643489905400e-08
1.508162306151916709e-08
3.835656769979323144e-08
4.711802947809928810e-09
1.645122593707526448e-09
1.617907763318271464e-08
6.602384861054133580e-09
1.527334916318068281e-06
3.403511357191746356e-07
3.193089881392552343e-08
2.862633152744820109e-08
4.524251551174529595e-08
3.172569318365958679e-09
4.842021450457423271e-09
5.997215879460782162e-08
3.273285642535483930e-08
4.878118353701665910e-09
1.625593548659765020e-09
2.247218411355333956e-09
2.544585930852605316e-10
1.357415846392484582e-09
4.637972228493936200e-10
1.550945150086135982e-09
1.731769283530582015e-09
1.629585799634014620e-09
6.517566042418820871e-09
9.184639537807015586e-08
3.970743378545193991e-08
2.844713575811397277e-09
5.886625853435134559e-09
7.764075493632560665e-10
8.671424467365795863e-09
6.500381344309857923e-10
2.510293084512227324e-09
3.070632637047765456e-10
1.184587206104481538e-09
5.495190968929364317e-09
1.011381423055013329e-09
1.143094152666890295e-08
4.200999992320930687e-09
1.162082874373027153e-09
2.006528498910142844e-09
1.214895632983825635e-07
3.532903525282904411e-09
1.746850331052485217e-09
2.739615467817202443e-08
7.204741248045820612e-10
6.683261233320081374e-08
8.036298027036536951e-08
7.087595843557892294e-09
9.602955231002852088e-08
1.032289986824252992e-08
2.828739127380686114e-07
4.807613418478240419e-09
3.902582079717831220e-08
1.433354697155664326e-07
2.012673212448135018e-05
1.893316152745683212e-06
2.502824372641043738e-06
3.256600962231459562e-07
6.781926913390634581e-06
5.066187441116198897e-06
6.693023237858142238e-07
7.118136124972807011e-08
6.212169445518611610e-09
3.250719601055607200e-06
5.344608098312164657e-07
8.053360289750344236e-08
1.470576194151362870e-07
7.422698899972601794e-08
1.276919465453829616e-05
1.438930308239605438e-09
3.994427899556285411e-08
4.899053251961049682e-08
3.214450316590955481e-06
7.247889755035430426e-08
5.125097004565759562e-07
5.145843147147388663e-07
4.801706836587982252e-07
1.563411267113679060e-08
6.893145609865314327e-07
9.583935934642795473e-06
5.899884172322344966e-07
1.601292041186752613e-07
2.323453429653454805e-09
4.511068141255236696e-08
2.416451820863585453e-07
6.029844623611779753e-09
1.410260779266536701e-07
2.742727929216925986e-07
2.399963268544524908e-04
2.102251528413034976e-08
1.620683605096928659e-07
6.089149451327102724e-08
1.066195025600791269e-07
1.264905222342349589e-06
3.680618831936044444e-08
6.321053206193028018e-06
1.464155161556845997e-06
1.473510309324410628e-07
3.694654424180043861e-06
1.494287289460771717e-07
8.403479296248406172e-05
5.875705824109900277e-07
2.092905582173898438e-08
1.509610036976027914e-08
8.694830455624469323e-08
7.226617526612244546e-08
1.184610365356775219e-08
2.797626450501411455e-07
5.387365931142085174e-08
1.066137578220605064e-08
1.521021175676651183e-07
6.342033157125115395e-05
3.761827116477434174e-08
7.453967754145196523e-08
3.302384641301614465e-07
4.399884190320335620e-08
1.413666783633971136e-08
7.285936476364440750e-08
5.612390907572262222e-08
3.879549694829620421e-06
1.000163418751753852e-08
9.814477408554012072e-08
1.093199171009473503e-05
4.588863703247625381e-06
9.448212878737649589e-09
2.474964233556420368e-09
8.006276175365201198e-07
1.123336642194772139e-05
6.870571667150215944e-08
2.477019961588666774e-06
1.204747604788281024e-06
1.251016072956190328e-07
1.341556110645569788e-08
1.796104598383863049e-08
2.081234415527433157e-04
1.117202555178664625e-04
3.859313757459403860e-09
2.258418305700615747e-07
7.736868212759873131e-08
2.075538390045039705e-07
6.736803698004223406e-06
1.620270140278989857e-08
2.853288663118291879e-07
1.710791686093671160e-08
7.367094045918065603e-09
1.485903794673504308e-06
1.517702408193599695e-08
3.233065370977783459e-08
3.753705095732584596e-05
1.385672476317267865e-06
5.554394277851315564e-08
1.097938456950942054e-05
8.617085711648542201e-08
2.207844715940154856e-07
6.244236061547780992e-08
6.454969536662247265e-08
6.380729189459088957e-08
4.945809905620990321e-06
5.007412440249936481e-08
5.777848954835462791e-08
3.094514227086619940e-07
9.235633478965610266e-05
4.366449388726323377e-07
2.537512067135594407e-08
4.071574153385881800e-07
6.755116146450745873e-07
9.998793757404200733e-07
9.016016377927371650e-08
2.622662286739796400e-04
1.340816311312664766e-07
1.176931846202933230e-06
1.577947017494807369e-08
6.694893084358000124e-09
1.491490309035725659e-08
7.287080165951920208e-07
6.757387183142782305e-08
3.621502401074394584e-05
5.585138751484919339e-08
4.588788726778147975e-08
2.233856299937997392e-08
3.821460836661572102e-08
1.090388863644875528e-07
5.593974172768412245e-09
4.311148700253397692e-07
1.278182093500390692e-08
3.074134369285275170e-08
2.143645261298843252e-08
4.655739176087081432e-04
7.143657967390026897e-06
2.517653774702921510e-05
8.285974928412542795e-08
4.544435796560719609e-05
1.130837517848704010e-06
2.423889355895880726e-08
1.434110856735060224e-07
3.830164416740444722e-07
7.408769420180760790e-07
1.035443588648377045e-07
1.124881919167819433e-06
3.420442951096447359e-08
1.002983509579280508e-07
3.234241763294676275e-09
3.801824277616105974e-08
1.824208339940014412e-08
4.289451638328500849e-08
6.806474266340956092e-05
9.419611615157919005e-07
1.379229352949096210e-08
8.846583114063832909e-06
8.097535442175285425e-08
7.133201506803743541e-06
2.488066641603836615e-08
3.549265557012404315e-07
1.448368948331335559e-06
1.977199515224015158e-09
2.904020357519243589e-09
4.096612883586203679e-06
6.808087249510208494e-08
8.991196231988851650e-09
1.029818008646543603e-08
1.687868461885955185e-06
1.260967366079057683e-07
1.003113681008471758e-07
2.255257491867723729e-08
1.239600635472015711e-07
1.621392442530122935e-08
1.618451051399460994e-06
4.964530671713873744e-05
1.115863526024440944e-07
9.144278578787634615e-08
2.194935575516865356e-07
5.416152504267301993e-08
4.378477669320091081e-08
2.541951971579692326e-06
8.654575367472716607e-08
4.143046350435497516e-09
6.218622417009100900e-08
5.461081968860526104e-07
3.441739693244016962e-07
2.877962224090424570e-08
4.251981522429559845e-08
2.864069514885159151e-08
1.385855483704290236e-07
4.943149534142321500e-08
3.044387497652678576e-08
3.813053126577869989e-07
3.851328074233606458e-07
2.293570844358328031e-08
6.196572588379467561e-09
3.247108111281704623e-07
8.912060138754895888e-07
3.842211810933804372e-07
1.138053651317250115e-08
1.818406190068344586e-07
8.083994543994776905e-06
3.611322796359672793e-08
1.802701099506975879e-08
1.257553066125183250e-07
8.208154156363889342e-09
2.329372676967977895e-07
1.263830290554324165e-05
4.859482416463833943e-08
2.062118619505781680e-05
2.077375256703817286e-06
1.867624064288975205e-07
6.631580617977306247e-08
1.627995231956447242e-07
8.970752674031245988e-07
5.797200230972521240e-08
1.923135251047369820e-08
5.702937500018379069e-08
3.875109939599497011e-07
5.666709057550178841e-07
4.690900556880706063e-09
1.127727156102764638e-08
1.610628288517546025e-07
6.059767329134047031e-04
7.699021153939611395e-08
5.612640734398155473e-07
4.339868246461264789e-05
1.680759753597271811e-09
1.078420908129373856e-08
4.353387339506298304e-08
2.118350721502793022e-07
8.090506931068830454e-09
7.922265581328247208e-07
4.704145339928800240e-08
2.883869143488482223e-08
6.889626291695094551e-08
4.422270194481825456e-07
4.444021897143102251e-07
1.901691746297728969e-07
7.018908831923909020e-08
3.929870331376150716e-07
9.133872680422427948e-08
5.786241530358893215e-08
1.400553628627676517e-08
4.270022691343910992e-05
6.288106479956923067e-09
1.274523153682594057e-08
5.963828186850150814e-08
9.600483252825142699e-08
3.309573060050752247e-07
2.747699454630492255e-07
7.491396303294095560e-08
7.679866939724888653e-06
4.490507876653282437e-08
3.350107135702273808e-06
1.799686515369103290e-06
9.927283883826021338e-09
1.902997226466141001e-08
1.834458817029371858e-05
1.676514358450731379e-07
2.331028383650846081e-07
2.683629463717807084e-05
9.595495612302329391e-06
4.669950612878892571e-06
1.737437749227410677e-08
6.920866724158258876e-08
1.673285396464052610e-06
3.403416659608637929e-09
2.071746621368220076e-06
5.285518454911652952e-06
3.507702786009758711e-06
1.993335096983628318e-08
9.823841651268594433e-08
1.032062641570519190e-06
2.747735816654994778e-09
9.963159897097284556e-08
1.345583427792007569e-06
6.920731543402780517e-09
1.159517371007723341e-08
1.887031260139337974e-07
5.246272849035449326e-06
8.719442945448463433e-08
1.061671781599216047e-07
1.189652265587426427e-09
8.059841682950263930e-09
1.859066678377985227e-08
1.117316514864796773e-06
1.805666505205749672e-09
1.076916419151530135e-06
1.292071090119861765e-07
1.681622450178110739e-07
5.282636266201734543e-06
2.171006144635612145e-06
3.438537703459587647e-07
2.160383928639930673e-06
4.815232301780270063e-08
4.126623389311134815e-05
1.590179721233653254e-07
1.011312456000723614e-08
1.198969312099507079e-05
6.073424287933448795e-07
6.559680059581296518e-06
2.227599907200783491e-06
7.468045168934622779e-07
9.372667409479618073e-05
1.365536235198305803e-07
4.103265212052065181e-07
1.024484719280849276e-09
5.695846905240387059e-09
1.436317820235899489e-08
8.960437014593480853e-08
7.360651466115086805e-08
2.265841736459606182e-09
4.537698927720157371e-08
2.577086661403882317e-06
1.515296617071726359e-07
1.755779339873697609e-05
2.323707093410121161e-08
2.770238971550043061e-08
4.458622626657415822e-08
4.093851302400253189e-08
2.386074982041463954e-07
9.248513379134237766e-06
1.116388759214714810e-08
7.978475480285851518e-08
1.987068117159651592e-06
7.569801709905732423e-07
2.513988484054152650e-08
1.436364527762634680e-06
1.710257464537789929e-07
3.801660930502492874e-10
2.955355921585578471e-05
8.490515313042124035e-08
8.131414830359062762e-08
5.980575679132016376e-07
7.938113810723734787e-08
4.014598005142033799e-07
2.137597334694874007e-07
1.478951645594861475e-07
7.069491516631387640e-07
6.187777046307019191e-08
5.258549663267331198e-06
7.341446348618774209e-07
1.892897216748679057e-08
8.861316302954946877e-08
5.568800176547483716e-08
7.712288585537407926e-09
4.956470789352351858e-08
8.244261806567010353e-08
1.858277869359881151e-06
6.419645615096669644e-08
4.699293398857662396e-08
2.803881349322523420e-09
8.857340958456916269e-07
1.697631120123332948e-07
1.974767947103828192e-04
2.466157411618041806e-07
6.409221953163068974e-08
6.771708882524762885e-08
2.188269299097100884e-08
1.550049273646436632e-05
3.106179846668055688e-08
1.877864832522391225e-07
2.679059605270595057e-07
1.375855696039707254e-08
7.128838408476667610e-09
2.074199834112278040e-08
1.656006887174044095e-08
3.099298737652134150e-07
1.637901334561320255e-07
7.670127644132662681e-09
5.328052665731775051e-09
8.545237619728140999e-07
4.608669769368134439e-06
6.454012577705725562e-07
1.493950385622611066e-08
3.249120084092282923e-08
3.040804131160257384e-06
3.204686208846396767e-06
4.115484841804573080e-07
1.247506224899552763e-05
1.585192954678404931e-08
1.039648864775699622e-07
8.131022966040291067e-09
5.405453862294962164e-07
3.589423513972178625e-08
1.067746438820904586e-06
3.129373453703010455e-07
6.013183195818783133e-08
1.415994461240188684e-06
1.099889232136774808e-06
9.008470414073599386e-08
1.465378147713636281e-07
5.510479604708962142e-05
3.669297257147263736e-07
1.684865225115572684e-07
8.420357744398643263e-09
3.113518687314353883e-07
2.792764952630477637e-08
6.948017698960029520e-07
1.411300218023825437e-06
3.234888481529196724e-06
1.929881499052044092e-08
7.349046882154652849e-07
2.076292702213322627e-07
6.409879279090091586e-05
1.257214307770482264e-06
6.742821856420277982e-09
3.376932866672177624e-08
1.403402194455338758e-07
8.356053513125516474e-06
1.674266343343333574e-07
9.946063073584809899e-06
4.435084299814207043e-09
2.704656276719674679e-09
1.145507653177446628e-07
4.027901638892217306e-07
6.000079793011536822e-07
2.197562025685328990e-07
4.587000148603692651e-06
1.777603756636381149e-06
5.219431109537708835e-09
1.999919696515917167e-08
2.281716859897642280e-07
9.053060523456224473e-09
3.126973169287339260e-08
6.544738795355442562e-08
4.598694886226439849e-06
1.308308219449827448e-05
2.947227244476380292e-07
1.225512392011296470e-06
8.768166480876971036e-06
6.466738966537377564e-08
1.885127403511432931e-06
2.076410737572587095e-06
6.317084739748679567e-07
4.053256930092175025e-07
2.280972637436207151e-07
1.075648228265890793e-07
1.014833515000646003e-07
5.925608661527803633e-07
3.073885409321519546e-06
9.892830377111749840e-08
6.034726141024293611e-08
1.647522651637700619e-08
9.578631079421029426e-07
5.659161317339567177e-08
4.835801092895053443e-09
1.105760993880267051e-08
1.063705894921440631e-05
8.345054425262787845e-08
1.024096931701024005e-07
5.161841727385763079e-07
2.364707007984634402e-08
1.955190676028450980e-08
4.788461183125036769e-08
2.022485205088742077e-06
5.114391399274609284e-08
1.115554866260026756e-07
5.399451197263260838e-07
9.959815372440061765e-08
3.783582087635295466e-07
2.162610371669870801e-06
8.563830533603322692e-07
3.831858066405402496e-06
1.208863886859035119e-05
7.258130381160299294e-07
1.692082918225423782e-08
4.701549187302589417e-06
1.643438736209645867e-05
7.945302058942615986e-06
2.719735221035080031e-06
8.904312380764167756e-07
1.747059627632552292e-06
4.584250916650489671e-07
4.500171257859619800e-08
6.576657440859889903e-09
8.623803296359255910e-06
9.936918559105833992e-07
8.475274171360069886e-08
7.762498910324211465e-08
5.722910856320595485e-08
3.496857743812142871e-06
1.251811276858916244e-08
2.556092404404353147e-08
7.541142821310131694e-08
3.979384644026140450e-07
6.149917339826060925e-07
6.818522280127581325e-08
2.005392296666741458e-09
1.470932460279072984e-07
7.037924132369255403e-10
3.382741553537016443e-08
4.754567441977997078e-07
4.574754086661414476e-08
2.106453678152320208e-08
9.148338904196862131e-07
2.331831971957853966e-08
8.369223678528214805e-07
5.827117455226016318e-09
5.567642347159562632e-08
4.049924129390092276e-08
5.239344886831531767e-07
7.454180916965924553e-08
4.484011739691595722e-08
3.175725282744679134e-08
1.204965997203544248e-06
5.379456435861129648e-09
9.990175797724987206e-09
3.607737824040668784e-07
1.924328643099215697e-07
3.915955312550067902e-04
2.638706064317375422e-06
1.705657552975026192e-07
3.286470018792897463e-06
6.986376774875679985e-07
3.284480243337384309e-08
2.681126261450117454e-06
9.272052921005524695e-07
1.265735363631392829e-06
1.933609272697367487e-09
8.344147772731957957e-08
2.699307000142425750e-09
1.075581623766197481e-09
6.159169285702148500e-10
6.254200002331344876e-08
1.949597283612547471e-08
8.171824106284475420e-08
2.094594897528168076e-08
7.091178755302962600e-09
2.475772831189715362e-08
3.276550586406301591e-09
1.305482033586713442e-08
4.445602996838715626e-09
1.246746137439913582e-07
2.329350490271053786e-09
1.165746432718606229e-08
3.137982984569021028e-09
5.395312197009616284e-09
7.244288502405993313e-10
2.453325764761871142e-09
9.021189129043705179e-09
8.195264022958781425e-09
8.847177213056056644e-09
8.390169448091455706e-09
7.679221880607656203e-08
1.567014784598086408e-08
5.575772021870761819e-08
4.488718019501902745e-08
6.895565007880577468e-09
5.354318588501882914e-08
7.198289075915909052e-09
1.328924170707068697e-08
1.590247222793550463e-08
1.228308743606021380e-08
5.488801413378041616e-09
2.126968183802091517e-07
7.681371982926066266e-09
4.712458867572877352e-09
2.947290234089905425e-08
1.453046394317425438e-08
4.240171325164965310e-09
2.632686957326768606e-09
1.695238172061408477e-09
7.723259187741859932e-08
1.596151655292032956e-08
4.220711247171493596e-08
3.601875908643137336e-09
8.822334930300712585e-04
9.050026505974528845e-08
1.757888938300311565e-03
2.909821660068701021e-06
2.711724391701864079e-06
5.181286251172423363e-04
2.098945435136556625e-03
5.384125979617238045e-04
9.900284409523010254e-01
1.277970150113105774e-04
8.033156518649775535e-06
4.068686223490658449e-07
4.755721505489418632e-08
9.858059257794593577e-08
5.407051730799139477e-07
2.592074999085980380e-08
7.961470926964864248e-10
4.912152817837522889e-08
4.888419447013347963e-09
7.359776788007366122e-09
1.305262831152731451e-08
1.521371650881064852e-08
3.072704046758190088e-08
4.632599193143960292e-09
1.996558118833036133e-08
9.325522398739849450e-08
2.420056546270643594e-07
5.020071469630238425e-09
1.449251101348636439e-07
2.521084452311583846e-09
