2.484463834662165027e-08
6.381543737887795942e-09
4.390951460209180368e-07
1.579966379949837574e-07
2.845835922471451340e-07
6.778370220672513824e-07
6.400990315569288214e-08
6.164746046977143124e-09
4.713027301761485433e-09
6.694108378724195063e-08
3.397989223330455388e-09
2.943935983878986917e-09
2.299226409263610549e-08
2.520980935116767796e-08
9.315624538430711254e-08
8.118954397673405765e-09
6.395260432334737288e-10
7.809769719813175470e-09
3.552746719037713774e-08
7.290843484497600002e-09
6.512561157023810665e-09
5.984646112011660080e-09
5.053633600482498878e-08
8.653922236590005923e-07
4.427994415578950793e-09
2.253959019427043131e-09
1.979435104715321359e-08
5.637356359500245162e-09
2.912408758604101422e-09
1.710815311639635183e-08
6.523866602492489619e-08
2.760019413017289480e-08
1.367698310161813424e-08
3.491298002700204961e-06
1.804330850063706748e-06
7.673529722751482041e-08
8.361789127775409725e-08
6.640135996605067703e-09
6.181716827313721296e-08
3.446534790896293998e-08
1.872355248622170620e-08
1.506814406582179799e-08
1.805181892855500791e-09
2.122397013692989276e-08
5.039291295361181255e-08
3.130555370489673805e-08
2.412676280982850585e-09
3.615721766436763573e-08
2.485563577181437722e-08
1.714614406012060499e-08
3.801354964139136428e-08
5.122858581785294518e-08
8.169173781880090246e-09
6.586187595303272246e-09
2.283558409033048520e-08
5.880556930293323603e-09
4.559404853665682822e-09
3.060864672832508404e-09
1.172934886994880799e-07
3.499835088405234274e-08
1.021637245912643266e-07
2.417463385029350320e-08
1.558469193696510047e-07
4.015137733404117171e-08
1.874166777326990996e-08
1.581725683763579582e-07
1.346214162367687095e-08
1.587384090839805140e-08
1.572889707368574363e-09
2.116038722022040020e-08
4.710484002856674124e-09
1.441043817607123856e-08
9.801434108780426868e-10
2.475646532218434004e-08
1.407050032042889143e-08
4.689605592744783280e-09
5.706675665351212956e-07
1.150049122600194096e-08
1.812745864526732475e-08
1.362719537212342402e-08
1.528130866290666745e-08
6.389192286349043570e-09
2.588449632412448409e-08
1.467278565314700245e-08
2.400082976805606449e-08
2.080655470138026431e-08
3.807747717132770049e-08
3.912152735097151890e-08
6.445926459264228470e-09
1.377962721704761861e-08
4.350872107039549519e-09
6.647520311986454544e-10
1.880492872530226123e-09
1.080323275282069062e-09
1.046442377194978235e-09
1.535606974911729594e-09
3.446842367083036152e-09
1.217897693805980452e-08
4.347661786141543416e-09
3.149877159103198210e-08
1.318095232960558860e-08
1.800925986117363209e-07
3.298059780831863463e-08
2.547478850090101332e-08
6.457580248309113813e-09
2.578476454573319643e-08
1.072788435863003542e-07
1.143507546430555522e-07
2.444594713324477198e-07
4.690737682722101454e-07
3.920801461276823829e-09
9.348924301377792290e-09
3.276261679729941534e-07
1.086083400991810777e-07
5.630202792872296413e-08
2.396423681716441934e-08
2.522737929666618584e-07
9.378414489447095548e-08
2.899536184486350976e-07
5.255621431388135534e-07
2.838332058274772862e-08
7.032080588942335453e-07
5.693766880199291336e-08
2.912754837325337576e-08
1.621158141063006042e-08
4.049416091334023804e-08
2.451274738746178627e-08
3.051782160312654923e-09
2.292758338739986357e-08
7.722788630815102806e-09
5.050123430550002013e-09
2.749793814871281938e-08
4.503873896055665682e-08
2.856121117389420760e-09
6.254831763641277576e-09
2.243215391217745491e-09
2.831729695174090011e-08
1.062451637778849545e-08
1.370173663417517673e-08
2.308375179893573659e-08
1.837475416266443062e-08
1.292349516290869360e-08
1.613842393055620050e-09
1.592877652001334354e-07
4.245368927513482049e-07
2.280142865629386506e-07
2.069021576289742370e-07
2.799617277560173534e-06
1.212134407069243025e-06
3.253660807445157843e-08
2.024732339123147540e-06
2.225708506387036323e-08
1.886194667122254032e-08
7.127852796884326381e-08
1.620255396517222835e-08
1.426362672418690636e-07
9.739182615930985776e-08
1.502538182762691576e-08
7.110034783153196258e-09
3.042822811494261259e-07
2.124880005283102946e-08
1.602554675628198311e-07
2.967836465472828422e-08
3.920369806564849569e-08
2.779024157462117728e-07
6.150221310008419096e-08
2.472630988847868139e-08
3.094219280797005922e-08
5.774932176905167580e-08
3.567379636137957277e-08
5.573956585180894763e-08
7.213704122932540486e-08
2.375065406567955506e-07
1.469112049790055607e-07
8.830410536120325560e-08
3.018230554374667918e-09
1.368118329736489613e-08
8.849816879319405416e-08
7.361921916526625864e-07
3.764089839819462213e-08
1.434558161150789601e-08
4.076865778301907994e-08
2.396761722422979801e-08
5.231455801890660950e-08
1.610912470084713277e-08
2.192762877939458122e-07
2.273592869528329174e-08
1.792727388760795293e-08
1.014280499589403917e-07
2.382288073476956924e-07
1.477976638852851465e-07
8.010637486677296693e-08
1.675224403641095705e-08
6.929003593114657633e-09
7.258749601390945827e-09
8.828776998370813089e-08
1.830586739970385679e-07
6.145812392333027674e-08
2.585858993597867084e-08
3.155782479780100402e-08
5.698026228628805256e-08
2.442016011627856642e-08
4.115145202376879752e-07
5.770569373453326989e-07
1.874076360763865523e-07
1.960285800350902718e-07
2.741886930834880332e-07
2.867600983336160425e-07
1.690843305368616711e-06
2.870402795451809652e-07
7.229185428059281548e-08
1.193955426970205735e-06
1.609294884019618621e-07
1.441216284092661226e-07
3.384522813121293439e-07
5.507355353984166868e-07
4.720730473195544619e-08
1.474463999784347834e-07
1.135561333853729593e-07
1.081721237028432370e-07
1.169167251902081262e-08
1.219017491393969976e-07
3.411637123917898862e-07
1.090604200726374984e-06
5.315783369042037521e-07
3.958434291462253896e-08
8.411563889865192323e-09
1.311137793891248293e-07
1.031533187756394909e-07
3.797790952830837341e-07
5.739701602891500443e-09
1.497422204010945279e-07
2.716530786983639700e-07
4.611788639863334538e-08
6.238714433948189253e-08
1.198712453742700745e-07
1.043715442961001827e-07
1.287205542155334115e-08
2.030511154771375004e-07
1.033879115652780456e-07
3.373775427917280467e-07
9.646394261153545813e-08
8.985496435798268067e-08
2.124627798139044899e-07
2.998412185206689173e-07
6.647412931215512799e-08
6.049772309779655188e-07
7.190145367985678604e-08
1.215157453771098517e-06
1.108057631427072920e-06
3.917101309980353108e-07
3.163754627166781574e-07
3.995275577040047210e-08
4.598832248348116991e-08
2.080089132050488843e-07
3.790660585423211160e-08
8.065235306276008487e-07
1.778361564674924011e-07
5.153560778126120567e-07
1.302598064967241953e-07
7.612028696257766569e-08
5.270586100891705428e-08
6.703354760162483217e-09
1.021569033810010296e-07
1.546433203714059346e-08
3.513754620598774636e-08
2.580838120991302276e-08
7.310175220709425048e-08
2.537189125462191441e-08
2.402089016584341152e-08
5.180339357480079343e-08
7.812525737449504959e-09
9.115162846740076930e-09
5.278372583461532486e-08
9.498502429039490380e-09
7.532761081563421612e-09
1.000722504862494588e-09
8.345489277417073026e-08
1.444642627745906793e-09
1.372001037225345499e-07
4.624904903494098107e-08
5.292860194572313048e-08
1.638401059267380333e-08
3.831432238143861468e-08
2.072057547763961338e-08
2.893998640729478211e-08
3.875198473224372719e-08
5.731299879130347108e-09
6.265924668014122290e-09
1.670514926388477761e-08
1.448191344621818644e-08
4.254704921713425847e-10
5.616698928179175709e-08
1.404156568796111060e-09
4.376759576985023159e-08
6.846936173587891972e-08
1.790973271909024334e-07
7.616283426159498049e-08
1.834502327824338863e-08
2.021015745867771329e-07
2.604648052795255353e-09
7.066177865056033625e-09
1.244351288676170952e-08
4.771467221331704422e-09
1.857879183830846159e-09
2.160692957886567456e-09
1.154777073963941803e-08
2.454215941583015592e-09
1.146872374846452658e-09
1.209245414912629712e-08
7.013916842879552860e-07
3.817774096859238853e-09
2.988454594898826144e-09
3.599489772909691965e-08
3.096561007609466287e-09
8.734506451446577557e-09
4.896334893089715479e-09
1.069224819794101222e-09
4.015105581345324026e-09
2.503485196925225864e-09
3.141860815958352759e-08
7.020180436967393689e-09
1.144594250490627019e-07
3.720376895444132970e-09
8.363746140105376981e-09
2.507647645089150501e-09
2.226183015707761115e-09
2.737413922204723349e-07
1.084496688008584897e-07
2.108697927383218484e-08
1.760472301270965545e-08
1.123228265953457594e-08
3.751739896529215912e-08
3.174362550595333232e-09
2.057140946476465615e-08
1.005490801730957173e-08
5.314923967603135679e-08
1.495842241183709120e-07
7.607264151943127217e-09
5.376505018972466132e-09
1.446197614995980985e-07
6.084880169510142878e-06
1.333410608594931546e-07
3.105902735001109249e-08
1.141703052098819171e-07
2.933929181381245144e-06
1.224717379955109209e-06
3.292318751846323721e-06
1.885522777911319281e-07
2.153743423605192220e-07
2.359365147697189968e-08
7.206558683137131993e-10
1.540260363697143475e-08
6.517345330081525390e-09
2.525200386571668787e-07
1.903807742564822547e-06
6.023413590128257056e-08
1.460307714751252206e-07
4.023166013666923391e-07
4.631779404462577077e-09
2.485473515889680129e-08
7.715975414157583145e-08
9.997791039495496079e-08
1.252750525537749127e-08
7.040146243753042654e-09
4.635989014900587790e-08
6.991638379361120315e-09
1.152202955267966900e-08
4.574003842350293780e-09
1.072798205825620244e-08
7.100967813755687530e-09
2.591936443252507161e-09
4.692488886348655797e-08
1.025905476126354188e-06
2.564527434856245236e-08
1.215029943324452688e-08
3.091521483256087777e-09
1.384218184519170336e-09
1.576404429215472192e-08
2.677040589205148535e-09
4.560320476798551681e-08
2.588191660990446508e-09
7.582680261464247451e-09
5.216596488111235885e-09
9.279072621382056241e-09
6.928778475412400439e-07
3.999484121663954284e-08
7.122332057463154342e-09
2.488172334835780930e-08
4.370321846636215923e-07
1.540603911109883484e-08
3.010981686202285346e-08
2.084063410734415811e-08
1.621181966449114498e-09
2.471556172167765908e-06
3.179276859555102419e-07
6.353330750386021464e-09
8.006451679420933942e-08
3.471254927944755764e-08
4.359374088380718604e-07
1.025883733518639929e-08
5.339289188555085275e-08
3.774987362703541294e-07
8.337805047631263733e-04
5.320677587405953091e-07
2.323572152818087488e-05
9.574940662560038618e-08
1.456047698411566671e-06
3.437880513956770301e-05
1.533156932964629959e-06
5.793312539026373997e-06
5.125387225746180775e-09
5.171045359020354226e-06
1.531599735926647554e-07
6.229443556549085770e-07
1.327324071098701097e-06
2.872923587915465760e-08
7.225030003610299900e-06
2.122711784124931000e-09
2.366792131169859204e-07
4.948434906282273005e-08
3.607574399211443961e-05
3.438648832343460526e-08
7.309533600619033678e-08
2.656298931924538920e-07
3.042863454538746737e-07
4.904553208007200737e-08
4.289102434995584190e-06
1.002946919470559806e-05
1.237971559930883814e-06
1.745170408185003907e-08
4.627505489906980074e-09
1.746219346898669755e-08
1.423517915100092068e-06
6.559747856016429068e-09
2.083115532514057122e-06
1.029105760608217679e-06
1.378057495458051562e-04
2.617413485950237373e-08
2.649192651915655006e-07
1.444794435201401939e-07
1.347306550769644673e-07
3.298178125987760723e-05
9.478413609542712948e-09
1.113415351028379519e-06
1.173966211354127154e-06
1.613769562425204640e-08
6.517022848129272461e-05
1.465636074726717197e-07
2.296768070664256811e-04
2.404162273705878761e-07
5.679612158360214380e-08
5.134900860070956696e-08
5.919813261812123528e-08
3.996428574737365125e-07
1.185056675012674532e-07
2.382483472729290952e-07
3.693442351959674852e-07
1.090134105652396102e-06
6.369715066512071644e-08
3.582533216103911400e-03
8.645488236425080686e-08
5.189140850347939704e-08
4.748293918055424001e-07
2.867366788450453896e-08
1.896708283766201930e-07
3.635635266618919559e-06
3.646987067895679502e-08
2.926737397501710802e-05
2.028658769859248423e-07
6.085019066404129262e-08
5.924758443143218756e-05
3.543615821399725974e-05
1.179079056612408749e-08
2.314017777393928554e-08
1.064928528649033979e-05
3.945767275581602007e-06
6.346342562579820878e-09
1.381586571369552985e-06
9.104903142542752903e-07
5.008200787415262312e-07
2.723476200117147528e-08
3.185657604376501695e-08
2.863796726160217077e-05
1.392629783367738128e-04
4.165935152400379593e-08
6.277348862937515150e-09
2.377009309384447988e-07
8.543008789274608716e-07
1.854919173638336360e-05
2.893115613744612347e-08
5.344472810975275934e-07
4.139969433936130372e-08
4.987747104223672068e-09
1.849062272185619804e-07
3.237156320778922236e-09
7.743172325547220680e-09
1.491908642492489889e-05
3.356027718837140128e-06
1.795849300378904445e-07
2.924916543634026311e-06
9.782691279269783990e-08
5.771034849999523431e-08
8.167865495067871962e-09
2.641436225303550600e-08
3.320562314002017956e-08
1.263959802599856630e-05
2.803360388270448311e-08
2.397387390828953357e-07
7.096043219689818216e-08
2.201324241468682885e-05
8.219885216931288596e-07
1.611456390548937634e-08
2.594983641301951138e-07
8.491669944987734198e-08
2.243446459715414676e-07
1.046423392381257145e-07
2.567894989624619484e-04
4.005891582892218139e-07
9.467583481637120713e-07
1.947409167257774243e-08
2.041525171136981953e-08
2.887723660194296826e-08
3.814469948792975629e-07
1.701424423572461819e-07
3.198982158210128546e-04
1.627844028462277493e-07
2.097851421467566979e-07
2.751541039458516025e-08
1.286765609620488249e-07
8.857112021587454365e-08
5.121605362035097642e-09
5.075077069705002941e-08
3.730993292094808567e-09
4.055847568906756351e-08
3.146454474745041807e-08
6.364378496073186398e-04
5.327095209395338316e-07
2.132582594640552998e-04
1.093979662414312770e-07
5.911875632591545582e-06
1.321838425383248250e-07
2.246543395756361861e-08
8.230879444681704626e-08
5.497503607898579503e-08
8.763192340666137170e-07
2.606715838737727609e-07
6.004121132718864828e-06
1.335366590637931949e-07
7.251847478073614184e-08
7.344967967171101009e-10
2.402840593163091398e-08
4.647994700235358323e-08
2.203870081984860008e-07
3.340864495839923620e-04
7.398655270662857220e-07
2.825907863268639630e-08
1.940619404194876552e-05
9.044008209002640797e-08
1.376255454488273244e-06
2.181810465629041573e-08
1.579449531163845677e-07
7.530556467827409506e-05
3.673787496438762901e-09
2.174519053710355365e-08
3.779274629778228700e-05
9.200190831393229018e-09
1.506530011852191819e-08
6.577441524768801173e-08
3.430192236919538118e-06
5.846865178682492115e-07
1.055071194855372596e-07
5.709927819452786935e-08
5.584917772694097948e-08
2.286787150751479203e-07
8.682864631737174932e-07
6.282521098910365254e-06
1.504203481772492523e-07
2.789821280657633906e-07
2.074439180432818830e-07
3.364224809843108233e-08
9.958610007743118331e-07
1.245386670234438498e-06
5.465080903377383947e-07
1.710365005180847220e-08
9.262649314223381225e-08
7.474091034964658320e-07
1.751386804471621872e-07
2.585479386141287250e-08
3.929712732997359126e-08
1.350415743672783719e-07
5.564895388943114085e-08
2.322019270195596619e-07
1.075609787903886172e-07
2.959991149964480428e-07
6.048626488563968451e-08
2.942802268535160692e-07
5.915975620496283227e-08
1.683703061416963465e-07
7.171812740125460550e-06
9.594012908564764075e-07
2.069652182967729459e-08
2.989089153970780899e-08
3.528344905134872533e-06
6.915156802733690711e-08
7.782200661665683583e-09
2.836621781909798301e-08
9.112729237870098586e-09
1.213564502222652663e-07
5.885773134650662541e-06
7.783006594763719477e-08
7.921876203909050673e-07
6.907550869073020294e-06
4.199938530291547067e-08
3.545672555560486217e-08
2.463526804774573975e-08
2.829464847309282050e-06
5.777983957955257210e-08
2.628264184068029863e-08
2.362994955262820440e-08
1.470105075895844493e-06
5.690293392035528086e-08
6.815469788534755935e-08
1.871566190914109029e-08
8.896889767129323445e-07
7.844221727282274514e-06
7.410536539964596159e-08
2.468103048158809543e-06
4.481727664824575186e-04
2.590018866044374590e-09
2.982765812120646842e-09
2.254609299257026578e-08
1.872689949777850416e-07
2.479488259155004926e-08
4.525507756625302136e-05
6.315072198503912659e-08
6.544679820308374474e-08
4.855473889620043337e-06
6.105110514909029007e-07
2.454216314617951866e-07
1.362858711217995733e-06
1.289591722297700471e-08
1.004488794364988280e-07
2.039982973656151444e-07
1.278479686561695416e-07
8.632515147155572777e-09
4.324364999774843454e-05
3.298399775530924671e-08
2.317812075602887489e-08
7.639595196451409720e-07
1.271672989133776355e-08
2.474301119548272254e-08
7.156456831580726430e-07
2.790108339922880987e-07
3.602812648750841618e-05
1.484607565771511872e-07
5.799785867566242814e-06
1.741913024488894735e-06
5.498248256685656088e-08
2.365244000657185097e-09
2.327859510842245072e-05
3.611574186379584717e-07
2.302624579897383228e-07
4.226179498800775036e-06
2.267249074066057801e-04
3.101294396401499398e-06
6.173017652599810390e-09
5.620363907610226306e-08
1.214180429087718949e-05
8.948583207768479042e-09
9.482954510531271808e-07
1.551360219309572130e-05
1.193339699057105463e-06
5.553253146217684844e-08
2.130183673898500274e-08
1.567566982885182370e-06
3.129228209886036893e-09
8.253800842794589698e-08
5.766542585661227349e-07
2.726802605934608437e-08
8.748161306471047283e-09
1.719340758654652745e-07
6.193944045662647113e-06
3.617210087014655073e-09
1.580922059929434909e-07
1.276138927863712524e-08
8.927495187549538969e-09
3.741471132912010944e-08
2.687866924588888651e-07
2.243387520195483376e-08
6.437001616177440155e-07
1.457354130707244622e-07
2.182739962108826148e-07
1.043763745656178799e-06
1.782049184839706868e-05
4.268574684829218313e-07
2.027191840170416981e-06
1.454455755833805597e-08
6.031895827618427575e-05
7.820177216899537598e-08
1.507719993298906047e-08
9.632432011130731553e-06
1.857918974224048725e-08
2.224160925834439695e-05
9.509615779279556591e-07
1.887269900180399418e-05
2.524149604141712189e-04
2.064804448309587315e-06
2.354595608267118223e-06
1.834071006179271990e-09
1.456561982138282474e-09
1.622717249460947642e-08
6.442755875468719751e-07
9.903998261506785639e-07
3.144515092756705599e-09
4.608719450516218785e-08
1.460080875403946266e-05
8.588395417064020876e-07
1.011318410746753216e-03
5.711409656328214623e-08
2.890931050103517919e-08
5.076587683561228914e-08
5.961602056459014420e-08
1.841430332660820568e-07
1.806765794754028320e-06
1.375182190344048649e-08
8.440030541123633157e-08
4.391096354083856568e-06
1.277250703424215317e-06
2.411927546575043380e-08
2.644030985265999334e-07
1.585215585464538890e-07
1.340116240200472930e-09
8.988051376945804805e-06
2.569147738995525287e-07
1.648581928748171777e-07
1.410283744007756468e-06
1.338364086223009508e-07
7.864116014388855547e-06
1.246840639623769675e-07
2.831151668658549170e-08
4.582615886761232105e-08
7.649448008351100725e-08
2.080972262774594128e-05
1.053139612849918194e-06
4.422940591553015111e-08
1.979952379826954711e-08
5.488468790559863919e-09
1.569486229868743976e-08
2.564263112958542479e-08
2.154167511037030636e-08
2.774711674646823667e-06
2.328264336881602503e-08
2.508413388113694964e-07
6.691092124810893438e-09
4.183694102266599657e-07
4.113301201869035140e-07
1.761846360750496387e-04
3.268570480940979905e-08
6.950012476636402425e-08
1.120347405958455056e-06
8.020422370691449032e-08
5.922038326389156282e-06
9.218670271593509824e-09
1.700597067610942759e-07
3.158451988838351099e-07
9.694844926855239464e-09
4.204256498496761196e-09
1.080488161164794292e-07
2.105699614673994802e-08
3.016430838442829554e-08
2.586572236396023072e-06
5.270554197522869799e-07
1.299579643898596260e-08
1.846542403427520185e-07
2.859769892893382348e-06
5.645752310101670446e-08
2.218346928373193805e-08
1.305139019081025253e-08
7.018009000603342429e-06
6.657923950115218759e-05
2.071785274893045425e-06
5.235419394011842087e-06
1.866908974079706240e-07
8.053410738284583203e-08
2.265723964001153945e-07
3.181418151143589057e-07
4.149836030364895123e-08
1.556402295932457491e-08
4.439572194314678200e-07
1.745623201543367031e-08
1.098154143619467504e-06
3.068841465392324608e-07
2.484841843397589400e-07
1.874151394076761790e-07
2.591455995570868254e-06
1.951726517290808260e-06
7.511670219173538499e-07
1.494338519592020020e-08
3.598674425120407250e-07
2.419050204593986564e-08
1.776655608409782872e-06
5.986194082652218640e-07
4.521974403814965626e-07
8.490207648037539911e-09
3.197200726390292402e-07
4.783734652846760582e-08
9.286177373724058270e-06
3.802534820351866074e-07
2.799559695176867535e-09
1.171216936768360029e-07
1.066078567646400188e-07
6.892786927892302629e-07
3.090162863372825086e-07
1.086746669898275286e-05
4.304689937839611957e-08
2.571628243686063797e-09
6.792807880628970452e-07
1.197569901023598504e-07
4.084502052137395367e-06
2.632111136335879564e-05
2.353885938646271825e-04
1.146425688602903392e-06
5.693622462388248096e-09
2.148503881471697241e-07
5.642982614517677575e-07
1.399911440103096538e-07
4.830689093182627403e-08
9.284153001942740957e-09
5.859363591298460960e-05
3.353000010974938050e-07
8.210088964233364095e-08
3.822771304839989170e-06
1.415912265656515956e-05
9.276598689211823512e-08
5.641724055749364197e-05
4.604999048751778901e-06
4.221250833325029816e-07
2.765543172245088499e-07
2.768559716059826314e-05
5.929995694486933644e-08
1.405263901688158512e-06
1.750763203745009378e-06
5.402281431088340469e-07
2.152382023723475868e-07
5.108865863689970865e-08
5.643219225248685689e-09
2.591538941487669945e-05
4.215523929929076985e-08
6.638147809212568973e-09
2.610712357409283868e-08
1.477813202654942870e-05
2.276060939720991882e-07
8.345922424268792383e-07
2.474042730682413094e-07
1.976650665369561466e-08
1.154389011048806424e-07
1.385682324439585500e-08
1.939289859365089796e-06
1.987130389125013608e-07
4.549027110556380649e-08
6.324423793557798490e-07
3.888496280524122994e-08
1.665235799919173587e-06
4.046800654577964451e-07
9.231747810645174468e-08
8.628985028735769447e-07
1.102368605643277988e-05
7.114002187336154748e-07
1.321014764243955142e-08
2.527746119085350074e-06
1.534725925012025982e-05
1.979709168153931387e-06
7.243118488986510783e-06
6.352583568514091894e-06
8.437761067625615397e-08
1.396481911797309294e-05
6.242354402274941094e-07
1.413686501194888478e-08
4.085206910531269386e-06
4.849309334531426430e-06
4.907119546260219067e-07
2.201755400221827585e-08
2.447401747929234261e-08
1.298071856581373140e-05
2.296338230678429682e-08
8.796268957667052746e-08
5.660556468001232133e-08
3.176920245095971040e-06
6.040325928324818960e-08
1.571154406576624751e-08
1.678941430327540729e-08
4.930769392785805394e-08
5.210004427880221556e-09
9.173416692931368743e-09
2.646263794758851873e-07
7.151302838792616967e-08
1.033182286391820526e-07
5.405762749433051795e-06
6.626753190630552126e-08
2.076451437460491434e-06
1.503366675592587853e-08
1.564312128721212503e-07
5.156679705464739527e-08
1.639212314330507070e-06
2.227119750841666246e-07
3.470394460691750282e-08
1.480903488726426076e-08
1.030007581448444398e-07
5.423709481533478538e-09
2.206152593942078965e-08
9.200604154102620669e-07
3.548758058968815021e-06
3.829830893664620817e-05
1.127961240854347125e-06
5.101682063468615524e-07
4.809746315004304051e-06
2.521001363220420899e-07
9.547440527057915460e-08
1.229668487212620676e-05
1.460275029785407241e-06
2.487687140728667146e-07
9.547126644804393436e-09
1.805589100456472806e-08
2.575049506958748680e-09
2.493872441888811409e-09
1.356194934132304297e-09
1.107752822804286552e-07
1.399865379170250890e-08
3.974649303017940838e-07
1.787418213439195824e-08
3.548209548398517654e-08
2.386722712799382862e-07
9.691147440094027843e-09
3.287370731186456396e-08
1.890277934180062402e-09
5.740988626712351106e-07
3.029298145662551178e-09
3.185694552598761220e-08
1.690767525985847897e-08
5.712539330460231213e-09
5.280263337681390112e-09
1.171055341586679788e-08
2.549860766976053128e-08
1.360183290444183513e-07
2.870168458457555971e-08
4.620364180141223187e-08
1.483003757130063605e-06
1.170256638260980253e-07
8.418246011387964245e-08
1.026250231461744988e-07
4.291630517627709196e-08
3.419493737055745441e-07
1.041133224077839259e-08
4.652260798820861964e-08
3.495205547210389341e-08
5.667276425924683281e-08
4.549944865317456788e-09
2.984410514272894943e-07
9.055206362518219976e-09
3.715853935659652052e-08
6.871413660292091663e-08
1.552014872174822813e-08
1.461005427749739738e-09
1.093489920833690121e-08
1.374825586708539049e-08
7.037236571250105044e-08
3.734533748911417206e-08
3.931826952907613304e-08
1.121299586515078772e-08
2.160293515771627426e-03
1.348633986708591692e-06
2.555449493229389191e-03
2.549908458604477346e-05
1.770588278304785490e-04
5.277885869145393372e-02
1.379179023206233978e-02
2.660280733834952116e-04
9.151504039764404297e-01
2.264071954414248466e-03
4.497151167015545070e-05
1.056989731296198443e-07
3.006269082561630057e-07
1.658893040712428046e-07
5.657456654262205120e-07
1.161518525805149693e-07
2.902194484732945057e-09
1.720922142567360424e-07
3.353602551214862615e-08
1.530773907632010378e-08
3.889677770985144889e-07
1.160878397854503419e-07
8.440996168701531133e-08
1.070335855501980404e-07
1.715050217399038957e-07
1.933119165187235922e-06
8.027511739783221856e-07
7.737875762359180953e-08
1.033158625318719714e-07
1.653164183323951875e-08
