5.887724752184908539e-10
3.821826410899120674e-08
1.396243742846081659e-08
1.782749770029568026e-08
1.777019242865662818e-08
8.757462666153514874e-08
1.168012442320787159e-08
2.681751709587842925e-09
6.655679563039029745e-09
6.438070077052771012e-10
3.189590813690301729e-08
3.400953474397283571e-08
1.232877195889159339e-07
5.002056102654250935e-09
6.274596842104074312e-08
1.163032781192896437e-08
2.732527759619074459e-09
7.357491504933477700e-09
7.254733702666271711e-09
1.207924160695483806e-08
4.207357517937992952e-10
3.584756047558812497e-09
4.240627404783481325e-08
3.185851227271996322e-08
8.648758931251165905e-10
4.510315732009217982e-10
1.453156817099454656e-09
2.049755365440830701e-10
4.518424523425323969e-11
2.348354843917377366e-09
8.286872521523491741e-09
7.955795466862980447e-10
3.875104959139008542e-10
4.003091476079134736e-07
1.391358210867110756e-07
2.182507952142032082e-09
8.762721215305191436e-09
4.190083280342093985e-10
1.240551772418996279e-09
8.308079557650671632e-09
8.246818228307972731e-10
3.521118063787298524e-09
4.008703438640459638e-11
4.199214309608123585e-09
6.156328780093645037e-10
1.055613907396946161e-08
7.492972908806905252e-11
2.970835799587234760e-09
8.877114154870469065e-09
5.035713623868787181e-09
1.248050125468580518e-07
4.609912007680350143e-09
1.578243646882526718e-10
3.835549239328273075e-11
3.060431685852904593e-09
4.524670915717621256e-10
4.010769771856104171e-10
3.388214431243596891e-10
1.183113518266054598e-08
1.778341740532596305e-08
7.947741909042349562e-10
1.281205419534359180e-10
2.372685381502037671e-09
1.175326280744570795e-09
1.140278893529966808e-08
9.894889529959982610e-08
3.712167684355449637e-09
4.564241873339369704e-09
4.054628022220896355e-10
2.879678717704337032e-10
1.043356956387242462e-09
1.535143262509919282e-10
8.535989692859402567e-10
7.139231983366300938e-10
1.204287247702495733e-08
1.092590684592664729e-09
3.491023581325691794e-10
1.607868421737990161e-10
7.523296652323097078e-09
6.283513154237141407e-10
4.891291260911145855e-10
2.066137483325292123e-08
5.757989640642335871e-09
3.957079997007895145e-09
5.636548561227527898e-09
3.562299610848640441e-08
2.221776185251655988e-08
2.529200404666198665e-09
1.140774763541685388e-08
3.025085675290029030e-07
5.499761757121746086e-10
1.480023464894841823e-10
3.638890788693061040e-08
1.623960743657448802e-09
3.146616123217427230e-08
2.363942930294626876e-10
1.084293188569063204e-08
2.800967791038999621e-10
1.008257588530625526e-09
5.093936383815389490e-09
1.482624245596753099e-08
2.601613813268954800e-09
1.449430159228271009e-10
2.593795400684939523e-09
8.697879749774983793e-09
4.466718905860034283e-08
1.249675918302273203e-09
4.073767156942409429e-10
1.781389258326271374e-09
7.116056632838763107e-09
4.010280441058000633e-10
1.064396570882308879e-08
3.486836794763803482e-05
1.195293730660296205e-08
3.286233507537872356e-09
1.022224110913683148e-10
1.987339182107916713e-10
2.760532913370639108e-09
6.453638068393274807e-09
5.212756448713662394e-09
1.696315532484504729e-09
1.193324328241374133e-10
2.718270053492233274e-08
1.634639446024266363e-08
3.148311888967469940e-10
1.512961755878450276e-09
3.202005549596265155e-09
2.271137944376278028e-09
9.923746269180355739e-09
3.478821675173549011e-09
4.413787024759585620e-08
8.916567040273548628e-09
8.591715783268227824e-08
1.299769625262570116e-09
2.207363110073856660e-07
2.827345024769556403e-09
3.050599994836034057e-09
6.048979539485799251e-09
5.815280479382067824e-10
7.505109422822897614e-09
2.369113794031818543e-08
3.513900992402341217e-08
8.470185974829291808e-08
1.647604719323680911e-08
8.469200452054792549e-08
1.036872276927169878e-08
2.824892542108159432e-09
1.001125071731223670e-09
1.031078067370572171e-08
7.188795780876944264e-09
3.802558012466761284e-06
2.957245115453588369e-09
5.885874454492068253e-09
1.029023000143070021e-08
1.218236067579425708e-09
2.130821030732477084e-08
1.144302963496102166e-08
8.583193711331205122e-09
9.136321699187988088e-10
3.209131875792081701e-07
2.518942210372188129e-08
2.864479853315060609e-08
3.815065596768363321e-09
9.487274965636061097e-09
5.611011388850783987e-08
1.048291897731701283e-09
1.306580066362528214e-09
5.123353297165067488e-09
7.820021963311774016e-09
4.455401736436215288e-08
9.252988064645251143e-08
1.087929391019315517e-07
1.155300637378786632e-07
3.229547118621667323e-08
5.002010539101320319e-08
9.659916200277507414e-10
8.212619917458141572e-09
1.132428462113921341e-08
1.382505558922275668e-07
2.757029982092262799e-08
1.881410804926986202e-09
1.260419857374017738e-08
7.627602549575840385e-09
4.272817477612989023e-07
2.552015665457929572e-08
7.998360018746097921e-08
3.716673635523193298e-09
1.947753291986487056e-09
6.515508488291743561e-08
5.787975965176883619e-08
8.609349322341586230e-08
2.359868567225475999e-08
2.768945250863907859e-08
1.404062421883622847e-09
6.418467979329989248e-09
1.651624836895848603e-09
5.236795530549898103e-08
2.266686038865373121e-08
5.874661823668247962e-08
5.667931013420002273e-09
2.433064638651671885e-09
7.949045865984771808e-10
1.616866143194783945e-07
6.097391036519184127e-08
9.844007564652201836e-08
1.020306896748479630e-07
7.090792308872551075e-08
4.679592393586062826e-07
7.736884555242795614e-08
2.077371696884711127e-08
7.122360301536900806e-08
3.322435020436387276e-07
1.947978063299160567e-07
1.378477509916820054e-08
1.138279159818011976e-07
1.325525431639107410e-07
1.631269519464240147e-08
8.301257281573271030e-08
5.917268453003998729e-09
1.458959086875211142e-08
2.741799676186928991e-09
5.222461751941409602e-08
5.802439773106016219e-06
1.451536935093145075e-08
2.362243094466975890e-07
8.398004780474366271e-08
4.145679355360698537e-09
5.483510534531887970e-08
1.670090057359630009e-07
7.081030730660131667e-07
5.337208008882043941e-09
4.161930888813003548e-08
1.683908834593239590e-08
6.844848599030228797e-07
3.350090205245237485e-09
2.922898261203954462e-07
5.711898154459049692e-08
1.282457806617287588e-09
2.902377715940929193e-08
2.456375547410516447e-08
2.538921428651974566e-08
1.830488316478806610e-09
5.633778243918641238e-08
1.102802542618519510e-07
2.701271206717592577e-08
4.594727798234998772e-08
2.504025815142085776e-06
2.038574535845327773e-07
9.551841912980307825e-07
2.411486548226093873e-07
2.308335922407422913e-07
4.660712988879822660e-07
1.537788030248066207e-08
5.859666174501398928e-08
6.648905355177703314e-07
3.218631761114920664e-08
5.807859437823026383e-08
3.997044757397816284e-07
1.189645217891666107e-06
2.392800979578169063e-08
1.542967886791757337e-08
9.345698970264493255e-08
2.484519034950949390e-09
4.773431871996081099e-09
2.921908617281587794e-07
3.777970647433903650e-08
5.652417200963100186e-09
1.827742863724779454e-07
1.161642693148223771e-08
3.971418038872798206e-08
2.845182400790235988e-08
3.672889326011841149e-09
2.525075615267269313e-08
1.031509313520473370e-07
1.088069523369483704e-09
6.765199955793832487e-09
2.283677413839058090e-10
6.730590751402587557e-09
3.982481289188655182e-10
2.339365678949434368e-08
5.908606937055083108e-09
4.753743176877378573e-09
1.119219827927508959e-09
8.751714020149847784e-09
4.826973931670863749e-09
2.855613967511771989e-09
1.101448177109887183e-08
1.941303562347229672e-09
1.574351848887545202e-08
2.868819848345083301e-09
3.917616009374569330e-09
3.485527977353797269e-10
2.819123778863286134e-08
2.537481336162272783e-10
3.674823556565343097e-09
8.632327630486713588e-10
1.609853228501378908e-07
2.221417910730494327e-10
1.672074700920234136e-10
6.396055240998066438e-09
8.657522476696044578e-10
3.572155071740468202e-10
1.257935866583181905e-09
9.650210630596234296e-10
2.562675904815847616e-10
8.335546836102381008e-11
8.413932883755137482e-10
7.903706022993617353e-10
1.982218167384530716e-09
5.602431851770006688e-09
5.867528685143952316e-08
2.942902366243060897e-09
4.213581428214041580e-10
7.751370212361052836e-09
2.826109068987392448e-10
3.881888421819468249e-10
6.627576265572088232e-11
2.036801144411626296e-10
3.715445173746445562e-10
1.690546813648552416e-09
5.528982605085275281e-09
1.231524660028071594e-09
5.213213416510598108e-09
3.890884414659012691e-08
5.460778496058082965e-08
6.319661594034187146e-08
6.012284003986678727e-10
8.072678525650189840e-08
1.937158167208963278e-08
4.669190034611858664e-10
6.191293255852770017e-09
8.494773773293218255e-09
9.230086028821915534e-09
8.424257957884151438e-10
4.804879827347008359e-10
1.872846544515027745e-09
4.231874850546546440e-09
1.764536072812461498e-08
2.481770622342338584e-10
1.390618592500558748e-10
1.338977018150444565e-08
4.788937602029363916e-08
3.052509356393784401e-09
5.914560397002333048e-09
8.046863619881605700e-09
1.752972167423649807e-07
2.658777020769775845e-07
2.541368182562564471e-08
1.571338947847777945e-09
8.297833531401010987e-09
4.632880468147249076e-10
4.447391066531025672e-10
2.687772504561536380e-10
5.900495647637171714e-10
9.105173859325077501e-08
6.585322864793852204e-08
2.963263856514686267e-09
1.761374379682933977e-09
2.226828055285068331e-09
7.374497540402202844e-11
3.895082867355625922e-10
1.356872503244233030e-09
1.890612777444289350e-09
9.972429548810168853e-10
3.900713085869256247e-09
3.580423957316725136e-09
5.094312749420737418e-10
3.455251917916513094e-10
3.644506363364996560e-10
6.641540206686613601e-09
7.642656507655942733e-10
3.717956831295055053e-09
3.675153292803656768e-09
4.413215037857298739e-08
1.154638074041258733e-08
3.122621272666492587e-09
5.218538845497278089e-08
6.746508907085058127e-11
1.853991959954726099e-09
4.657741969893436362e-10
1.456103349006809822e-09
6.167379051902344145e-09
1.108903413538087079e-09
6.299127441877772071e-09
1.270212823811789349e-09
9.955638802239263896e-08
3.078622246022177933e-09
1.348267504586164733e-11
6.961253240511666718e-10
8.035564036390496767e-08
5.737355035506652712e-10
1.514486203113563079e-09
3.378993751468328810e-09
9.838586195742848872e-11
6.389507589688037115e-09
7.896342246738186077e-09
8.770107418065720140e-10
2.845126578776557835e-09
1.664230353526363615e-06
8.837552201157450327e-08
2.263436105209848392e-09
8.824005526264500077e-09
3.075695431675740110e-08
2.131982910213992000e-07
6.504742344759506523e-08
1.254334983968874440e-05
5.954861535428790376e-06
7.904498033894924447e-08
4.968277949046751019e-07
8.848427341945352964e-07
9.445174327993299812e-06
3.424887484726468756e-09
5.174660145712550730e-06
3.745304155700068804e-08
1.553424411326886911e-08
2.730543968709753244e-08
1.161988372189171059e-08
3.579207032089470886e-06
1.457238912871972047e-10
3.753970467812450806e-09
2.630089035449145740e-08
6.620116619160398841e-05
1.252058297041003243e-07
1.000535654327450175e-08
5.501852911038440652e-07
5.445101702861165904e-09
2.364986499969745637e-07
5.634379718344462162e-08
2.572222911112476140e-06
1.466808008387943119e-08
7.186921635593535029e-08
1.101298496841707220e-09
7.997201123544073198e-08
3.344791252857248764e-07
2.477946559054089448e-08
1.213514497067080811e-05
1.152065891574238776e-07
2.679580647964030504e-04
4.276235188171995105e-08
2.193526604798989865e-08
3.936095538392692106e-08
9.975972936615562503e-09
8.424010957241989672e-06
1.930079873702084114e-09
2.576741735538234934e-07
2.372626477153971791e-05
3.606230336572480155e-08
3.080599242366588442e-07
5.159524221198807936e-07
1.210888585774227977e-04
1.106059244193602353e-07
1.751278588812965609e-08
9.807041845277808534e-10
7.913975537121586967e-07
6.988296945564798079e-07
2.535880838649973157e-09
3.586172283576161135e-07
1.390216830543522519e-08
1.540492746698873816e-07
2.361188933264202205e-07
3.452775417827069759e-04
1.549322226068738928e-09
2.652574551120778779e-07
4.000391129466152051e-08
2.408882204818496575e-09
5.772416766802734855e-09
2.634688200942036929e-08
9.398195111032237037e-09
4.732901288662105799e-06
2.115815522785169378e-09
9.376713450137685868e-08
5.334887873686966486e-07
1.365249318041605875e-06
2.814480204449409939e-09
2.275578170340963879e-09
1.300842455975725898e-07
3.676620281112263910e-06
8.913456639447758789e-09
1.277258888876531273e-06
1.560465356931217684e-08
1.053731125466583762e-06
4.680302367887634318e-09
2.354585681985099654e-08
1.284567588299978524e-06
4.251745849614962935e-05
2.258873088578638999e-09
5.201404196242265243e-09
9.950433366157085402e-09
1.813348120549562736e-07
5.084069698568782769e-07
1.044793229709739535e-08
3.606376424158952432e-07
8.445031340897912742e-09
1.152365882717276691e-07
2.176687075916561298e-06
5.965584364275855478e-07
9.521082589003526664e-09
3.102027449131128378e-06
9.436414075025822967e-06
2.011181621242030815e-08
4.804341813269275008e-09
8.767607795334697585e-08
1.454535691891578608e-08
5.177204442929905781e-09
8.806418705376017897e-09
8.558981967610179709e-09
1.686534147893326008e-07
1.701154843658514437e-07
1.879173971985892422e-08
3.227981215658815017e-09
1.586353278071328532e-06
5.338106490171412588e-08
2.748737681912416519e-09
4.563227662401914131e-07
8.391920403028052533e-08
2.481725580594229541e-08
7.060570794692466734e-09
3.132463025394827127e-04
4.790725594006062238e-09
2.367846946071949787e-06
6.209848635307935183e-09
2.232262596990608472e-09
5.688316306873275607e-08
1.023484514917072374e-06
4.542269671503618156e-09
2.519060217309743166e-06
1.021599587147647981e-06
1.407393881436291849e-07
3.772145618086142349e-08
7.591206241386316833e-08
2.944891619449663267e-08
7.337884078140177735e-09
4.251400866905896692e-07
9.342767670617035947e-10
2.308929225591782597e-08
9.765598052435819909e-11
8.252748375525698066e-05
4.600941792887169868e-06
2.844340269803069532e-05
5.880615105979813961e-08
1.624960077606374398e-07
3.128618919490122607e-09
3.972454365452904312e-09
4.675814402332889586e-09
1.439757646437556105e-08
1.362720581710163970e-06
6.421667819722642889e-08
2.061276127562905458e-08
3.487718061023770133e-07
8.489218217277993972e-09
8.446762733704815673e-11
1.496736290462763463e-09
6.724816703496117043e-09
7.861114681873004884e-06
3.742685237284604227e-07
1.893750862791421241e-07
8.523537076143838931e-08
2.166233462048694491e-04
4.289837107762650703e-08
9.659297717234949232e-08
4.166652856074648525e-10
4.326972558033048699e-08
1.413968675478827208e-05
1.316021736030847933e-09
4.173099199533680803e-08
3.237239241116185440e-07
1.676857763754924235e-08
9.526432420692287906e-11
2.324376779938575055e-08
8.426552540186094120e-07
1.359074275342209148e-07
9.103308002522680908e-06
1.502374580297782813e-08
2.317665526163636969e-08
3.835701534171676030e-08
8.000451089174021035e-06
3.001292441240366315e-07
5.222491950007679407e-08
3.867450004690908827e-07
8.467504386544533190e-08
3.383782996024820022e-07
3.151575445059506819e-09
4.238329154304665281e-07
5.074533859783514345e-08
1.025234208640313227e-08
9.531589739708579145e-08
1.226405288434762042e-07
2.772919671656381979e-08
7.106416433089179918e-08
6.513010220032811048e-08
2.606984672581802442e-08
4.893712457487708889e-08
7.778885313669547941e-10
2.043995195322168001e-08
1.231435362569754943e-07
3.906120227270548639e-08
2.034084678470549079e-09
4.913113804683177932e-10
2.479307958935805800e-08
1.572432068996931775e-07
8.671133144844134222e-08
7.145720459789117740e-09
2.490899987606098875e-06
6.036791546648601070e-07
8.549355889897469751e-09
1.096833912583861093e-08
9.621268226567281090e-09
9.261843514352108286e-10
4.869095704407300218e-08
2.770546103647575364e-08
1.276727168431079917e-09
6.892765469501682674e-09
8.727784575057739858e-07
9.402874923125636997e-09
1.155491204940517491e-07
4.064434833139785042e-08
5.192701451051107142e-07
2.455894332342722919e-07
2.216726358028608956e-08
4.236421489167696564e-07
2.048284208910899906e-08
1.303545928976745927e-07
8.051188604696335460e-10
1.561167084496162261e-09
1.709692583062860649e-06
3.622729707331018290e-07
7.726458761680987664e-08
2.425320246857154416e-07
2.826996251314994879e-06
7.553674352678285686e-10
1.176685637815921837e-09
3.200171079242863925e-07
3.628958467061238480e-08
2.548171895710993340e-09
6.205858493757432370e-09
3.974381002080917824e-08
1.286042028425526951e-08
9.423514484296902083e-07
1.457476173527538776e-05
2.714506535994587466e-06
3.765135314637291231e-09
2.724519809760295175e-08
6.384041029150466784e-08
1.386401038416806841e-08
2.373366498886753106e-07
4.031197775589134835e-08
2.452533408359158784e-05
5.252948742651142311e-09
7.158089829317759722e-06
6.030329124939726171e-09
3.290448358228559300e-09
1.409422196729792631e-07
4.282054888449238206e-08
3.424371453064622983e-09
2.562407189543591812e-06
2.277365069858205970e-07
3.107337533947429620e-07
2.728520485106855631e-07
7.624271880501964915e-09
1.625553580630878514e-09
3.744676068890839815e-04
1.681777561657327169e-08
8.429072551052740891e-08
1.678120861470233649e-05
1.439965853933244944e-05
2.907494945247890428e-06
5.556133331197088410e-08
6.335544355806632666e-08
8.284724754048511386e-05
3.485350230647554781e-09
4.898337806480412837e-07
1.420086960024491418e-06
2.254553805869363714e-07
7.582125483018842260e-10
3.622476985043476816e-09
1.096030018743476830e-06
2.441077340264996565e-10
6.518857120774157465e-10
1.848157467065902893e-07
5.555579551952405382e-09
2.949518140837881219e-08
6.930525131565445918e-08
5.783391316072084010e-06
9.196123329502370325e-08
6.404283681149536278e-07
1.125820547898115365e-09
1.724995035701226698e-09
2.429174195128780411e-09
9.384031727677211165e-06
1.345800448859790777e-08
8.517397986906871665e-07
3.188783352925383952e-07
2.553680822359183367e-08
1.295799307854395011e-07
4.551065302393908496e-08
7.443346135005413089e-07
4.892604579254111741e-07
1.581612281142952270e-07
5.769126801169477403e-05
1.828905880074671586e-07
1.125267257151563172e-08
6.983666480664396659e-07
2.310931904503377154e-06
2.230789050372550264e-06
3.823908173217205331e-06
1.513796910046494304e-08
7.704268209636211395e-04
9.614582268113736063e-07
1.197310893985559233e-06
3.170680940023373751e-10
6.923961404226020022e-11
1.385508994644624181e-06
1.048742888087872416e-07
7.011929028521990404e-07
3.649793245408261555e-10
4.105109585594846067e-09
9.723677794681861997e-05
2.398770391209836816e-07
3.133269729005405679e-06
8.599362333328031127e-10
2.740194737782530865e-09
1.347940337126374288e-08
6.262099727649683700e-09
6.486953907369752415e-07
1.620367129362421110e-07
3.696976058620293770e-09
1.287590745135958059e-08
7.213905337266623974e-05
4.823169206247257534e-07
1.470740613740417757e-07
1.431480001201634877e-08
4.519672813785291510e-08
3.038744256222969398e-11
2.003481495194137096e-05
1.077530864534992361e-08
2.469989768272284891e-09
2.489844064257340506e-07
2.806515908559958916e-08
1.410361437592655420e-04
2.574476809513726039e-07
1.732430519041372463e-07
8.440781407159647642e-09
3.198587394948049223e-09
7.351129625021712855e-07
1.083351151009992464e-07
8.946020813027644181e-09
2.492921957752969320e-08
3.745439869362598984e-08
7.474333929557985812e-10
1.956999673424775210e-09
8.283696395494644094e-09
9.886947083259656210e-08
1.502214104220911395e-06
8.926590133739864541e-09
1.639029001410108322e-08
7.093984777384321205e-08
5.482694831471235375e-08
1.968601827684324235e-05
1.416941699972085189e-06
1.344801745517543168e-07
5.307968422130215913e-06
7.572417359824612504e-09
9.891018271446228027e-05
2.405898769097802870e-08
3.847466985007486073e-07
6.191213941519890795e-08
1.494439905158628790e-09
3.941593273992793911e-09
4.924299634723183772e-09
1.734243966211579391e-07
8.718458843759435695e-09
2.702894789763377048e-06
3.143765070490189828e-07
1.298250840164882902e-09
3.846280449693040282e-08
2.428208608762361109e-05
6.605513647173211211e-08
1.426241236224257136e-09
2.355808845777573879e-07
3.201369509042706341e-06
1.008761591947404668e-05
7.204603207355830818e-07
9.384608574691810645e-07
5.666731084374987404e-09
5.515356349405919900e-08
3.047783692089467422e-10
5.146256398802506737e-07
1.987139341963484185e-09
1.394401465404371265e-07
5.880789558432297781e-06
1.351255218828839588e-09
2.434824182273587212e-07
1.922277533594751731e-06
4.142203735568728007e-08
2.198365223193832207e-07
1.734329271130263805e-04
1.169183860838529654e-06
2.304854795909250242e-08
1.058410745713445067e-07
1.997582330659497529e-05
2.496390649753266189e-08
8.071812089838203974e-07
6.978526698731002398e-07
8.794106634013587609e-07
9.046663507206176291e-08
4.102998119037692959e-08
9.071354867273839773e-08
4.461884964257478714e-05
1.367398017038112812e-08
3.619572697122208638e-11
5.818736426022041996e-08
1.382396135340968613e-07
4.893654477200470865e-07
1.625128809301656929e-09
2.333049451408442110e-06
9.078169327381147014e-09
9.010404644627101334e-10
2.086449057969730347e-08
1.313528628088533878e-06
1.482557081544655375e-07
1.345613132031076020e-08
9.387418913320288993e-07
6.601931090699508786e-06
1.069008437326601779e-09
8.837417908580391668e-08
3.765331157978835108e-08
2.008413879650561285e-08
5.819044357480152030e-09
2.733069770499696460e-09
5.262348622636636719e-06
2.978599233927070600e-08
7.362481824202404823e-07
2.596000558696687222e-05
6.504457417122466723e-08
3.090968192509535584e-08
1.116850762628018856e-05
2.064650516331312247e-06
2.515213282094919123e-07
1.353782863589003682e-06
2.680658539588876010e-08
2.230366789035542752e-07
1.579537389773122413e-08
4.436373728822218254e-06
9.687634883448481560e-05
5.856354164279764518e-06
2.141966888302704319e-07
1.751747191747199395e-07
3.803349954978330061e-07
2.086655115363100776e-07
3.747010257626470775e-09
2.327938508628335512e-09
7.168942488533502910e-07
1.120804924426010984e-07
1.312422909904853441e-06
1.544728789326654805e-08
3.474120324753471323e-09
4.753099247523095983e-09
5.001683955896396583e-09
4.945718501403462142e-07
5.147311465947268516e-09
5.855301310475624632e-07
4.509683648734608141e-08
5.269800951168690517e-08
1.380207436341152061e-06
2.684917603801295627e-07
1.992108735748843173e-07
9.371563436388896662e-08
8.810455653929238906e-08
1.780214091695597745e-07
1.415979777874554202e-08
9.462570460527786054e-07
1.762693682394456118e-05
2.236958835055702366e-06
2.274531652801670134e-06
5.248577963357092813e-07
2.366616236315621791e-08
1.615841210877988487e-05
1.869507997298569535e-07
2.603306459292298314e-09
3.143726132748270174e-07
5.232340640759503003e-07
8.070092150092023076e-08
2.438561885753642855e-08
9.802278100323746912e-07
4.495335872434225166e-07
3.023484573816404009e-09
1.081639524613819958e-07
1.253499135600577574e-07
2.936174192669227523e-09
4.051400637195001764e-08
4.353849362814798951e-06
2.559007727942486099e-10
8.996490805657231249e-07
1.640514980805196643e-11
2.697262004858202999e-07
1.017193618224609963e-08
3.250938505061640171e-07
1.027009730591998959e-07
1.760132022354810033e-07
2.508503627041136497e-09
2.144121111768981791e-07
1.006657246449549348e-08
1.474004562851405353e-08
2.490797434973046620e-08
3.356495881234877743e-07
5.963627813798666466e-07
1.928314397048325191e-08
5.795164348398884613e-09
6.334813229535996015e-10
3.210871846182072886e-10
8.705310361456497503e-10
8.355488745337424916e-08
1.910549599415389821e-06
4.366640496300533414e-06
6.982741069805342704e-07
2.122849991792463697e-06
5.796068762720096856e-06
1.590089055980570265e-07
9.208607139044033829e-07
4.303078458178788424e-05
6.080104867578484118e-06
1.062010824171011336e-06
7.286420800056703229e-09
1.969808138824191701e-08
1.615505063057298685e-09
9.885141316612333640e-11
4.930779395895257267e-11
2.123974773837744578e-09
5.650022116832076335e-10
8.708636478615972010e-09
5.762700316935820410e-10
5.428497096282569601e-10
2.506590268680497502e-09
3.505115087065746593e-10
1.647126879333882243e-08
1.575582025958865984e-10
3.176523932779673487e-07
3.173918350363180707e-10
1.668558402556641340e-09
6.921218043132171260e-10
4.254755214816441367e-09
1.489241285845821494e-09
3.126238601325326272e-09
2.278788047149760132e-09
4.291455635296870241e-09
4.478495074788924057e-10
1.148548918195047008e-07
5.092709587373178692e-10
2.888378247689615819e-08
1.041434760651327451e-08
1.728123777411383344e-07
1.244788450094347354e-07
6.323468415558863853e-09
3.958114724866845791e-09
2.086705990222981200e-06
1.220380863031778063e-08
3.595824438207273488e-08
7.391065093287352283e-09
6.875489333424411598e-08
4.274341325327668528e-09
3.950782812012221257e-09
1.048020514815561910e-08
1.412840955339333959e-10
1.544134264896968034e-11
6.374167305089883939e-10
4.792660712737983886e-10
2.033651114174972463e-08
1.002502178493180907e-10
7.068862117876051343e-08
1.049710984801777158e-08
1.603331620572134852e-04
6.924064166469179327e-08
3.942597322748042643e-05
2.013585617532953620e-05
3.941177510569104925e-06
5.715732462704181671e-03
7.302404846996068954e-04
2.934682648628950119e-03
9.861670136451721191e-01
1.873772271210327744e-05
4.455211183085339144e-06
5.882493381292874801e-10
7.830007753284462524e-09
1.096545165779616582e-08
1.010601593520732422e-07
3.684862193154003762e-08
1.125971405002701431e-08
6.761256088338996051e-08
8.988301658519048942e-09
3.556834116125173750e-08
2.070505473739103763e-07
1.282577710703947105e-09
1.012604791683635597e-10
1.181800213245765008e-09
1.406332494902073904e-09
1.896741963491876959e-07
3.157851313773107904e-09
1.571898861074672027e-10
1.963729943099679076e-07
2.036173007979868999e-09
