7.130263111321255565e-05
1.374236217088764533e-05
3.910726227331906557e-04
7.845836807973682880e-04
1.001503504812717438e-02
4.778901347890496254e-04
1.929607358761131763e-03
6.796896195737645030e-05
9.527739166514948010e-06
2.904507709899917245e-06
3.903910510416608304e-07
1.505762725173553918e-06
2.372990138610475697e-06
2.676802921541820979e-07
4.046501089760567993e-08
3.480680845768802101e-07
6.514160759252263233e-06
6.282639475330142886e-08
5.568555252466467209e-07
5.302575445398360898e-08
3.963190010836115107e-06
9.784501744434237480e-04
6.848693010397255421e-04
8.053084457060322165e-05
3.087537834289832972e-07
4.188576099295460153e-07
3.341818455737666227e-06
1.012994403026823420e-06
5.370199218646121153e-08
1.125044263972085901e-06
1.418989313606289215e-06
9.968266567739192396e-08
2.974061317218001932e-06
4.965418018400669098e-03
1.210564398206770420e-03
1.507053730165353045e-05
1.156522284873062745e-05
4.697962197042215848e-07
3.257232492615003139e-07
9.846652346823248081e-07
2.426603273875116429e-08
5.103876219436642714e-07
3.591148924897424877e-07
1.835911120906530414e-06
8.959610653391791857e-08
1.253924892807845026e-07
5.639404498936073651e-09
2.904974394368764479e-07
1.727734343148767948e-06
2.013359153352212161e-05
1.622376771592826117e-06
1.221643401549954433e-06
2.470305844326503575e-07
4.816010346075927373e-08
3.518236724175949348e-08
3.008664961612339539e-08
1.056080876082887698e-07
2.879427825064340141e-07
6.003533781040459871e-05
5.750798592885075777e-08
9.604466413293266669e-07
1.242743650209376938e-07
1.486330916122824419e-06
1.065394553734222427e-05
3.329213598135538632e-07
4.379600795800797641e-05
6.335977786875446327e-07
6.853418881291872822e-07
1.961869742217459134e-07
8.215170765879520332e-08
7.299059134879826161e-09
5.447606099551194347e-07
1.103708626715160790e-07
7.501518552999186795e-07
1.360874506417530938e-07
1.372007290001420188e-07
1.093221442260983167e-07
4.996076086172251962e-08
1.242858161276672035e-06
3.011350599990691990e-07
1.430262545909499750e-05
6.303243026195559651e-06
2.600638254079967737e-06
1.410005206707865000e-04
4.362272534308431204e-07
1.007652599582797848e-06
1.232335580425569788e-05
1.581407377670984715e-05
1.047073146764887497e-05
5.101516580907627940e-05
5.854344209410555777e-08
1.692285422905115411e-06
2.246107396786101162e-05
5.381455139286117628e-07
1.149711238213058095e-06
1.848929173320357222e-06
1.693220156084862538e-06
4.712609370471909642e-05
9.304007107857614756e-05
1.815855066524818540e-04
4.446991442819125950e-05
3.310038300696760416e-05
1.022861056299007032e-06
2.471110519763897173e-06
1.524469462310662493e-05
1.780536962314727134e-07
3.595576458792493213e-07
5.816335942654404789e-06
6.527901632580324076e-07
2.478299165886710398e-06
5.143430712450935971e-07
7.595885875844032853e-08
5.741240238421596587e-05
1.170460222965630237e-06
5.083318797005631495e-07
8.549586141270992812e-07
3.839006623707064136e-08
1.192741024169663433e-06
1.039909693645313382e-04
1.978983164008241147e-05
4.327054193709045649e-05
2.709578438953030854e-05
9.258379577659070492e-05
7.373286734946304932e-06
3.815273885265924037e-05
3.435004146012943238e-06
1.172091060652746819e-06
1.270131324417889118e-04
9.081674506887793541e-04
1.121233362937346101e-04
6.444175232900306582e-05
9.438701454200781882e-06
1.028479673550464213e-04
1.161698378382425290e-06
9.921795026457402855e-06
4.186334081168752164e-06
2.344799395359586924e-05
2.748788392636924982e-05
6.377379122568527237e-06
7.097778870956972241e-05
5.256004442344419658e-06
1.410239201504737139e-04
4.250151050655404106e-06
1.003401630441658199e-04
2.813688293099403381e-02
5.342816584743559361e-04
1.568320672959089279e-03
1.162440967164002359e-04
9.391585626872256398e-05
4.221411654725670815e-05
1.076705940067768097e-02
1.633859756111633033e-05
3.703277343447552994e-06
1.652663559070788324e-05
3.551084830633044476e-07
4.032340712001314387e-06
1.403188798576593399e-05
2.496923480066470802e-05
2.860072299881721847e-06
1.821524165279697627e-05
8.633861398266162723e-06
1.940812580869533122e-06
9.348692060484609101e-07
2.335339377168565989e-05
1.570949734741589054e-07
6.737766398146050051e-07
6.098950507293920964e-06
1.933941348397638649e-06
4.431908564583864063e-06
5.178040373721159995e-05
6.134276645752834156e-06
1.896525463962461799e-05
4.087494289706228301e-06
2.107183172483928502e-05
8.745512786845210940e-06
4.247503113674611086e-07
1.453918912375229411e-06
1.048126705427421257e-06
8.354199962923303246e-06
1.354376490780850872e-05
1.687638928160595242e-06
2.853868181773577817e-06
2.435290298308245838e-06
9.809891707845963538e-07
5.475872058013919741e-06
5.603958925348706543e-06
3.948123321606544778e-06
1.532120450065121986e-06
3.133400241495110095e-05
2.243042899863212369e-06
1.545207305753137916e-05
2.401142046437598765e-05
1.839242486312286928e-06
2.820248482748866081e-06
1.715719122330483515e-07
4.726005954580614343e-06
3.167771410517161712e-06
6.050536285329144448e-06
3.292051587777677923e-06
1.516861630079802126e-05
9.007816856865247246e-07
2.993057819367095362e-07
2.843492893589427695e-06
4.907802795059978962e-04
4.247277956892503425e-06
2.041847619693726301e-05
5.425915787782287225e-06
3.309304247522959486e-06
5.071951363788684830e-06
4.359074591775424778e-05
5.406713535194285214e-05
8.478531526634469628e-05
6.861675956315593794e-06
3.285687625975697301e-06
1.827913138185977004e-06
2.298488834640011191e-05
2.892915290431119502e-05
5.916846930631436408e-05
1.680579407548066229e-05
4.294539337479363894e-07
1.322240586887346581e-05
7.568069122498854995e-06
8.224220800912007689e-05
3.569375621736980975e-05
9.935580237652175128e-06
6.611641310882987455e-06
8.981353971648786683e-07
9.458936983719468117e-05
1.769920527294743806e-05
5.610989173874258995e-04
1.382727987220278010e-06
1.723849345580674708e-05
8.968626161731663160e-07
5.062735908722970635e-06
3.343941671118955128e-06
4.867111783823929727e-05
2.459807001287117600e-05
1.116358907893300056e-05
2.568674972280859947e-05
4.845217972615500912e-06
7.735436611255863681e-07
1.012167786029749550e-06
3.350350016262382269e-05
1.806398472581349779e-06
1.641413291508797556e-06
2.986594154208432883e-05
4.194588473183102906e-05
4.259276920492993668e-06
3.847640618914738297e-05
3.057337744394317269e-05
3.104198549408465624e-05
2.244189772682148032e-06
6.249488819776161108e-07
8.371754120162222534e-06
7.374397682724520564e-06
8.953439873948809691e-07
7.565005944343283772e-05
2.674772113095968962e-04
6.761415861546993256e-04
9.279307050746865571e-06
1.195443360302306246e-06
3.762079813895979896e-06
5.703919214283814654e-06
1.150493289969745092e-06
3.818914410658180714e-05
1.447578029001306277e-06
2.575659891590476036e-06
6.354982360790017992e-06
6.526429388031829149e-06
4.491672598305740394e-07
1.554217419652559329e-06
1.076119602316794044e-07
5.426989559964567889e-07
1.268458981940057129e-05
1.075281943485606462e-06
1.973225636220377055e-07
2.717952156672254205e-06
1.377275452796311583e-06
1.117794301563890258e-08
7.095782166288699955e-07
6.468316655627859291e-07
2.133631824108306319e-06
5.015732540414319374e-07
6.543543349835090339e-06
1.302107989431533497e-06
4.545173624137532897e-07
4.828629940334394632e-08
2.222498380888282554e-07
1.010446624150063144e-07
3.759264188829547493e-08
3.956943217531261325e-08
2.791197850626758736e-08
4.838381073568598367e-07
2.890034700442356552e-08
1.219044520439638291e-06
8.217505609309228021e-08
2.027036134677473456e-05
1.440125174667628016e-07
1.651855995987716597e-06
5.035669346398208290e-06
3.127198056063207332e-08
4.227291228176000004e-08
6.106897671998012811e-07
2.032758459336037049e-07
3.972323980860892334e-08
1.007830832122635911e-07
3.211927719348750543e-07
1.092930546064962982e-07
1.214241507341284887e-07
3.162469397466338705e-07
2.353002201971321483e-07
1.993256972809831495e-07
1.561486016044000280e-07
3.438461604332587740e-08
6.644941095146350563e-06
6.256224338585525402e-08
2.505705332112029282e-08
8.318511390825733542e-08
1.676645133841248025e-08
4.632724426301138010e-07
1.481572269312891876e-07
2.957473839160229545e-07
4.789940248883794993e-07
1.270508533934844309e-07
3.850360315027501201e-07
3.771043850520072738e-07
7.560847592458230793e-08
2.650869428180158138e-04
5.763559329352574423e-06
9.342346061202988494e-07
5.827770905852958094e-07
6.204925284691853449e-07
2.877735596484853886e-06
1.260539050917941495e-08
3.081165232288185507e-06
1.130990554543132021e-07
1.353684240257280180e-07
2.305760244780685753e-05
3.024757404546107864e-07
1.282444515027236775e-07
2.298809704370796680e-06
1.262411751667968929e-05
1.916552037073415704e-06
1.469355083827394992e-06
7.184737114585004747e-06
2.469985629431903362e-04
1.510201720520853996e-03
8.230948878917843103e-06
2.556366780481766909e-06
1.533792186592108919e-07
3.088465234668547055e-07
7.965807640175626148e-07
2.315966867172392085e-06
4.340759289789275499e-07
1.993227633647620678e-04
1.440016203559935093e-04
3.305797008579247631e-06
4.587049261317588389e-06
1.496937329648062587e-06
6.276773660829348955e-07
5.616200724034570158e-06
4.722191420114540961e-07
1.740153692253443296e-07
1.190413240692578256e-05
1.635764192542410456e-06
5.103983653498289641e-07
1.196828147698170142e-08
6.817429039074340835e-07
1.322644482826262902e-08
9.099446174332115334e-08
5.101160809317661915e-07
4.732294200948672369e-07
2.084750121866818517e-05
3.047752443308127113e-06
6.054079676687251776e-06
1.992953912122175097e-06
5.580394599746796302e-07
3.867306759275379591e-07
5.951867478870553896e-07
9.693573588265280705e-08
7.093383828760124743e-06
2.106214793684557662e-07
5.045415036875056103e-07
1.028959331961232238e-06
5.803821068184333853e-07
6.580675835721194744e-05
3.442060915403999388e-06
9.829678404571495776e-09
1.035603034438281611e-07
1.133457408286631107e-03
5.646015779348090291e-06
6.047830102033913136e-04
3.205698931196820922e-06
1.557500297622027574e-07
9.070227970369160175e-04
1.835743081755936146e-03
1.146073486779641826e-06
1.621163573872763664e-05
1.204849240821204148e-06
8.574887033319100738e-06
3.586340255878894823e-07
1.986085408134385943e-06
5.197978794058144558e-07
6.496655987575650215e-05
1.530997251393273473e-04
2.301349071785807610e-03
4.782624091603793204e-05
1.414992675563553348e-05
3.229304566048085690e-04
3.849202130368212238e-06
1.471236828365363181e-06
3.666353052267368184e-07
1.217715471284464002e-04
1.094508661481086165e-05
6.876080988149624318e-06
8.001913442967634182e-07
6.557824690389679745e-06
2.336472243769094348e-04
3.838010798062896356e-08
1.206494630423549097e-06
3.737016641025547870e-06
7.506195288442540914e-06
3.655971086118370295e-04
1.035846040053911565e-07
7.699204047639796045e-07
6.203931093295977917e-07
3.334688472023117356e-07
9.167032112600281835e-05
2.380598307354375720e-04
1.670906840445240960e-06
4.986898147762985900e-06
3.730281434854987310e-07
8.657723810756579041e-06
7.197105151135474443e-05
1.612632331671193242e-06
1.670375604589935392e-05
1.039403559843776748e-05
7.994979969225823879e-04
1.398866970703238621e-06
2.679342969713616185e-06
2.380914793320698664e-06
1.478608851357421372e-06
2.985551873280201107e-05
1.029779127748042811e-06
2.847043833753559738e-05
1.278919226024299860e-04
6.148546844997326843e-07
6.085894710849970579e-06
5.285754696160438471e-07
1.066276920028030872e-03
1.538062933832406998e-04
9.935424714058171958e-07
1.241427185050270054e-06
2.868729097826872021e-06
3.606958216550992802e-07
2.020724565454656840e-07
2.762815856840461493e-04
2.700606091821100563e-05
1.548672656781491241e-07
6.559901066793827340e-06
2.391003305092453957e-03
2.827677599270828068e-05
8.565557072870433331e-05
2.910166804213076830e-04
4.457013602632287075e-08
9.709793630463536829e-06
4.501353032537735999e-06
3.725583610503235832e-06
2.957576953122043051e-06
1.445290399715304375e-05
1.535138471808750182e-05
6.812126230215653777e-05
1.485606189817190170e-03
7.055934929667273536e-07
1.252337824553251266e-07
1.058677867149526719e-06
8.072961645666509867e-05
6.865338377792795654e-07
2.297773107784450985e-06
9.524100050839479081e-07
1.776058161340188235e-05
4.303563230223517166e-07
1.773693583118074457e-07
8.619464097137097269e-06
2.621089515741914511e-04
1.252436874210616224e-07
3.743799652511370368e-07
1.711729964881669730e-05
5.490998228196986020e-05
7.460018878191476688e-07
4.600783995556412265e-06
5.426929874374764040e-06
4.787450052390340716e-06
1.891777287710283417e-06
2.570739525253884494e-06
3.222233431188215036e-07
2.916719665790878935e-07
6.878560270706657320e-06
1.167414120573084801e-05
1.182340656669111922e-05
2.149560259567806497e-06
1.029953054967336357e-04
5.377397087613644544e-07
2.632610289765580092e-07
8.258798800397926243e-08
1.118404270528117195e-06
1.801481630536727607e-06
9.681978241360411630e-08
4.871462806477211416e-07
3.354716966441628756e-07
2.444261044729501009e-04
7.764779184071812779e-07
1.260345698028686456e-06
1.862537828856147826e-05
3.709038537635933608e-06
1.729982432152610272e-05
2.245000177936162800e-05
9.762803092598915100e-04
7.157825166359543800e-06
2.364351757933036424e-06
1.765639012774045113e-06
3.159977168820660154e-08
1.500383950769901276e-05
2.395499468548223376e-04
9.521117135591339320e-06
9.047092753462493420e-04
7.407624707411741838e-06
1.306987428506545257e-06
1.257173352087193052e-07
6.197187303769169375e-06
4.305603340526431566e-07
1.081849063666595612e-07
4.333074684836901724e-05
8.257555350610346068e-08
9.817304089665412903e-07
1.469338997139857383e-07
2.514288353268057108e-04
6.116888835094869137e-05
4.798459121957421303e-05
4.203911316835728940e-07
3.166102978866547346e-04
1.150672869698610157e-05
2.965041176139493473e-06
3.224077954655513167e-05
1.899331891763722524e-06
2.551433499320410192e-05
2.052750915026990697e-06
7.319255956872439128e-08
3.651921815617242828e-06
1.703475845715729520e-06
5.931705349127014415e-09
9.356673658089675882e-09
1.827135861276474316e-06
3.145674327242886648e-06
1.218248624354600906e-03
4.844333307119086385e-05
1.052225525199901313e-05
2.133486559614539146e-04
7.314783943002112210e-06
3.663693132693879306e-05
1.808624716659323894e-07
3.272632966400124133e-05
3.918319271178916097e-05
2.549042505961551797e-07
6.794857654313091189e-06
2.918907000548642827e-07
1.194375613522424828e-06
1.143710193218794302e-07
9.318121556134428829e-06
1.169044640846550465e-03
1.638373760215472430e-05
4.482410076889209449e-06
1.424867832611198537e-06
1.127284212998347357e-05
5.509096808964386582e-06
7.984742296684999019e-06
1.921135117299854755e-05
5.780378705821931362e-05
9.734330524224787951e-05
3.396978718228638172e-05
9.966474863176699728e-07
2.719417125263134949e-06
2.191733983636368066e-05
1.124248592532239854e-04
1.234851424669614062e-06
2.568432080352067715e-07
1.260958197235595435e-05
6.112039500294486061e-06
2.463082637405022979e-06
5.779799039373756386e-07
5.936923344052047469e-07
2.908249598476686515e-06
2.109202590361292096e-08
2.539901515774545260e-07
1.510437869001179934e-05
1.978182990569621325e-05
5.220262210059445351e-06
2.748934946339431917e-07
1.256182349607115611e-05
1.456185032111534383e-06
1.185130677185952663e-04
8.066442387644201517e-05
1.459721534047275782e-05
2.977956501126755029e-05
1.096475443773670122e-06
1.162049017011668184e-07
2.179300281568430364e-06
1.678511551972405869e-07
3.125026341876946390e-05
2.043865788436960429e-05
2.603832399472594261e-06
8.934372999647166580e-06
1.206304877996444702e-04
3.414134880586061627e-06
6.572174697794253007e-06
2.952819841084419750e-06
3.214511161786504090e-05
5.544154191738925874e-05
7.025263926152547356e-07
6.373205110321578104e-07
1.215040356328245252e-06
8.166610996340750717e-07
1.042418276142598188e-07
6.582890819117892534e-07
1.039994458551518619e-05
2.369230845943093300e-03
6.913537617947440594e-07
2.152494926122017205e-05
2.629150694701820612e-04
7.488456077453520265e-08
9.333671755484829191e-07
1.376254488150152611e-07
6.020553428243147209e-06
5.948033887648307427e-08
6.523573119920911267e-06
3.071839455515146255e-05
2.351009470658027567e-06
1.645886186452116817e-05
1.611377956578508019e-04
4.502871161093935370e-05
5.816626753585296683e-07
1.531324301140557509e-06
3.691141273520770483e-06
3.038970135094132274e-06
9.945321153281838633e-07
1.293670211452990770e-04
5.096836248412728310e-04
1.681709704826062080e-07
4.049198025768419029e-07
4.812659426534082741e-06
1.209604505447714473e-07
2.192452029703417793e-06
3.274187474744394422e-05
9.204096568282693624e-05
1.918651541927829385e-04
1.031744091051223222e-06
2.497192508599255234e-05
1.078210189007222652e-03
1.790093762110700482e-07
5.261852464855110156e-08
4.391700713313184679e-05
1.227669940817577299e-06
2.873129858471656917e-07
5.887990027986234054e-06
1.442552311345934868e-04
2.878668965422548354e-06
6.608527201024116948e-06
7.048499810480279848e-06
6.037506682332605124e-05
3.280133569205645472e-06
4.576112587528768927e-06
1.981092282221652567e-05
2.287970564793795347e-04
3.581502028282557148e-08
2.770043465716298670e-05
2.507506724214181304e-05
2.946275685644650366e-07
2.869070840461063199e-06
1.644864642003085464e-05
2.401794461093231803e-07
2.686402240215102211e-06
3.542782451404491439e-06
1.330717532255221158e-05
1.734426973598601762e-06
3.459519348325557075e-06
1.036965855405469483e-07
2.507934482309792656e-07
1.667069966515555279e-07
2.172817175960517488e-06
4.914844339509727433e-06
1.062614843249320984e-03
5.068592940915550571e-07
1.876123064903367776e-06
4.170230240561068058e-04
3.211649163858965039e-05
1.854430024650355335e-06
1.489456917624920607e-04
1.159987459686817601e-05
2.370102156419306993e-04
3.429802745813503861e-06
6.152327387098921463e-06
1.725097652524709702e-03
2.081553684547543526e-04
2.882365333789493889e-05
7.492195095437637065e-07
1.338813945039873943e-06
7.053617537167156115e-06
2.030062887570238672e-06
2.455965113767888397e-05
4.913604811918048654e-07
2.492915427865227684e-06
5.044122985964349937e-08
9.317148510490369517e-07
1.070139319381269161e-06
1.795907422774689621e-07
3.027757202289649285e-06
1.092679485736880451e-05
1.056486780726118013e-05
2.424018923193216324e-03
2.557954076110036112e-06
6.791488885937724262e-06
2.186950587201863527e-05
4.027050692911871010e-07
7.213552180473925546e-06
3.139184627798385918e-05
3.298039246146799996e-07
2.081222021388384746e-07
1.456356494600186124e-05
1.200693513965234160e-04
6.738527645211433992e-06
3.669858269859105349e-04
3.423631278565153480e-05
1.774761848594152980e-08
8.599061984568834305e-04
1.308647370024118572e-06
4.875379090663045645e-06
2.782037427095929161e-06
1.111033952838624828e-06
1.391260866512311623e-06
2.047452426268137060e-06
4.866381004831055179e-06
1.738236460369080305e-05
4.090057927896850742e-07
1.006684942694846541e-05
3.883039462380111217e-04
9.351803669233049732e-07
6.167776689380843891e-08
2.668738488864619285e-05
2.197957087446411606e-07
4.891137905360665172e-06
3.293213467259192839e-06
7.653778448002412915e-05
6.826899607403902337e-06
7.644965762665378861e-07
8.813784546646274976e-08
2.797445995383895934e-05
2.297971514053642750e-05
3.337393354740925133e-05
5.675126449204981327e-04
2.376693970518317656e-07
5.427458290796494111e-06
8.439019438810646534e-07
3.188537448295392096e-05
1.084956466002040543e-06
8.511126907251309603e-06
1.581277683726511896e-05
2.765826366157853045e-06
4.439351357632403960e-07
6.894236776133766398e-06
6.969076480345393065e-07
1.312941549258539453e-06
1.035773948387941346e-05
1.714117388473823667e-06
8.256016030827595387e-07
6.246090379136148840e-06
1.600134710315614939e-04
6.132433554739691317e-06
2.135955946869216859e-05
5.651663741446100175e-07
2.036796831816900522e-05
1.344145042821764946e-03
3.933072093786904588e-06
1.597817572474014014e-05
3.550649807948502712e-06
4.713844816706114216e-07
2.299054102650188725e-07
1.330210579908452928e-06
1.664308510953560472e-04
3.263283360865898430e-05
3.425567774684168398e-05
1.038990717461274471e-06
4.425330553203821182e-05
3.618550254032015800e-04
4.411438203533180058e-05
1.950843579834327102e-05
3.737250153790228069e-05
8.452708243567030877e-06
6.708088039886206388e-05
3.183524199812381994e-07
1.889533450594171882e-05
3.579289796107332222e-06
3.558908356353640556e-04
8.578825509175658226e-05
2.874271331165800802e-06
4.669663056233730458e-08
1.322115804214263335e-05
2.679125827853567898e-06
2.297693281434476376e-04
7.916355389170348644e-05
3.123424718864953320e-08
2.308458533661905676e-06
1.278978379559703171e-05
3.545400250004604459e-05
3.308277314317820128e-07
1.078731147572398186e-04
2.641996559304971015e-07
1.177431727228395175e-06
3.784666114370338619e-05
5.305822924128733575e-06
4.500750583247281611e-05
3.480682607914786786e-06
3.729289528564549983e-05
2.197140856878831983e-04
4.602451753044078941e-08
1.636048068576201331e-06
1.809428624710562872e-07
4.109697329113259912e-07
1.232164549946901388e-06
1.852630589382897597e-06
1.725343508951482363e-06
7.591869798488914967e-04
2.516725544410292059e-05
2.781291026622056961e-03
2.520866692066192627e-04
1.733515091473236680e-05
2.083730578306131065e-05
1.753104697854723781e-05
7.319030555663630366e-05
4.439768417796585709e-06
1.230798170581692830e-05
9.486245835432782769e-05
1.395455910824239254e-06
2.394445240497589111e-03
4.379525853437371552e-05
3.783902911891345866e-06
9.972684438253054395e-07
2.987918605867889710e-07
7.784698027535341680e-06
2.757136883246857906e-07
6.719580483149911743e-07
2.214606524830742273e-07
9.911122033372521400e-04
8.700142643647268414e-06
1.142276869359193370e-05
2.186070742027368397e-05
2.643890866238507442e-06
1.222873252118006349e-04
2.741038315434707329e-06
9.571119790052762255e-07
2.370086917835578788e-07
7.319448513953830115e-07
2.200857852585613728e-05
1.830311812227591872e-04
6.044192105036927387e-06
1.693283957138191909e-05
2.000978201976977289e-05
2.537565160309895873e-05
2.899029823311138898e-05
4.322121458244509995e-05
2.032759539360995404e-06
2.538710250519216061e-04
9.354967041872441769e-04
7.265692602231865749e-06
3.977620053774444386e-06
3.987920990766724572e-06
3.948060839320532978e-05
1.298308779951184988e-04
1.125543985835975036e-05
4.159436173267749837e-08
3.389093035366386175e-05
6.795230729039758444e-05
6.081859282858204097e-07
8.097940735751762986e-06
5.750379727942345198e-07
4.202600757707841694e-05
6.220252544153481722e-07
1.095809466278296895e-06
4.388533398014260456e-06
3.072083927690982819e-06
1.133721616497496143e-05
8.029241871554404497e-05
2.678301882497180486e-07
6.246346401894697919e-06
3.043543728153963457e-08
5.448357569548534229e-06
5.657035857439041138e-03
2.583685045465244912e-06
1.450145418857573532e-06
3.426129842409864068e-05
1.398508175043389201e-04
1.593964725543628447e-06
1.301167003475711681e-06
2.062112116618664004e-06
3.291200755484169349e-06
1.024669359139807057e-06
1.509256435383576900e-06
4.565524704958079383e-06
6.780535386496922001e-07
5.324771336745470762e-06
3.479990482446737587e-07
1.130885891598154558e-07
1.050914193001517560e-06
5.201589374337345362e-05
2.113080583512783051e-02
7.566478452645242214e-04
5.825437256135046482e-04
3.715295679285191000e-05
8.324494956468697637e-06
2.466317994276323589e-07
4.584650741890072823e-05
9.409421181771904230e-06
9.307813888881355524e-05
1.459739564779738430e-07
6.277471129578771070e-06
8.709298526810016483e-08
2.108300805048202164e-07
7.455636996667180938e-09
4.476192714264470851e-07
3.354742545980116120e-07
6.763360033801291138e-06
1.122041410894780711e-07
6.035010358118597651e-08
1.330722483317003935e-07
5.286186066655318427e-08
5.107269771542632952e-07
2.419804445707995910e-08
3.436868610151577741e-06
7.286428793662480530e-09
3.482332289195255726e-08
8.949892560394800967e-08
6.099006100157566834e-07
9.596532635214316542e-08
5.754178289407718694e-08
2.562640872838528594e-07
1.227995909403034602e-07
3.451511076946189860e-08
2.337157098963871249e-07
5.410473136180371512e-07
3.759022320082294755e-07
1.035235683843893639e-07
1.287649240566679509e-07
1.041127646317363542e-07
2.729793209255149122e-07
7.573206062261306215e-07
4.575292678055120632e-06
2.202428390774002764e-07
4.646998945645464119e-07
9.223695229820805253e-08
1.360780061077093706e-05
7.639845733820038731e-08
1.189923409583570901e-06
3.514689296935102902e-06
1.350644218689467380e-08
4.705524503378910595e-08
6.631083238062274177e-08
3.127149170722987037e-07
5.254568122836644761e-07
1.938384741606569150e-07
8.598269687354331836e-07
6.961696499274694361e-07
2.285713329911231995e-03
4.371778231870848686e-06
1.681677764281630516e-03
6.861191941425204277e-04
2.616217127069830894e-03
5.957481637597084045e-02
6.223991978913545609e-03
6.061229705810546875e-01
1.666984558105468750e-01
1.396824722178280354e-03
3.144821384921669960e-04
9.076980859390459955e-06
1.470732604502700269e-05
4.301023727748543024e-05
2.469070523147820495e-06
1.198545334091249970e-07
1.714018367238168139e-07
1.190312787002767436e-06
8.811772431727149524e-07
2.137389401468681172e-06
4.496618544180819299e-07
5.113117822475032881e-07
3.001601953656063415e-07
4.638573329884820851e-07
1.345991404377855361e-05
5.662510830006795004e-06
7.846304015401983634e-07
1.120164014878355374e-07
7.604953680129256099e-06
6.703489248138794210e-07
