2.961256250273436308e-04
1.252532001672079787e-05
4.935812830808572471e-05
1.480719856772338971e-05
2.312675351276993752e-04
3.771962947212159634e-04
3.537149750627577305e-04
5.339370909496210515e-05
4.918077593174530193e-06
2.203802523581543937e-06
4.566894858726300299e-06
1.618551323190331459e-04
6.594277238036738709e-06
4.152838755544507876e-06
5.791248440800700337e-06
2.758157506832503714e-06
3.513831325108185410e-05
1.089323450287338346e-05
1.379908212584268767e-06
4.017683295387541875e-06
2.274804273838526569e-06
7.062704412419407163e-07
2.508828401914797723e-05
6.952511171220976394e-07
4.144228000768634956e-07
5.030953161622164771e-06
6.296618721535196528e-06
3.954710336984135211e-05
7.829325454622448888e-07
1.376770569549989887e-06
1.662272552493959665e-04
1.087658965843729675e-04
2.811014019243884832e-05
2.021913242060691118e-04
7.743293826933950186e-05
4.810137852473417297e-06
4.880956839770078659e-05
1.271858636755496264e-04
7.080937393766362220e-06
1.448186521884053946e-04
6.452215893659740686e-05
7.220335191959748045e-06
5.742916073359083384e-06
2.977588883368298411e-05
1.457445068808738142e-05
6.704876795993186533e-06
4.236400491208769381e-05
7.525422915932722390e-06
2.540299028623849154e-04
1.529692599433474243e-05
8.295039151562377810e-05
6.240963557502254844e-05
2.033474993368145078e-05
7.659535867787781172e-07
3.622453732532449067e-06
2.860958920791745186e-05
5.977541377433226444e-07
4.714393980975728482e-06
1.470053121011005715e-05
3.008464409504085779e-05
1.487633562646806240e-04
1.251190610673802439e-06
5.852187314303591847e-06
4.653632277040742338e-05
1.873107066785451025e-05
1.827145606512203813e-04
1.625945515115745366e-05
6.487991777248680592e-05
1.053470555234525818e-06
4.044176876050187275e-06
1.020534909912385046e-06
4.842019279749365523e-06
2.367473598496872000e-06
2.297057790201506577e-06
4.036247901240130886e-06
1.558581971039529890e-06
5.366689947550185025e-06
9.996589369620778598e-07
3.011036278621759266e-05
3.486172317934688181e-06
1.593612978467717767e-06
1.202853241011325736e-06
3.213761738152243197e-05
3.293617055533104576e-06
1.432867406947480049e-06
3.884176294377539307e-06
4.912223175779217854e-06
6.626301455980865285e-06
2.126773688360117376e-05
1.134319154516560957e-05
5.167207291378872469e-06
6.404177383956266567e-07
2.882690932892728597e-05
3.383867351658409461e-06
4.149121650698361918e-06
7.545447147094819229e-07
1.370370114273100626e-06
3.605340316426008940e-05
8.001035894267261028e-06
1.269783751922659576e-05
1.188598798762541264e-05
7.816542165528517216e-06
2.672660684766015038e-06
1.012548182188766077e-05
2.694004069780930877e-05
7.238129001052584499e-06
5.891818091185996309e-06
1.211562776006758213e-04
1.577890543558169156e-05
9.653269080445170403e-05
7.062384611344896257e-06
4.517318757280008867e-06
2.658936136867851019e-04
4.165192513028159738e-05
4.892668584943749011e-05
2.634169959492282942e-06
1.674944087426410988e-06
4.780909421242540702e-06
2.797534107230603695e-04
5.192319076741114259e-05
2.616410347400233150e-05
4.125135455979034305e-05
3.208583439118228853e-05
1.361001341138035059e-05
1.447876456950325519e-05
1.552412431919947267e-04
7.808213013049680740e-06
1.028286362725339131e-07
2.567015826571150683e-07
7.769526746415067464e-06
8.595917279308196157e-06
2.735412181209539995e-06
1.918333964567864314e-06
1.494121192990860436e-06
8.691409334460331593e-07
5.656655162056267727e-07
5.821493687108159065e-06
1.356675602437462658e-05
4.763412277952738805e-07
3.952487077185651287e-06
4.658514171751448885e-06
4.073832769790897146e-06
2.023445631493814290e-06
3.269282615292468108e-06
2.815159132296685129e-05
7.626976002939045429e-05
2.344228232686873525e-05
6.463726458605378866e-05
5.747096111008431762e-06
2.670855610631406307e-05
1.333223099209135398e-05
1.500418991781771183e-03
1.100720783142605796e-05
1.676859683357179165e-04
1.393410202581435442e-04
1.848520187195390463e-04
4.842442285735160112e-05
1.632418388908263296e-05
4.390589310787618160e-05
6.472232635132968426e-04
8.628441719338297844e-05
9.080588351935148239e-04
8.299838518723845482e-04
9.705979027785360813e-05
4.233559138810960576e-06
1.718599833111511543e-06
6.031722477928269655e-06
1.856839276115351822e-06
4.029411502415314317e-05
6.366411253111436963e-05
1.011458080029115081e-04
2.089790359605103731e-04
1.786347274901345372e-04
2.523824514355510473e-04
1.310058542003389448e-05
6.847533313703024760e-06
3.069902231800369918e-05
6.240981747396290302e-05
1.814204733818769455e-04
2.017997903749346733e-04
4.349907612777315080e-05
2.909728573285974562e-05
9.925845370162278414e-05
2.521240639907773584e-05
3.471652598818764091e-05
9.702258830657228827e-05
1.808530942071229219e-04
1.635663647903129458e-04
9.521317406324669719e-05
8.902227855287492275e-04
2.552637124608736485e-05
2.638753794599324465e-04
9.185116505250334740e-05
2.898727325373329222e-05
3.270174374847556464e-06
1.967470307135954499e-04
1.882392243715003133e-04
1.634833097341470420e-05
4.486880061449483037e-05
1.651929342187941074e-04
1.366757642244920135e-04
9.936965216184034944e-05
6.738557131029665470e-04
1.002215794869698584e-04
5.875050555914640427e-04
3.796000237343832850e-05
4.781153620569966733e-05
9.278231882490217686e-04
7.894616283010691404e-05
3.935272688977420330e-04
1.067706034518778324e-05
1.542624086141586304e-03
6.505681085400283337e-05
6.551992555614560843e-05
8.971916395239531994e-05
1.001101045403629541e-04
4.500323484535329044e-05
2.412112662568688393e-04
3.240946680307388306e-04
9.262004750780761242e-04
8.726946362003218383e-06
1.189935428556054831e-04
1.319481962127611041e-04
5.179968866286799312e-05
5.814078758703544736e-05
1.673929364187642932e-04
1.267553307116031647e-04
5.852999674971215427e-05
1.770135713741183281e-05
3.895935078617185354e-04
2.247221564175561070e-04
1.843350764829665422e-04
1.172194606624543667e-04
8.168029598891735077e-04
7.353631372097879648e-05
1.500525540905073285e-04
7.368626393144950271e-05
1.692864170763641596e-04
2.253340971947181970e-05
3.664119867607951164e-04
1.004680889309383929e-04
2.184290133300237358e-05
5.147978081367909908e-04
3.220886355848051608e-05
4.035021993331611156e-05
4.228932957630604506e-04
1.282777375308796763e-04
1.480170758441090584e-03
1.671660866122692823e-04
1.542945537948980927e-04
2.849977754522114992e-04
1.724403555272147059e-04
4.826749773201299831e-06
1.923475356306880713e-04
1.010836218483746052e-03
3.289586456958204508e-04
1.517778378911316395e-03
4.969982546754181385e-05
2.229333913419395685e-04
1.963401009561493993e-04
1.257353433175012469e-04
2.607636997709050775e-05
7.023773650871589780e-05
3.066886914893984795e-03
5.533684743568301201e-04
3.473465621937066317e-04
3.424728638492524624e-04
2.810924488585442305e-04
7.071648724377155304e-05
1.847787757469632197e-06
6.482830031018238515e-06
8.873547585608321242e-07
9.132260856858920306e-06
1.794692070689052343e-04
8.250915925600565970e-06
5.499944109033094719e-06
9.244147804565727711e-06
1.842376332206185907e-05
7.128940637812775094e-07
1.587259976076893508e-05
9.092216714634560049e-06
1.895802270155400038e-04
2.314492121513467282e-05
6.771392236259998754e-06
1.604567842150572687e-05
1.763382533681578934e-05
2.359892732783919200e-06
1.600921564204327296e-06
2.052188165180268697e-06
3.447343601692409720e-07
4.828689839087019209e-07
5.070648512628395110e-06
7.064418696245411411e-06
1.516693714620487299e-06
9.779599167814012617e-06
3.725343731275643222e-06
1.579855452291667461e-04
1.548176555843383539e-06
8.791366781224496663e-06
2.069086576739209704e-06
2.931651863491424592e-07
1.653754679864505306e-06
3.144945708299928810e-07
1.573602389726147521e-06
1.846579266384651419e-06
1.850604121500509791e-06
4.965914740751031786e-06
8.294825306620623451e-07
7.625684702361468226e-06
2.509783189452718943e-05
9.208038136421237141e-06
6.163905709399841726e-06
3.226015451218700036e-06
3.457060756772989407e-06
7.915502465039025992e-06
6.124517767602810636e-06
1.655731921346159652e-06
1.785726271918974817e-05
6.209513230714946985e-06
6.119876161392312497e-06
1.407476133863383438e-06
2.105776957250782289e-06
1.383295148116303608e-05
3.609119175962405279e-06
1.111917026719311252e-05
5.502368439920246601e-04
4.311911197873996571e-06
6.433343514800071716e-04
1.000047122943215072e-04
9.179262633551843464e-06
3.795931479544378817e-05
3.325532816234044731e-06
1.248297485290095210e-05
2.732022949203383178e-06
1.437369610357563943e-05
3.423996986384736374e-06
1.076481566997244954e-05
1.020693071041023359e-05
4.960802471032366157e-06
1.081326718121999875e-05
1.134937065216945484e-05
4.386531600175658241e-06
1.390918714605504647e-05
2.563325324445031583e-06
2.110595232807099819e-05
2.272912206535693258e-05
2.071424532914534211e-04
1.897621041280217469e-05
1.311865730713179801e-06
4.674437604990089312e-06
1.010327650874387473e-05
6.376631063176319003e-07
1.141361167356080841e-06
1.236010234606510494e-06
2.285155351273715496e-04
2.214516825915779918e-05
3.387853575986810029e-05
3.755138550332048908e-06
3.077283327002078295e-05
5.317866907716961578e-06
2.431475149933248758e-05
4.855436418438330293e-05
6.988084805925609544e-06
1.682216679910197854e-04
9.411462087882682681e-06
4.620749677997082472e-06
2.624718717925134115e-06
2.121933539456222206e-05
8.753230531510780565e-07
6.201964311003393959e-07
1.005176841317734215e-06
1.330508098362770397e-06
2.508956185920396820e-06
4.732721572509035468e-05
4.777522917720489204e-06
5.053132099419599399e-07
1.755341372700058855e-06
6.531466851811273955e-07
4.557214197120629251e-06
1.010907453746767715e-06
2.550370481912977993e-06
1.566584978718310595e-05
2.678267628652974963e-05
1.585647851243265904e-06
2.584880007816536818e-07
1.762163628882262856e-05
3.442671732045710087e-05
9.276828336624021176e-07
8.539697660125966650e-07
3.200550272595137358e-04
1.328496000496670604e-04
1.710065698716789484e-04
4.453453584574162960e-05
1.626279117772355676e-05
5.008845473639667034e-04
1.881268835859373212e-04
2.424348349450156093e-05
8.320066990563645959e-05
2.403225698799360543e-05
5.958785186521708965e-04
4.751700089400401339e-06
1.430950214853510261e-04
3.789916081586852670e-05
4.051819269079715014e-05
2.475924020473030396e-06
1.052781135513214394e-05
5.313203018886270002e-06
1.099325527320615947e-05
5.205234629102051258e-05
6.715826657455181703e-06
4.735655966214835644e-05
1.443295241188025102e-05
1.831233617849647999e-03
4.334711702540516853e-04
6.730285240337252617e-04
2.251638652523979545e-04
2.890123323595616966e-05
4.872573772445321083e-04
5.304520527715794742e-06
1.307274796999990940e-04
2.409302214800845832e-05
1.200034676003269851e-04
1.070014899596571922e-03
1.068971505446825176e-05
1.615094220142054837e-06
1.566030164212861564e-06
5.491325282491743565e-05
4.638459067791700363e-04
1.464970060624182224e-03
1.464112483517965302e-05
1.168854578281752765e-04
1.764131047821138054e-05
7.830087270122021437e-05
2.174481982365250587e-03
1.198023906908929348e-03
2.094564988510683179e-04
2.516263521101791412e-05
1.155419959104619920e-04
5.193348988541401923e-05
7.702895672991871834e-04
9.403124568052589893e-05
2.178913928219117224e-05
2.617533391457982361e-05
2.079102523566689342e-05
2.574963727965950966e-04
5.923933349549770355e-03
3.518648554745595902e-06
2.396568888798356056e-03
1.335895831289235502e-05
3.606267000577645376e-06
1.165407447842881083e-04
2.412178400845732540e-05
2.458968665450811386e-03
2.261172448925208300e-05
3.519257734296843410e-05
6.500272138509899378e-05
6.238975765882059932e-05
4.374051641207188368e-04
2.557629886723589152e-05
6.854995735920965672e-04
4.375831340439617634e-04
1.535965857328847051e-04
1.938170380890369415e-02
2.549474537372589111e-01
3.415844912524335086e-05
1.280563174077542499e-05
1.328165240011003334e-06
1.061692000803304836e-05
2.311819698661565781e-04
2.268345269840210676e-05
4.031706339446827769e-05
1.215824595419690013e-04
1.323591917753219604e-02
1.212271854456048459e-05
1.470237475587055087e-04
1.351287937723100185e-04
1.791860813682433218e-05
7.222800377348903567e-06
1.040467177517712116e-03
1.674933628237340599e-05
3.829167399089783430e-04
1.813472977119090501e-06
2.513837443984812126e-06
7.200160325737670064e-06
3.244136460125446320e-04
1.403323835802439135e-06
2.509780642867553979e-05
7.136631174944341183e-04
1.691958750598132610e-04
1.043706924974685535e-05
1.571855245856568217e-04
8.927708404371514916e-05
5.601934026344679296e-05
5.067670372227439657e-06
3.808917244896292686e-05
1.589244902788777836e-06
9.602359568816609681e-06
1.690138742560520768e-05
1.838307980506215245e-05
2.270444747409783304e-05
6.550283160322578624e-06
1.458451151847839355e-02
2.059394493699073792e-03
4.517403067438863218e-05
1.515829808340640739e-05
2.470844447088893503e-05
1.415432052453979850e-05
6.631751148233888671e-06
2.955916352220810950e-05
3.972290505771525204e-05
3.924922566511668265e-05
6.147251042420975864e-06
5.619680450763553381e-06
3.316446382086724043e-04
5.132401827722787857e-03
1.344366837292909622e-02
6.668041896773502231e-05
2.970022251247428358e-05
3.125136718153953552e-04
1.683175505604594946e-04
5.580139713856624439e-06
1.530349254608154297e-05
2.061790873995050788e-04
2.022344386205077171e-03
2.661050530150532722e-04
3.700790102811879478e-06
2.459789357089903206e-05
1.376242835249286145e-06
2.701344055822119117e-05
9.324473328888416290e-03
1.155164864030666649e-05
2.404952101642265916e-05
5.467561550176469609e-06
2.877590304706245661e-05
2.123948070220649242e-05
1.255034567293478176e-05
6.511307219625450671e-06
2.116874529747292399e-04
4.110969530302099884e-05
1.717805280350148678e-04
1.884060766315087676e-04
1.324718177784234285e-04
3.372721548657864332e-04
1.706134062260389328e-04
1.366203014185884967e-05
2.704532562347594649e-05
9.359218893223442137e-06
7.150531473598675802e-07
5.933567535976180807e-06
1.753458309394773096e-05
1.763450654834741727e-06
1.069789414032129571e-05
1.884806551970541477e-03
8.055072612478397787e-06
3.424385567996068858e-06
3.179499253747053444e-05
3.361545168445445597e-06
1.011989734251983464e-04
8.951839845394715667e-05
3.065569617319852114e-04
1.411207922501489520e-04
3.338946553412824869e-04
4.889198316959664226e-05
3.978517270297743380e-06
5.546417469304287806e-06
4.472256307508359896e-07
5.623535253107547760e-04
1.846650775405578315e-05
2.250776626169681549e-03
1.265682949451729655e-04
2.145410282537341118e-03
1.406673836754634976e-04
6.637816113652661443e-05
8.512222848366945982e-05
2.683864731807261705e-04
2.725999220274388790e-04
3.968999590142630041e-05
1.557927462272346020e-04
3.603640652727335691e-04
3.997299427282996476e-05
2.447617589496076107e-06
2.444705205562058836e-05
9.966390280169434845e-06
1.335722627118229866e-04
5.457239603856578469e-05
1.750706360326148570e-05
1.004954992822604254e-05
1.038086047628894448e-04
4.733403329737484455e-04
1.234686624229652807e-05
9.737101436257944442e-07
3.755425277631729841e-04
4.936622417517355643e-07
1.415649421687703580e-05
8.151936344802379608e-04
5.991139005345758051e-06
3.157974570058286190e-04
2.205309101555030793e-05
4.177000391791807488e-06
1.409056312695611268e-05
2.926538872998207808e-04
7.294126553460955620e-04
1.314918335992842913e-04
6.177555769681930542e-05
1.078572749975137413e-04
3.192514441252569668e-06
1.558743315399624407e-05
4.232717401464469731e-05
3.230224130675196648e-03
1.388844339089700952e-05
2.987238112837076187e-04
1.209104721056064591e-05
1.253400812856853008e-03
1.487494387220067438e-06
7.754016405669972301e-05
2.283842768520116806e-03
2.851817116606980562e-04
1.127325085690245032e-04
3.847880725516006351e-05
1.180256440420635045e-04
2.373469942540396005e-05
2.451683976687490940e-04
1.026259542413754389e-05
2.212854269600939006e-06
2.696818773983977735e-05
5.178170977160334587e-05
1.019541196001227945e-05
6.220851901161950082e-06
1.027711005008313805e-05
3.696742351166903973e-05
4.470630374271422625e-04
5.753882942372001708e-05
9.276604032493196428e-06
2.499514448572881520e-05
8.598864269515615888e-07
3.504989217617549002e-05
2.043675049208104610e-04
2.726203529164195061e-04
3.139477223157882690e-02
1.633296604268252850e-03
2.932423667516559362e-04
3.922658288502134383e-05
6.988525001361267641e-06
9.536584257148206234e-04
4.993435140931978822e-06
5.970813435851596296e-05
3.539309254847466946e-04
9.582883649272844195e-06
2.898775619541993365e-06
8.506939775543287396e-05
7.425934200000483543e-06
2.723148827499244362e-05
1.125316412071697414e-04
1.462165382690727711e-04
7.661088602617383003e-06
5.053855478763580322e-03
1.481755316490307450e-04
5.839880031999200583e-05
1.147271104855462909e-04
5.953292202320881188e-06
7.414788342430256307e-06
4.376890956336865202e-06
1.219903964511104277e-07
2.217627661593724042e-05
6.406987813534215093e-05
1.078817076631821692e-04
1.661357418925035745e-05
5.727205279981717467e-05
4.689978959504514933e-05
4.962101593264378607e-05
4.373661649879068136e-04
4.825058204005472362e-05
8.144530584104359150e-04
1.184577627100225072e-06
1.979351218324154615e-04
9.379671610076911747e-06
3.269251610618084669e-04
5.625906396744539961e-06
4.344304616097360849e-04
2.749240593402646482e-05
8.967416943050920963e-05
3.517502773320302367e-05
8.053409692365676165e-05
3.041884338017553091e-05
2.056913399428594857e-05
1.777379907252907287e-06
1.375176907458808273e-05
4.826350732400896959e-07
1.595693333911185618e-06
1.064514653990045190e-04
1.268251617148052901e-05
3.438891508267261088e-05
6.268635479500517249e-05
1.067899167537689209e-02
3.177103508278378285e-06
4.396148870000615716e-05
8.567208424210548401e-04
2.349368005525320768e-04
2.735559792199637741e-05
1.019925402943044901e-04
1.287581380893243477e-05
4.613374825567007065e-03
1.372028491459786892e-04
1.853168709203600883e-03
1.284365716855973005e-04
5.910054028390732128e-07
4.628851456800475717e-06
6.736308569088578224e-04
1.869768748292699456e-04
1.381515357934404165e-05
3.919375376426614821e-05
1.433027937309816480e-04
5.215587407292332500e-06
1.818134624045342207e-04
8.381772204302251339e-05
3.450841759331524372e-04
2.263672067783772945e-04
1.646070631977636367e-05
7.470873242709785700e-05
2.756106841843575239e-04
3.650633516372181475e-05
8.763417135924100876e-04
9.178659092867746949e-05
1.338742556981742382e-03
5.424107712315162644e-06
1.245752537215594202e-05
3.839476903522154316e-06
6.492076499853283167e-05
2.117568161338567734e-03
5.667073310178238899e-06
4.940588405588641763e-05
6.613674922846257687e-04
3.919384653272572905e-06
5.382169038057327271e-04
4.294854988984297961e-06
1.641300739720463753e-03
2.253231468785088509e-05
1.748200520523823798e-05
5.637375215883366764e-05
1.092963939299806952e-04
6.616207974730059505e-05
6.132100679678842425e-05
4.028656348964432254e-06
1.578112460265401751e-06
3.034996552742086351e-05
2.794837882902356796e-06
4.711604924523271620e-05
2.215892163803800941e-04
4.526139673544093966e-05
9.398941620020195842e-05
2.072956885967869312e-05
3.368992474861443043e-05
3.230144036933779716e-03
2.542915535741485655e-05
1.819937835989549058e-07
7.341018499573692679e-05
1.148494993685744703e-05
1.468072150601074100e-05
1.772389950929209590e-04
1.266972594748949632e-05
1.955173938767984509e-04
1.476910711062373593e-05
2.112022775691002607e-05
3.503538391669280827e-05
6.862671580165624619e-04
7.683086441829800606e-04
8.937175266510166693e-07
7.653606735402718186e-05
1.635953667573630810e-04
2.547721960581839085e-04
3.366082964930683374e-04
1.013540822896175086e-04
7.411949627567082644e-05
1.366950455121695995e-04
5.112875252962112427e-03
8.933129138313233852e-04
2.585300826467573643e-04
2.923206920968368649e-05
1.071745995432138443e-03
8.132519724313169718e-05
8.634961704956367612e-05
3.141107526971609332e-06
8.212366810766980052e-05
4.440992779564112425e-05
1.006611455522943288e-05
2.578159183030948043e-05
4.736109985969960690e-06
2.666179556399583817e-03
2.171434753108769655e-04
1.699540734989568591e-05
3.200211504008620977e-04
8.895531645976006985e-04
3.805132582783699036e-02
4.680591449141502380e-02
1.010498745017684996e-04
3.628302365541458130e-03
3.469568910077214241e-03
4.922641091980040073e-04
3.009805823239730671e-06
1.943917304743081331e-04
1.474304463044973090e-05
1.253586146049201488e-03
5.873171030543744564e-04
8.638075087219476700e-05
1.087653217837214470e-04
6.796805653721094131e-03
2.400582423433661461e-03
6.568140088347718120e-05
8.915801346302032471e-02
1.059366786648752168e-05
3.574335323719424196e-06
1.220527883560862392e-05
3.763305358006618917e-06
2.812683524098247290e-04
8.243181218858808279e-05
9.231747526428080164e-07
2.402620521024800837e-05
2.610082628962118179e-05
3.783066058531403542e-04
3.874119647662155330e-05
2.813360708842083113e-07
1.550562842567160260e-06
3.225953842047601938e-04
4.309545693104155362e-05
2.413909969618543983e-04
2.418069925624877214e-05
1.514711311756400391e-05
8.778121809882577509e-06
2.477727539371699095e-04
2.157918970624450594e-06
3.110045217908918858e-04
4.501061994233168662e-05
1.070462967618368566e-04
1.136083938035881147e-05
1.639648544369265437e-04
1.103433023672550917e-04
1.339385518804192543e-03
1.499133184552192688e-03
1.368915109196677804e-04
2.465069655954721384e-06
1.128598232753574848e-03
3.079204470850527287e-04
9.807638823986053467e-03
4.127927869558334351e-02
2.106730062223505229e-05
1.596812944626435637e-05
5.079125548945739865e-05
9.552408300805836916e-06
4.470992280403152108e-06
5.302029603626579046e-05
4.987562540918588638e-03
2.130376815330237150e-04
3.648552577942609787e-03
1.053089272318175063e-05
3.863869278575293720e-05
1.573609188199043274e-04
1.905730300677532796e-06
8.536384120816364884e-05
1.581222750246524811e-05
1.977215724764391780e-04
5.739384050684748217e-06
6.719626253470778465e-04
1.829184620874002576e-04
9.723874245537444949e-05
6.792140084144193679e-06
1.736547274049371481e-04
9.892269736155867577e-05
2.533340011723339558e-05
4.894416779279708862e-03
1.398690394125878811e-03
3.485763445496559143e-02
9.323161793872714043e-05
2.418916556052863598e-04
2.173227585444692522e-05
8.542735940864076838e-07
1.027537626214325428e-03
4.661981074605137110e-04
1.477839123253943399e-05
6.794675755372736603e-07
1.182355955243110657e-01
2.213748404756188393e-03
1.527944368717726320e-05
4.695792740676552057e-04
2.133674715878441930e-04
6.889172709634294733e-06
1.275140239158645272e-04
1.160150131909176707e-04
5.155062171979807317e-05
8.319773314724443480e-07
4.716051262221299112e-05
3.859223797917366028e-04
5.148024683876428753e-06
3.664100222522392869e-05
8.105199412966612726e-06
9.985103133658412844e-06
1.988589065149426460e-05
2.273522550240159035e-04
6.863967282697558403e-04
3.517499659210443497e-03
2.306986600160598755e-03
5.133529725753760431e-07
1.063468425854807720e-05
7.751081284368410707e-05
4.464999772608280182e-03
3.788802860071882606e-05
9.321192010247614235e-06
3.787045443459646776e-06
2.182694879593327641e-05
3.599195906645036303e-06
1.836265596466546413e-06
1.921208604471758008e-04
1.389243116136640310e-04
7.530692528234794736e-06
1.783550396794453263e-04
2.677113479876425117e-05
6.085825589252635837e-05
4.971760063199326396e-05
2.515730921004433185e-05
8.487244485877454281e-06
2.896395162679255009e-04
6.116816075518727303e-05
1.525818424852332100e-05
4.443368766260391567e-07
4.234853258822113276e-05
1.966533091035671532e-05
1.079641378964879550e-06
4.828192459171987139e-07
2.893635610234923661e-06
1.071171718649566174e-04
1.329963328316807747e-03
1.836320916481781751e-05
1.463777425669832155e-05
2.828326068993192166e-05
7.480954081984236836e-05
2.063938154606148601e-05
9.437405310563917737e-07
6.426704931072890759e-05
1.683682785369455814e-05
9.473136742599308491e-06
1.033661737892543897e-05
3.036122507182881236e-05
1.848892316047567874e-05
3.328301318106241524e-05
1.631504710530862212e-05
7.625088073837105185e-06
5.890290140087017789e-06
5.319396336744830478e-07
2.707957537495531142e-05
5.967346442048437893e-05
2.100931851600762457e-05
4.183753917459398508e-04
3.213257761672139168e-03
1.574577436258550733e-05
1.131610479205846786e-04
1.772758550941944122e-04
2.767398022115230560e-03
1.066366894519887865e-05
5.934368164162151515e-05
1.170201430795714259e-04
2.529034645704086870e-06
8.169244210876058787e-06
7.298179116332903504e-05
1.802087354008108377e-06
1.073435760190477595e-05
3.510795067995786667e-06
4.284610895410878584e-06
2.968021817650878802e-06
2.656100150488782674e-05
3.483953769318759441e-04
6.212990683707175776e-06
1.220210106112062931e-04
3.471015079412609339e-04
4.333620599936693907e-04
4.683080478571355343e-04
9.596140444045886397e-05
4.972573369741439819e-04
7.567752036266028881e-04
1.428343448787927628e-02
1.124651823192834854e-02
9.263779793400317430e-05
2.265779039589688182e-04
2.793722887872718275e-05
6.853812010376714170e-06
7.927003753138706088e-05
9.254014730686321855e-05
4.980394351150607690e-06
5.960209091426804662e-05
2.367249107919633389e-04
7.085889592417515814e-06
4.944710326526546851e-06
1.276703824260039255e-05
2.807872533594490960e-06
3.913511318387463689e-05
4.115572664886713028e-06
3.366277042005094700e-06
1.654452717048116028e-05
1.165156845672754571e-05
3.705775088747031987e-05
4.018233084934763610e-05
4.666769746108911932e-05
