1.287829221041647543e-08
2.947639821115899394e-08
5.090190668965988152e-08
6.200317557158996351e-07
7.068771878948609810e-07
8.195908662855799776e-07
1.020900430859228436e-08
5.077061970837348781e-08
4.748544668586873740e-08
5.741403583670035005e-07
1.282042916272985167e-08
2.161398526823177235e-08
4.323813485029859294e-08
9.199597883480237215e-08
3.456640129684274143e-08
7.635350840473620337e-08
3.472716558761135275e-09
2.033104529175489006e-08
3.094405940373690100e-07
2.003371690761923674e-08
1.611234878851064423e-08
2.877006854973274130e-09
9.438981152243286488e-08
5.498202426679199561e-07
1.865290144564824004e-08
5.327008167910207703e-09
6.030896315678546671e-08
2.045858593646698864e-09
5.056156382465815113e-09
1.575623684857418993e-07
1.460095155891849572e-08
3.454847075090583530e-08
9.030970637979862659e-09
5.124808012624271214e-06
6.406910983969282825e-07
1.138158864932847791e-07
1.014884247751979274e-07
2.539618071395466359e-09
2.310977578190431814e-07
1.097186270726524526e-07
3.985685026464125258e-08
6.138428432223008713e-09
3.682273652660938978e-10
1.834043850124089658e-08
1.035493468748427404e-07
1.938231406484192121e-07
4.337266545917373151e-09
1.428358160637799301e-07
2.913226637701882282e-08
1.246224599071865669e-07
3.295643296041816939e-07
2.854286940134898032e-08
4.797339769879727100e-08
4.842882095346112692e-09
6.730351742589846253e-08
4.330680525299612782e-08
1.381992120741415420e-08
7.644877619839007821e-09
2.571706829712638864e-07
1.524620358850370394e-07
8.534767630408168770e-07
1.867587400283809984e-07
1.142191308645124082e-06
3.836345641161642561e-08
2.478576845987845445e-07
1.759488782226981129e-06
4.790644538843480404e-07
3.566541124655486783e-07
4.364479977425617108e-08
4.766202721384615870e-08
8.951347219010585832e-09
2.267066889771740534e-08
9.080404872463532229e-09
5.767303434822679264e-08
7.903334875436485163e-09
5.892615728697592203e-09
2.227771602747452562e-07
2.161645973330905690e-08
1.623559242602823360e-08
3.063802296310313977e-07
3.704142415017486201e-08
4.061785219278135628e-08
2.591735004386919172e-08
1.092442900585410825e-07
1.985288236028281972e-06
1.030044813887798227e-07
1.358539236662181793e-07
2.739543347729522793e-08
2.390976661104105006e-08
1.504215418890453293e-08
4.062071568000646948e-08
5.952687232024800323e-10
1.381446601556035603e-08
1.265049220933178731e-08
1.156277917857551074e-08
4.255875651892893075e-09
1.266922922127378115e-08
8.691957020801055478e-08
2.660168618717762001e-08
8.404403502026980277e-07
7.104361543497361708e-07
3.668725767624891887e-08
5.956350435099011520e-08
1.087881926764566742e-07
4.862785019099646888e-08
4.436086342707312724e-08
1.931279712152900174e-06
1.915538803132221801e-07
3.449625864959671162e-06
1.075365162250818685e-06
4.907210637838943512e-08
5.063010988237692800e-08
3.201647587047773413e-06
1.363740693705040030e-07
3.463508733148046304e-07
3.907400980551756220e-07
4.845795231744887133e-08
3.057722324228961952e-07
3.585859786880973843e-08
4.968417854911422182e-08
2.112715691282573971e-08
2.973445489828918653e-08
1.423117907961568562e-07
5.555000726076286810e-08
2.152696865209691168e-08
1.985500297507769574e-08
1.250778414174646969e-08
1.566417573428680043e-08
2.347038901007181266e-07
8.753714553222380346e-08
3.945587820908258436e-07
1.907877873463803553e-07
2.110120249199098907e-06
4.234281369974723930e-09
6.003696739753650036e-08
2.538699206411365594e-08
1.167753751474265300e-07
7.012408076434439863e-08
4.870749847896149731e-08
1.137481788759941992e-07
9.554690194590875763e-08
9.092168795632460387e-08
4.841010081690910738e-08
3.368126613167987671e-07
4.501750368035573047e-07
9.615936505724675953e-06
7.998304454304161482e-07
1.097536781458074984e-07
5.657728507912906935e-08
7.685581522309803404e-07
4.438100859260885045e-06
6.533425676025217399e-07
9.880172768816919415e-08
4.930474801767559256e-07
4.243549156512926857e-08
2.629059849823534023e-07
1.022836841002572328e-06
5.345058298189542256e-07
2.794723172883095685e-07
7.241101229737978429e-06
3.771496892568393378e-07
4.747876971578079974e-07
3.264410111114557367e-07
9.443023429867025698e-08
4.476982837786636082e-07
3.780928636842872947e-07
8.179569022104260512e-08
2.453553520354034845e-07
3.307302733901451575e-07
2.821263649366301252e-07
1.316900352321681567e-06
6.154853053885744885e-07
2.446727194183040410e-06
3.661760047179996036e-06
2.032663672935086652e-07
1.719714646242209710e-07
4.435790401657868642e-08
2.855237653420772403e-06
2.059335429294151254e-06
4.919081106891098898e-07
1.137523000238616078e-07
2.022731706574631971e-07
1.238998379449185450e-07
4.304125695853144862e-07
8.034974996462551644e-08
3.379935549219226232e-07
6.875434905850852374e-07
1.250502208449688624e-07
2.483559001120738685e-06
1.480963419453473762e-05
3.640434442786499858e-07
2.125250830431468785e-06
2.661484188593021827e-07
3.615337220708170207e-07
1.543475178777953261e-07
3.372832395598379662e-07
1.078128434528480284e-06
3.540703232829400804e-07
4.945393925481766928e-07
2.297360168768136646e-07
7.818297831363452133e-08
4.944153602082224097e-07
2.500253458492807113e-06
5.388817498896969482e-06
8.204738151107449085e-07
1.005847067858667288e-07
4.381522558105643839e-07
4.073422587680397555e-06
4.452731445780955255e-06
8.130770652314822655e-07
4.097886119325266918e-07
4.716275270766345784e-06
3.809383883890404832e-07
4.380820826099807164e-07
1.196052267005143221e-06
1.059250621437968221e-06
8.193575240511563607e-08
1.692925479801488109e-07
2.282867853864445351e-06
2.131523899606690975e-07
3.205043412890518084e-07
5.019029458708246239e-07
7.278377324837492779e-06
1.398637664351554122e-06
4.976522632205160335e-06
1.560549662826815620e-07
8.583948556406539865e-07
1.075079012480273377e-06
3.691560095830936916e-06
2.748375209193909541e-06
6.666139995559206000e-08
5.535919626709073782e-06
1.456622499063087162e-06
3.818249751930125058e-06
2.721999692312238039e-07
2.634168822623905726e-06
4.715632712759543210e-06
1.944086704952496802e-07
1.979191665668622591e-06
2.516885160730453208e-06
4.197896032565040514e-06
3.082564262513187714e-06
9.868086863207281567e-07
4.330381102590763476e-07
5.564526190937613137e-07
7.708012503826466855e-07
3.327053946122759953e-06
6.601034101549885236e-07
5.801799034088617191e-06
4.724977770820260048e-06
1.141461325460113585e-05
3.530717052058207628e-08
6.800117944294470362e-07
3.009858801306108944e-06
1.044186888066178653e-06
1.207550752724273480e-07
1.127905670728068799e-05
1.432575686521886382e-06
8.268880264949984848e-06
4.029494107271602843e-07
1.702256213320652023e-06
2.983291835789714241e-07
7.366833898458935437e-08
8.957180739344039466e-07
2.355157704414523323e-07
1.719844249237212352e-07
4.156141031330662372e-08
8.476744710605998989e-07
6.051845247156961705e-08
4.225336880381291849e-08
8.627170444697185303e-08
1.020324660316873633e-07
3.864635544914563070e-08
4.603648164902551798e-07
1.222718566395997186e-07
1.012912704823065724e-07
2.283844446893112945e-09
2.140764507885251078e-07
1.303009145026123861e-09
1.972751562107077916e-07
1.127045550219918368e-07
3.674796289487858303e-07
1.565505982625836623e-07
3.385627778129673970e-08
4.540443114819936454e-07
4.477518089629484166e-08
8.303554466237983434e-08
1.681922157104054349e-08
1.319364741902973037e-07
2.609885818571910931e-08
1.430072060770726239e-08
1.768821755732119527e-09
1.210227651426976081e-07
8.566773068707789207e-09
1.653506984666819335e-07
2.444043012417296268e-08
3.374373704900790472e-07
2.343478087141193100e-07
2.471961124683730304e-08
7.879121000087252469e-08
1.569084950858723460e-08
2.674280885628377291e-08
5.652159629221387149e-09
1.994578280317682584e-09
9.295274550069621000e-10
1.414632300189566649e-09
9.253743549209048069e-09
1.394970916557269902e-09
1.000766758352256147e-08
5.945442538290990342e-08
2.110449202064046403e-07
8.920545724322437309e-08
6.612999481347969777e-09
1.317496298725018278e-07
3.146206850601629412e-09
2.232132167989675509e-08
3.341292398317818879e-08
1.366670776548062349e-08
2.556907929829321802e-08
7.848938388121950993e-09
1.653261136880246340e-07
1.725404175090261560e-08
1.294913687388543622e-07
2.255508135817763105e-08
1.399397930867962714e-08
3.128923786732684675e-09
4.089137028984168865e-09
1.660037156625548960e-07
7.627080549355014227e-07
4.736425864848570200e-07
1.770881112861388829e-07
6.075100031921465416e-07
4.867274014941358473e-07
2.922548603123686917e-08
5.782647249930050748e-08
5.093686894497295725e-08
1.813301651054644026e-07
1.027386701935029123e-06
1.903585200579982484e-07
3.839090467749883828e-08
3.023114913958124816e-06
3.335411020088940859e-05
2.258518208009263617e-07
2.356764099431529758e-07
3.282213967281677469e-08
2.083343133563175797e-05
1.670717892920947634e-07
1.018942498376418371e-06
1.823581214921432547e-06
2.743515096881310456e-06
1.282305106542480644e-07
1.072877964247709315e-08
7.954082548167207278e-08
3.803073056474204350e-08
3.613861849771637935e-07
4.368744612293085083e-06
3.016383232079533627e-07
5.462302397063467652e-07
3.948821358790155500e-07
2.065074156121227134e-08
5.406638337035474251e-08
1.496402092016069219e-06
1.056272154187354317e-07
2.766437035006674705e-07
4.239682027673552511e-08
2.449969258577766595e-07
7.789847877859301661e-09
1.754987266622265452e-08
1.198224897080990559e-08
1.689643056579370750e-07
2.756241634926936968e-08
2.147525712814513099e-08
1.323988101376016857e-07
4.013089892396237701e-06
2.703615678001369815e-07
4.967499123154084373e-08
5.052726947951668990e-08
4.216655469235774945e-09
3.397861192411255615e-08
8.597313971847597713e-10
9.577242110481165582e-08
1.042528108285978306e-08
4.207571535630449944e-08
3.862712105728860479e-08
5.426371174621635873e-08
2.608568081541307038e-07
2.830600465131283272e-08
1.893836731881037849e-08
1.887486256180181954e-08
4.301306546494743088e-07
8.078725244331508293e-08
4.226753169689345668e-09
1.990840416965511395e-07
5.958221915847161654e-09
3.242294326355477097e-07
5.427312999017885886e-08
1.906518143357516237e-08
4.924537577721821435e-08
1.291269597913924372e-07
5.123459686728892848e-06
4.360188654572993983e-07
2.335444122536500799e-07
5.437643224581734103e-08
1.104536786442622542e-04
3.169208184772287495e-07
9.100054739974439144e-06
2.686967093268322060e-07
2.456593847455224022e-06
3.795131533479434438e-06
3.486406512820394710e-06
2.188311782447271980e-06
2.200351900683017448e-09
8.389621507376432419e-05
4.413636744970972359e-08
7.803246830917487387e-07
5.407842422755493317e-07
2.644531377882231027e-06
2.110511559294536710e-05
2.287909239839791553e-08
8.694004804965516087e-08
3.270598654125933535e-07
3.921564493793994188e-04
1.599005088337435154e-07
2.246264685368259961e-08
7.630791287738247775e-07
1.503321527707157657e-05
3.430139372539997566e-08
2.202506439061835408e-04
1.386268559144809842e-05
1.963808244909159839e-06
2.070105153961776523e-07
5.334216623964493920e-09
1.071756656756406301e-07
2.002981091209221631e-05
5.542586478668454220e-08
7.022862064332002774e-06
2.643522975631640293e-06
1.085270661860704422e-03
6.797877460940071614e-08
7.260823167598573491e-06
6.326326001726556569e-06
2.716727465212898096e-07
1.775118471414316446e-05
1.640796298829627631e-08
6.744963684468530118e-06
6.312518962658941746e-06
8.094763188637443818e-07
1.137619619839824736e-05
2.193931862848330638e-07
4.324871770222671330e-05
1.046207398758269846e-04
2.797904699036735110e-07
7.808461788272325066e-08
2.774659435544890584e-07
3.537947350196191110e-06
1.391219086599448929e-07
3.689200411827187054e-07
3.510882038426643703e-07
1.426464564246998634e-07
1.907760633912403136e-06
3.282064571976661682e-02
2.968730505870098568e-08
7.832383630557160359e-07
1.267754555556166451e-06
2.955211364508159022e-08
7.682590990043536294e-07
7.008326792856678367e-05
3.687126337581503321e-08
1.910492574097588658e-05
2.634571956150466576e-07
3.395517751414445229e-07
7.202622327895369381e-06
6.036317245161626488e-06
2.736514304046977486e-08
3.739337373076523363e-08
5.783292635896941647e-06
1.467819492972921580e-05
8.158584030582005653e-09
1.346681642644398380e-06
2.061022996713290922e-06
3.960620688303606585e-06
4.842201306587412546e-08
4.660191166294680443e-08
2.900087856687605381e-04
8.152624104695860296e-06
3.825356387210376852e-08
5.313117057426097745e-09
1.042749886437377427e-06
1.091328795155277476e-05
1.852384186349809170e-03
1.894661494361571386e-07
8.121056538357152021e-08
1.859428238049076754e-07
3.477150567476883225e-09
7.612619583596824668e-07
2.052496306248485780e-08
4.291785771215472778e-08
6.071298266761004925e-04
9.116644832829479128e-06
4.586043189647170948e-08
2.272056008223444223e-06
8.778305868872848805e-07
3.957505612106615445e-08
1.973126018128823489e-07
1.793743962252847268e-07
4.778042352882039268e-07
7.931704021757468581e-05
4.975148044650268275e-07
4.209369762975256890e-06
4.356034878583159298e-06
2.506031705706845969e-05
9.692876119515858591e-07
1.497831192409648793e-08
6.688935627607861534e-07
1.076311519909722847e-07
2.189274255215423182e-06
3.662908554247223947e-08
4.988420987501740456e-04
1.279349106653171475e-07
1.069262111741409171e-06
1.491860679436740611e-08
1.229176405104226433e-08
4.905086115059020813e-08
1.523127366453991272e-06
1.632993615885425243e-07
4.845253133680671453e-04
1.385248111773762503e-07
7.039423621790774632e-08
1.745675461961582187e-07
1.038195875935343793e-07
1.175542251985461917e-06
8.625400482742406894e-08
1.186057716040522791e-06
3.808865756127488567e-08
7.883221186943956127e-09
8.226977854519645916e-08
1.366843061987310648e-04
4.517516936175525188e-05
1.532280475657898933e-05
4.046557648962334497e-07
2.870164053092594258e-07
5.992833393975161016e-06
3.942076531870952749e-08
2.934811220711708302e-07
9.281937884964008845e-09
1.728505594655871391e-06
4.662274193378834752e-07
9.407008183188736439e-04
2.361705071507458342e-07
4.652118690273709944e-08
1.997258580743732637e-09
1.587459586005479650e-08
1.176541559289034922e-06
6.336020419439591933e-07
1.648147190280724317e-06
5.653054699905624148e-07
1.218891725329740439e-07
9.256269549950957298e-05
1.647465069254394621e-06
2.955469608423300087e-05
2.038761550693379832e-07
2.526881530684477184e-07
1.399737229803577065e-04
1.355267276181848501e-08
8.526867212310662580e-09
1.717363018542528152e-03
1.936169553573563462e-07
3.679579307913627417e-09
4.238358144448284293e-07
2.202211135227116756e-06
2.309058544369690935e-07
3.075019492371211527e-07
1.169577075188499293e-07
1.509026878920849413e-05
3.732025390945636900e-07
1.169425468106055632e-05
2.019938801822718233e-05
2.914328263159404742e-07
1.970402308870689012e-06
5.297606620047190518e-08
2.554412349127233028e-04
9.754710390552645549e-07
9.138389032159466296e-06
4.726765041596081574e-07
1.723584688306800672e-07
2.587969447631621733e-07
6.425893275263661053e-07
4.241447584263369208e-07
4.849687940122748842e-08
5.019510851411723706e-08
1.598441713213105686e-06
4.970048195218623732e-08
2.242941405938836397e-07
5.760278654065587034e-08
1.537004095553129446e-06
5.993496415612753481e-06
5.072938336070365040e-08
1.555375384043600206e-08
6.348322472149448004e-07
4.354132670414401218e-06
1.282930952584138140e-06
1.019598538931631992e-08
3.031453843505005352e-07
2.071744347631465644e-05
4.905554007450518839e-08
1.360232460001498112e-07
1.780354352831636788e-08
3.950627558424457675e-08
2.711200522753642872e-06
5.709895503969164565e-06
2.144500754752698413e-08
1.796765104700170923e-06
2.151014314222265966e-06
5.831670790712450980e-08
7.987156891431368422e-08
1.843939685386430938e-07
7.143037805690255482e-07
5.796712798655789811e-07
3.360621860792889493e-07
1.685920736349544313e-08
5.112767098580661695e-07
1.301970200984214898e-06
6.264170337999530602e-08
3.138207205211074324e-08
2.577885061327833682e-05
4.870313205174170434e-06
1.687725898591452278e-06
5.978340141155058518e-06
2.697630407055839896e-05
2.768977225287017063e-08
3.560729044949084710e-09
1.542667149578846875e-07
2.675684072528383695e-06
9.117635357824838138e-08
2.986221079481765628e-05
2.589669279018380621e-08
6.885949943580271793e-08
5.522639548871666193e-05
4.537878339760936797e-06
2.722647650443832390e-06
7.890667461651901249e-07
9.366321052084458643e-08
2.204191531518517877e-07
3.052434180972340982e-07
3.459280151218990795e-07
5.390870416732695958e-09
2.394445327809080482e-04
5.860237450860950048e-08
5.179321505011103000e-08
1.904312398437468801e-06
1.169439869386224018e-07
2.429069212439571857e-08
2.566957164162886329e-06
9.026972293213475496e-06
1.977834108402021229e-05
2.005563430884649279e-07
4.072144747624406591e-06
3.037188207599683665e-06
2.044549063384693000e-08
1.756346712511458463e-08
4.466241080081090331e-05
2.572986204540939070e-06
6.016853149048984051e-07
2.856016508303582668e-04
8.141910075210034847e-04
2.394129978711134754e-06
1.335341721642180346e-06
1.209954092473708442e-07
3.530749745550565422e-05
1.641143754227414320e-08
1.718636667646933347e-06
3.705488925334066153e-04
8.361273557966342196e-07
3.113493107775866520e-07
3.487206470254022861e-07
8.170888463610026520e-07
3.842350437821551168e-08
1.215408815369301010e-06
6.004094075251487084e-07
4.464047549390670611e-07
4.464021969852183247e-07
1.672666940066847019e-06
2.344917993468698114e-05
1.839581926788014243e-07
2.406266297327874781e-08
7.846531957511615474e-08
2.892348049954307498e-08
5.046890549920135527e-08
1.781375317477795761e-06
6.209864977790857665e-08
7.545426342403516173e-06
1.116388148147962056e-06
2.765326598819228821e-07
2.182283793672468164e-07
5.658950499309867155e-07
1.981846435228362679e-05
9.815965995585429482e-07
1.077244036196134402e-07
1.682595349848270416e-03
6.326431503111962229e-07
1.503942286262827110e-07
2.957949618576094508e-06
2.554792445152997971e-06
5.473404962685890496e-05
6.733006739523261786e-05
5.136656909598968923e-05
2.527826582081615925e-04
3.198542617610655725e-05
5.295462415233487263e-07
1.024247264780342448e-08
8.356457747993317753e-09
3.938114332413533702e-07
5.219637273512489628e-07
6.062997499611810781e-07
1.534052440632649450e-09
1.470038313300392474e-07
1.548466831445693970e-02
1.533031081635272130e-06
4.063077736645936966e-03
1.974897401169073419e-07
4.729312479412328685e-07
3.424112193783912517e-08
7.256606693317735335e-08
1.199841790366917849e-06
1.013137804761754523e-07
1.106135414374875836e-07
5.152206128400393936e-08
7.639919203938916326e-06
1.164960053756658453e-06
8.104143489617854357e-08
9.636794857215136290e-06
1.236925254488596693e-05
9.389971467044233577e-09
4.389523746795020998e-05
2.885990113554726122e-07
3.309659462047420675e-07
3.540558282111305743e-07
1.175089437310816720e-06
7.479834494006354362e-06
8.869757550655776868e-08
5.008465109312965069e-08
1.090687305804749485e-06
9.022453895113358158e-08
9.534752462059259415e-04
1.287355416934587993e-06
7.001658808292177127e-09
1.552567852058928111e-07
2.785949693162592666e-09
1.742266597659636318e-08
4.125479335925774649e-07
3.368058969499543309e-07
6.041079814167460427e-06
3.902064520389103564e-07
1.526678715890739113e-06
3.409039450730233511e-08
1.343996882496867329e-05
1.059230908140307292e-05
3.767887756112031639e-05
1.254378734216743396e-08
1.664413957769284025e-07
6.760403152838989627e-07
4.222019356348027941e-07
2.544729213695973158e-04
2.669734833204984170e-08
1.974792098735633772e-07
2.904636460243636975e-07
3.884957688882195725e-09
7.182920569448469905e-08
1.101885427345905555e-08
4.137995901487556694e-08
6.910910599344788352e-08
5.006509127269964665e-07
3.796022156166145578e-06
2.410234003491495969e-07
4.088462617346522165e-07
1.385196719638770446e-05
1.257714984603808261e-06
2.147410960162687843e-08
7.690331038645581430e-09
1.708753370621707290e-05
4.739898486150195822e-06
4.737584731628885493e-06
6.080334787839092314e-05
2.567202841419202741e-07
5.261746949258849781e-08
5.250748813523387071e-08
1.253946351198464981e-07
3.755376098979468225e-08
6.978081614761322271e-07
1.868995809672924224e-06
3.415479795876308344e-06
1.184687152999686077e-05
1.401287818225682713e-06
4.602243279805406928e-07
4.027129307360155508e-06
2.509136975277215242e-04
4.596732196660013869e-06
2.129812912698980654e-07
5.492228449810454549e-09
2.604294195407419465e-06
1.891100964712677523e-06
1.922091570349948597e-07
4.909265499009052292e-06
1.085504572984063998e-05
1.244601008920653840e-07
6.456447181335533969e-07
9.486186769436244504e-08
4.624766006600111723e-05
9.244809007213916630e-07
1.497265600391983753e-08
8.775225524004781619e-07
8.680094509827540605e-08
8.073218850768171251e-06
9.390021205035736784e-08
1.042327858158387244e-05
7.212781127918788115e-08
6.539547126038769420e-09
8.572102956350136083e-07
5.286362920742249116e-06
4.722373887489084154e-06
3.149118972942233086e-03
3.433895471971482038e-05
4.040954024731036043e-07
1.668225380058174778e-08
1.390458947980732773e-07
6.770730251446366310e-04
6.878923954900528770e-07
1.133323213053927248e-08
1.396594910829662695e-07
2.728526305872946978e-04
1.428538780601229519e-06
3.505332912823178049e-08
1.305475780100096017e-05
5.960933776805177331e-05
5.754444600825081579e-07
1.191725186799885705e-05
1.014921144815161824e-05
9.482957466389052570e-06
4.499741805830126395e-07
3.814646333921700716e-04
1.844694281771808164e-07
1.398698941557086073e-06
4.524719770415686071e-06
1.343573330814251676e-06
3.835658390016760677e-06
2.343929708104042220e-07
4.347431215023789264e-08
3.471667150733992457e-05
1.765947956755553605e-07
8.858796363142573682e-09
7.877148711088466371e-09
4.964449090039124712e-06
8.051754889493167866e-07
4.035641268274048343e-06
3.190564939359319396e-06
3.071470189297542674e-07
4.107095890049095033e-07
1.718146513951523957e-08
1.073630301107186824e-06
7.094485710013032076e-08
5.746038027609756682e-07
5.750234777224250138e-06
1.421350020791578572e-06
2.217743940491345711e-06
4.187022568657994270e-07
1.224265133714652620e-06
9.456456609768792987e-05
2.406214916845783591e-04
1.341843358204641845e-06
3.097200362844887422e-08
2.260137534904060885e-06
1.393758338963380083e-05
2.971296908071963117e-06
1.023680015350691974e-04
1.651282036618795246e-05
3.209282226634968538e-07
2.253306320199044421e-06
6.837966793682426214e-05
9.200282846677509951e-08
2.923904103226959705e-04
4.665932465286459774e-06
1.354307414658251218e-06
1.414456960446841549e-07
5.063539560978824738e-07
1.296653208555653691e-04
4.893881396128563210e-06
8.827404599287547171e-06
3.167103614032384939e-06
4.338955113780684769e-05
1.426995197562064277e-07
8.640195403586403700e-08
7.069910878954033251e-09
1.478382358754970483e-07
1.276401095928747509e-09
1.603392796312164137e-08
6.832744929852196947e-07
2.458443077557603829e-06
1.263554054276028182e-06
1.970365701708942652e-05
2.600500579319486860e-07
6.240380571398418397e-06
4.903345995899144327e-08
1.493799004492757376e-07
4.626755298886564560e-07
1.214107396663166583e-05
4.099684076663834276e-07
2.687723110739170806e-07
1.760067675604659598e-06
2.327785892930478440e-07
1.957486261972007924e-08
1.781839031878007518e-08
8.481852091790642589e-06
3.172474214807152748e-03
1.162459811894223094e-04
6.445551434808294289e-07
4.301815295093547320e-07
1.344623797194799408e-05
1.700108214208739810e-06
1.482650731077228556e-07
6.106397631810978055e-05
1.051569415722042322e-05
4.026551323477178812e-07
1.172729557907814524e-08
1.066147703454589646e-07
1.579889996605743363e-08
4.847485080006208591e-09
1.199873200796730544e-09
1.688800637111853575e-07
3.297493478271462664e-08
3.285842353761836421e-07
6.358182957910685218e-08
3.251853675223514983e-09
1.745051179113943363e-07
2.897498463383385570e-09
3.242597585995099507e-07
3.100491197116639341e-09
8.574482490075752139e-05
6.484746073454061843e-09
3.781568480576424918e-08
1.326691023706416672e-08
2.567924006768862455e-08
8.827070629990885209e-09
6.749145597950700903e-08
7.714773886391412816e-08
2.537973955440975260e-07
2.663717602047199762e-08
2.003584711474104552e-07
6.975509592166417860e-08
3.582375143196259160e-07
8.327579621436598245e-07
3.162475081808224786e-07
3.909912891231215326e-07
2.465806581142260256e-08
8.232102999272683519e-08
4.208229142932395916e-08
6.693520049338985700e-08
1.552350141764691216e-07
4.853766721879537727e-09
4.187967078905785456e-06
1.847985089398207492e-07
1.874212962604815402e-08
4.772151740439767309e-08
3.430865547215944389e-08
2.826995082472194554e-09
1.837310392716062779e-08
2.102986229601810919e-08
4.433407241322129266e-07
1.008948835590217641e-08
2.930831328740168829e-07
2.021680671759895631e-07
5.894105881452560425e-03
2.854905460480949841e-06
2.934722229838371277e-03
3.738850864465348423e-05
5.525508313439786434e-04
2.536619603633880615e-01
7.537403726018965244e-04
1.962215173989534378e-04
6.491454839706420898e-01
8.994529023766517639e-03
9.412383406015578657e-06
2.215717671560923918e-07
8.792250838496329379e-08
3.290917049980635056e-07
2.022575608862098306e-05
1.293814648306579329e-06
6.537040242449165817e-09
3.900345575402752729e-07
7.273733615420496790e-08
2.730945780626825581e-08
2.133244265678513329e-07
1.016814081822303706e-07
6.421261300459946142e-09
1.398066729052516166e-08
1.621136291873881419e-08
2.059975713564199395e-06
1.746400585034280084e-06
1.581665820538091793e-08
2.305822818016167730e-06
1.959425901532085845e-07
