6.829033782906890337e-09
6.747546166252504918e-08
2.157286189685692079e-07
1.362373268420924433e-06
2.923665306298062205e-06
2.001657776418142021e-06
1.721344119687273633e-06
9.878759783532586880e-07
1.580869763984082965e-07
3.530909395976777887e-07
2.271641008633196179e-08
2.404788688181724865e-07
1.334140051767462865e-07
2.853457248264135160e-09
6.256418316752387909e-08
2.466007664736480365e-08
1.116620325092299026e-07
1.168506802429192248e-08
2.408147636856483587e-08
4.351168314542519511e-09
3.874026432981736434e-09
2.455119485489376530e-08
2.627927031539911695e-08
3.297949717762094224e-07
1.995269949262024056e-09
1.187990683604311926e-08
8.272526552666192856e-10
5.199399133459792210e-09
4.023572308664569164e-10
4.712389056749088923e-08
5.521427937082989956e-08
1.083013501101959264e-08
1.390611537033237255e-08
8.111353963613510132e-06
1.892048999252438080e-06
6.525563644999010648e-09
2.035273496403533500e-07
5.128954150279696478e-09
3.167135176340707403e-08
7.691938662901520729e-06
1.418582584733485419e-08
1.680439112305975868e-07
2.753912475839115359e-08
3.465720794793014647e-07
8.847669619171938393e-08
1.837232410650813108e-08
1.788064984964421456e-08
3.481543942029929894e-08
3.073330745451130497e-08
8.658944672390589403e-09
1.469969568290707684e-08
5.538641900670882023e-08
2.669136467403632196e-09
2.602913440341581008e-09
1.088239809377000711e-08
4.416065735313168261e-09
4.774195705437023207e-09
1.374724956093587025e-08
4.349992366314836545e-08
2.310585145437471510e-08
2.347925232015768415e-08
2.159839773696603515e-08
6.070327884799553431e-08
1.491293843969287991e-08
4.430661615373310269e-09
4.123614871787140146e-06
7.633921228489271016e-08
3.882328059034989565e-08
1.623028822450578446e-08
2.517452735162351019e-08
1.272629501780642158e-10
1.031818896990444046e-07
2.783055030874947988e-08
8.488279945595422760e-08
1.222826426783285569e-07
8.167969411942976876e-09
7.375068378223659238e-08
1.933761417660662119e-08
1.983178208320168778e-07
8.920353877783782082e-08
4.025539457330751247e-09
1.445246144982093028e-08
5.840168793014299808e-09
7.763586751252660179e-08
1.488032008722939281e-08
1.204533219834047486e-07
3.306163876004575286e-08
6.714640932159454678e-08
7.315481980185722932e-07
7.728099404857857735e-08
5.688076143428588693e-08
4.098575256961112245e-09
4.541486305242870003e-06
4.493632577151629448e-09
8.584521538068656810e-08
1.481151112869838471e-08
1.513925553808803670e-07
3.483144439542229520e-08
3.987941710192899336e-08
7.240023247589988387e-09
3.314904688522801735e-07
1.948953887165316701e-08
1.715192254891917401e-08
2.810434995836885719e-09
4.323712587961381359e-08
5.863666885375096172e-08
3.702431428109775879e-08
2.182384690740946098e-07
2.588434711014997447e-07
4.721590585177182220e-07
7.977906335554507677e-09
2.388919639884079515e-08
6.479081639554351568e-05
4.607741743711812887e-08
3.426840144982179481e-09
3.347440014067615266e-08
1.611845101834319394e-09
3.734088238616095623e-07
9.607746505935210735e-06
2.320962721569230780e-06
1.215181691804900765e-05
2.485973311650013784e-07
3.069010972467367537e-06
2.327834636162151583e-06
3.391920131434744690e-07
7.843203206903126556e-07
1.127816986468133109e-07
2.026634149387973594e-08
4.316626345257645880e-08
9.206835471786689595e-08
2.077922971466250601e-07
3.685170213429955766e-08
1.436448542335710954e-07
1.915838332422481471e-08
2.656830844216528931e-08
5.268108616007793898e-09
4.846687033932539634e-07
2.161310952430994803e-08
1.758756162928420963e-08
3.112090496415476082e-07
1.711962340777972713e-07
4.007765674884922191e-09
4.239362194624618496e-09
1.444728127353300806e-06
1.727619019220583141e-05
4.652340805932908552e-07
2.817216113726317417e-07
7.167388389461848419e-07
1.281641885952922166e-07
1.035724608300370164e-06
1.441768199583748356e-05
2.058927975667756982e-06
4.738135999104997609e-07
1.535640024030726636e-07
1.870063783826481085e-07
1.744395831337897107e-06
4.045897640025941655e-06
8.113717626656580251e-07
2.431062000596284634e-07
1.239461766999738757e-06
2.358421170356450602e-06
5.810954917251365259e-06
1.060334511748806108e-06
5.661565296577464323e-07
7.569490776404563803e-07
5.528100928131607361e-07
3.347374786244472489e-07
2.435777730624977266e-07
1.143008034887316171e-06
1.222231389874650631e-06
6.234661213966319337e-06
9.508735274721402675e-06
5.003459591534920037e-06
6.574622602784074843e-06
6.697284504753042711e-08
1.977510493134104763e-07
7.620123142260126770e-06
1.295991069127921946e-06
3.262819518567994237e-06
1.765512678275626968e-07
3.121986367204954149e-07
4.606237098414567299e-07
4.079105906384938862e-07
9.058700243258499540e-07
1.543027792649809271e-06
4.184282431651809020e-07
1.134684879389169510e-07
4.638173436433135066e-07
2.997923274961067364e-06
1.645586280574207194e-06
5.234958848632231820e-07
1.755143898662936408e-06
6.589860390704416204e-07
1.021165303427551407e-07
1.025217741812411987e-07
1.140612425842846278e-06
1.284476525142963510e-06
2.262900267169243307e-07
4.244694764565792866e-07
1.650027343202964403e-06
1.308270469735361985e-07
2.151506635073019424e-07
4.759128387377131730e-06
3.094447492912877351e-06
2.362604902828024933e-07
1.196831505012596608e-07
3.748263281977415318e-07
5.813321877212729305e-06
1.191929641208844259e-06
2.480007651683990844e-06
1.292093884330824949e-06
3.309014289243350504e-07
4.581237135425908491e-06
8.201424748222052585e-07
4.670219766467198497e-07
1.502722398072364740e-06
1.445081494466649019e-07
4.011018063465598971e-06
4.266045152689912356e-07
5.992684464217745699e-07
1.045232949081764673e-07
4.796909820470318664e-07
1.654163156672439072e-06
7.741148692730348557e-06
2.734124961989436997e-07
2.354363743961584987e-07
6.926264290996186901e-07
2.865342594304820523e-06
2.998264676534745377e-07
1.138410766543529462e-06
3.898774423305439996e-07
5.042574571234581526e-07
4.061475351591070648e-07
9.141408696677899570e-08
1.924706509726092918e-07
4.538233042694628239e-07
5.864609420314081945e-07
6.022433041152908118e-08
1.722675960991182365e-06
6.627227548960945569e-07
9.615555285336085944e-08
1.982758419671881711e-07
5.142133545632532332e-07
1.509925766640662914e-07
2.271326025038433727e-07
1.458008796362264547e-06
9.287482498621102422e-06
1.930763346535968594e-06
3.320122050354257226e-05
2.140717469956143759e-06
1.876686656032688916e-05
1.293443165195640177e-05
4.992201496634152136e-08
9.343210876977536827e-06
4.037483449792489409e-06
2.958538800612586783e-07
4.061492745677242056e-06
9.737677828525193036e-07
9.776899787539150566e-07
4.027601789857726544e-07
1.034791097254128545e-07
6.943979258267063415e-08
1.621866232426327770e-07
1.739332560646289494e-06
7.120399914128938690e-07
5.295707410368777346e-07
5.694890319318801630e-07
5.654071060234855395e-07
1.172704287455417216e-06
3.097735259416367626e-07
6.433864285781965009e-08
2.428123124786907283e-08
6.649780459611065453e-08
5.584922746493248269e-07
8.211832991378287261e-09
2.215923728954294347e-07
4.756202187650160340e-08
7.098651622072793543e-08
1.754440681622781995e-08
6.004480468391193426e-09
3.954560767738257709e-08
1.691902866696182173e-07
1.114922056899558811e-07
2.014094668822963285e-08
3.320142027973815857e-08
1.576738242192732287e-07
3.641498436124379623e-09
9.797913591569340497e-10
4.394857366918358821e-09
1.332708166046359111e-09
6.048109235656795590e-10
2.576580948598916621e-09
3.847929974654107355e-08
1.547875250196284469e-08
3.017614602640605881e-08
5.869997821150718664e-09
6.869745305948526948e-08
6.246110850760544508e-10
3.786597702060134907e-08
2.800070717512426199e-07
4.202612302606212324e-08
2.854748615277458157e-08
1.385612780069322980e-08
1.329216274825739674e-07
5.037815942188217377e-09
1.553737027926160863e-09
6.857439416307897773e-08
8.687497832227109029e-09
1.118577586112223798e-08
1.624136984901269898e-07
1.423602611794194672e-06
2.858689356344257249e-07
1.090327401698232279e-07
4.117610430398599419e-08
3.787664866194973001e-07
3.474576715234434232e-07
7.531022561124700587e-08
1.352061303805385251e-06
9.747260776293842355e-08
1.614977804820227902e-07
1.275116972010437166e-07
1.546677879105118336e-07
2.109404917405299784e-08
6.514623152042986476e-08
2.213392313876738626e-08
9.785541266182917752e-08
8.946546614652106655e-09
4.128675300307804719e-06
8.898449976868505473e-08
3.740883514069537341e-08
4.451052149079259834e-08
4.118497543004195904e-08
7.701630444501006423e-09
1.190896270486518915e-07
5.195248320433165645e-08
8.426300546204856801e-09
1.997834075950777333e-08
7.719908268200015300e-08
2.767466078523739270e-08
7.806094117768225260e-07
1.648350689720246010e-06
9.962841431843116879e-07
9.790581856350399903e-08
1.535537563768230029e-07
1.457778675550969183e-09
1.262733803741866723e-05
1.240635924659727607e-06
1.475629929359456582e-08
1.343839812761871144e-07
3.505965082695183810e-07
3.116566631433670409e-07
2.981228419685066910e-07
6.357691972880274989e-07
1.696244908089283854e-06
1.567366598465014249e-05
2.224006857431959361e-05
5.806982628087098419e-08
1.506184155175560591e-08
3.705101647710762336e-08
3.349132526864195825e-08
1.220669165746812723e-08
6.082172632204674301e-08
9.430603853388674906e-09
1.274624565894555417e-07
4.960388082508870866e-07
1.521791546110762283e-07
3.326650510615536405e-09
1.802624383095974281e-09
7.471413709936314262e-09
2.442769542199130228e-08
1.626204393367913781e-09
6.163452326291007921e-08
2.661386417912581237e-07
5.802908020768882125e-08
6.293184640071558533e-08
1.372759772522158528e-08
2.085358374870338594e-08
2.247217967266124106e-09
3.343451737691793824e-08
4.355901417341101478e-09
5.193296459538032650e-08
4.509347206749225734e-08
1.816441219659736817e-08
8.783890592667376040e-08
2.610566696148453047e-08
2.924341231391736073e-07
1.866799266281304881e-07
3.323644470754061331e-09
4.039468315397698461e-09
1.699788185760553461e-06
7.323526318714357330e-08
3.542141868706494279e-08
3.989100321177829755e-07
2.655690600761317910e-08
3.052345505238918122e-07
2.330803710037798737e-07
3.953548457502620295e-07
1.035404082472268783e-07
2.023127265715629619e-08
1.636961144413362490e-07
2.352412309392093448e-08
1.097231194790992959e-08
1.107939606725949488e-08
3.519121491990517825e-06
7.583038836855848785e-07
3.265742634539492428e-06
2.225558937141158822e-08
3.145697064610430971e-06
7.687872312089893967e-07
5.718676732158201048e-08
8.964573083858340397e-08
6.047146428045380162e-08
5.122997663420392200e-06
4.251172356362076243e-07
1.609650013278951519e-07
9.620733862902852707e-07
6.778828520737079089e-08
1.294950288865948096e-05
1.819541139980174194e-08
3.712715681558620417e-07
2.434869657008675858e-07
1.412695041835831944e-06
5.837679850628774147e-07
1.351530727333738469e-07
2.442107142996974289e-05
1.804401250637965859e-07
8.947900198563729646e-08
8.033863991840917151e-07
3.041244326595915481e-06
6.900119586816799711e-08
1.425811735344950648e-08
7.646375976833041932e-09
3.629538980476354482e-08
1.806728541851043701e-04
1.380982553200738039e-06
2.553157685269979993e-07
1.493359604864963330e-07
5.988977849483489990e-03
1.121966430872589626e-08
4.348109541751910001e-06
1.821867101625684882e-07
3.784851969612645917e-07
1.789037355592881795e-06
6.718715184206303093e-08
4.987139163858955726e-06
3.828214539680629969e-04
1.915346103942283662e-07
3.155319063807837665e-07
1.372353324313735357e-07
2.218501322204247117e-05
3.485887987153546419e-07
8.196518308523081942e-08
2.781689829589595320e-07
3.802287906751189439e-08
8.523103645075025270e-08
4.315594548387480245e-09
2.112118527293205261e-04
2.367990418861154467e-06
1.397640119193965802e-07
1.377666194457560778e-06
1.380998437525704503e-04
3.312399954324973805e-08
2.036241539826733060e-06
1.649121986702084541e-05
1.069292636657337425e-07
1.354654077800887535e-08
4.112529872202230763e-09
1.182007309807886486e-07
2.252595407981061726e-07
8.939831275256437948e-08
1.091702415578765795e-06
3.645209858404996339e-07
2.524363480915781111e-05
1.593388674336893018e-07
1.341233613061376673e-08
3.296987358680780744e-07
3.435164762777276337e-05
2.671846175417158520e-07
3.197308728886127938e-07
1.688393922449904494e-07
9.130736543738748878e-06
5.280655912542897568e-08
4.633944428178438102e-08
4.194782547983777476e-07
6.293519139289855957e-01
1.692237638906135544e-08
2.789298125804862138e-09
1.123978350392462744e-07
1.611859829608874861e-06
1.132096713263308629e-06
2.369957172732028994e-07
8.025444486747801420e-08
4.452138924193604907e-08
6.350798287257930497e-08
2.644253811467933701e-07
1.174562314076865732e-08
2.354468087162331358e-08
6.786619906051782891e-07
1.460791054341825657e-06
1.105135325474293495e-07
4.739448655755040818e-08
3.160601522722572554e-07
1.013199195654124196e-07
1.002888794232603686e-07
7.477041918946270016e-08
1.831932223694821005e-07
5.049297442383249290e-07
5.386746604330028276e-09
5.523124002593249315e-08
4.836058451473945752e-07
2.741625394264701754e-06
1.781519642918283353e-07
4.167242195762810297e-07
6.182571041790652089e-07
2.637286797835258767e-06
7.334476208598061930e-07
3.012915783529024338e-08
9.205237802234478295e-06
5.985887128190370277e-07
2.406939891841375356e-08
1.475765110114934942e-08
5.723933327317354269e-09
3.184201432304689661e-06
4.655760221794480458e-06
6.342482095078594284e-08
9.280518611376464833e-07
1.886826055397250457e-07
3.294512040952213283e-08
1.101273028325522318e-07
5.613559892481134739e-07
8.408218832300917711e-08
1.128831161878451894e-08
2.049402212378481636e-07
6.705666244499752793e-09
1.420070816493534949e-07
5.429854788019383705e-09
1.609521132195368409e-05
1.287240593228489161e-04
3.068204819101083558e-07
1.074897610919833824e-07
6.391447186615550891e-06
1.702533040770504158e-06
1.450004276648542145e-07
3.491467452931829030e-07
6.641577101618167944e-07
1.222361163399909856e-07
5.143170866972468502e-08
1.218866074736979499e-08
1.318957743023929652e-07
4.718738821907209058e-08
5.090367016791219612e-10
1.116878589613179429e-08
6.266274681365757715e-07
2.384248034559277585e-07
4.794645747097092681e-07
5.917893304285826162e-07
4.047792501182811975e-08
1.009558211080729961e-03
3.548003064679505769e-07
9.850062269833870232e-06
5.293833815755988326e-09
1.163229370604312862e-07
6.951380782993510365e-06
1.650031755673353473e-08
8.169890008957736427e-08
1.202604806849194574e-07
4.198270175947982352e-08
2.546650446078047025e-09
7.507516386340284953e-08
4.159071238518663449e-07
1.687680821760295657e-07
1.466883190914813895e-06
1.190769705061711647e-08
3.496365650335064856e-07
1.224427421675500227e-07
1.576997647134703584e-06
2.891875283239642158e-06
9.611123914510244504e-07
9.342693374492228031e-08
9.443618296245404053e-07
1.291873186204384183e-08
1.506060812062059995e-06
9.656620250098058023e-07
6.202810141076042783e-07
4.754732430001240573e-08
8.922047811665834161e-08
9.508858056506142020e-07
3.316028340805132757e-08
1.862585804701666348e-06
8.894987502117146505e-08
8.498092007869217923e-09
3.698424393405730370e-07
1.199996324530161473e-09
3.436869988604485116e-08
5.192347884985792916e-07
5.726478207179752644e-07
1.913778760354034603e-06
3.149220617615355877e-08
4.040720966713706730e-07
1.814240135900035966e-07
2.817655513354111463e-06
1.006231400424439926e-07
3.867224052100937115e-07
1.700390384939964861e-05
7.726374917638167972e-08
4.801777464535916806e-08
1.302511520862026373e-07
3.997153719126345095e-09
2.387940185144543648e-06
5.123339633428258821e-06
1.871077017767674988e-07
8.872346484167792369e-07
2.424711169624060858e-07
4.701900202519482264e-09
4.386585672477849585e-08
3.608272436395054683e-08
1.863915895228274167e-05
2.300933061860632733e-07
3.877140741792572953e-08
1.114936907242736197e-07
4.792006080833743908e-08
1.157877989044209244e-07
1.426976137253177512e-08
9.430078051764212432e-08
5.393187052504799794e-07
1.656329732213634998e-05
8.082309363999229390e-07
1.573312005120897084e-07
3.841729721898445860e-06
5.398927882538373524e-08
9.460312533349224395e-09
1.320627944778607343e-07
1.850396813551924424e-07
1.803341547201853245e-07
1.085498837483100942e-07
2.925192177372082369e-07
3.547909699364026892e-08
9.172733683726619347e-08
1.920188224175944924e-04
3.351078776177018881e-04
4.804606046349135795e-09
3.846596428047632799e-07
3.847069649509649025e-07
1.608356541282773833e-07
6.545478186126274522e-07
3.518129960866644979e-05
6.448170552175724879e-06
1.245454850362648358e-08
1.476818134449331410e-08
3.628336457950354088e-07
3.153584415827026532e-08
6.924351936277162167e-08
3.065176088057341985e-06
3.545009690242295619e-07
1.290840032197593246e-06
4.475431012451736024e-07
1.591538193679298274e-06
1.084422819985775277e-05
7.009699931614932211e-09
6.223046966624679044e-08
1.261672650798573159e-06
3.179361129923563567e-08
1.255943971045780927e-08
2.211207714708507410e-07
3.391976861166767776e-06
6.350342118821572512e-07
7.019804826313702506e-08
3.283285252564382972e-07
1.401442091264470946e-06
1.893969603372624988e-08
4.180496944172773510e-07
1.356071607006015256e-05
3.588639629015233368e-06
6.214492032086127438e-09
2.764282726275268942e-06
3.152846659304486820e-07
1.723074234405430616e-07
3.192018027675658232e-08
1.099156179407145828e-06
3.142386262311447354e-08
1.003393919063455542e-07
2.347503027522179764e-07
2.768592385109513998e-04
5.862682783686068433e-08
2.607187887804229831e-08
6.215796322095457072e-09
9.019157864997850993e-09
1.919970848973662214e-09
9.455499849764237297e-08
3.450808705451891001e-08
2.321291867701802403e-05
1.586365527828093036e-07
5.274113235032018565e-08
1.484935455664526671e-05
1.227031361850094981e-06
2.580783871053426992e-07
3.606796781241428107e-06
7.270214297250277014e-08
1.932712393681867979e-06
1.074362572239806468e-07
3.279173199643992120e-07
1.511557493358850479e-04
2.970729156004381366e-06
8.417193839704850689e-07
8.657600005790300202e-07
4.275907983242177579e-08
1.032949330692645162e-05
2.763656254956003977e-07
1.359698103442497086e-06
3.776659980303520570e-07
3.969107353896106360e-08
1.311216468735665330e-08
2.675334176416299670e-09
1.410497389997544815e-07
2.612329907947241736e-08
8.123213746102919686e-08
1.753200922394171357e-05
5.242452516540652141e-07
1.672018697718158364e-04
9.621490448807890061e-08
1.111467984316050206e-08
3.551882628016755916e-07
1.597963716903905151e-08
1.311626147071365267e-05
1.884991615952458233e-05
4.468524039680232818e-08
9.068094719566488493e-09
1.039476842379372101e-06
2.977337317133788019e-06
1.432162974879247486e-07
1.569543769619485829e-06
2.043001768470276147e-05
9.930010591574500722e-09
4.782831820193678141e-04
1.292297113764107053e-08
1.919665493232969311e-07
1.106947934204072226e-06
1.118960213375430612e-07
8.295947964143124409e-07
6.130261454018182121e-08
3.030320883112835872e-08
2.106265029055975901e-08
1.178050581529532792e-07
3.709521223527190159e-08
4.621172593033406883e-06
3.195726572258195120e-09
8.578881494081258552e-10
6.260118823320226511e-08
3.117819247222541890e-08
2.527467358959256671e-06
1.427665665687527508e-07
3.139021487186255399e-07
2.199858073481664178e-07
1.548639971815646277e-08
7.384210931604684447e-08
4.125432084833846602e-08
2.653486887993494747e-07
2.355508058826671913e-06
3.580679504011641257e-07
1.310131469978159657e-08
1.359222920882530161e-07
1.023912776787483381e-08
6.728991866111755371e-05
2.331213799777742679e-08
2.324768502148799598e-06
6.675534223177237436e-06
1.749441835841025750e-08
6.404467001175362384e-08
3.466868179202720057e-07
9.887057927926434786e-08
5.202358011047181208e-08
3.056196362649643561e-07
4.396274562168400735e-07
1.485003853218813674e-08
6.680147635051980615e-07
1.138510182499885559e-03
4.464254175218229648e-07
3.586198431548837107e-07
4.662367203422945749e-08
9.110165422043792205e-08
1.310841616941615939e-04
4.580440133850061102e-07
6.619312671318766661e-07
2.140802450867340667e-07
1.198827792592283004e-08
5.537585323622806754e-08
2.693359135719219921e-07
3.712616489792708308e-07
2.532034386604209431e-06
2.660532594234155113e-08
9.308284631970309420e-08
9.282103405894304160e-07
1.530757117507164367e-06
1.189154161806982302e-07
1.205202579512842931e-06
7.249282498378306627e-05
4.602978833645465784e-07
5.751364255957014393e-07
6.561959420281482380e-09
2.869415425266197417e-07
5.115620638207474258e-08
5.336505128070712090e-04
2.484523247403558344e-05
4.523664642874791753e-08
1.679379302288452891e-08
9.721291007735999301e-07
3.900234332832042128e-06
4.317925288432888919e-07
6.903852863615611568e-06
4.861744429263126221e-08
4.339219472626609786e-08
4.536166997581858595e-08
3.642766728262358811e-07
2.162391332660718035e-08
1.093802893592510372e-05
8.626737724171107402e-08
5.904980326931763557e-08
4.772010697706718929e-07
1.260692954474507133e-07
2.510146828171855304e-07
3.649014423956487008e-09
1.022385731630492955e-06
1.370942118228413165e-05
4.218752902573896790e-09
2.058536239246677724e-07
2.078941889749330585e-07
9.422477020848418761e-09
4.135981512831676810e-08
3.319211572261338006e-08
1.652892933634575456e-07
2.365094042033888400e-05
1.277890220308108837e-07
8.821644587442278862e-04
4.782432370120659471e-06
1.341495931228564586e-06
3.262545760662760586e-06
5.223681455390760675e-06
2.913074240495916456e-05
6.724507693434134126e-05
2.076078828849858837e-07
8.275774803223612253e-07
2.326799517504696269e-07
9.888831991702318192e-04
2.562988129284349270e-06
2.408711452517309226e-07
3.602516329692662111e-08
7.896132814266820787e-08
4.968493954038422089e-07
5.530081281790444336e-08
4.224843053179938579e-08
3.179330931857293763e-08
1.146705562860006467e-05
2.488112897935934598e-07
1.976429530259338208e-06
2.280711584035088890e-07
2.585377956165757496e-07
9.141335794993210584e-07
2.668068610489626735e-08
3.678911184579192195e-07
1.725058922374955728e-07
2.802713083838170860e-07
4.250467497968202224e-07
1.728294449776512920e-07
3.138523425150196999e-06
7.537396129464468686e-08
4.426539987889555050e-07
6.180306968417426106e-07
8.042749186643050052e-07
9.409789072378771380e-07
4.373869799678686832e-08
1.717492182251589838e-06
1.783741870895028114e-03
7.354388458225002978e-07
5.557669283007271588e-06
4.982013734888823819e-08
1.523393848401610740e-06
7.210608146124286577e-07
1.704064089835810591e-07
2.884505745370802288e-09
2.152184060832951218e-05
1.073560042641474865e-06
5.141599217495240737e-07
1.299077752037192113e-07
2.091492845579523419e-08
2.279076483091557748e-07
5.010629244850406394e-09
2.622310262268001679e-07
1.089071020032861270e-07
1.941490097578935092e-07
1.122669317510371911e-07
8.484553836751729250e-05
1.144800432228976206e-08
2.671342969051693217e-08
3.579311780299576640e-08
3.762829692277591676e-07
1.926571485455497168e-06
6.309662126113835257e-08
2.649418604505626718e-07
1.282049652218120173e-06
5.049314211191813229e-08
2.467826561769470572e-06
9.328714467571330715e-10
3.295252497537148884e-07
6.579041382792638615e-07
1.612473994327956461e-07
2.936587861768202856e-07
4.529719319634750718e-07
6.965295540339866420e-08
5.774248847956187092e-07
2.036094404189725537e-09
3.904979095636917918e-08
3.003318909122754121e-07
3.683148293021076825e-07
5.474655772559344769e-04
1.482906809542328119e-04
1.803653844945074525e-06
6.683445917587960139e-06
4.878806407759839203e-07
7.606538332538548275e-08
8.614887292424100451e-07
8.105136828362446977e-08
2.762769781838869676e-06
1.982164432590138858e-09
5.741847530771337915e-08
1.792162152014498133e-08
3.360411726660572640e-09
1.257692561207335302e-10
1.458955889432900221e-08
1.348493583464005496e-07
2.683057391550391912e-04
9.238049614168630796e-08
1.608949240505808120e-08
1.013715333897380333e-07
2.919767005948870064e-08
6.614197900489671156e-08
4.513853735232942199e-09
3.794984593241679249e-08
4.840239320458294969e-09
9.791921939950043452e-09
1.220119916212070166e-08
1.502662771990515012e-09
9.341569739973465403e-10
1.581447195420082608e-09
2.581826308301060635e-08
3.988733254800536088e-08
2.298158552349605088e-09
6.138521513321393286e-08
1.481871123587552574e-07
5.843414285777726036e-08
1.249232184363791021e-07
7.612997166006607586e-08
7.038705618356289051e-09
2.390601672175307613e-08
2.572441530901414808e-07
1.635719740988861304e-06
3.792502667465669219e-08
4.550254395496722282e-09
5.053878648908494142e-09
3.361847973337717121e-07
4.847796830631523335e-09
1.316599540501783849e-08
2.694364731326004403e-08
2.712033042584494069e-09
6.344148761883161569e-09
2.156467227010239185e-09
1.633208412954445521e-08
3.280234750491217710e-08
6.802630903024464715e-09
4.126756323330482701e-07
2.903694529265976598e-08
5.169373616809025407e-05
9.231096669282123912e-07
6.273982580751180649e-05
1.302421587752178311e-04
1.872522989287972450e-05
1.584654091857373714e-03
5.725184455513954163e-04
2.172116190195083618e-02
3.287829160690307617e-01
7.629350875504314899e-06
4.807308414456201717e-06
6.554306963835188071e-08
3.061220610334203229e-08
9.474053968006046489e-07
1.420397381934890291e-07
2.758280714942884515e-08
5.493200117001606486e-09
1.939771664183354005e-06
8.259220862782967743e-08
1.312523210117433337e-07
1.952943051719557843e-08
5.613501663503939199e-09
3.946861681924929144e-07
3.707786078166463994e-09
1.208251632078827242e-07
1.958813982128049247e-07
5.885232745583834912e-09
7.466769424979702308e-09
1.560168811920448206e-06
1.966436435907326086e-08
