8.196419912565033883e-06
2.263245505673694424e-06
7.577081760246073827e-06
2.770409082586411387e-06
6.112890787335345522e-06
1.633439023862592876e-05
3.492859605103149079e-06
5.667370351147837937e-05
4.304915819375310093e-06
1.349935428152093664e-05
1.416235363649320789e-06
3.762628693948499858e-06
7.335139343922492117e-06
1.528395955574524123e-06
3.650267672128393315e-06
3.022486453119199723e-06
4.936269306199392304e-06
5.756846348958788440e-06
2.983486865559825674e-06
4.365266704553505406e-06
5.189476723899133503e-06
8.500354852003511041e-06
2.674700408533681184e-05
6.495918933069333434e-05
5.816849079565145075e-05
1.745541339914780110e-06
9.604553270037285984e-06
4.473416993278078735e-06
3.069193780902423896e-06
1.972981863218592480e-06
7.881266128606512211e-07
1.466376147618575487e-06
5.076708475826308131e-06
2.579410875114263035e-06
4.844021077587967739e-06
9.592076821718364954e-06
2.129114363924600184e-05
1.745712893352902029e-06
1.685638744675088674e-05
6.592928002646658570e-06
2.986333356602699496e-06
2.778250018309336156e-05
3.380146608833456412e-06
2.294532123414683156e-06
3.224846659577451646e-05
2.096780235660844482e-06
9.664967365097254515e-06
6.721103090967517346e-06
5.907253580517135561e-06
3.346495213918387890e-05
2.032535667240153998e-05
1.816482836147770286e-05
1.997786421270575374e-05
5.878737738385098055e-06
7.871144589444156736e-06
1.308210698880429845e-06
2.010157913900911808e-06
7.495114914490841329e-06
1.187287398352054879e-05
1.201272425532806665e-05
2.966230567835737020e-05
3.496595581964356825e-06
6.582185051229316741e-06
9.534433047519996762e-05
1.129012071032775566e-05
2.529772609705105424e-05
3.380525595275685191e-05
2.866531394829507917e-05
6.163108992041088641e-06
7.748522875772323459e-06
3.179775148964836262e-06
2.418759322608821094e-06
2.077003500744467601e-06
2.170337211282458156e-05
6.180572654557181522e-06
1.750873138917086180e-06
4.413947863213252276e-06
4.984416591469198465e-06
5.446902832773048431e-06
4.127031388634350151e-06
9.456405678065493703e-06
1.570685299157048576e-06
1.008887265925295651e-04
1.289969986828509718e-05
2.819330074999015778e-05
2.372219569224398583e-05
3.856607872876338661e-05
6.623378794756717980e-06
1.350594629911938682e-05
6.876054612803272903e-06
3.172051492583705112e-06
4.091230039193760604e-06
1.098194729820534121e-06
7.373110292974160984e-06
6.949166709091514349e-05
2.125891114701516926e-06
7.637405360583215952e-06
5.250964477454544976e-06
3.151235205223201774e-06
2.975054030684987083e-06
4.169287058175541461e-05
1.832770067267119884e-05
7.502623702748678625e-06
1.257602093573950697e-06
2.579297643023892306e-06
1.665961463004350662e-06
6.908254817972192541e-06
4.472840828384505585e-06
2.177970600314438343e-06
2.591618795122485608e-06
3.677855374917271547e-06
4.572147645376389846e-06
8.406648703385144472e-05
6.292993202805519104e-05
2.577098348410800099e-05
1.029267059493577108e-05
2.952489012386649847e-05
1.359730595140717924e-05
1.678640160207578447e-06
3.081520617342903279e-06
1.559786937832541298e-06
2.241197535113315098e-06
1.202426574309356511e-05
9.521370884613133967e-06
7.376753728749463335e-06
4.311543307267129421e-06
1.763905602274462581e-04
4.633718708646483719e-05
8.791278560238424689e-06
3.725754140759818256e-06
4.026925580546958372e-06
4.565511517284903675e-06
4.946664830640656874e-06
3.300217940704897046e-06
3.045730181838735007e-06
1.842552774178329855e-05
3.720050153788179159e-05
5.006903847970534116e-06
1.053682535712141544e-05
4.891702246823115274e-06
8.213744877139106393e-06
9.580420737620443106e-06
3.939408543374156579e-06
8.090267328952904791e-06
9.205356036545708776e-06
2.880390866266679950e-06
2.548666998336557299e-06
5.540382517210673541e-06
9.516686986899003386e-06
3.738506848094402812e-06
7.672369974898174405e-05
1.075383079296443611e-05
8.128889930958393961e-06
4.451419044926296920e-06
4.703209469880675897e-06
1.042533585859928280e-05
3.601353910198668018e-06
6.150162789708701894e-06
5.250053163763368502e-06
2.127311927324626595e-05
6.316655799309955910e-06
2.020326746787759475e-06
5.494782726600533351e-06
2.524989213270600885e-06
8.864134542818646878e-06
2.466565274517051876e-05
1.542679092381149530e-05
8.885640454536769539e-06
7.722732334514148533e-06
6.640081664954777807e-06
8.604139111412223428e-06
6.368226422637235373e-06
3.178849146934226155e-05
5.741592758568003774e-06
1.097982749342918396e-05
3.568907231965567917e-06
5.144818828739516903e-07
1.784741289156954736e-05
1.355195672658737749e-05
7.969155376486014575e-06
8.825662007438950241e-06
6.864176157250767574e-06
2.427120671200100332e-05
9.343062629341147840e-06
3.684167040773900226e-06
1.701998917269520462e-05
1.200841779791517183e-05
1.059222813637461513e-05
2.287103052367456257e-05
9.979699825635179877e-06
1.381454057991504669e-05
8.187147614080458879e-06
4.264828476152615622e-06
7.328692845476325601e-06
1.802596125344280154e-05
2.478591159160714597e-05
6.682466846541501582e-06
1.404054728482151404e-05
2.270088225486688316e-05
1.237919968843925744e-05
3.621023643063381314e-05
6.592315185116603971e-05
9.737407708598766476e-06
7.589191227452829480e-05
9.581791346136014909e-06
2.487477104295976460e-06
6.858967481093714014e-06
1.056848577718483284e-05
3.456724152783863246e-05
8.376306141144596040e-06
1.569532400935713667e-06
2.096651223837397993e-05
6.269274763326393440e-06
2.965142812172416598e-06
1.416330633219331503e-05
1.197415531350998208e-05
1.311095275013940409e-05
1.088649878511205316e-05
4.067755071446299553e-06
9.996541848522610962e-06
3.776051244130940177e-06
1.058692578226327896e-05
1.211338530993089080e-05
1.158640770881902426e-05
1.222312421305105090e-04
2.923584543168544769e-05
1.874060217232909054e-05
4.493345841183327138e-06
2.791050428641028702e-05
5.897425126022426412e-06
2.804785253829322755e-06
1.298670849791960791e-05
1.055716256814775988e-05
4.312519740778952837e-05
1.241832706000423059e-05
4.039763371110893786e-05
2.529171979404054582e-05
3.104620418525882997e-06
1.494832395110279322e-05
9.303443221142515540e-06
2.485896584403235465e-05
1.010441792459459975e-05
2.511951242922805250e-05
8.964422704593744129e-06
1.655021515034604818e-05
1.794656054698862135e-05
2.138905438187066466e-05
5.266978405416011810e-06
3.110379839199595153e-05
1.176358273369260132e-05
9.559757927490863949e-06
6.813285381213063374e-06
1.110767607315210626e-05
2.238511660834774375e-05
3.575777373043820262e-05
8.662632922096236143e-07
1.803777558961883187e-05
6.302777183009311557e-05
1.605295619810931385e-05
5.451354081742465496e-05
6.587277766811894253e-06
2.649955604283604771e-05
5.385837084759259596e-06
6.484087862190790474e-06
9.801511851037503220e-07
5.132041678734822199e-06
3.006574161190656014e-06
8.001359674381092191e-06
2.971200729007250629e-06
1.402492944180266932e-05
5.267822416499257088e-06
1.101928046409739181e-05
6.963672149140620604e-06
3.253541217418387532e-05
6.664690772595349699e-06
3.065937562496401370e-06
1.274959504371508956e-05
5.100336693431017920e-06
3.883918452629586682e-06
7.693461157032288611e-06
8.427939974353648722e-06
1.824717946874443442e-05
7.649009603483136743e-06
5.571554083871887997e-06
4.035333404317498207e-06
1.661556234466843307e-05
1.115534087148262188e-05
7.236510555230779573e-06
1.620743023522663862e-05
9.670868166722357273e-06
1.272371082450263202e-05
3.211172497685765848e-06
1.845947372203227133e-05
2.181853051297366619e-05
2.110183595505077392e-05
9.877223419607616961e-06
1.069079007720574737e-05
4.115951469430001453e-06
3.083829869865439832e-05
3.858391937683336437e-05
1.923908257595030591e-06
1.971165147551801056e-06
2.586620030342601240e-05
2.550865247030742466e-06
4.691658614319749177e-05
5.439028427645098418e-06
6.199657946126535535e-06
3.420386929064989090e-05
1.315826921199914068e-06
5.446076556836487725e-06
8.187826097127981484e-06
3.034646169908228330e-06
6.776148893550271168e-06
2.771799472611746751e-06
4.086655735591193661e-06
2.125193987012607977e-06
3.520311338434112258e-06
1.852508489719184581e-06
3.141305205645039678e-05
1.140379026765003800e-06
2.610167257444118150e-06
7.920519237814005464e-06
4.995921335648745298e-05
3.257653361288248561e-06
2.467042759235482663e-05
7.538657428085571155e-06
3.027848106285091490e-05
5.537271135835908353e-06
1.054222320817643777e-05
1.530104600533377379e-05
3.694352471939055249e-06
5.145131126482738182e-06
1.689142777649976779e-06
1.181459083454683423e-05
1.076724311133148149e-05
9.518610568193253130e-06
2.198688707721885294e-05
1.571191023685969412e-05
7.382598710137244780e-07
1.649436399020487443e-06
6.322927220026031137e-05
2.553093509050086141e-05
9.756640793057158589e-06
2.126586650774697773e-06
1.242180951521731913e-05
4.737966810353100300e-05
1.192532363347709179e-05
8.489118044963106513e-06
2.397070375081966631e-06
2.169316076106042601e-06
4.818703018827363849e-06
5.082611096440814435e-07
4.118880497117061168e-06
1.988830035770661198e-06
1.600327777850907296e-05
1.075108229997567832e-05
7.795833880663849413e-06
1.463105309085221961e-05
1.794454146875068545e-05
1.892349246190860868e-06
7.149338216549949721e-06
1.506914213678101078e-05
1.861647979239933193e-05
1.307663187617436051e-04
3.756769956453354098e-06
9.434490493731573224e-06
1.151063997895107605e-06
3.612929731389158405e-06
3.305014843135722913e-06
2.427950676064938307e-06
5.974777650408213958e-06
1.309087474510306492e-05
4.707028438133420423e-06
3.768225360545329750e-05
2.636635326780378819e-05
3.191279802194912918e-06
1.158674422185868025e-06
1.099686187444604002e-06
4.768380676978267729e-06
2.327227548448718153e-06
6.364971795846940950e-06
4.214249656797619537e-06
1.210862683365121484e-05
2.039884520854684524e-06
7.552598617621697485e-07
3.886748163495212793e-05
5.358279850042890757e-06
4.215338776702992618e-06
5.070916813565418124e-06
4.750046355184167624e-05
1.386546136927790940e-05
2.232093947895918973e-06
4.411027930473210290e-06
9.153919222626427654e-07
4.213066131342202425e-05
2.735542693699244410e-05
8.609847554907901213e-07
7.833768904674798250e-06
6.984010724409017712e-06
1.023232907755300403e-04
2.901178777392487973e-05
3.785680382861755788e-05
3.218962228856980801e-05
4.682691724156029522e-05
8.236351277446374297e-06
1.000487804412841797e-02
1.882465789094567299e-03
6.811982893850654364e-05
3.796461678575724363e-04
1.898063579574227333e-03
4.186234036751557142e-06
5.554635208682157099e-06
3.330720646772533655e-04
1.050123228196753189e-05
1.583944504091050476e-05
5.231727482168935239e-05
6.120905709394719452e-06
3.178120125085115433e-03
1.379687091684900224e-05
4.767048267240170389e-06
4.916618854622356594e-05
4.555434570647776127e-04
1.667019205342512578e-05
1.929986501636449248e-05
8.991735739982686937e-06
1.145684043876826763e-03
6.774142821086570621e-05
1.775340177118778229e-03
8.782132499618455768e-05
2.484119067958090454e-05
1.942985727509949356e-05
1.060870126821100712e-04
4.004697530035628006e-06
5.026936378271784633e-06
4.156132945354329422e-06
1.755831908667460084e-05
1.051529761753045022e-04
1.204871106892824173e-02
8.774468369665555656e-06
8.012363687157630920e-04
2.030233154073357582e-04
4.705930768977850676e-05
1.109670773148536682e-01
1.336603077106701676e-06
1.640093250898644328e-05
5.434706690721213818e-05
3.278391204730723985e-06
3.566670056898146868e-05
4.433884896570816636e-05
1.966653391718864441e-03
7.518621600866026711e-07
1.099666769732721150e-05
2.721859709708951414e-05
2.122423320543020964e-04
1.030606363201513886e-04
2.701262928894720972e-05
5.065486402600072324e-05
4.364403139334172010e-05
5.569230415858328342e-05
3.894435576512478292e-05
1.467648660764098167e-03
8.708186214789748192e-06
3.600886848289519548e-04
3.747227019630372524e-04
2.432538531138561666e-05
7.035434828139841557e-05
5.327836697688326240e-05
2.359607833568588831e-06
3.000824945047497749e-03
4.699277924373745918e-04
1.512803428340703249e-04
7.207806920632719994e-04
2.490382466930896044e-04
8.819527465675491840e-06
3.735430937013006769e-06
1.618898568267468363e-05
5.695993313565850258e-04
7.692983672313857824e-06
9.353894711239263415e-06
3.309249223093502223e-05
5.567708285525441170e-06
1.093645823857514188e-05
6.588672476937063038e-06
9.865432977676391602e-03
6.952859257580712438e-05
1.258281145055661909e-06
2.949803820229135454e-05
1.751461968524381518e-05
3.352721250848844647e-05
7.821582403266802430e-05
1.895232526294421405e-05
1.780509956006426364e-05
1.298381830565631390e-04
2.694204340514261276e-06
5.130788777023553848e-04
1.129383508668979630e-05
2.966589818242937326e-05
1.267665158957242966e-02
5.547885783016681671e-03
1.211733706441009417e-05
2.077654426102526486e-05
2.399871300440281630e-04
1.872352549980860204e-05
5.285709630697965622e-05
4.578267180477268994e-05
6.740844401065260172e-05
2.876115613617002964e-04
2.386260348430369049e-05
6.062682587071321905e-06
2.147109080397058278e-05
1.549379521748051047e-04
2.000739732466172427e-05
3.408459815545938909e-05
2.391185444139409810e-05
8.222574251703917980e-05
2.046963527391199023e-05
8.078313112491741776e-05
1.607464859262108803e-03
1.290121872443705797e-04
2.079074620269238949e-04
3.103422932326793671e-05
3.607967983043636195e-06
1.108631404349580407e-04
8.074130892055109143e-05
6.904122710693627596e-05
6.633474840782582760e-04
2.628310539876110852e-05
4.423666268849046901e-06
2.010718890232965350e-05
5.222889012657105923e-05
5.196650818106718361e-05
3.602437573135830462e-05
1.153991615865379572e-05
6.009699518472189084e-06
2.948556584669859149e-06
7.996423846634570509e-06
3.984362818300724030e-03
8.854038242134265602e-06
4.401336312294006348e-01
1.114067981689004228e-05
1.895003224490210414e-04
2.953167677333112806e-05
2.039739774772897363e-05
1.621885530767031014e-05
1.463862417949712835e-06
3.132760684820823371e-05
3.516508149914443493e-05
1.015219186228932813e-05
8.089117727649863809e-06
6.098252015362959355e-06
1.175493616756284609e-05
3.012824163306504488e-05
9.245955152437090874e-05
1.495083233749028295e-05
1.107573159970343113e-03
4.071579678566195071e-05
7.611516775796189904e-05
5.656809080392122269e-03
4.363684638519771397e-06
4.694223025580868125e-05
1.500468260928755626e-05
1.142304681707173586e-04
4.405123647302389145e-03
6.899639993207529187e-05
3.467520946287550032e-05
3.760675099329091609e-05
2.230199061159510165e-05
3.917439244105480611e-06
2.504736585251521319e-05
2.309732735739089549e-05
1.472351286793127656e-04
5.069992766948416829e-06
1.764761982485651970e-04
6.048534032743191347e-06
3.280576493125408888e-04
1.275293470825999975e-04
2.056839875876903534e-02
4.364952474134042859e-05
6.911335367476567626e-05
6.528555240947753191e-05
1.185944711323827505e-04
1.239328703377395868e-04
3.121526606264524162e-05
6.547747034346684813e-05
5.832713577547110617e-05
1.114269889512797818e-05
4.308195275370962918e-05
3.937558722100220621e-05
1.268511005036998540e-05
6.019683496560901403e-05
1.346652607026044279e-05
5.569094355450943112e-06
3.116994321317179129e-06
3.051243947993498296e-05
4.002590430900454521e-04
8.267633347713854164e-06
5.506079105543904006e-05
1.016608530335361138e-05
2.985610080941114575e-06
6.384708831319585443e-05
3.941109025618061423e-05
4.489540151553228498e-05
8.451620487903710455e-06
7.876105519244447351e-05
2.597964885353576392e-05
4.297085524740396068e-06
2.752418549789581448e-05
3.197996556991711259e-05
6.276857311604544520e-05
1.233102666446939111e-04
3.748617018572986126e-06
9.767165465746074915e-05
5.566564504988491535e-05
4.108284883841406554e-06
5.148493073647841811e-06
4.623431777872610837e-06
4.785961355082690716e-04
3.118205859209410846e-05
1.632592757232487202e-04
6.460540462285280228e-04
5.348156264517456293e-06
3.085079879383556545e-05
6.468749052146449685e-05
1.022648029902484268e-05
3.623381489887833595e-03
7.153010665206238627e-05
4.824071220355108380e-05
9.413513471372425556e-04
6.112328730523586273e-03
8.921396329242270440e-06
1.545941267977468669e-05
1.095309562515467405e-05
2.010278985835611820e-04
3.067352008656598628e-05
1.174224744318053126e-04
1.541743768029846251e-05
2.729650441324338317e-05
1.715437974780797958e-05
5.502047861227765679e-05
1.760029772412963212e-05
1.754880213411524892e-04
3.410898352740332484e-05
3.974201899836771190e-05
3.056683053728193045e-04
1.742328313412144780e-04
4.737587369163520634e-05
2.594118705019354820e-04
3.011136413988424465e-06
6.997517630225047469e-06
6.295675848377868533e-05
4.099381039850413799e-04
1.967594926099991426e-06
8.368198177777230740e-05
1.072308223228901625e-04
1.707815681584179401e-04
3.375992673682048917e-05
5.884343991056084633e-04
2.830356534104794264e-04
7.036940587568096817e-06
1.079419052985031158e-05
1.155730660684639588e-05
3.906540223397314548e-05
4.136265852139331400e-05
3.949778620153665543e-03
2.121621946571394801e-04
3.066924546146765351e-05
1.219362638948950917e-05
1.911892286443617195e-05
2.971665561199188232e-02
2.076727287203539163e-05
4.670386988436803222e-05
1.743672182783484459e-04
7.270744845300214365e-06
2.537361979193519801e-05
3.243373794248327613e-05
1.745439112710300833e-05
3.971818659920245409e-05
2.905484288930892944e-04
1.597674418007954955e-05
7.222761723824078217e-06
4.310282747610472143e-05
3.425054819672368467e-05
1.544884638860821724e-03
4.074778644280740991e-06
3.094764679190120660e-06
5.544716714211972430e-06
1.211796097777551040e-05
1.896631321869790554e-03
2.869107811420690268e-05
4.701032594311982393e-05
5.567408879869617522e-05
3.350368933752179146e-05
1.612510095583274961e-05
9.603989747120067477e-05
3.176058409735560417e-03
1.116870043915696442e-05
3.675230982480570674e-05
4.132443336857249960e-06
4.513176530599594116e-02
3.077055444009602070e-04
4.616571459337137640e-06
1.099506916943937540e-04
1.889373015728779137e-05
4.732879460789263248e-04
1.459935156162828207e-04
1.271133369300514460e-04
3.710710370796732605e-05
2.571792720118537545e-05
3.105930984020233154e-03
8.438677468802779913e-06
2.162577038689050823e-05
9.287265129387378693e-06
3.077884684898890555e-06
1.912942752824164927e-05
2.597902857814915478e-05
2.834797669493127614e-05
1.480820123106241226e-03
1.770068956830073148e-05
2.475745789706707001e-02
2.514074731152504683e-05
2.496990055078640580e-05
2.712890454859007150e-05
5.640289600705727935e-06
2.638323167047929019e-05
5.288737593218684196e-04
7.759786058159079403e-06
4.790062121173832566e-06
5.220703035593032837e-02
2.659112215042114258e-05
2.207816214649938047e-05
1.033963872032472864e-05
1.668209588387981057e-04
2.752682576101506129e-06
2.837184583768248558e-04
6.932694814167916775e-04
3.186920366715639830e-05
7.607804036524612457e-06
2.497106834198348224e-05
5.944498116150498390e-05
2.212348817920428701e-06
6.010708148096455261e-06
2.864774251065682620e-05
2.432874862279277295e-05
3.914524801075458527e-03
3.702946924022398889e-05
1.534762122901156545e-05
2.217656219727359712e-05
3.743667548405937850e-05
4.088521382072940469e-05
1.332793326582759619e-04
6.542728806380182505e-05
3.795531301875598729e-05
9.411121573066338897e-05
2.359793688810896128e-05
1.647707103984430432e-04
1.813026756281033158e-04
1.432900753570720553e-04
4.684652594733051956e-05
2.374075484112836421e-05
7.368629303527995944e-05
1.241785412275930867e-05
1.410654112987685949e-05
4.509499995037913322e-04
6.060416581021854654e-06
2.677944576134905219e-05
7.887086394475772977e-05
7.977747372933663428e-06
1.399003758706385270e-05
5.183894973015412688e-05
6.989484245423227549e-05
2.204399606853257865e-05
3.407624171813949943e-05
2.628092624945566058e-05
1.206609067594399676e-05
5.974409941700287163e-05
9.250912262359634042e-05
4.067396002938039601e-05
6.772344477212755010e-06
1.816543590393848717e-05
1.759342703735455871e-04
1.325672928942367435e-04
9.658061026129871607e-05
2.708619831537362188e-05
1.237005380971822888e-05
3.883758108713664114e-05
1.476242323406040668e-05
3.165291673212777823e-06
2.434965135762467980e-04
2.325600144104100764e-05
3.104716597590595484e-05
1.416364466422237456e-05
4.166544749750755727e-05
3.741019463632255793e-05
2.620822897370089777e-06
6.518380359921138734e-06
3.967421434936113656e-06
9.475801925873383880e-05
5.101460374135058373e-06
1.139060168497962877e-05
3.378153633093461394e-05
1.860871293501986656e-06
3.238113640691153705e-05
1.029155282594729215e-05
2.033026066783349961e-05
7.139002264011651278e-06
1.824098399083595723e-05
1.972063182620331645e-05
5.136019899509847164e-05
1.403791684424504638e-04
1.433999204891733825e-05
2.841799869202077389e-05
2.335203316761180758e-05
2.867168404918629676e-05
1.257059557246975601e-05
1.035094101098366082e-04
2.201102461185655557e-06
1.896379899335443042e-06
2.975218421852332540e-06
7.835652795620262623e-04
1.128906616941094398e-03
5.479306491906754673e-05
3.468270413577556610e-03
2.268454409204423428e-05
6.093929550843313336e-05
1.528183347545564175e-04
2.821715861500706524e-05
6.323931302176788449e-06
3.967102020396851003e-05
6.758366362191736698e-05
7.433887221850454807e-04
5.481320840772241354e-06
7.900479249656200409e-05
1.433161273598670959e-02
3.732774639502167702e-04
1.034343076753430068e-04
2.267739764647558331e-04
4.258450062479823828e-04
5.943489668425172567e-05
3.761765765375457704e-05
3.833939554169774055e-04
1.210873742820695043e-04
1.767145840858574957e-05
4.749801883008331060e-05
1.640073896851390600e-04
9.480764856562018394e-05
4.178840754320845008e-05
1.868286635726690292e-04
1.136724313255399466e-04
3.425450267968699336e-05
2.555714672780595720e-05
5.161648914508987218e-06
6.179667980177327991e-05
3.070872844546101987e-05
1.040672577801160514e-04
2.191883395425975323e-04
6.867863121442496777e-04
2.035816032730508596e-05
4.222603456582874060e-05
1.179983446490950882e-04
5.507880632649175823e-05
8.695982978679239750e-05
1.101115458368440159e-06
2.596645790617913008e-04
1.690360368229448795e-04
2.718331597861833870e-05
3.688816650537773967e-05
8.297740714624524117e-05
1.777061988832429051e-04
4.679232006310485303e-05
5.562886872212402523e-05
1.807516964618116617e-04
4.616041405824944377e-05
6.363858119584619999e-05
6.157856900244951248e-03
3.419555723667144775e-04
1.112968948291381821e-05
2.699059841688722372e-04
1.341806819254998118e-05
2.116889481840189546e-05
2.068282774416729808e-04
4.847515083383768797e-04
5.855558993062004447e-05
9.901844896376132965e-05
2.312093056389130652e-05
5.621232464909553528e-02
1.098271241062320769e-04
5.670760219800285995e-05
3.491985262371599674e-05
1.530419918708503246e-03
3.753956480068154633e-05
2.356207005504984409e-05
1.024544781103031710e-05
9.152645361609756947e-05
8.889573109627235681e-06
2.692385805858066306e-06
5.570215307670878246e-06
7.203556378954090178e-06
1.812836489989422262e-05
9.922963363351300359e-05
3.389444827917031944e-05
7.483230438083410263e-03
5.411281108536059037e-06
4.889983756584115326e-05
2.865979331545531750e-05
3.038520808331668377e-04
6.569069228135049343e-05
3.865385951939970255e-05
7.487238326575607061e-05
5.832977876707445830e-06
2.033783403021516278e-06
2.678113014553673565e-05
3.189276612829416990e-04
3.943776537198573351e-04
2.316145971417427063e-02
1.459555733163142577e-05
3.066252247663214803e-05
2.603242683107964694e-05
8.102896390482783318e-05
1.597845039214007556e-05
3.622522926889359951e-04
2.313250908628106117e-03
8.788450213614851236e-05
1.740156108098744880e-06
5.876114300917834044e-06
2.464365707055549137e-06
5.380416041589342058e-06
2.404802671662764624e-06
4.151244866079650819e-06
1.795505909285566304e-06
1.417825387761695310e-05
8.888046977517660707e-06
4.364442702353699133e-06
1.127285213442519307e-05
2.028644075835472904e-06
8.213400178647134453e-06
1.226888002747728024e-06
1.690527824393939227e-05
1.012056236504577100e-05
1.536559284431859851e-05
9.123802556132432073e-06
4.168450232100440189e-06
2.269790456921327859e-06
4.049520612170454115e-06
8.098372745735105127e-06
7.612092758790822700e-06
2.492145085852826014e-06
6.710134766763076186e-05
9.605497325537726283e-06
1.187952148029580712e-05
1.978118962142616510e-05
4.430410626810044050e-05
7.809206181264016777e-06
3.145242317259544507e-06
3.998870397481368855e-06
2.973347909573931247e-05
2.311057869519572705e-06
4.151921984885120764e-06
9.935542038874700665e-06
8.023354894248768687e-05
3.372512310306774452e-06
1.103513932321220636e-05
1.793334263311407994e-06
1.073557996278395876e-05
9.225291250913869590e-07
3.644882781372871250e-06
2.386955429756199010e-06
1.493668823968619108e-04
2.994724127347581089e-06
3.698047075886279345e-04
6.457583367591723800e-06
3.985166404163464904e-05
2.672218543011695147e-04
3.049601800739765167e-04
1.069429708877578378e-05
1.371185862808488309e-05
4.372036783024668694e-04
1.163318156613968313e-04
1.071879814844578505e-04
2.017078950302675366e-04
1.102653914131224155e-04
1.439908282918622717e-05
1.104481452784966677e-05
7.213300705188885331e-05
1.863575380411930382e-05
3.772313357330858707e-05
2.494346972525818273e-06
2.596754711703397334e-06
1.540717676107306033e-05
1.317711867159232497e-04
2.001267148443730548e-06
1.135142156272195280e-05
3.582831141102360561e-06
1.043119823407323565e-06
1.792693183233495802e-06
1.380855974275618792e-05
1.774070915416814387e-05
1.843981772253755480e-05
1.283196297663380392e-06
7.749399082968011498e-05
3.462423592281993479e-06
