2.140094892411070759e-07
2.853460898677440127e-07
1.663964752651736489e-07
5.734856145522826409e-08
6.563914780599588994e-07
2.765917201941192616e-07
7.955910774626318016e-08
3.592220991777139716e-07
2.332661495074717095e-07
1.208482208312489092e-04
7.681821330152160954e-07
1.372886799799744040e-07
5.359728447729139589e-07
5.125012947360119142e-08
2.463066039126715623e-06
7.697569515130453510e-08
5.425522076052402554e-08
1.567418053127767053e-07
1.636304602925520157e-07
2.027664294246278587e-07
5.821490489665848145e-08
2.251864998470409773e-06
8.366585575458884705e-07
7.811057730577886105e-05
1.935368203476173221e-07
5.135672154210624285e-07
1.954785147972870618e-06
3.193153474967402872e-07
1.692068138936519972e-07
6.735871238561230712e-07
9.956171709291083971e-08
4.078940207818959607e-07
2.040834260697010905e-06
4.195678684482118115e-06
4.567497853713575751e-06
2.094194314850028604e-06
4.542859824141487479e-05
1.081620055742860131e-07
6.643294000241439790e-06
2.222363718829001300e-06
1.937617639669042546e-07
1.642908728172187693e-06
5.148942250343679916e-07
3.496283795811905293e-07
2.790758799164905213e-06
2.354195430598338135e-06
8.545742247179077822e-08
2.856050377886276692e-05
7.519374776165932417e-07
8.368353519472293556e-06
1.757038717187242582e-06
7.663967380722169764e-07
7.637787007297447417e-07
2.673480992143595358e-07
1.327407289863913320e-06
5.096917732316796901e-08
1.877182512544095516e-06
3.508545489694370190e-07
2.774526990378944902e-07
1.917802592288353480e-06
2.001250322791747749e-06
2.006507429541670717e-06
1.359555994895345066e-06
8.591921869083307683e-06
2.038958882621955127e-06
7.606029726048291195e-07
5.993581908114720136e-06
5.719641649193363264e-07
6.840653554718301166e-07
2.873176470075122779e-07
5.175072601559804752e-07
5.718114266528573353e-07
4.715510826258650923e-08
5.812212293676566333e-07
1.310512658392326557e-07
1.669008220517298469e-08
2.960148890451819170e-07
3.093263956088776467e-07
3.829973849178713863e-08
6.921380872881854884e-07
4.911932478535163682e-07
5.797718927169626113e-07
5.278709977574180812e-06
2.663924476564716315e-07
3.084310719714267179e-06
5.450867774925427511e-06
2.937293857030454092e-06
3.998589761522453045e-07
2.076457974453660427e-07
3.455111027506063692e-06
1.003759990680919145e-07
3.270510831043793587e-07
4.318029880323592806e-07
5.236678930486959871e-07
1.280212586607376579e-06
1.946088161730585853e-07
4.807280333807284478e-07
6.347028858044723165e-08
1.315645477006910369e-07
5.255686232885636855e-07
4.124161421259486815e-07
1.636047272768337280e-05
8.923468044486071449e-07
8.813881322566885501e-07
2.208684918514336459e-06
1.607030810646392638e-07
6.118731334936455823e-07
7.484314323846774641e-08
7.056170261421357282e-07
1.208755179504805710e-06
1.175760360183630837e-07
1.009656713790718641e-07
2.152962821355686174e-07
5.832390002069587354e-07
2.652966770710918354e-07
9.074106799289438641e-08
1.062342744262423366e-05
1.478084783457234153e-07
5.635974389406328555e-07
2.676990789041155949e-06
5.551206072595959995e-07
3.304348297206161078e-07
1.568291963849333115e-06
4.302967795410950202e-07
2.689937446120893583e-06
5.196330477019728278e-08
2.765180170172243379e-06
8.465696737403050065e-06
9.280421181756537408e-06
1.666609932726714760e-06
5.153279971636948176e-07
9.806898333408753388e-07
7.951368388603441417e-06
1.409078151937137591e-07
2.535418161642155610e-06
8.966171662905253470e-07
1.664106008547605597e-07
1.228029873345803935e-07
4.390352478367276490e-05
5.769044264525291510e-07
2.147701934518408962e-06
9.435493666387628764e-07
3.047916550258378265e-07
1.807935746001021471e-06
1.396658149133145344e-06
1.214615053868328687e-06
5.990524641674710438e-06
4.580747656746098073e-07
1.671721292950678617e-06
2.392697808772936696e-07
2.221784052380826324e-05
8.020157338251010515e-07
6.834653731857542880e-07
1.313217410370270954e-07
1.478183548897504807e-07
6.000046823828597553e-07
5.471061399475729559e-07
2.596899548734654672e-07
9.973315684419503668e-08
2.326916956008062698e-06
2.001597522394149564e-06
1.069952645593730267e-06
2.632943960634293035e-07
6.105884153839724604e-07
2.214615960838273168e-06
4.208696964269620366e-07
5.248593311080185231e-07
5.052780124970013276e-06
1.951831478663734742e-07
6.220095656317425892e-06
1.225183859787648544e-05
1.053716118804004509e-06
1.559597512823529541e-05
4.281251221982529387e-06
1.155224140347854700e-06
4.773364707943983376e-07
2.671568609002861194e-06
8.218838047469034791e-06
1.186351823889708612e-06
2.707984378957917215e-07
5.304714534304366680e-08
1.495058313594199717e-06
5.999199856887571514e-07
5.952698757027974352e-06
7.284656931005883962e-07
2.803475922519282904e-07
1.011372660286724567e-06
2.148052971051583881e-07
1.505398813606007025e-05
5.970322945358930156e-06
2.482157015037955716e-06
1.390295324199541938e-06
1.684786923306091921e-07
8.376633076068173978e-08
5.444495627671130933e-07
3.967729469422920374e-07
3.494643578960676678e-07
5.752889592258725315e-06
4.469188752409536391e-07
6.322875833575380966e-06
5.240156042418675497e-07
9.029451319975123624e-08
1.209951278724474832e-06
2.836686462615034543e-06
1.534983198325789999e-07
1.938208242791006342e-06
4.705766968982061371e-06
3.999136879428988323e-06
9.939845767803490162e-06
3.630028913903515786e-06
1.303708472732978407e-06
3.125829607597552240e-06
2.483106300132931210e-06
1.572830967688787496e-07
2.698148819035850465e-06
4.675291165767703205e-06
3.952739575652230997e-07
2.135622708010487258e-06
9.546088222123216838e-07
7.735170015621406492e-07
9.467130439588800073e-07
1.217483031723531894e-06
2.495625994924921542e-05
1.941491973411757499e-06
2.783765239655622281e-06
4.495943358051590621e-06
5.174811121833045036e-07
8.473903108097147197e-06
3.986228875874076039e-06
2.946622771560214460e-06
1.109325680204165110e-07
1.030837847793009132e-05
3.146997414660290815e-06
4.330820956965908408e-06
2.007017485539108748e-07
1.803769691832712851e-06
1.767192202350997832e-06
1.211318902960556443e-07
2.880563670260016806e-06
4.268891871106461622e-07
1.715672510727017652e-06
3.627703108577406965e-06
1.910324840537214186e-07
1.212374627357348800e-06
2.780888962661265396e-06
5.614382416752050631e-07
5.938778485869988799e-06
1.435750647260647384e-07
3.461436563156894408e-06
3.806785343840601854e-06
1.144705947808688506e-06
1.156369421551062260e-06
2.670599030807352392e-07
1.097884819500904996e-06
4.234622792864684016e-06
1.644638700781797525e-07
6.623568424402037635e-06
7.949449354782700539e-06
2.937946419478976168e-06
6.217207015879466780e-08
7.270363511224786635e-08
8.548550454179348890e-07
1.124744386515885708e-07
4.403006812481180532e-07
4.712820214081148151e-07
7.550413272383593721e-08
1.650353027571327402e-07
2.146461923757669865e-07
8.538683005099301226e-07
1.566954961162991822e-05
5.069751296105096117e-06
7.407476459775352851e-06
2.436881459288997576e-06
1.276038528885692358e-05
1.302489181398414075e-06
5.201472504268167540e-06
3.823525730695109814e-06
1.677412200251637842e-07
5.114871370892615232e-08
2.849541260729893111e-06
7.544450113528000657e-07
5.718501938645204064e-07
1.653130112799772178e-07
1.609914761502295732e-07
2.330442470110938302e-07
2.992503880250296788e-07
4.896533482678933069e-06
1.696538561191118788e-06
7.149931661842856556e-06
5.526019322132924572e-06
2.842015419446397573e-06
8.711953114470816217e-07
2.397497837591799907e-06
1.602707925485447049e-06
2.065838316411827691e-06
4.690868536272319034e-06
5.735493687097914517e-05
3.778890004468848929e-06
2.354644493607338518e-06
1.633048123039770871e-05
1.068453684638370760e-06
1.420969653054271475e-07
1.952122829607105814e-06
1.769575192156480625e-06
3.998662236881500576e-07
8.897266212670729146e-08
1.945891341392780305e-07
1.089235070139693562e-06
1.353901097900234163e-07
1.910220959189246059e-07
1.504664624008000828e-06
3.241385400087892776e-07
2.360647677335236949e-08
4.615187378931295825e-07
1.560472924211353529e-06
5.707975105906371027e-07
4.766043204540437728e-08
5.727772744990033971e-08
1.062091357084682386e-07
5.144968895365309436e-08
3.976635980507126078e-07
3.048837982078111963e-07
1.452043989047524519e-06
3.530291223796666600e-07
1.142773044193745591e-06
2.966462204767594812e-07
2.787870982956519583e-07
7.381411393225789652e-08
2.641172898165677907e-07
6.502621374693262624e-08
3.708900521814939566e-06
1.565573825246246997e-06
1.247536260962078813e-07
1.345091789062280441e-07
1.317268356615386438e-06
5.593752803179086186e-07
1.356213124381611124e-05
4.566023221741488669e-07
2.278979565062400070e-07
1.625309096198179759e-07
4.044956222060136497e-05
3.763886707019992173e-05
1.040249389916425571e-05
1.593761771800927818e-05
9.698150279291439801e-06
1.417358289472758770e-04
1.501410879427567124e-04
1.498902292951242998e-05
1.154490200860891491e-05
1.878942202893085778e-05
1.058415509760379791e-04
4.607317805493948981e-06
1.676422289165202528e-05
4.240242196829058230e-05
1.954624749487265944e-04
1.380316243739798665e-04
6.987515007494948804e-06
1.331826297246152535e-06
5.060746843810193241e-06
6.736175350852136035e-08
4.145695982060715323e-07
8.270231433016306255e-07
9.797120128496317193e-07
5.352322318685764913e-07
8.527892418896954041e-07
1.191753995044564363e-06
4.529945556441816734e-07
2.581140734037035145e-06
2.440034904793719761e-06
8.448339940514415503e-06
5.091839057058678009e-07
5.071431701253459323e-07
1.670158962951973081e-05
5.315275848261080682e-05
2.158269926439970732e-04
2.014171514019835740e-05
1.069771997208590619e-06
1.295827178893205200e-08
1.411851826560450718e-07
6.010659490129910409e-07
6.240061338758096099e-07
3.443441585204709554e-07
2.658348705608659657e-07
1.053049118127091788e-06
5.731889700655301567e-07
9.227843838743865490e-05
3.762619599001482129e-05
1.570816294815813308e-07
1.368759171782585327e-06
6.163234615996771026e-07
3.292923977937789459e-08
8.213471147655582172e-08
6.135191483735980000e-07
8.589056577079645649e-09
8.911111422094109003e-07
1.657653911024681292e-06
1.304267271962089580e-07
3.062855569169187220e-07
2.998285708599723876e-07
4.887209797743707895e-05
4.255457781709992560e-07
1.250814193554106168e-06
3.757678257443330949e-07
3.324457793496549129e-05
2.451390355417970568e-05
5.284500308334827423e-03
3.772473519347840920e-06
2.749509076238609850e-05
8.696745499037206173e-05
4.957772944180760533e-06
1.868451363407075405e-05
3.613641297306458000e-07
1.115518170990981162e-05
2.668851493581314571e-06
1.734208581183338538e-06
1.601094118086621165e-05
1.434439553804622847e-07
1.311357249505817890e-03
1.062226573367297533e-08
8.573610443818324711e-08
3.241280239763000282e-07
1.498577785241650417e-05
1.426351587952012778e-07
4.258478156771161593e-07
9.807575906961574219e-08
5.899591087654698640e-06
1.757517225087212864e-07
5.690716079698177055e-06
1.105409392039291561e-04
1.350784600617771503e-06
1.271802716473757755e-06
4.054149371768289711e-08
2.862488202026725048e-07
7.202041274467774201e-07
3.866840003752258781e-08
1.293422201342764311e-06
2.245796713395975530e-05
2.076117554679512978e-03
9.039088695317332167e-07
1.171152462120517157e-06
1.432774979548412375e-06
2.019093926719506271e-06
7.312980946153402328e-03
1.167088967690688150e-07
1.500787493569077924e-05
4.492758762353332713e-06
3.060254130105022341e-07
9.988275269279256463e-05
5.446310751722194254e-06
1.120211600209586322e-04
2.646215193635725882e-07
1.008250904988017282e-07
3.211812682479830983e-08
4.482023427954118233e-07
5.311885615810751915e-07
2.818493669565214077e-07
4.169782641838537529e-06
7.416343805743963458e-07
2.186350911870249547e-06
5.219485288421310543e-08
3.195179670001380146e-05
1.547304805171734188e-06
7.205269980659068096e-07
6.424725597753422335e-06
1.454850917070871219e-06
8.160931429301854223e-06
5.123659320815932006e-06
2.400091858589803451e-08
2.299015932294423692e-06
1.664593401073943824e-05
1.665944068918179255e-06
2.816885826177895069e-04
4.537274799076840281e-05
1.623472485334787052e-06
9.640240961061863345e-08
1.033512830872496124e-06
9.197910549119114876e-05
1.196850405449367827e-07
9.331665751233231276e-06
5.564260732171533164e-07
9.871417887552524917e-07
4.149758296989602968e-07
4.353125291345349979e-07
6.839408539235591888e-03
6.626333197345957160e-05
8.144342977800533845e-09
1.185333985631586984e-06
1.900766051221580710e-07
5.561415036936523393e-06
2.157464223273564130e-05
2.909801537498424295e-07
1.214342887578823138e-06
2.674324150575557724e-06
1.035947207128629088e-06
6.708186901960289106e-06
1.663188982092833612e-07
1.845975248215836473e-07
2.552518853917717934e-04
8.812726264295633882e-06
1.124378172789874952e-06
9.990738332271575928e-02
5.062344826001208276e-06
3.864490167870826554e-07
4.744676402879122179e-07
4.039518898935057223e-06
6.328087692963890731e-06
1.564428566780406982e-05
1.933515960672593792e-07
2.576663291620207019e-07
9.873621138467569835e-07
2.548651173128746450e-05
5.241418421064736322e-06
1.095677930607052986e-06
1.867673631750221830e-06
6.523196134367026389e-07
3.268219472829514416e-07
3.934019048301706789e-07
3.598737821448594332e-04
1.566733516256135772e-07
1.573875488247722387e-05
1.084481127122671751e-07
3.590542974052368663e-07
3.191868529484054307e-07
3.992672077401948627e-07
1.506986063759541139e-05
1.291472348384559155e-03
2.066876731987576932e-06
1.734081962467826088e-07
8.571735179430106655e-07
2.045954374807479326e-07
1.338602032774360850e-06
1.389498649473352998e-08
3.560155528248287737e-05
1.067708012669754680e-06
4.272216713729903859e-08
1.365190883007016964e-06
4.307088147470494732e-06
1.462917680328246206e-06
2.957227639853954315e-03
1.244942922085101600e-07
1.828514655244362075e-06
3.664278438009205274e-06
2.360269490964128636e-08
6.230231974768685177e-07
1.427900588168995455e-05
1.020317313304985873e-06
2.161088445973291527e-07
4.777875801664777100e-06
1.790454916772432625e-06
4.572027592075755820e-07
1.923517402246943675e-06
1.751471131683501881e-06
7.621615338848641841e-08
2.370837535181635758e-07
7.497907063225284219e-05
2.251580326628754847e-07
1.546248654449300375e-06
7.931979489512741566e-04
1.071755036718968768e-06
1.601123813088634051e-06
1.499689830097850063e-07
6.362564590745023452e-07
3.173499862896278501e-05
1.657411274891273933e-07
7.799738455105398316e-08
1.996633945964276791e-04
6.349493020252339193e-08
2.223334604423143901e-06
1.334571919642257853e-07
5.269726443657418713e-06
4.403393063512339722e-07
5.527004304894944653e-06
1.174639010059763677e-06
4.862199034505465534e-07
3.732247932930476964e-06
6.172225766931660473e-06
2.664670319063588977e-06
7.494739406865846831e-07
3.572666855689021759e-06
1.369166398035304155e-06
1.731580937303078827e-06
3.167440070228622062e-07
1.604931276233401150e-05
2.362618488405132666e-06
2.229323001756711164e-07
7.159135151368900551e-08
1.842995698098093271e-05
1.162927560471871402e-06
1.644082658458501101e-06
3.865684163883997826e-07
1.061762873177940492e-06
5.719451223740179557e-07
6.748359737684950233e-08
4.405316360589495162e-07
9.342564226244576275e-06
4.309154519432922825e-06
3.578745122467807960e-07
2.866718887162278406e-06
1.362394641546416096e-06
2.019367530010640621e-04
4.455458110896870494e-06
8.568163707423082087e-07
1.094254571398778353e-06
5.080939081381075084e-05
4.466781433620781172e-07
4.961154331795114558e-08
3.703194124682340771e-07
5.435307457446469925e-07
8.567566851525043603e-07
7.344005280174314976e-05
6.624822503908944782e-07
4.912541407975368202e-05
1.102782698580995202e-05
3.423258760903991060e-07
2.606731641208170913e-06
1.314638353733244003e-07
6.648737780778901652e-06
4.543942964119196404e-07
2.971365120174596086e-06
1.046717807184904814e-05
1.224044467562634964e-06
4.623973836714867502e-06
1.140036047786452400e-07
1.253994241778855212e-07
1.202262683364097029e-05
4.509562495513819158e-05
1.949118541233474389e-06
6.505196324724238366e-06
3.915409615729004145e-05
8.722705757691073813e-08
1.517864944844404818e-08
1.059171722772589419e-06
7.273966957654920407e-07
3.182576620019972324e-07
3.778128302656114101e-04
3.372909418430936057e-07
8.634244750282960013e-07
1.289327315134869423e-06
1.173851728708541486e-06
4.238559938585240161e-07
7.049125088087748736e-06
2.375334418047714280e-07
2.480358489265199751e-06
7.857168498048849870e-07
9.282470045945956372e-07
6.754941296094330028e-06
6.194197922013700008e-04
4.285481338683894137e-07
6.761383133380149957e-07
2.523817121982574463e-03
1.461894498788751662e-07
8.100353738882404286e-07
2.857179424609057605e-06
1.543601865705568343e-05
1.218862089444883168e-04
2.390029578691610368e-07
1.183758740808116272e-05
6.602004577871412039e-05
9.820992019626828551e-09
1.484441213506215718e-06
6.815187225583940744e-05
7.152324997150572017e-06
2.437044031466939487e-06
2.976910583674907684e-02
8.992907532956451178e-05
3.917824415111681446e-06
2.646771918080048636e-06
5.660974693455500528e-07
7.823880761861801147e-03
8.142964702528843191e-08
2.058208337984979153e-06
7.241115672513842583e-04
4.517280103755183518e-05
6.694298804177378770e-08
1.161241485192476830e-07
8.736409654375165701e-06
1.222930734456895152e-07
4.386773468922910979e-07
2.233152144981431775e-06
1.544742929127096431e-07
1.163347462806996191e-07
3.763032339065830456e-07
4.999393713660538197e-04
3.427302885938843247e-07
3.714376362040638924e-06
1.541202578891898156e-07
1.957104558414357598e-07
7.727693969172833022e-07
6.347370913317718077e-07
5.531045985662785824e-07
3.530914545990526676e-04
2.326554096043764730e-07
1.061081547959474847e-06
1.279460661862685811e-06
2.890664836741052568e-05
8.794100381237512920e-07
1.148556179941806477e-06
1.016202304526814260e-07
3.771869465708732605e-03
5.385372787714004517e-07
1.490452973484934773e-06
9.239406062988564372e-05
6.920226383044791874e-07
5.166463233763352036e-05
1.971207552742271218e-07
5.414784027379937470e-05
1.847382663981989026e-04
6.202777171893103514e-07
4.196525333099998534e-05
4.731274039215804805e-09
6.239186500778259870e-09
2.659023152773443144e-07
7.830568620192934759e-07
9.838734627010126133e-08
1.950196626410161116e-08
1.453988147659401875e-06
1.019281171465991065e-05
4.589482159644830972e-06
8.811138104647397995e-04
4.757131932819902431e-07
6.751423597961547785e-08
4.923816732116392814e-07
3.231224923183617648e-07
3.643148360765735561e-08
5.472762859426438808e-05
2.927567265942343511e-06
2.933720111286675092e-07
3.670834848890081048e-05
7.441235538863111287e-06
5.996202503411041107e-07
8.696102668181993067e-06
8.520222394281518064e-08
1.554191975117191760e-08
3.247069253120571375e-05
3.133552297640562756e-07
2.399735194558161311e-06
3.946871061089041177e-07
2.371142926449465449e-07
2.393258182564750314e-04
1.588615305081475526e-06
1.185549436399924161e-07
4.524661108007421717e-07
8.008871077436197083e-08
6.450809451052919030e-05
6.687956556561402977e-06
3.072036847129311354e-08
1.750287026425212389e-08
7.746778862838255009e-08
1.588199296520542703e-07
3.570924604900937993e-07
1.727590870359563269e-06
2.949742156488355249e-05
4.134171547320875106e-07
6.206475404724187683e-07
7.748892016934405547e-08
7.801327592460438609e-05
1.141800930781755596e-05
2.133100933860987425e-04
4.089470451162924292e-08
3.594424526909278939e-07
9.465397283747734036e-07
1.111780676410489832e-07
7.554494659416377544e-04
2.466402975187520497e-07
6.186091923154890537e-06
5.075439730717334896e-06
7.700114110775757581e-07
6.869407798149040900e-08
2.168102923860715237e-07
2.921439623548849340e-08
1.043199873151934298e-07
1.270237817152519710e-06
3.407820713619003072e-06
5.243760483608639333e-07
1.178598949991283007e-06
4.901653937849914655e-06
8.366704946638492402e-07
3.642737169684551191e-07
3.846218277203661273e-08
1.134818467107834294e-05
1.806067011784762144e-04
6.422685601137345657e-06
9.907142839438165538e-07
2.351950314505302231e-07
2.500922278159123380e-07
1.006883607601594122e-07
3.037683200091123581e-06
2.350682279939064756e-06
1.288617923478341254e-08
1.833224632719065994e-05
1.037260588532262773e-07
1.139846290243440308e-06
1.398901645188743714e-06
1.314225528403767385e-06
8.548085475013067480e-07
1.808683265380750527e-07
5.439482038127607666e-07
1.567885306030802894e-06
4.923476382145963726e-08
2.672282107596402057e-06
2.142320738585112849e-07
2.721344344536191784e-06
1.957729836021826486e-07
6.614661174353386741e-08
5.663304364134091884e-06
7.347241535171633586e-07
3.201561682431020017e-08
1.381570007652044296e-03
3.835067161617189413e-07
9.271194301163632190e-08
1.714369091132539324e-06
5.188929890209692530e-07
2.327865877305157483e-05
3.869059241878858302e-07
2.052378113148733974e-05
3.663769803097238764e-07
1.892316525697879115e-08
4.208327766264119418e-07
5.174110810912679881e-07
8.660072126076556742e-07
3.213410673197358847e-05
4.371195100247859955e-03
1.269174617846147157e-06
1.841544303715636488e-07
8.653872214381408412e-07
1.936151966219767928e-04
2.482881455989627284e-08
6.601597760891309008e-06
3.063413771542400355e-07
5.350883293431252241e-05
4.993703896616352722e-06
3.058785296161659062e-06
6.256439955905079842e-04
7.732360973022878170e-05
3.359330094099277630e-07
3.446842310950160027e-05
1.971080564544536173e-06
1.481799017710727639e-06
4.416253318595408928e-07
2.474362554494291544e-04
2.297988999089284334e-07
5.777104661319754086e-07
4.628311216947622597e-06
7.994076440809294581e-06
7.968839099703473039e-07
1.253249308774684323e-07
2.267941709988008370e-07
1.574771129526197910e-03
2.845197570877644466e-07
4.933358468406368047e-07
8.458304279201911413e-08
1.081447294382087421e-06
2.400816470071731601e-07
8.841394446790218353e-05
1.381573270009539556e-06
1.892656200652709231e-06
6.939381819393020123e-06
3.117390861007152125e-07
6.364016007864847779e-05
6.017088480803067796e-07
6.694793910355656408e-07
9.883767688734224066e-07
2.487175606802338734e-06
9.319747732661198825e-06
1.553895685901807155e-06
1.053345386026194319e-06
2.634388329170178622e-05
1.329609949607402086e-05
4.972170063410885632e-05
1.377429725835099816e-07
2.358840674787643366e-06
5.300085467752069235e-05
4.589775471686152741e-06
1.718541793525218964e-02
5.126000360178295523e-06
3.830706418739282526e-07
2.222745251856395043e-06
2.648092277013347484e-06
2.105090146642396576e-07
6.020325713507190812e-07
9.214429155690595508e-06
8.456703426418243907e-07
1.293874163366126595e-07
1.931480483108316548e-06
7.251304341480135918e-04
5.174006787456164602e-07
9.442712212148762774e-07
3.493673830234911293e-07
1.603227137820795178e-04
3.484520050278661074e-07
1.728739562167902477e-06
6.839329103058844339e-07
2.101518703057081439e-06
2.836946144668672787e-08
1.188186686817971349e-07
1.979196349566336721e-05
8.027824947021144908e-07
4.169086054162107757e-08
1.665711266696234816e-07
3.892789209203328937e-06
1.470156857976689935e-04
3.021019665538915433e-06
3.722834435393451713e-06
8.771555570774580701e-08
1.141853135777637362e-05
1.077997808351938147e-06
5.662443527398863807e-07
1.138422135227301624e-06
4.977104026693268679e-07
1.419479787045929697e-07
1.057490294442686718e-06
1.981510877158143558e-06
2.061267878161743283e-05
1.093270911951549351e-04
4.108470966457389295e-05
2.683975799300242215e-05
8.981717655842658132e-06
1.990816826946684159e-06
9.918942396325292066e-07
5.225729182711802423e-05
4.882362645730609074e-06
6.635293539147824049e-05
5.983669666420610156e-07
1.832582256611203775e-06
1.297970015912142117e-07
1.774676547938724980e-07
2.463819157583202468e-07
8.361727736883040052e-07
3.238775647673719504e-08
1.229984263773076236e-06
5.354185645956022199e-07
8.377639915124746040e-08
1.884927627315846621e-07
1.254747150625235008e-08
6.325278718577465042e-07
8.898037862081764615e-08
7.027294486761093140e-05
4.549890036287251860e-06
2.667829721758607775e-05
6.255057769521954469e-07
2.698414789392700186e-07
2.931845983766834252e-07
9.795102187126758508e-07
8.241965474553580862e-07
5.651623268931871280e-06
2.113327184360969113e-07
6.211156232893699780e-06
1.114907136070542037e-04
1.006423303806514014e-06
9.259605917577573564e-07
1.933000703502329998e-06
9.950021251370344544e-08
6.320038892226875760e-07
3.519916731420380529e-07
3.251562361583637539e-07
3.569746240827953443e-07
3.254205512348562479e-05
4.104133566329437599e-08
5.904598219785839319e-05
2.627406956889899448e-06
1.339755755225269240e-07
1.926535560414777137e-06
6.044199949428730179e-07
9.838841741327541968e-09
2.999523076141485944e-06
6.544603081692912383e-08
8.182947567547671497e-06
2.117454727112999535e-07
1.822744707169476897e-06
9.432452543478575535e-07
5.737441591918468475e-03
6.621152692787291016e-07
3.377190828323364258e-01
1.314917608397081494e-04
3.055406559724360704e-04
2.673839777708053589e-02
2.577927112579345703e-01
4.954951582476496696e-04
1.214568391442298889e-01
3.649498894810676575e-02
1.004625810310244560e-03
2.704298935896076728e-07
1.136076207330916077e-06
1.794964106238694512e-07
6.292429316090419888e-05
1.676104830039548688e-06
8.106849236355628818e-08
4.373150659375824034e-06
1.480571540923847351e-06
1.670171627665695269e-07
6.736831437592627481e-06
4.803037518286146224e-05
1.636314891584333964e-06
1.029898430715547875e-05
6.791728083044290543e-06
2.887452319555450231e-05
4.879781336057931185e-04
9.571749615133740008e-07
4.830591933568939567e-06
1.409865859614001238e-07
