3.641824974920382374e-08
9.187069593963315128e-08
1.798847364398170612e-07
2.634264319567591883e-06
2.433622228181775426e-07
1.934219881150056608e-06
2.203331916916795308e-07
5.600067538580333348e-07
1.589638998211739818e-07
2.016169446505955420e-06
2.961979248539137188e-07
2.248153947448372492e-07
1.073919065674999729e-06
2.258613136518761166e-07
4.460371201275847852e-07
3.242943762415961828e-07
2.769039895156311104e-07
6.800542706741907750e-08
1.208504727401304990e-07
2.081855257074494148e-07
1.472088086984513211e-07
1.321438816148656770e-07
2.727464618601516122e-07
4.758164777740603313e-06
4.013317322915099794e-07
1.417799637692951364e-07
3.169513149714475730e-07
1.800986098032808513e-07
8.582291144421105855e-08
1.331574424057180295e-07
7.540937474459497025e-08
1.394258077880294877e-07
4.996417146685416810e-07
5.344340365809330251e-07
9.302147674361549434e-08
7.124294825189281255e-07
1.113901817006990314e-06
4.125791974729509093e-08
1.833239707593747880e-06
3.216157722363277571e-07
2.467680531026417157e-07
2.230657855761819519e-06
5.193967922423325945e-08
6.541562243000953458e-07
1.738320918320823694e-07
7.801610308888484724e-07
2.208726890273737808e-08
9.118892876358586363e-07
1.584270307830593083e-06
8.814058674033731222e-07
4.922540028928779066e-07
8.574327239330159500e-07
1.080793197161256103e-07
5.933722846407363249e-08
1.636899327195351361e-07
4.553640664539670979e-08
9.048468285755006946e-08
9.677842882638287847e-08
1.061820626091503073e-06
1.051656226991326548e-06
8.621441907052940223e-07
4.143716125781793380e-07
1.156317807726736646e-06
3.719996755080501316e-07
2.301504906654372462e-07
9.733847718962351792e-07
6.357661732181441039e-06
9.192170580263336888e-08
6.280096727095951792e-07
1.489797227804956492e-07
2.124627798139044899e-07
1.096350601414997072e-07
3.581937733088125242e-07
9.726234566187486053e-06
8.681969916324305814e-07
7.187837809397024103e-07
1.495197466283570975e-05
1.048667627401300706e-06
3.777486767830851022e-07
1.187282805403810926e-07
1.493457375545403920e-07
3.433022754961712053e-08
1.267726815967762377e-06
5.369644213715218939e-07
3.197346813976764679e-07
4.505633626195049146e-07
5.497940946952439845e-07
9.361328778823008179e-08
5.838535344082629308e-07
5.921204433434468228e-07
8.973515264187881257e-08
3.505129342329382780e-08
2.629531650200078730e-07
2.624119055383289378e-08
3.016481286977068521e-07
1.166174570244038478e-07
2.349708410065431963e-07
3.612967347521589545e-08
3.705941153953062894e-08
1.342957745009698556e-07
1.254636117664631456e-06
4.514440206548897550e-06
9.335492734408035176e-08
3.206160315016859386e-08
1.253285972779849544e-06
7.328941364903585054e-07
3.828674380201846361e-06
6.348315650939184707e-07
3.972459126089233905e-07
5.824948061672330368e-07
1.403682716727416846e-07
9.497709640982066048e-08
3.862267021759180352e-06
1.246514329977799207e-06
1.409425749443471432e-06
1.738599451073241653e-07
9.936310618741117651e-08
4.311532677547802450e-07
8.436367693320789840e-08
2.083001362507275189e-07
8.279126291199645493e-07
2.120985840292632929e-07
3.274761866123299114e-07
9.770668611963628791e-07
4.255679186826455407e-08
1.915171594646380981e-07
7.107092301339434925e-07
1.630761801152402768e-07
6.514666779366962146e-07
4.244555498189583886e-07
2.463277951392228715e-06
1.438142192000668729e-07
4.369088344446936389e-07
1.442912065385826281e-07
7.304045084310928360e-07
3.583061811696097720e-07
1.033770217873097863e-06
2.804268035561108263e-07
1.076088906870609208e-07
1.708311714310184470e-07
5.720668241337989457e-07
9.457881446905958001e-07
1.551792820464470424e-06
7.068708640645127161e-08
9.543157375446753576e-07
8.342667570104822516e-07
3.477480703395485762e-08
5.254882040617303574e-08
3.261635583839961328e-08
5.961584292890620418e-08
1.007115133688785136e-05
8.884069302439456806e-07
6.844725817245489452e-07
2.365036522178343148e-07
7.409143876202506362e-08
5.626807819680834655e-07
9.778191270015668124e-07
3.259205811900756089e-07
4.368967552181857172e-07
1.412364440511737484e-06
3.574011202545079868e-07
5.425137601378082763e-07
1.131683262656224542e-07
2.451399723213398829e-07
6.974967732276127208e-07
5.337708444130839780e-07
3.272526782893692143e-07
1.637734044379612897e-06
1.194745891552884132e-06
2.266309451215420268e-07
2.755974037427222356e-06
1.297146695833362173e-06
4.507002358877798542e-06
1.553193555992038455e-06
1.919528131111292168e-06
9.191167009703349322e-07
3.622061228725215187e-08
1.190162947750650346e-06
3.263997541580465622e-06
6.614708922825229820e-07
2.006996453474130249e-07
7.163694135670084506e-07
4.833698767470195889e-06
4.572305442707147449e-06
5.091519028610491659e-07
3.819764515355927870e-06
6.039150321157649159e-06
8.586716262470872607e-07
2.068680441880133003e-05
1.558223993924912065e-05
4.112224360142135993e-06
7.887226274760905653e-06
1.344882207376940642e-06
7.013568392721936107e-07
1.853250864769506734e-06
1.180508093057142105e-06
3.724752332345815375e-06
1.453418462915578857e-06
1.345865143775881734e-06
2.776352630462497473e-06
1.457843950447568204e-06
9.587664635546389036e-07
1.330579834757372737e-06
5.525287178897997364e-06
1.175089550997654442e-06
1.473700734777594334e-07
2.380484858122144942e-07
2.811188323903479613e-06
3.565277893358143046e-06
2.031176563832559623e-06
4.604515652317786589e-06
6.241130449780030176e-06
4.100100795767502859e-06
5.371313704927160870e-07
4.553406597551656887e-06
1.483808546254294924e-06
2.308740704393130727e-06
1.110305447582504712e-06
5.697789333680702839e-07
8.082644171736319549e-07
3.947357072320301086e-07
9.071507633962028194e-07
4.398291821416933089e-06
1.549698822600475978e-06
1.658176552155055106e-05
1.679932893239310943e-06
6.129770895313413348e-07
6.054073764971690252e-06
1.502334089309442788e-05
1.699378799457917921e-06
1.808079730380995898e-07
2.733914016062044539e-06
4.798262125405017287e-07
1.347753823210950941e-05
5.618308591692766640e-07
8.039543899940326810e-06
1.255909228348173201e-05
1.739138326684042113e-07
3.153742909489665180e-06
2.959080802611424588e-06
8.195670488930772990e-06
2.761333007583743893e-06
4.035322035633726045e-06
1.397297751282167155e-06
4.986171461496269330e-06
4.733832156489370391e-06
2.784037860692478716e-05
4.132693618430494098e-07
1.013795099424896762e-05
2.377377768425503746e-06
3.139791033390793018e-06
6.189924874888674822e-07
3.161626636938308366e-06
8.877264008333440870e-06
4.766357506014173850e-06
5.176294948228132853e-08
1.768436504789860919e-06
5.029674866818822920e-06
1.522282218502368778e-06
8.079161375462717842e-07
1.045207113747892436e-06
9.570115935275680386e-07
1.232294408737288904e-07
2.341252184123732150e-06
5.731349119741935283e-07
7.470402607623327640e-08
2.406958401479641907e-07
1.459845975659845863e-06
1.507985984972037841e-06
1.274642954740556888e-06
2.246599251520819962e-06
7.224391538329655305e-07
1.948207909663324244e-06
3.090550080742104910e-06
4.343041268839442637e-07
1.555335302327875979e-06
1.207060336128051858e-07
2.650064345743885497e-07
7.563090775875025429e-08
1.711031387685579830e-07
2.151180751752690412e-06
1.325942321273032576e-06
1.503738076280569658e-06
3.158939421155082528e-07
1.517825296559749404e-07
3.169945443914912175e-07
2.833186840689450037e-07
6.560648557751846965e-07
1.835963757912395522e-06
4.929478905069117900e-07
1.084509676729794592e-06
8.418124508580149268e-08
3.254287776144337840e-06
7.926765874799457379e-07
4.603588877216679975e-06
8.714828823030984495e-07
3.982218572673446033e-07
1.206033402922912501e-06
2.183399629984705825e-07
1.360966393804119434e-06
4.280568077774660196e-07
1.098222597306630632e-07
6.416676114895381033e-07
4.425410793373885099e-07
3.328518403122870950e-07
3.530808001528384921e-08
7.720696544311067555e-07
1.245561179530341178e-06
4.513182716436858755e-08
5.423274842542014085e-07
1.315602503382251598e-06
3.216320294541219482e-07
2.003481540668872185e-07
5.094122457194316667e-07
5.702172956034701201e-08
1.170809156292307307e-07
8.799750617072277237e-08
6.196513169243189623e-08
4.589454363213008037e-07
9.620816143751653726e-08
1.311628068378922762e-07
1.585342488397145644e-07
2.317586677236249670e-06
5.266157359073986299e-07
6.269974761607954861e-08
2.098115459148175432e-07
3.410579552109993529e-07
1.110673906623560470e-06
1.113743451242044102e-06
3.884539410137222148e-07
4.794172809852170758e-07
5.462037506731576286e-07
1.737122659051237861e-07
5.826492497362778522e-07
2.890546397793514188e-07
7.003015412010427099e-07
2.906013776282634353e-07
1.227742586706881411e-06
4.617813331719844427e-08
2.714785125590424286e-07
5.504218279384076595e-06
2.135512113454751670e-05
2.077845692838309333e-06
9.401801435160450637e-07
1.209375795951928012e-06
1.130228429246926680e-05
2.036623072854126804e-06
5.374037300498457626e-06
1.987033755312950234e-07
1.213938958244398236e-06
6.037979005668603349e-07
5.849765898346959148e-07
9.942334600054891780e-07
8.550214829483593348e-07
9.753952326718717813e-06
2.426954233669675887e-05
2.108288725821694243e-07
8.997308214020449668e-07
6.710742468385433313e-07
2.371078444696195220e-08
6.168636446091113612e-08
4.328341844939131988e-07
1.299239471563851112e-07
8.299878118123160675e-07
8.993739584184368141e-07
1.348473119833215605e-06
3.876244392131411587e-08
2.258197326909794356e-07
1.217245312545855995e-06
1.199066332446818706e-06
2.235435516695361002e-07
6.476143425970803946e-07
2.486124230927089229e-07
6.044059318810468540e-06
2.556910658313427120e-06
1.227388253255412565e-07
5.487532916959025897e-07
3.441473594989474805e-08
8.186917739294585772e-07
7.663957291015321971e-08
2.779069063763017766e-07
2.826855052262544632e-07
4.182273869446362369e-07
1.452065561124982196e-07
1.899501143043380580e-07
2.882414810301270336e-05
4.863279627898009494e-07
1.204149100431095576e-07
1.168398782169788319e-07
1.136778564614360221e-06
8.433938347707226058e-08
2.527087694659257977e-08
3.762002620533166919e-07
2.905902629635193080e-09
1.291421881433052476e-06
6.825730451964773238e-07
5.276606174220432877e-08
1.964457112535455963e-07
8.089932634902652353e-07
2.189588667533826083e-05
2.777986765067907982e-06
3.157555738653172739e-06
2.692335954179725377e-07
1.671788254498096649e-06
8.893953804545162711e-07
4.857351450482383370e-05
2.510597141736070625e-06
1.709082607703749090e-05
1.316379984928062186e-05
3.345037475810386240e-05
2.445577365506323986e-06
4.692450943366566207e-07
5.514030272024683654e-05
3.848596406896831468e-06
1.056776568475470413e-06
5.148255013409652747e-07
9.582728353052516468e-07
5.169099895283579826e-04
2.663297493654681602e-07
2.537755335652036592e-06
5.251177412901597563e-07
3.502685576677322388e-04
2.494511363693163730e-06
6.469692266364290845e-07
3.688004142077261349e-07
1.163929709946387447e-06
4.019766038254601881e-06
6.385535016306675971e-06
2.253688217024318874e-05
2.789818609016947448e-05
5.116235683999548201e-07
3.599731428494123975e-07
2.395843239355599508e-06
1.054701556313375477e-06
1.770898023778499919e-07
1.236549678651499562e-06
1.175470742964535020e-06
4.290098513592965901e-05
7.104184760464704596e-07
2.659878373378887773e-05
5.655282393490779214e-07
2.305627276655286551e-06
1.438897568732500076e-03
2.430337815439997939e-07
4.592079221765743569e-06
4.074433036294067279e-06
9.612191433916450478e-07
1.097400763683253899e-05
4.296881343179848045e-06
2.088617911795154214e-04
7.700279525124642532e-08
2.888416190671705408e-07
8.797002806204545777e-07
3.034507244592532516e-06
1.374988073621352669e-06
3.824165446530969348e-07
1.257812618860043585e-05
3.493086524031241424e-06
9.036132269102381542e-07
4.561125479085603729e-06
1.018245093291625381e-04
8.438013878730998840e-07
5.365121978684328496e-06
6.052942353562684730e-06
2.148942428448208375e-07
8.593381608079653233e-06
3.967618340539047495e-06
2.513318577257450670e-06
1.041582218022085726e-04
7.241951152536785230e-06
1.258311749552376568e-05
2.898784077842719853e-05
2.059925827779807150e-05
2.673195922398008406e-07
5.115891710261166736e-08
2.467657213856000453e-05
3.554217691998928785e-04
1.041296059156593401e-06
2.253746242786291987e-05
3.595888529162039049e-07
3.266878366048331372e-06
3.647332675882353215e-07
1.357214642894177814e-07
1.298280432820320129e-02
7.280543741217115894e-06
3.214677946061783587e-08
9.399864779879862908e-07
9.268291023545316420e-07
4.525658732745796442e-05
2.925079570559319109e-05
2.540915602367022075e-06
2.721534201555186883e-06
5.822288358103833161e-07
1.678926082604448311e-07
2.040631079580634832e-05
1.284687868974287994e-06
3.807418806900386699e-07
5.692358172382228076e-05
7.459906191797927022e-05
7.228737558762077242e-06
3.944610216422006488e-05
1.125491417042212561e-05
8.820028938316681888e-07
8.824832775644608773e-07
9.265507401323702652e-07
1.121068748943798710e-06
1.677900218055583537e-05
1.063160743797197938e-05
1.654295687103513046e-07
2.382711727477726527e-06
4.182507382211042568e-06
1.106776380765950307e-06
4.541071234598348383e-07
3.881438260577851906e-06
3.514856871333904564e-06
4.725902272184612229e-06
1.543941152704064734e-06
4.226157034281641245e-04
1.428823452442884445e-06
3.895394547726027668e-05
1.514324139861855656e-06
3.530417558295084746e-08
1.140259064413839951e-05
5.626461643259972334e-06
4.911747510050190613e-06
2.544173548812977970e-05
2.996762589191348525e-07
1.114352841113941395e-07
2.443478024360956624e-07
8.774263733357656747e-07
4.110918780497740954e-06
2.038139541582495440e-07
1.166265292340540327e-06
1.522629986538959201e-07
7.327086137820515432e-08
1.234713096209816285e-07
7.737731793895363808e-04
3.118052973150042817e-06
6.451234366977587342e-05
1.218848183270893060e-06
5.604018042504321784e-06
2.549598320911172777e-06
8.031011020648293197e-07
2.549336954871250782e-07
7.088964366630534641e-07
8.805635843600612134e-06
2.740808440648834221e-06
2.968040234918589704e-06
2.475432836490654154e-07
4.903811827716708649e-07
4.295958433431223966e-08
3.881580710185517091e-07
1.973044390979339369e-06
3.456790125255793100e-07
3.822791404672898352e-05
1.174527733383001760e-05
6.956221909604209941e-07
4.137927026022225618e-04
1.500997086623101495e-06
1.175859779323218390e-06
3.571092932475039561e-08
3.817397555394563824e-06
2.201564493589103222e-04
1.048892727339989506e-06
1.989678139580064453e-06
3.290505992481485009e-05
7.046131145216349978e-07
9.580630688788005500e-08
8.422698556387331337e-07
5.157383384357672185e-06
1.572418000250763725e-06
4.517318643593171146e-07
5.510328833224775735e-07
9.672879031086267787e-08
2.027351547440048307e-05
3.021393240487668663e-05
8.264391422271728516e-01
4.837299911741865799e-06
1.236902335222112015e-06
2.628225672651751665e-07
6.289728844421915710e-07
4.110689246772381011e-07
2.524517640267731622e-06
3.637689587776549160e-05
1.625142544980917592e-06
5.581300115409248974e-07
2.113382834068033844e-06
1.047492787620285526e-05
1.671597033237048890e-06
4.785918576999392826e-07
6.823686931056727190e-07
9.277762842430092860e-07
1.505396056700192275e-07
7.813679872015200090e-07
2.005795067816507071e-05
2.558141147801507032e-07
2.648001782290521078e-06
2.378417605086724507e-07
1.660478972098644590e-07
3.263322241764399223e-06
2.809407487802673131e-05
2.061544961406980292e-07
2.232049446320161223e-04
4.699786950368434191e-05
4.392195194213854847e-07
2.215886780732034822e-07
2.251896233929073787e-07
1.071515498551889323e-07
5.097886059957090765e-06
3.850812572636641562e-05
1.328852590631868225e-06
2.952553950308356434e-05
1.089969282475067303e-05
7.104026167326082941e-08
1.093383616534993052e-06
2.485166419319284614e-07
3.470578303677029908e-05
9.712316568766254932e-07
1.681687353993766010e-05
7.536817520303884521e-06
1.136623609454545658e-06
8.761444973970355932e-07
3.499763181480375351e-07
5.895994377169699874e-07
1.548990258015692234e-05
2.693019087018910795e-05
5.201142698751937132e-07
9.577371201885398477e-06
1.194199739984469488e-05
2.296352619168828824e-07
1.107230929164870759e-07
6.213576284608279821e-07
3.912381089321570471e-06
5.224667347647482529e-07
1.932926352310460061e-05
2.031339136010501534e-06
4.197740508971037343e-06
9.532192962069530040e-06
1.208822254739061464e-06
4.475228081446402939e-07
7.767383067402988672e-06
5.728317091779899783e-07
2.883655952246044762e-06
3.045532821488450281e-06
9.104747005039826035e-05
7.293489943549502641e-06
5.989057826809585094e-04
5.334105708243441768e-07
1.038477648762636818e-06
2.430561607980052941e-06
1.567837557558959816e-06
1.256114074976721895e-07
5.042392331233713776e-06
5.913629138376563787e-06
1.030638395604910329e-05
1.970238827198045328e-06
1.430768770660506561e-05
2.380174919380806386e-06
8.669587714393856004e-08
4.962977229183707095e-08
4.120122866879682988e-06
5.659090902554453351e-07
4.742919372802134603e-06
3.094269428402185440e-03
2.788552228594198823e-05
2.510484819140401669e-06
2.028671588050201535e-06
1.210216851177392527e-06
1.057368353940546513e-04
2.904711493556533242e-07
6.096880042605334893e-06
7.230044138850644231e-05
4.262194124748930335e-06
8.480589031023555435e-08
2.068632056761998683e-06
1.126715687860269099e-05
1.236264324688818306e-06
5.162395245861262083e-05
1.482534935348667204e-05
2.141136121736053610e-07
3.258646188442071434e-07
6.564482191606657580e-06
4.257688997313380241e-04
7.883604666858445853e-07
2.308348939550342038e-06
1.369325133282472962e-07
3.195667090949427802e-07
2.125469791280920617e-06
1.749752482282929122e-05
7.681609304199810140e-07
2.843399852281436324e-05
5.737468882216489874e-07
6.724048375872371253e-07
4.595757127390243113e-05
2.120853314409032464e-04
1.211940707435132936e-05
3.202875632268842310e-06
1.175829424937546719e-06
9.723147004842758179e-02
1.602562224434223026e-05
2.743016693784738891e-07
6.888217285450082272e-06
4.195657093077898026e-04
2.604194014566019177e-05
3.683199975057505071e-05
5.218211754254298285e-06
6.836356624262407422e-05
1.713121491775382310e-05
1.345632772427052259e-04
2.777565377698465454e-08
1.712279207310984930e-08
6.835358590251416899e-07
8.604192771599628031e-07
1.461590159124170896e-06
1.743489264072195510e-07
4.722144694824237376e-06
4.608528979588299990e-05
1.324453592133068014e-06
2.269632968818768859e-04
6.996373258516541682e-07
1.114830638471175916e-06
4.508491713295370573e-07
5.280198251966794487e-07
7.326862942136358470e-06
6.842053608124842867e-06
1.705830499076910201e-07
5.941087124483601656e-07
1.741875712468754500e-05
1.633867577766068280e-05
2.373882125539239496e-06
7.123340765247121453e-06
1.726770733512239531e-06
3.314408303367599729e-08
2.666707150638103485e-03
9.376241905556526035e-06
4.379411166155477986e-06
1.796316155378008261e-06
2.120633695312790223e-07
1.154732581198913977e-05
1.267665084014879540e-06
7.750248869342613034e-07
4.634848664863966405e-06
1.866821577323207748e-07
3.201139625161886215e-03
6.844451263532391749e-07
2.026431999979649845e-08
1.038737195813155267e-06
3.315026333439163864e-07
4.263460482434311416e-07
8.797065476073839818e-08
4.029482454370736377e-07
8.492475558341538999e-07
1.908486638058093376e-06
6.345198926283046603e-07
6.900692710587463807e-07
5.987386657579918392e-07
5.924255219724727795e-07
5.633567707263864577e-05
4.460553668650391046e-07
2.510525291654630564e-06
2.256190100524690934e-06
1.056432381574268220e-07
6.528624362545087934e-05
2.567712442669289885e-07
8.621133929409552366e-06
3.935261077003815444e-07
2.937228202881669858e-07
3.287933338924631244e-07
2.093276947334743454e-07
7.699817615502979606e-06
1.355384426915406948e-07
1.036291723721660674e-05
6.549686986545566469e-06
2.463553698817122495e-07
1.318277554673841223e-06
5.377728484745603055e-06
1.248341504833661020e-06
3.937543624488171190e-07
4.809564302377111744e-07
3.427074625506065786e-05
4.132311732973903418e-05
8.035178211684979033e-07
1.009265474749554414e-06
2.337751539016608149e-06
5.655430868500843644e-06
1.358535541839955840e-07
2.277114845128380693e-06
1.490246859248145483e-06
5.002033276468864642e-07
5.708447133656591177e-06
5.183974280953407288e-07
7.643482604180462658e-06
1.370148129353765398e-05
1.849140858212194871e-06
5.630766281683463603e-06
1.662291033426299691e-04
1.014058125292649493e-05
1.222835862790816464e-06
5.118859007779974490e-06
3.420049779379041865e-06
1.727818471408681944e-06
2.851392537195351906e-06
3.216961488305969397e-07
7.689654012210667133e-06
2.524359956623811740e-07
3.613940862123854458e-07
8.886501063898322172e-07
2.620489613036625087e-05
8.411151611653622240e-06
4.083126370346690237e-08
3.349965027155121788e-06
2.766185389191377908e-06
1.741173832670028787e-06
3.171182072492229054e-07
1.843827340053394437e-05
2.144986694929684745e-07
4.105061535142340290e-08
2.117565998105419567e-07
5.426728876045672223e-06
2.910666353272972628e-06
1.279400567000266165e-05
6.921547173988074064e-05
9.717834473121911287e-06
1.544555289001436904e-06
6.483995548478560522e-06
7.951983207021839917e-06
2.846548241564050841e-08
9.742178690430591814e-07
1.328947746515041217e-06
4.377768200356513262e-04
8.598631779932475183e-07
3.700657998706446961e-06
1.240061192220309749e-05
1.263111425942042843e-05
2.528240202082088217e-06
3.031995220226235688e-05
2.246493022539652884e-05
6.204496457939967513e-06
2.124645106960088015e-06
1.540056837256997824e-05
1.065674132405547425e-05
3.149369604216190055e-06
7.198646471806569025e-06
1.682796864770352840e-04
1.000821794150397182e-05
2.385274228799971752e-06
7.061340170366747770e-07
6.884204140078509226e-06
2.465478985413938062e-07
2.562194083566282643e-07
1.025736082738148980e-06
5.847643478773534298e-06
2.257027517771348357e-06
1.199685721076093614e-05
6.710644356644479558e-06
1.055976281350012869e-05
2.054968490483588539e-06
5.510318032975192182e-07
3.317814844194799662e-06
2.616153324197512120e-06
1.093587525247130543e-05
3.081001977989217266e-07
2.892684733524220064e-06
1.463055286876624450e-05
5.631249678117455915e-06
9.703318255560589023e-07
4.844534487347118556e-06
4.093462848686613142e-06
5.806517719975090586e-07
4.553966846287949011e-06
2.427448407615884207e-06
2.211183709732722491e-05
1.317505957558751106e-04
4.494437016546726227e-03
7.224054570542648435e-05
2.722985300351865590e-06
6.735617262165760621e-06
5.525589949684217572e-05
3.167256181768607348e-07
1.555276248836889863e-04
3.931813989765942097e-05
2.417359837636468001e-06
7.342583216995990369e-07
1.237112314811383840e-06
2.877936349250376225e-04
3.183783746862900443e-06
6.168227741909504402e-07
5.943577434663893655e-06
2.436859722365625203e-05
3.746237553059472702e-06
3.494425754979602061e-06
7.165071735926176189e-08
1.740901552693685517e-06
6.446181544106366346e-08
3.093824716415838338e-07
1.673915619448962389e-07
4.985548329727862438e-08
1.886653421934170183e-06
8.427704187852214091e-07
1.992571014852728695e-07
3.207086047041229904e-05
7.871727234487480018e-07
1.121351579058682546e-05
1.902827420963149052e-06
1.280965807382017374e-05
8.376574101021105889e-07
4.151193934376351535e-06
5.299569920680369250e-07
2.760484818509212346e-08
2.594948966816446045e-07
3.127274226244480815e-07
5.512155439646448940e-06
2.266286872327327728e-03
1.227427710546180606e-04
1.386045823892345652e-06
1.377782064082566649e-05
3.762704182008747011e-06
2.173903567381785251e-06
7.224984415188373532e-07
3.841497527901083231e-04
6.232443411136046052e-05
1.404352133249631152e-05
4.133510955739438941e-08
4.040272187921800651e-07
6.709248623337771278e-08
3.385456892601723666e-08
1.696328233435906441e-08
2.595520527393091470e-07
7.304941362917816150e-08
8.156173976203717757e-07
1.481927114355130470e-07
3.576684264317009365e-07
1.013948349282145500e-06
8.782546245811317931e-08
9.064978598871675786e-07
5.398482727514419821e-08
3.053186901524895802e-06
1.133385509888285014e-07
5.677589456354326103e-07
1.797005779735627584e-07
6.942612174043460982e-08
6.015233111611451022e-08
1.108597018628643127e-07
2.367130491620628163e-07
5.529780651158944238e-07
8.809826113065355457e-08
4.346921741671394557e-06
1.650826106924796477e-06
3.011357648574630730e-06
3.336481540827662684e-06
1.100976987800095230e-06
2.747042913142649923e-07
2.070531621711779735e-07
5.718696272083434451e-08
1.274302576348418370e-06
3.991031576333625708e-07
1.238662321156880353e-06
2.638167302393412683e-07
1.251052253792295232e-05
4.822741743737424258e-07
1.548170587284403155e-07
1.656019321671919897e-07
2.402273366897134110e-07
8.647337956801948167e-09
2.202825584163292660e-07
1.405263105880294461e-07
2.799956064336583950e-06
8.606502888142131269e-08
3.806477252510376275e-06
1.196689680682538892e-07
8.989084017230197787e-05
2.080178455798886716e-05
1.112050260417163372e-03
1.207443710882216692e-05
1.517394848633557558e-04
5.159147083759307861e-03
3.421467554289847612e-04
1.090418954845517874e-04
2.576849423348903656e-02
1.265304046683013439e-03
5.252447408565785736e-06
4.316138202398178692e-08
1.188726969303388614e-06
1.803622637908119941e-07
4.555747636914020404e-06
4.397086001972638769e-07
1.136749787633561937e-07
5.098776000522775576e-06
2.962313828902551904e-06
9.427132852124486817e-08
1.523595074104378000e-06
7.328770607273327187e-06
2.604263329430978047e-07
4.034442895317624789e-07
1.049169782163517084e-06
1.371366488456260413e-05
1.523208652542962227e-06
8.297245557287169504e-08
2.013912489928770810e-05
3.509057364681211766e-07
