3.602883680287050083e-08
6.236093213374260813e-06
1.188366240967297927e-05
8.953498763730749488e-06
2.971375943161547184e-05
6.479484909505117685e-06
5.094410084893752355e-07
5.514599251910112798e-05
1.520200203231070191e-05
6.273774488363415003e-06
5.741260793001856655e-06
9.341497388959396631e-06
2.508332545403391123e-05
1.226669701281934977e-04
6.049983767297817394e-06
4.849379820370813832e-06
5.518834586837328970e-05
3.189203198417089880e-06
2.050890543614514172e-06
1.153737775894114748e-05
1.832596808526432142e-06
6.572370693902485073e-06
5.605091428151354194e-05
2.579689898993819952e-04
5.409281129686860368e-06
4.238866679884267796e-08
1.684997208428740123e-08
1.297102247832526700e-08
5.325026108948804904e-08
2.455527692291070707e-07
3.442385434482275741e-07
5.331599481905868743e-07
6.396235221473034471e-07
6.028763164067640901e-05
1.292067099711857736e-05
7.324485977733274922e-07
6.758925792382797226e-06
6.374800136654812377e-07
6.294363288361637387e-07
3.718485459103249013e-06
4.923321057503926568e-07
1.065867877514392603e-06
1.415671988524991320e-07
1.346519547951174900e-05
6.039160780346719548e-07
5.853187872162379790e-07
2.226795032811423880e-07
1.369095002701214980e-06
9.224657333106733859e-06
9.194080485031008720e-05
4.191790026197850239e-07
6.859417771920561790e-05
3.467110445853904821e-06
1.729343694023555145e-06
1.374889416183577850e-05
1.460034468436788302e-06
3.220931432679208228e-07
4.188683305983431637e-06
8.786839316599071026e-06
2.511340198907419108e-06
2.680854522623121738e-04
1.011709173326380551e-05
3.765033397939987481e-05
3.801138373091816902e-04
1.097277618100633845e-05
1.490786780777852982e-05
9.322545224677014630e-07
1.185357723443303257e-05
6.091508453209826257e-07
2.645691381530923536e-07
4.173230649939796422e-07
1.532270630377752241e-07
1.617140696907881647e-06
1.890336170617956668e-05
1.099355131373158656e-06
2.455392120737087680e-07
5.548884655581787229e-05
4.739000360132195055e-06
2.573360397946089506e-04
3.465300437710538972e-07
2.034284534602193162e-06
1.170744639011900290e-07
1.521888498245971277e-05
3.125651801383355632e-06
2.517667212487140205e-07
1.239231551153352484e-05
1.554143091198056936e-05
5.225449058343656361e-06
1.187620146083645523e-04
6.235968157852767035e-06
2.074136091323453002e-06
4.063231699547031894e-06
1.877274257822136860e-06
2.146844508388312533e-06
9.705652246339013800e-07
2.432286123621452134e-07
4.031684056826634333e-06
4.639878170564770699e-06
1.023604127112776041e-04
5.387123110267566517e-06
6.783635762985795736e-05
2.339632716029882431e-03
7.635034307895693928e-06
4.175360288627416594e-07
3.117118831141851842e-05
1.453566528653027490e-05
1.800514473870862275e-05
1.347877696389332414e-04
6.789891358494060114e-06
7.501356549255433492e-07
2.065247031168837566e-07
4.062570724272518419e-07
1.093540340662002563e-04
5.345861063688062131e-05
1.259712098544696346e-05
2.614895606711797882e-07
7.105850727384677157e-06
1.463580332483616075e-07
2.785455308185191825e-06
4.313709496273077093e-07
3.071932724196813069e-06
9.646912076277658343e-06
3.298886497304920340e-07
4.036500740767223760e-06
2.351659276200734894e-07
4.641223313228692859e-06
5.816087650600820780e-06
1.531513248664850835e-06
2.684072796910186298e-06
1.618811074877157807e-05
1.179559767479076982e-04
1.402887573931366205e-04
7.420117617584764957e-05
2.482349600541056134e-06
9.767899427970405668e-06
3.486780315142823383e-06
2.510910417186096311e-05
3.785568114835768938e-04
2.098494036317788414e-07
8.830997444420063403e-07
9.165955816570203751e-06
2.575547568994807079e-06
3.694879069371381775e-06
1.314771225224831142e-06
1.243488746695220470e-03
2.282661153003573418e-03
3.194799660377611872e-07
1.071088718163082376e-05
2.723787474678829312e-05
4.512178861659776885e-07
6.776985828764736652e-04
1.979511353056295775e-06
7.224417913676006719e-06
5.844837005497538485e-07
3.427059027671930380e-07
1.468022105655109044e-06
6.818273504904936999e-06
1.704885507933795452e-04
1.675221028563100845e-07
7.158462267398135737e-06
6.058792132535018027e-05
1.803607005967933219e-06
4.354328666522633284e-06
5.520555714610964060e-05
1.089709803636651486e-05
3.845585524686612189e-06
1.164913373941089958e-05
1.689775090198963881e-04
4.785575129062635824e-06
1.070341313607059419e-04
2.409913140581920743e-04
2.294308796990662813e-05
1.743366919981781393e-05
2.143005985999479890e-05
5.632169632008299232e-06
9.377459718962199986e-06
3.405278221180196851e-06
1.520192836323985830e-05
5.941440394963137805e-05
1.597614641468680929e-06
5.810773586745199282e-07
1.691921206656843424e-04
5.168014467926695943e-06
5.618602244794601575e-06
3.543915681802900508e-06
2.555857918196124956e-06
1.331140629190485924e-05
4.470863132155500352e-06
3.842304522549966350e-06
5.894807145523373038e-06
1.198780751110462006e-06
1.250965578947216272e-04
5.915395831834757701e-06
4.138687927479622886e-06
9.347200830234214664e-06
5.549482580136100296e-07
8.331426784025097732e-07
7.915991773188579828e-06
1.643386531213764101e-05
4.877891569776693359e-06
2.168414994230261073e-06
2.447909082547994331e-06
1.059388296198449098e-06
5.105864693177863955e-05
4.801146928912203293e-07
5.750011496274964884e-06
6.267531261983094737e-06
3.123172518826322630e-06
2.987263087561586872e-06
1.316513930760265794e-06
1.596936199348419905e-04
1.577980401634704322e-05
9.022077392728533596e-06
1.504361080151284114e-06
2.771247864075121470e-06
1.482822995058086235e-06
2.130738175765145570e-05
3.524373823893256485e-06
7.118813300621695817e-06
5.012404017179505900e-06
1.186306508316192776e-05
2.596125523268710822e-05
5.000900127924978733e-04
1.154061901615932584e-04
1.359177349513629451e-05
3.358910134920733981e-06
3.027475258932099678e-06
6.082235358917387202e-06
1.390399993397295475e-03
1.968413998838514090e-04
3.991445282736094669e-06
6.518373265862464905e-05
2.968086391774704680e-06
3.087577351834625006e-05
6.734880571457324550e-06
5.051977041148347780e-06
2.717605411817203276e-06
5.466624770633643493e-07
1.011848053167341277e-05
1.374274597765179351e-05
2.683136017367360182e-06
3.647921766969375312e-05
2.954243200292694382e-06
3.726444674612139352e-06
3.916223067790269852e-04
3.575297523639164865e-05
4.916707439406309277e-06
1.072765712706313934e-06
2.065518856397829950e-05
4.191240805084817111e-06
6.119367026258260012e-05
5.299991244100965559e-05
5.290661192702827975e-06
1.585856352903647348e-06
4.088538116775453091e-05
1.346095814369618893e-05
4.309848882257938385e-04
8.130130008794367313e-04
1.112272730097174644e-04
4.885489488515304402e-06
2.610366027511190623e-05
8.479993084620218724e-06
6.031450993759790435e-06
1.410332401974301320e-06
1.767976641531276982e-06
1.890392809400509577e-06
8.633683137304615229e-06
2.761756513791624457e-05
1.357008613922516815e-06
2.749692384895752184e-06
2.359084419367718510e-06
2.826719764925655909e-06
1.235612785421835724e-06
1.957485983439255506e-05
2.330164306840742938e-06
1.681951516729895957e-06
2.513117806302034296e-06
4.654054919228656217e-06
4.183387432021845598e-07
2.942655783044756390e-06
5.616785983875161037e-06
1.864342266344465315e-05
2.391543148405617103e-06
1.527472818452224601e-06
2.211251558037474751e-05
4.061706988522928441e-07
4.232784647228982067e-07
6.489772204076871276e-07
1.298026148788267164e-07
4.190814877347293077e-07
4.430348496953229187e-07
1.156685769387877372e-07
8.508719474775716662e-06
1.027359886052181537e-07
1.146673639595974237e-05
3.834165545413270593e-05
2.610399633340421133e-06
1.314294931944459677e-04
2.769633510979474522e-06
3.061791358049958944e-05
3.704115059122159437e-08
6.183188929753669072e-07
1.002808289740642067e-07
3.403305868232564535e-07
5.519744945559068583e-07
4.190779065993410768e-07
1.397783933043683646e-07
4.006179210591653828e-07
2.397087200733949430e-06
1.830779183364938945e-05
9.371179885420133360e-07
7.137153261282946914e-06
1.122639559980598278e-06
9.579487141309073195e-07
8.869062071426014882e-07
3.048811549888341688e-06
3.223005649033439113e-07
2.084041852867812850e-06
6.757311439287150279e-07
6.633568432334868703e-07
4.005831613085319987e-07
2.402852487648488022e-06
2.068712637992575765e-05
7.804474080330692232e-06
3.957563421863596886e-06
7.804157462487637531e-07
1.753855940478388220e-07
4.392661503516137600e-05
1.319731472904095426e-05
1.159766043201670982e-06
5.513334599527297541e-06
5.617214355879696086e-06
3.408948396099731326e-05
8.819366712486953475e-07
1.105957053368911147e-04
4.028655439469730482e-06
2.519981762816314586e-06
6.622714863624423742e-05
1.691642182777286507e-06
9.267648124478000682e-07
1.681331050349399447e-04
2.967741165775805712e-04
3.278297299402765930e-05
1.376616637571714818e-06
1.883887853182386607e-05
8.859772235155105591e-03
5.090195336379110813e-04
3.154955948048154823e-06
5.522806986846262589e-06
1.299646328334347345e-07
1.818171426748449448e-07
4.372878095182386460e-07
1.597580376255791634e-05
2.313228378625353798e-06
1.004178426228463650e-03
1.375246938550844789e-04
1.298635379498591647e-05
1.758128018991556019e-05
4.833105322177289054e-06
4.229330841098999372e-07
8.254506838056840934e-07
1.565720049256924540e-05
3.216372078895801678e-06
2.563100424595177174e-04
9.763671187101863325e-06
3.492892210488207638e-05
1.869722036644816399e-04
2.751905121840536594e-04
4.426478335517458618e-05
1.150893785961670801e-05
1.290452746616210788e-05
2.050058719760272652e-05
9.995653817895799875e-05
4.204722790746018291e-05
4.217278619762510061e-04
2.740715281106531620e-04
1.290519721806049347e-04
1.466962771701219026e-06
6.263118848437443376e-05
5.551769572775810957e-05
1.831797271734103560e-05
5.127156327944248915e-06
1.162300031865015626e-05
7.320592703763395548e-05
5.146045441506430507e-05
6.235088035464286804e-02
4.148199222981929779e-04
4.873344096267828718e-06
7.850655674701556563e-05
2.887135224227677099e-06
1.617992211322416551e-06
6.159397344163153321e-06
5.115331987326499075e-06
3.472190996944846120e-07
7.385301614704076201e-06
1.528506800241302699e-05
1.132368106482317671e-05
5.640939662043820135e-07
1.636741508264094591e-04
4.325281362980604172e-03
3.732560726348310709e-04
3.735163409146480262e-05
1.383123958476062398e-06
1.892831960503826849e-06
3.669812031148467213e-06
5.926576250203652307e-06
7.899694610387086868e-04
2.380446996539831161e-03
6.370740447891876101e-05
8.692751725902780890e-05
2.237589114884031005e-06
6.249649686651537195e-06
2.311843445568229072e-06
4.768377493746811524e-06
1.397802589053753763e-05
6.416745600290596485e-05
3.282373654656112194e-05
1.600661897100508213e-03
1.085723226879053982e-07
1.132216857513412833e-05
2.573572419350966811e-05
2.841811859980225563e-03
2.119376949849538505e-05
5.535231935027695727e-07
1.806741238397080451e-05
1.539074946776963770e-05
4.852815322919923346e-07
9.942968063114676625e-06
3.197456244379281998e-03
1.657575485296547413e-04
1.049564033746719360e-02
3.557450099833658896e-06
3.433498495724052191e-04
6.703654653392732143e-04
1.506548323959577829e-05
2.114906601491384208e-05
4.885125690634595230e-06
3.965075666201300919e-05
1.660784391788183711e-06
8.257330209016799927e-02
2.380597607043455355e-06
2.012325057876296341e-05
4.659648984670639038e-04
5.681198672391474247e-05
2.127492334693670273e-04
2.853633835911750793e-03
3.846560957754263654e-06
1.750457158777862787e-05
5.796352979814400896e-06
3.662225481093628332e-06
2.105176245095208287e-04
4.920094215776771307e-05
8.590339712100103498e-05
2.645379709065309726e-06
2.238249871879816055e-04
1.287139639316592366e-06
2.377305878326296806e-03
3.458478313405066729e-04
5.008036623621592298e-06
6.474565248936414719e-03
9.841586870606988668e-05
1.017728354781866074e-04
9.086134377866983414e-04
3.200439969077706337e-04
3.797165391006274149e-07
2.232408769486937672e-05
7.813015145075041801e-06
1.013786811381578445e-02
1.500255621067481115e-05
2.514584921300411224e-04
1.077774725854396820e-02
1.055915563483722508e-04
4.884396912530064583e-04
4.696750295352103421e-07
1.232320664712460712e-05
2.799177536871866323e-06
5.861679164809174836e-05
3.390147469417570392e-07
4.139321390539407730e-05
9.209499694406986237e-05
1.585437566973268986e-04
1.375311057927319780e-06
2.309316897708413308e-07
4.825957294087857008e-04
6.869148819532711059e-06
1.477585897191602271e-06
2.039827995758969337e-05
7.576022180728614330e-04
1.748082577250897884e-04
7.677148460061289370e-06
9.335576032754033804e-05
2.745044184848666191e-06
1.155070435743255075e-06
1.789302359611610882e-07
5.762566797784529626e-05
3.549807559011242120e-08
1.232095542036404368e-06
5.966531898593530059e-05
6.313237099675461650e-05
5.667963996529579163e-04
6.392631912603974342e-04
8.137677650665864348e-05
6.709301960654556751e-04
1.723296691125142388e-06
1.193269326904555783e-06
3.072991967201232910e-05
3.904790719388984144e-05
1.356090024273726158e-06
1.399110260535962880e-06
3.084353229496628046e-04
2.473545828252099454e-05
9.837031029746867716e-06
3.733288394869305193e-06
5.085602751933038235e-04
2.764103119261562824e-04
4.431851208209991455e-03
2.777411282295361161e-05
9.035225957632064819e-06
1.820716279326006770e-04
7.103492862370330840e-06
3.771582669287454337e-06
1.270160225885774707e-07
3.849491622531786561e-05
1.975775230675935745e-03
1.304655452258884907e-04
7.682337309233844280e-05
3.497500756566296332e-06
1.425023128831526265e-06
3.999536772880674107e-07
9.957282600225880742e-05
7.144549272197764367e-06
6.841526555945165455e-06
5.972560757072642446e-05
5.707487389372545294e-07
3.377921075298218057e-06
5.194107544070902804e-08
2.685747404029825702e-06
1.046553952619433403e-04
8.316495222970843315e-05
1.633748070162255317e-05
1.069144673238042742e-05
1.681400835514068604e-02
6.796376546844840050e-04
1.292405977437738329e-05
1.250812260877864901e-06
7.073943834257079288e-06
2.872524200938642025e-04
2.129394971461806563e-07
5.299546614878636319e-07
2.214545702372561209e-07
2.729063908191164955e-08
2.969909928651759401e-06
4.517410707194358110e-05
2.665438842086587101e-06
6.076299468986690044e-04
2.741358184721320868e-04
2.579758529464015737e-06
2.090558409690856934e-03
4.770351806655526161e-04
9.213140583597123623e-04
2.516474341973662376e-05
6.266296850299113430e-07
1.945172436535358429e-02
3.629388061199279036e-07
1.182059577331528999e-06
2.940681724794558249e-07
1.034035267366562039e-05
3.908507096639368683e-06
1.773147028870880604e-03
6.768040475435554981e-04
9.041001248988322914e-06
5.359991064324276522e-07
2.618322923808591440e-06
4.326896487327758223e-06
1.879135538729315158e-06
1.888335191324586049e-06
1.443761750124394894e-03
1.615249668247997761e-03
4.758386407047510147e-03
2.889185634558089077e-05
5.510038590728072450e-06
4.385593911138130352e-06
8.235157467424869537e-03
7.121216622181236744e-04
7.685499440412968397e-06
7.019663826213218272e-06
7.871831257943995297e-06
4.821894890483235940e-06
1.284486643271520734e-05
1.478585318182012998e-06
6.593435841750761028e-07
1.908652047859504819e-04
2.391750264507663815e-08
1.990234886761754751e-04
1.016583264572545886e-04
2.507845692889532074e-06
5.959153440926456824e-06
1.208303956445888616e-06
2.034633780567673966e-06
2.173301982111297548e-05
3.890888183377683163e-04
4.587836156133562326e-05
1.140580789069645107e-04
3.076887805946171284e-04
1.459421923755144235e-06
7.723604539933148772e-06
1.128526855609379709e-05
1.058304746948124375e-06
1.187642365694046021e-01
9.086415957426652312e-05
1.251527137355878949e-04
7.642511627636849880e-05
8.520535379648208618e-02
7.746493935201215209e-08
3.912135493010282516e-03
1.907236219267360866e-05
6.391446368070319295e-05
2.275012229802086949e-04
9.626675455365329981e-05
1.124350183090427890e-05
7.151281170081347227e-05
2.264159320475300774e-06
9.851721927134349244e-08
8.501675097249972168e-07
8.996062679216265678e-04
2.183604519814252853e-04
3.652713530755136162e-06
3.796262026298791170e-04
7.714637467870488763e-05
2.096895059366943315e-06
2.098760705848690122e-05
4.316354079492157325e-06
1.771369948983192444e-03
2.616414462863758672e-07
4.950211223331280053e-05
3.560087179721449502e-06
1.387696192978182808e-05
1.750919727783184499e-05
4.913302138447761536e-03
2.875294012483209372e-04
1.488101361246663146e-06
8.706590597284957767e-05
1.370660308748483658e-02
1.484019216150045395e-03
7.253935473272576928e-05
1.860053464770317078e-02
1.318628899753093719e-03
4.392179278056573821e-07
4.336110066560650012e-07
2.694779686862602830e-05
1.466165558667853475e-04
3.372542067836548085e-08
2.507556637283414602e-04
1.005604281090199947e-03
6.951794028282165527e-03
3.611954161897301674e-05
9.792028868105262518e-05
7.130622179829515517e-06
8.918133062252309173e-06
2.692505916002119193e-07
2.489594862709054723e-06
2.401362451109889662e-07
1.071264321694798127e-07
3.931732499040663242e-05
5.359528586268424988e-05
6.948645750526338816e-05
1.407051924616098404e-03
2.452607077430002391e-05
2.196992863900959492e-04
4.280611847207183018e-06
3.690710946102626622e-05
3.804926745942793787e-05
1.067566927304142155e-06
1.146341119806493225e-07
6.308275146693631541e-07
2.344887252547778189e-05
2.853452542694867589e-06
7.788941002218052745e-05
1.337596913799643517e-04
6.804171334806596860e-06
4.428595161698467564e-07
1.407410763931693509e-05
2.420385862933471799e-05
8.369605347979813814e-05
2.266335068270564079e-04
2.035802992850221926e-07
7.823737036005695700e-08
8.038664236664772034e-05
4.600421561917755753e-06
1.852973946370184422e-04
3.945102170109748840e-02
1.220838953486236278e-06
4.539922883850522339e-06
2.322198124602437019e-04
1.850758417276665568e-05
1.341853294434258714e-05
1.029428443871438503e-03
9.228023700416088104e-03
1.373120583593845367e-02
2.380146412178874016e-03
2.786411641864106059e-06
3.901236050296574831e-05
2.858467050828039646e-04
1.087782147806137800e-04
4.917044861940667033e-06
5.993635568302124739e-06
4.242512659402564168e-05
6.513973494293168187e-05
8.191812958102673292e-05
9.782494316823431291e-07
1.696651423799266922e-07
8.885809074854478240e-05
8.391099726168249617e-08
3.548139147824258544e-06
8.296183864331396762e-07
4.375124717626022175e-06
1.041693685692735016e-04
1.076594685400777962e-06
2.562064037192612886e-04
8.588089883687644033e-08
3.511497425279230811e-06
7.373921835096552968e-05
1.422363420715555549e-04
3.212475803593406454e-06
1.455537742003798485e-03
4.464080848265439272e-05
5.083764335722662508e-06
1.881499047158285975e-04
9.627887629903852940e-05
2.060639445744527620e-07
1.363523333566263318e-04
1.901828363770619035e-04
3.030829276440272224e-08
3.370854246895760298e-04
4.281179280951619148e-05
1.425775699317455292e-03
6.554337687703082338e-06
9.320826393377501518e-06
4.419067408889532089e-06
6.149786640889942646e-04
1.442718229327510926e-07
2.226157375844195485e-04
2.208953219451359473e-06
1.779115409590303898e-03
1.051615299729746766e-06
1.407461127200804185e-06
4.363043046851089457e-07
1.153087669081287459e-05
7.336835551541298628e-06
8.033188692024850752e-07
1.007635546557139605e-06
7.266172906383872032e-05
6.029863925505196676e-06
1.340119865744782146e-06
2.174485445038953912e-07
3.042027174160466529e-06
3.216362756575108506e-06
1.037847250699996948e-04
1.495913875260157511e-05
3.556639285307028331e-06
2.696105809718574164e-07
4.866254812441184185e-07
7.804169435985386372e-04
7.137683866176303127e-08
4.344637272879481316e-05
7.217634902190184221e-06
8.680378414283040911e-06
1.091263015950971749e-06
7.910496606200467795e-06
8.185916300362805487e-08
7.824931526556611061e-05
4.573440037347609177e-06
9.139520216194796376e-07
3.509000180201837793e-06
6.572064012289047241e-04
3.350953757762908936e-02
1.467746333219110966e-04
1.746269617797224782e-06
1.523211358289700001e-05
3.791816925513558090e-05
2.236236759927123785e-04
5.437394065666012466e-05
2.878982741094660014e-06
2.294268142577493563e-06
1.209723734518775018e-07
1.832721778782797628e-07
1.250519471795996651e-05
1.059129226632649079e-05
1.230761110782623291e-01
1.565557904541492462e-04
1.199503003590507433e-05
5.043863202445209026e-04
4.485978570301085711e-05
5.379228387027978897e-03
1.432379358448088169e-04
2.495727967470884323e-04
4.806897050002589822e-05
1.754658228492189664e-06
1.253701640280269203e-07
4.252208236721344292e-05
6.643631786573678255e-05
5.484052508109016344e-06
1.281944861375450273e-07
1.542845780022616964e-07
8.525191219632688444e-08
3.962212649639695883e-04
2.618200669530779123e-04
2.316596364835277200e-04
1.240153796970844269e-03
4.984104180039139464e-06
7.074139375617960468e-06
1.718799580885388423e-06
8.431769856542814523e-06
2.151583203158224933e-06
1.491367729613557458e-04
2.989907898154342547e-06
2.467795411575934850e-06
9.851018148765433580e-06
4.718328636954538524e-05
4.771468811668455601e-04
1.443845667381538078e-05
2.085633786919061095e-05
1.427643117494881153e-03
2.406082421657629311e-05
2.018396975472569466e-03
6.390805992850800976e-06
6.962549150557606481e-07
1.571761799823434558e-06
3.724131829585530795e-06
3.242884704377502203e-04
1.867264800239354372e-04
2.715033133426913992e-06
2.586666669230908155e-04
6.679150101263076067e-05
9.503203909844160080e-04
5.505379704118240625e-06
1.900543808005750179e-03
6.263447459787130356e-03
8.131971117109060287e-05
9.476384002482518554e-05
3.316393820568919182e-03
6.200662755873054266e-05
7.072430104017257690e-03
1.015233137877658010e-04
1.822248350435984321e-06
2.843748916347976774e-06
6.133046781542361714e-07
4.856523446505889297e-05
9.866602113106637262e-07
1.411057610312127508e-06
9.178700565826147795e-06
7.200412801466882229e-04
7.449304121109889820e-06
1.164606865495443344e-02
5.238336976617574692e-03
1.943516508617904037e-05
2.009073068620637059e-05
6.407157343346625566e-05
8.499773684889078140e-06
1.222529590449994430e-06
1.267398474738001823e-04
4.050705683766864240e-05
4.987088032066822052e-03
2.943119943665806204e-05
1.127326981986698229e-06
3.400282468646764755e-03
3.919647497241385281e-05
7.238997568492777646e-06
1.317545829806476831e-04
2.716420203796587884e-05
1.030047642416320741e-04
1.213825839840865228e-06
4.397227712615858763e-06
1.104749040678143501e-03
4.000080480182077736e-06
9.203195804730057716e-04
1.798915764084085822e-04
1.913573032652493566e-05
4.482952249418303836e-07
2.296059858053922653e-03
6.337158381938934326e-03
9.144502655544783920e-06
2.270743061671964824e-05
3.463939356151968241e-05
5.750913987867534161e-04
1.517423424957087263e-05
2.658104131114669144e-05
9.218361228704452515e-03
3.842711066681658849e-06
3.751199110411107540e-04
1.728800561977550387e-04
3.589836694573023124e-08
1.514294999651610851e-04
7.223188163152371999e-07
1.796800829470157623e-02
6.256191227294038981e-06
2.888985818572109565e-06
8.334411541000008583e-05
4.111344969714991748e-05
1.634730026125907898e-03
4.709025347438000608e-07
3.620014922489644960e-06
2.774463500827550888e-04
4.145379643887281418e-03
2.249018871225416660e-05
6.983046660025138408e-06
4.018726758658885956e-04
2.662034830791526474e-06
3.708475446728698444e-07
1.200779734062962234e-04
1.239747507497668266e-04
6.740834563970565796e-03
1.045066863298416138e-03
1.254227936442475766e-05
1.264301317860372365e-05
1.795948483049869537e-04
8.995179086923599243e-06
5.956284585408866405e-04
2.583118885013391264e-06
5.304921651259064674e-04
2.375165422563441098e-05
6.174056034069508314e-05
9.057786883204244077e-06
3.350809265612042509e-06
2.716850246997637441e-07
2.691853921987785725e-07
3.435144435570691712e-07
4.119333880225894973e-06
3.851391284115379676e-06
3.734152051038108766e-05
2.099748598993755877e-06
1.473728389100870118e-06
6.318998930510133505e-05
8.586427213685965398e-08
6.316097824310418218e-06
1.077596234466682290e-08
3.517535515129566193e-05
5.749624847339873668e-07
1.947187001860584132e-06
1.438012986909598112e-06
4.284146086774853757e-07
2.198290900423671701e-07
3.175373194608255289e-06
1.276603688893374056e-05
2.940038257293053903e-06
4.755166571612789994e-08
1.374004750687163323e-05
7.962457311805337667e-05
2.931912831627414562e-06
3.387526521692052484e-05
8.480034011881798506e-06
3.155623971906607039e-06
4.967732820659875870e-06
8.471325418213382363e-05
4.232529026921838522e-04
6.562350317835807800e-04
1.311636588070541620e-04
4.759072908200323582e-06
2.509153273422271013e-05
9.003884997582645155e-07
8.008244662960350979e-07
2.327165202586911619e-05
3.086197608581642271e-08
4.960562591804773547e-07
1.235114979181162198e-07
4.287737283448223025e-06
2.232975202787201852e-05
2.778241878331755288e-06
9.412062354385852814e-05
4.462110155145637691e-06
3.835493116639554501e-04
4.060500650666654110e-04
6.198832765221595764e-02
1.414071157341822982e-04
8.626301132608205080e-05
2.523281145840883255e-04
6.231681618373841047e-05
3.399107372388243675e-04
5.096339737065136433e-04
1.908604870550334454e-03
8.329584670718759298e-05
3.005336620844900608e-04
2.049822360277175903e-03
5.540125584957422689e-06
3.659216190499137156e-06
2.100878191413357854e-06
5.790402113348136481e-08
4.689104098360985518e-04
1.348755813523894176e-05
2.351647253817645833e-06
1.628304744372144341e-06
5.042078555561602116e-05
3.708188955897639971e-07
3.432385483392863534e-06
6.812667561462149024e-05
1.422627246938645840e-05
5.160981163498945534e-05
2.849540692295704503e-07
8.655762067064642906e-04
1.288624025619355962e-05
