1.260304216543772782e-08
2.330519350834947545e-07
2.701524408621480688e-07
5.409991103988431860e-07
1.951123493881823379e-07
4.382758049814583501e-07
1.360784551707183709e-07
5.140486791788134724e-07
1.218238168121388298e-07
2.537438490435306448e-07
7.202691563179541845e-07
2.610523210933024529e-07
1.983746869882452302e-06
7.021282613095536362e-07
2.696848696359666064e-06
1.049883053383382503e-06
3.972343733948946465e-07
5.743455062656721566e-07
8.531484922968957108e-07
3.905938683601561934e-07
1.282222683585132472e-07
5.349202183424495161e-07
1.622868353479134385e-06
1.203751344291958958e-05
4.161789490808587288e-07
6.974735100584439351e-08
1.213888083384517813e-07
3.136008501769538270e-07
1.849613653348569642e-07
8.894217273791582556e-08
4.564852673638597480e-08
9.428612912643075106e-08
1.548790180549985962e-07
4.040239502955955686e-07
2.465948227836634032e-07
4.743656916161853587e-07
3.395072667444765102e-07
5.444355721806459769e-08
2.278800792510082829e-07
2.106535390566932620e-07
3.639766816831979668e-07
1.903437407690944383e-07
1.169401571132766549e-07
2.235176594922450022e-07
9.561969704918737989e-08
1.483289366888129734e-07
2.346734717662002367e-08
2.643301115767826559e-07
9.310424786690418841e-08
9.331590433703240706e-08
8.884125008989940397e-07
1.086742926759143302e-07
2.197633506284546456e-07
9.905235742735385429e-08
2.905042606471397448e-07
7.110671873533647158e-08
8.121921268866572063e-08
6.974496358225223958e-08
2.727065577801113250e-07
5.269189387036021799e-07
8.971865668172540609e-07
1.541268233040682389e-07
6.224353654715741868e-08
5.514784220395085867e-07
3.636199892298463965e-07
8.529280535185534973e-07
9.482687346462626010e-07
8.435375775661668740e-08
1.329183447751347558e-07
1.494740473617639509e-07
2.999497326072741998e-07
5.870899713045218959e-07
1.378619884917497984e-07
1.771785036908113398e-06
1.830908104238915257e-06
1.724302336469918373e-07
9.275860975321847945e-06
8.344908337676315568e-07
1.326161083170518395e-07
2.798180958052398637e-07
3.426311252496816451e-07
1.221538639128993964e-07
1.967294110727380030e-06
3.909658232714718906e-07
2.817964741552714258e-06
6.794261935283429921e-07
3.780105259920674143e-07
2.324922974139553844e-07
1.338716799637040822e-07
2.112322135872091167e-06
4.068507735155435512e-07
7.104679866642982233e-08
1.003633769869338721e-06
5.718404594290404930e-08
1.244527652488613967e-06
4.197662306637539587e-08
2.553479419020732166e-07
2.368870610780504649e-07
8.812512675149264396e-08
1.109416871258872561e-06
2.631639290484599769e-06
1.083920892597234342e-06
1.336086938863445539e-07
5.523672186313888233e-08
2.747115104284603149e-07
1.782413789896963863e-07
8.072195782915514428e-07
1.706741272755607497e-07
1.161100840363360476e-06
1.547218744235578924e-06
3.924754423678677995e-07
1.536535165769237210e-07
2.471238985890522599e-06
1.442579105059849098e-06
1.631949089642148465e-06
1.045028284352156334e-06
6.297865411397651769e-07
1.801512752308553900e-07
2.983045988003141247e-07
7.768749554770693067e-08
6.942593131498142611e-07
3.572398270534904441e-07
2.698346861507161520e-07
5.559871851801290177e-07
4.189265894183336059e-07
2.250257296054769540e-07
4.733073808438348351e-07
1.143772465184156317e-06
9.608726969645431382e-08
5.930422375399757584e-08
5.459410203911829740e-07
3.302302786778454902e-07
1.098398684007406700e-06
1.916859275752358371e-07
8.199697276722872630e-07
4.092705694347387180e-07
1.682406036707106978e-06
1.877264253380417358e-06
2.295692524967307691e-07
1.900391879416929442e-07
3.252413875998172443e-07
4.971565772393660154e-07
2.257996243315574247e-07
7.032232360870693810e-07
7.177074508035730105e-07
2.033518740063300356e-06
1.934664481950676418e-07
1.025774238883059297e-07
3.169759850152331637e-07
2.402023824288335163e-08
2.120262024618568830e-06
8.392354402531054802e-07
8.997278655442642048e-07
2.490805286470276769e-07
2.249913961804850260e-07
5.564385787693026941e-07
8.713519719094620086e-07
1.716291393449864700e-07
3.805910750998009462e-07
6.201766609592596069e-06
7.444096468134375755e-07
1.952647380676353350e-06
1.108440756070194766e-06
1.787811243048054166e-06
1.140708263847045600e-06
6.373622341016016435e-07
6.582964147128222976e-07
3.596842589104198851e-06
1.136556988967640791e-06
8.872033845364057925e-07
1.729067207634216174e-06
1.290045133828243706e-06
1.960366489583975635e-06
2.079521891573676839e-06
1.410749746355577372e-06
7.632840492988179903e-07
5.231603239508331171e-08
1.654401557971141301e-06
2.609501734696095809e-06
9.709784762890194543e-07
4.076827337939903373e-07
5.440392669697757810e-07
4.190336539977579378e-07
3.197743808414088562e-06
2.281557982541926322e-07
2.378365479671629146e-06
4.486779744183877483e-06
6.139017045825312380e-07
5.259362296783365309e-06
4.263184564479161054e-06
7.220187399070709944e-07
3.691527126647997648e-06
4.324568863012245856e-07
5.956257155048660934e-06
5.955635060672648251e-07
4.295276994525920600e-06
2.871308652174775489e-06
9.824859716900391504e-07
8.908083941605582368e-07
1.920415570566547103e-06
4.422643996804254130e-06
6.414016297640046105e-06
2.285690243297722191e-06
7.481151442334521562e-06
9.455370673094876111e-07
7.167423632381542120e-07
9.810477195060229860e-07
4.902759883407270536e-06
2.902598907894571312e-06
1.918434918479761109e-06
4.406596474382240558e-07
7.011034995230147615e-06
1.205904027301585302e-06
2.838855834852438420e-06
1.658663131820503622e-05
1.775914483914675657e-06
1.435705826224875636e-06
8.516234402122790925e-07
1.556079496367601678e-06
4.939864993502851576e-06
1.089702209355891682e-06
9.401905458616965916e-07
3.982553153036860749e-06
5.889374733669683337e-06
4.139136945013888180e-05
2.057611027339589782e-06
1.644620056140411180e-06
3.618286655182600953e-06
2.137945102731464431e-06
1.874648546618118417e-06
7.543059723502665292e-07
4.284276656107977033e-06
4.177319624432129785e-06
3.678050461530801840e-06
2.690788278414402157e-06
4.338111466495320201e-06
5.279066044749924913e-06
1.118274894906789996e-06
1.920524482557084411e-05
4.350743893155595288e-06
2.374314499320462346e-05
6.906375347170978785e-06
3.400768036954104900e-06
1.172830820905801374e-06
7.710138561378698796e-06
3.005543703693547286e-06
1.570481981616467237e-05
6.013747793076618109e-07
1.939423236763104796e-05
2.073285213555209339e-05
1.810399953683372587e-05
7.365799319813959301e-06
1.059844407791388221e-06
7.876421477703843266e-06
4.072209321748232469e-06
1.683029466903462890e-07
1.923890977195696905e-06
1.825524122978094965e-06
5.879969194211298600e-06
1.258268525816674810e-06
1.972208337974734604e-06
1.378378783556399867e-06
1.188063976087505580e-07
2.390129793639061972e-06
4.851113430959230755e-07
2.528662150780291995e-07
1.799623078113654628e-06
1.110709490603767335e-06
1.864877816615262418e-07
6.095496587477100547e-07
1.173231339635094628e-06
5.628044732475245837e-07
1.732174951030174270e-06
2.542903416724584531e-07
3.089324422944628168e-07
7.699328818944195518e-08
7.697464354805561015e-08
9.450920401832263451e-08
6.832933507894267677e-08
7.771816967760969419e-08
3.231014034099644050e-07
1.932377244884264655e-06
2.369562935200519860e-06
6.682238335997681133e-07
5.810775292047765106e-07
5.765318746853154153e-07
6.814806852162291761e-07
3.157727235247875797e-07
1.490969793849217240e-06
2.033137747048385791e-07
6.111812922426906880e-07
2.273194041890747030e-07
2.648907184266136028e-06
3.308904013010760536e-07
2.521302121749613434e-06
2.120621957146795467e-06
1.480276523579959758e-07
2.311979727664947859e-07
2.544698531892208848e-07
4.015957699721184326e-07
1.148561921127111418e-07
2.606130351523461286e-07
3.148360576687991852e-07
5.924840138504805509e-07
2.601422295356314862e-07
2.375403909127271618e-07
6.546202939716749825e-07
4.366962116364447866e-07
1.180273940803999722e-07
3.652206260085222311e-06
1.094357457986916415e-06
1.975305536916494020e-07
1.448392907832385390e-07
1.490799263592634816e-06
3.147493146116175922e-07
4.838029212805849966e-07
2.188591707863452029e-07
1.734776162720663706e-07
2.844105893018422648e-07
6.238045102691103239e-08
7.771549803692323621e-08
6.014401492393517401e-07
1.685013785390765406e-06
1.951995500348857604e-06
2.747052008089667652e-07
3.566169084479042795e-07
9.054857059709320311e-07
8.291559652207070030e-07
4.595097493620414753e-07
1.693094446864051861e-07
4.064625898081430933e-07
3.687879654989956180e-07
1.053169711440204992e-07
7.737240821370505728e-07
5.412259440618072404e-08
6.479996272901189514e-07
1.122310209211718757e-06
3.988043033587018726e-07
6.600087090191664174e-07
9.052145628629659768e-07
3.395968178665498272e-06
8.609783435531426221e-06
2.664263092810870148e-06
1.113234361582726706e-06
1.175117674279135827e-07
4.386075943330070004e-06
9.595445362720056437e-07
4.423040081746876240e-06
1.086408815353934187e-06
1.916134579005301930e-06
5.294485845297458582e-07
1.417727304442450986e-07
1.524334379610081669e-06
2.528830691517214291e-07
2.096727484968141653e-06
1.646588862058706582e-05
3.299104776033345843e-07
4.166916482972737867e-07
4.821659445042314474e-07
5.690898063903659931e-08
3.293563821671341429e-08
6.220410000423726160e-07
4.761342040637828177e-07
5.278815820020099636e-07
1.418206068137806142e-07
4.039615646433958318e-07
7.328627305014379090e-08
1.344200057928901515e-07
3.203269329787872266e-07
1.737652297606473439e-07
5.750758447220505332e-08
1.533708200440742075e-07
8.143591401221783599e-08
1.308761738982866518e-06
3.674888148452737369e-06
1.012721000392957649e-07
4.132029687298199860e-07
1.097239632485980110e-08
1.675390848276947509e-07
2.561481835527956719e-07
5.555697768500067468e-08
2.025920196047081845e-07
1.084953495933405065e-07
1.183583364650075964e-07
1.714591491008832236e-07
3.000134029207401909e-06
1.841448806771950331e-07
1.283816999375630985e-07
3.489490723040944431e-07
2.057227419527407619e-07
6.102520444528636290e-08
3.864265352149232058e-08
6.406449983842321672e-07
4.092102301456179703e-08
3.311230329927639104e-07
2.523655666664126329e-07
3.307304154986923095e-07
8.088967717867490137e-08
9.270630130231438670e-07
3.276207280578091741e-05
1.253191148862242699e-04
8.533141226507723331e-06
5.926049198023974895e-07
3.171699972881469876e-06
9.009410746330104303e-07
2.747277903836220503e-04
2.361948718316853046e-04
2.034383032878395170e-05
1.310238531004870310e-05
2.291649143444374204e-04
1.444517465643002652e-06
2.519507518172758864e-07
8.220454037655144930e-05
1.548117666061443742e-06
1.010886808217037469e-05
4.032290803479554597e-07
1.441014319425448775e-06
1.703860354609787464e-03
1.300670788850766257e-07
8.537442113265569787e-07
6.596809498660149984e-07
1.474192049499833956e-05
2.117048154559597606e-07
3.211917203316261293e-07
1.671262452873634174e-07
1.588940563124197070e-06
5.681471157004125416e-05
5.089897058496717364e-06
6.199493509484454989e-05
7.895282578829210252e-06
4.418200205691391602e-06
1.278688159800367430e-06
1.515566168563964311e-06
2.088188693960546516e-06
2.262069926928234054e-07
5.264126343718089629e-07
8.236600478994660079e-06
1.019386254483833909e-04
1.410719363548196270e-07
2.241015317849814892e-04
7.391138296952703968e-06
9.875091564026661217e-06
3.449710458517074585e-02
3.590592996260966174e-07
4.588516094372607768e-05
3.005334519912139513e-06
7.809155135873879772e-07
4.809528036275878549e-06
2.159083305741660297e-05
1.974757469724863768e-05
9.550550572612337419e-08
7.821989811418461613e-07
9.262256753572728485e-06
5.153108304511988536e-06
2.123446029145270586e-05
2.058676727756392211e-06
2.765113549685338512e-06
2.179055445594713092e-05
3.092773476964794099e-05
2.982265186801669188e-06
8.542329305782914162e-05
1.274710484722163528e-06
2.285079972352832556e-06
6.513767402793746442e-06
6.293032015491917264e-07
1.021342541207559407e-05
1.091775402528583072e-06
3.300690707419562386e-07
2.958270197268575430e-04
1.633465672057354823e-06
3.424349642955348827e-06
5.914740540902130306e-05
7.966534758452326059e-05
6.577990063760807971e-08
2.625468482619908173e-07
1.338638685410842299e-04
1.644709554966539145e-04
7.090046239000002970e-08
3.495379496598616242e-05
3.491572897473815829e-06
2.680804072952014394e-06
1.807629246286523994e-07
7.184932115933406749e-08
2.087725996971130371e-01
2.758581103989854455e-06
4.417829657654692710e-08
8.584063834859989583e-06
3.040724368474911898e-05
2.779253372864332050e-05
3.250634108553640544e-05
3.085359821852762252e-06
2.444769279463798739e-06
1.037612946674926206e-06
3.372506114374118624e-07
4.589336185745196417e-06
2.057410938505199738e-06
9.225112762578646652e-07
1.519140508025884628e-02
4.773946056957356632e-05
1.134642275246733334e-06
8.387253728869836777e-06
2.301532367710024118e-05
5.438782864075619727e-06
1.061817101799533702e-06
1.289683382310613524e-06
6.336515980365220457e-06
2.982649220939492807e-06
3.383994737760076532e-07
7.072283096931641921e-07
9.795028745429590344e-06
2.316765858267899603e-06
4.823666586162289605e-06
8.663348580739693716e-07
9.502273314865306020e-06
4.330881438363576308e-06
9.830618182604666799e-06
1.500575763202505186e-06
2.126695762854069471e-04
1.246853116754209623e-05
2.120178032782860100e-05
2.798952323246339802e-07
3.062816631427267566e-07
8.588739547121804208e-06
4.165873633610317484e-06
3.734136726052383892e-06
1.038692175825417507e-06
4.706274694399326108e-07
9.063427341970964335e-07
4.761028833399905125e-07
2.330319404109104653e-07
9.054809197550639510e-06
2.053572643490042537e-06
1.586569283062999602e-06
4.287944648240227252e-07
1.654014312180152046e-07
1.803240223807733855e-07
9.848020272329449654e-05
1.416532813891535625e-05
2.605726942420005798e-03
3.632375410234089941e-06
5.551309527618286666e-07
8.351137694262433797e-06
3.338303713462664746e-06
2.350361825165236951e-07
2.616422705159493489e-07
9.556814575262251310e-07
7.030073447822360322e-07
1.723178797874425072e-06
7.002945494605228305e-07
1.204236468765884638e-06
4.903933614741617930e-08
2.469932667281682370e-07
2.083083927573170513e-05
2.638696798840101110e-07
1.556635470478795469e-05
2.418035546725150198e-05
9.019667004395159893e-07
2.091816422762349248e-04
3.147578809148399159e-06
1.058005909726489335e-05
1.779101353349687997e-06
5.886098506380221806e-07
7.829939015209674835e-03
1.968589003809029236e-06
4.740428209970559692e-07
1.117597366828704253e-05
1.299819700761872809e-06
1.854182443139507086e-07
6.540702088386751711e-06
6.249224679777398705e-05
3.667539203888736665e-06
3.747389598629524698e-08
5.134017101227072999e-06
7.056627993051733938e-08
9.025359759107232094e-06
7.747578638372942805e-05
8.933317847549915314e-03
9.549944479658734053e-07
5.582141056947875768e-06
6.811315415689023212e-06
2.442921186229796149e-06
5.150573088030796498e-06
2.522420345485443249e-06
2.613687138364184648e-05
1.008055960483034141e-06
1.290274099119415041e-06
5.167798917682375759e-06
1.244694999513740186e-06
2.844576783900265582e-06
1.789284027609028271e-07
8.219614642257511150e-07
4.834526407648809254e-06
6.901098004163941368e-07
7.375840596068883315e-07
4.037528196931816638e-05
6.358432074193842709e-07
1.124098048421728890e-06
2.400128948920610128e-07
2.888453423111059237e-07
2.769956608972279355e-06
8.154611350619234145e-06
1.406024694006191567e-06
6.614489393541589379e-06
8.950893243309110403e-05
6.963719556551950518e-07
8.073011485976167023e-07
5.460519787447992712e-07
4.329147031967295334e-06
2.762498752417741343e-06
2.020407919189892709e-05
2.893359578592935577e-06
2.726722450461238623e-04
5.802969553769798949e-06
1.657492845197339193e-07
1.656174390518572181e-06
7.532312338298652321e-07
7.504947461711708456e-06
1.800704581000900362e-06
7.367119451373582706e-06
7.400949471048079431e-06
3.728585625140112825e-06
2.072465804303647019e-06
1.220016429215320386e-06
1.159122149374525179e-07
3.472126263659447432e-05
4.657122190110385418e-05
3.686058107632561587e-07
2.855933562386780977e-04
4.443888883542967960e-06
1.682755055298912339e-07
5.673310852216673084e-07
1.626841367396991700e-06
8.687760782777331769e-06
1.058119437402638141e-06
1.389873318657919299e-06
3.950902964788838290e-07
6.520945589727489278e-06
2.653882256709039211e-05
7.046534847177099437e-06
1.092469005925522652e-06
7.218283826659899205e-06
7.291236556739022490e-07
4.940967755828751251e-06
1.639769720895856153e-06
6.792506610509008169e-05
1.373894483549520373e-04
7.510628784075379372e-04
2.529062328449072083e-07
1.204069917548622470e-06
5.253031304164323956e-06
5.942630991739861201e-07
1.779444716021316708e-07
7.304050086531788111e-05
7.129366167646367103e-06
3.264250335632823408e-05
4.836361767956987023e-06
1.395498111378401518e-04
1.754542427079286426e-05
5.119244406159850769e-07
7.972396787181423861e-08
9.515181318420218304e-07
3.376768972884747200e-06
6.414911695173941553e-07
7.786155212670564651e-03
3.624532837420701981e-05
4.425769930094247684e-06
7.041533081064699218e-07
6.093561751185916364e-05
4.576701030600816011e-04
2.957461617825174471e-07
2.517098982934840024e-05
4.234450170770287514e-05
1.389108001603744924e-05
4.227473482387722470e-07
3.217438688807305880e-07
1.568721563671715558e-05
6.616208452214777935e-07
3.246196229156339541e-06
9.520987077848985791e-06
9.628876114220474847e-07
3.102942116584017640e-07
4.715671366284368560e-06
1.539324317127466202e-02
3.226748049200978130e-06
1.852407194746774621e-06
1.510409788352262694e-07
9.837248171606916003e-08
4.927815098199062049e-06
8.963030495579005219e-07
1.765094680195034016e-06
1.715689359116367996e-05
1.295073161600157619e-06
1.334022613264096435e-06
2.258506901853252202e-05
6.010603556205751374e-06
1.175512693407654297e-06
7.509239026148861740e-07
7.241246748890262097e-07
6.755709648132324219e-01
4.209600774629507214e-06
2.534277427912456915e-07
2.108877197315450758e-05
2.665854026417946443e-06
2.543231239542365074e-04
1.420988246536580846e-05
6.531283361255191267e-06
1.385263658448820934e-05
3.275112248957157135e-06
6.286326679401099682e-04
7.356202047503757058e-08
3.470697151897184085e-08
1.072616669262060896e-06
5.743975748373486567e-07
1.083221263797895517e-06
2.052622107839852106e-07
2.674528514035046101e-05
1.926130789797753096e-04
4.577036634145770222e-06
1.220814283442450687e-05
5.496947323990752921e-07
2.881797627196647227e-07
5.705173862224910408e-06
4.182264206065156031e-07
1.403015630785375834e-05
7.854150680941529572e-06
1.700360485301644076e-06
3.299334423445543507e-07
2.718508540056063794e-06
6.506664703920250759e-06
8.789489669425165630e-08
1.535198134661186486e-05
5.729169515689136460e-06
3.098670475765175070e-08
1.823817001422867179e-04
4.281774818082340062e-05
1.246060310222674161e-05
9.617166369935148396e-07
1.248981675416871440e-06
1.542802237963769585e-05
1.193742491523153149e-07
4.219035361074929824e-07
2.708100964810000733e-06
3.402073787128756521e-07
1.351230021100491285e-04
2.555670789661235176e-06
2.879785121479017107e-08
4.746209185668703867e-07
4.332345611146593001e-07
2.941666025435552001e-06
4.315039916491514305e-07
3.235463736928068101e-07
7.439100500050699338e-07
2.057141136901918799e-05
7.742526122456183657e-07
3.719807466495694825e-07
4.876980710832867771e-06
8.815732144284993410e-06
7.726814510533586144e-05
6.894555326653062366e-08
5.346350917534437031e-07
1.577707848809950519e-06
1.024156475182280701e-07
4.280652137822471559e-05
9.301558634433604311e-08
1.422915943294356111e-06
2.984707805353536969e-07
8.495326397905955673e-08
6.208038882959954208e-08
2.771912022581091151e-06
1.899947164929471910e-06
1.377969965687952936e-06
1.377927901557995938e-06
7.557572189398342744e-06
6.112238111199985724e-07
1.041900645759596955e-06
5.368881829781457782e-06
5.572120244323741645e-06
3.475435619293421041e-07
1.041133259604976047e-07
4.124919723835773766e-05
2.331533141841646284e-05
3.172014430674607866e-06
1.490375666435284074e-06
8.407891272099732305e-08
2.707606370222492842e-07
2.873497578548267484e-06
5.681649213329365011e-07
5.958223027846543118e-06
1.890640305646229535e-06
1.831218924053246155e-06
3.393315068933588918e-07
9.942989890987519175e-06
2.669217110451427288e-06
1.965111550816800445e-06
5.591849003394600004e-06
1.595435605850070715e-05
1.059013357007643208e-05
2.099623088724911213e-06
3.986864101079845568e-07
5.254441362012585159e-07
1.380411163154349197e-06
1.122178559853637125e-06
2.639519152580760419e-06
1.866110687842592597e-05
6.253438868952798657e-07
7.696613465668633580e-06
3.759641344913688954e-07
1.489657370257191360e-05
1.386987423757091165e-05
3.210116688023845199e-07
2.230363179478445090e-06
2.286744518187333597e-07
5.394363142841029912e-06
3.978405800353357336e-07
3.973218917963095009e-05
1.783440666258684359e-07
1.124065320823319780e-07
4.162579614330752520e-07
2.168147875636350363e-05
1.241039717569947243e-04
8.535045708413235843e-06
1.780278398655354977e-05
5.209771188674494624e-06
1.217498834193975199e-06
1.728461211314424872e-05
9.153711289400234818e-06
1.836123146858881228e-07
8.559531039509238326e-08
1.732174951030174270e-06
6.158265750855207443e-04
1.435527792637003586e-06
1.151010906141891610e-06
5.073923148302128538e-06
8.979882295534480363e-06
2.031221083598211408e-05
1.512173475930467248e-04
2.572155062807723880e-05
4.313799308874877170e-06
8.054547038227610756e-07
6.532591669383691624e-06
1.160868464467057493e-06
7.984389412740711123e-06
4.010532393294852227e-06
8.480057294946163893e-05
7.906966175141860731e-07
1.376266709485207684e-06
7.401009156637883279e-07
2.028560174949234352e-06
2.316230194310264778e-07
1.042269332174328156e-06
1.032174850479350425e-06
4.401149635668843985e-05
6.466461400123080239e-06
1.058897214534226805e-05
1.991677345358766615e-05
1.890911880764178932e-05
3.018911627350462368e-07
4.625441306416178122e-06
1.291954831685870886e-04
2.961284735647495836e-06
3.443429022809141316e-06
1.898010282275208738e-07
6.947245765331899747e-06
2.290767588419839740e-05
7.279929377546068281e-06
4.947417892253724858e-06
1.900299685075879097e-05
4.458538569451775402e-06
1.572338805999606848e-05
2.879505245800828561e-06
5.556625183089636266e-06
1.775901728251483291e-05
7.023258513072505593e-05
5.439989268779754639e-03
2.013936500588897616e-05
2.295884087288868614e-06
1.589110297572915442e-06
1.208306457556318492e-06
5.270335350360255688e-07
1.037440815707668662e-04
2.744839584920555353e-04
9.190844139084219933e-06
8.509837812198384199e-07
3.145394202874740586e-06
2.334135118871927261e-03
2.337866362722706981e-06
3.966184749515377916e-07
1.873651344794780016e-04
4.100216301594628021e-06
8.860040907165966928e-06
9.295728773395239841e-07
1.546031995758312405e-07
4.046671892865560949e-05
1.251776069466359331e-07
9.496238817519042641e-08
4.427139970175630879e-07
1.439711354578321334e-07
1.508577156528190244e-07
1.003276429401012138e-05
1.303490421378228348e-06
2.976953146571759135e-05
7.236987471515021753e-07
4.538504072115756571e-06
1.326688743574777618e-05
3.563554491847753525e-05
2.360896814934676513e-06
6.253466835914878175e-06
8.897924999473616481e-06
1.739874306849742425e-07
1.828563682693129522e-07
1.045098997565219179e-06
1.196746143250493333e-05
1.266846520593389869e-04
7.130787253117887303e-06
3.910879513568943366e-06
7.845209211154724471e-07
1.050742048391839489e-05
4.084032298123929650e-06
1.566724790791340638e-06
3.059540176764130592e-04
1.984570117201656103e-04
4.544227340375073254e-05
3.038000784272298915e-08
9.212742497766157612e-07
3.627115745530318236e-07
4.290368238457631378e-08
2.374977015051626950e-08
4.762695482440904016e-07
2.585336176252894802e-07
1.153619791693927255e-06
3.713728631282720016e-07
5.078195499663706869e-07
2.587727976788301021e-06
5.511734570973203517e-07
1.275101908504439052e-06
1.460766583250006079e-07
2.549217697378480807e-06
4.796343091584276408e-07
6.324094670162594412e-07
3.671796093840384856e-07
5.616492515514437400e-08
1.763984869285195600e-07
1.581848607656866079e-07
5.835158845002297312e-07
1.307858497057168279e-06
1.609022319826181047e-07
1.479026991546561476e-06
2.740062654993380420e-06
1.031170813803328201e-05
1.140510221375734545e-06
7.566680778836598620e-06
2.794521151372464374e-06
1.100406507248408161e-06
1.029360532811551820e-06
2.837180545611772686e-06
2.699414949347556103e-07
9.316069622400391381e-07
6.847151894362468738e-07
1.478655576647724956e-05
3.183577348409016849e-07
2.168745396602389519e-07
1.544737955327946111e-07
6.322743502096273005e-07
1.138748473294981522e-08
1.462138072838570224e-07
3.538956718784902478e-07
5.466285074362531304e-06
3.615042487581376918e-07
2.834089855241472833e-06
1.605608730415042373e-07
3.204021413694135845e-05
6.167060928419232368e-05
4.356691715656779706e-05
4.013681518699740991e-06
3.204027598258107901e-05
6.094971322454512119e-04
2.812810998875647783e-05
9.355390830023679882e-06
2.263963833684101701e-04
1.060255817719735205e-04
1.895185846478852909e-06
2.588249969903699821e-07
1.047403384291101247e-05
9.904929356707725674e-07
1.421893830411136150e-05
1.056128326126781758e-06
1.395352171584818279e-07
6.314341135293943807e-06
4.975765932613285258e-06
7.080482760102313478e-07
3.252778242313070223e-06
4.889242518402170390e-06
4.099361774478893494e-07
8.693457971276075114e-07
3.358552476129261777e-06
3.219372956664301455e-05
3.397390173631720245e-06
1.903677002701442689e-07
6.378037505783140659e-05
7.437859608216967899e-07
