2.785990882436806260e-10
2.939280641101049696e-08
7.323931239255898618e-09
6.673035812809757772e-08
2.274681420999513648e-08
3.143131621641259699e-08
3.134819959171863957e-09
3.041757850041904021e-07
2.536820318255195161e-07
1.096125785693402577e-07
1.267205220756295603e-07
7.310369909419023315e-08
2.906329825691500446e-07
5.682678860807754972e-08
3.004021777996968012e-07
1.266351148387911962e-07
1.814709946756920544e-07
3.271874504662264371e-07
5.006190235690155532e-07
1.172108525793191802e-07
1.036227814665835467e-08
6.871597690860653529e-08
3.427647854437054775e-08
2.253510956506943330e-06
3.808684567729869741e-08
3.859926600568996946e-09
1.016749617832601871e-08
5.113035328463411133e-09
6.953867259795742939e-09
8.224487757502174645e-09
6.605398450432176105e-09
2.102380669555259374e-08
2.991992076317728788e-08
1.496474943962766702e-08
5.439539041418584020e-09
1.352648748564888592e-08
3.126588410395925166e-07
9.533259515137615381e-09
1.318784370596404187e-08
7.212258879008004442e-08
8.029451947777488385e-08
1.500453947755886475e-07
3.228837641700010863e-09
1.242106435483947280e-07
2.669903054197675374e-08
1.619245182382655912e-08
2.993440384457812797e-09
1.209026301296489692e-08
1.288052775549886064e-08
5.958221915847161654e-09
1.116299372938556189e-07
5.434958438854664564e-08
1.217284584242861456e-08
3.384173830056624865e-09
5.658494828253424203e-08
4.938965236789272240e-09
7.149733960432058666e-08
7.127427981146183811e-09
1.212802658301370684e-08
1.496815258406059002e-07
5.088385535145789618e-08
1.575532770914378489e-08
2.753368022467839182e-08
3.799374042046110844e-07
2.907864171675100806e-08
3.936629511258615821e-08
1.136686975655720744e-07
5.620221177338180496e-09
1.627326184916455531e-08
2.050527525554457497e-09
5.395770230620655639e-08
2.229796081110180239e-08
4.038409429085731972e-08
1.361073458383543766e-07
3.049047734293708345e-07
6.511033934231136300e-09
3.566626105566683691e-07
1.958361224296822911e-07
5.310432094063344266e-09
2.905035323408355907e-09
4.082102478264459933e-08
7.345872177211276721e-08
2.774559391127695562e-07
2.130114573617447604e-08
8.542569389646814670e-07
2.515144501558097545e-07
1.561462283916625893e-07
1.115644199245480195e-08
8.689441166609412903e-09
2.152468283611597144e-07
3.247014745966225746e-08
7.127604284562494286e-09
6.000422558827267494e-08
1.085690382041093471e-08
1.801630276077048620e-07
9.141312595772888017e-09
3.002253379236208275e-08
2.414528132987925346e-08
1.373378655245005575e-08
7.145384728346471093e-08
1.447519650810136227e-07
6.432615862195234513e-08
1.274997885047923774e-08
3.295750339304959198e-09
1.345265161489805905e-07
1.406878258336519139e-08
6.044059830401238287e-08
2.561201917217204027e-09
1.560935913857974811e-08
5.130974756184514263e-08
3.509853963024056611e-09
1.556039297412326050e-09
1.520747105132613797e-06
4.482278015416341077e-08
1.844887691504482063e-07
5.023157445549486511e-09
2.197348969446011324e-09
6.863511980981229499e-09
5.472823261243320303e-08
5.310523132351363529e-09
1.691273787685076968e-08
1.191463194771813505e-08
2.896908668503783701e-08
4.092018457413360011e-08
9.180737237102221115e-08
6.265195917620758337e-09
1.185343112553027822e-08
1.279199324244473246e-07
2.827417233675078023e-08
1.894648882228011644e-09
4.388972740798635641e-08
7.198474349934258498e-08
4.993156466071013710e-08
4.140338738523041684e-09
8.988924093955574790e-08
2.450550162791387265e-08
6.701364441141777206e-08
1.433057406075022300e-07
5.090424082254685345e-08
9.367705189333719318e-08
1.753431355666634772e-08
2.124028952721346286e-08
1.274655048177919525e-08
1.466179782028120826e-07
5.474089448398444802e-07
7.597026865369116422e-07
3.695194905617427139e-08
3.403671344770486940e-09
1.526894806147538475e-07
7.103294064059184620e-10
3.400484047233476304e-06
5.387142664403654635e-06
7.321710882024490274e-07
9.108953946679321234e-08
4.494262739740406687e-08
3.829344734640471870e-07
1.258150518879119772e-06
1.269877714094036492e-07
6.401973678293870762e-06
9.432152182853315026e-06
2.588510312762082322e-07
1.650764170335605741e-05
2.068634103125077672e-06
3.093832447120803408e-06
1.146069917012937367e-05
7.146588245632301550e-07
7.556228410976473242e-06
1.264069487660890445e-05
3.026725323707069037e-07
2.455062485751113854e-06
5.938300091656856239e-07
8.679963684699032456e-06
1.089968372980365530e-05
6.718918029946507886e-06
3.663885479454620508e-07
2.961955303248942073e-08
6.053947032569340081e-08
3.821821792371338233e-07
2.667426770130987279e-06
9.190510468215506990e-07
2.472071116699225968e-07
1.505184883399124374e-07
2.187818495258397888e-07
1.391375008097384125e-06
4.410346221561667335e-08
3.305236077721929178e-06
1.198427298731985502e-06
3.679814710721984738e-07
1.005562353384448215e-05
1.820904913074627984e-06
8.096272097191103967e-08
7.418105383294459898e-07
1.907250322119580233e-07
1.206143792842340190e-06
1.041217174702069315e-07
1.005452031677123159e-05
7.668141961403307505e-07
4.038842860154545633e-07
4.574963554659916554e-07
4.860938247475132812e-07
7.476407404283236247e-07
6.473689609265420586e-06
1.314838016241992591e-07
1.609980358807661105e-06
4.254877978837612318e-07
1.194566436879540561e-07
5.765855348727200180e-07
1.677327361448988086e-07
3.273970833106432110e-06
1.670139113230106886e-06
4.207523488730657846e-06
2.616657639009645209e-06
1.149742161032918375e-06
5.193658694224723149e-07
3.207733016097336076e-06
4.424181042850250378e-06
1.113640024641426862e-07
2.547797294027986936e-06
1.393696493323659524e-06
6.803043675063236151e-07
1.600889447672670940e-07
1.229855968176707393e-07
1.110982225327461492e-06
2.302304892509710044e-06
4.588603133015567437e-06
1.164387072094541509e-06
8.586638244878486148e-08
3.290303538960870355e-06
1.798662054852684378e-07
3.213083061837096466e-07
1.761499923702558590e-08
1.760544591888901778e-06
5.205413344810949638e-06
3.937863368719263235e-07
1.317008468504354823e-06
5.187690931052202359e-06
3.462549784671864472e-06
1.712591256364248693e-06
2.825408046192023903e-05
2.029925553870270960e-06
2.653812771313823760e-05
3.985544935858342797e-06
2.007215925914351828e-06
3.073076015880360501e-07
1.352473304905288387e-06
2.882100034184986725e-06
3.619869239628314972e-04
1.257643020835530479e-06
3.194014652763144113e-06
2.602338099677581340e-06
8.144403182086534798e-06
6.248358113225549459e-05
1.548555985664279433e-07
4.638671452994458377e-05
4.452579105418408290e-06
1.074327737882185829e-08
1.664957835600944236e-06
3.274940070241427748e-07
3.206516794307390228e-07
9.831146741134944023e-08
2.364085815997896134e-08
1.712975858936260920e-07
1.046039272978305235e-07
1.319545503974950407e-06
4.214471118757501245e-06
1.018460196178239130e-07
2.672538528258883161e-07
1.145610440289601684e-06
1.865325998551270459e-06
1.825375903763415408e-07
5.186498341913647891e-08
5.438263883661420550e-07
8.319666449096985161e-07
1.825539470701187383e-07
1.592727159049900365e-07
6.206262810337648261e-07
2.064333770590565109e-08
3.266301717985697906e-08
1.630022516962981172e-08
7.434231008573988220e-09
1.644122846755635692e-07
1.810203002605703659e-06
4.452510893315775320e-06
1.001568463721014268e-07
3.187579977748100646e-07
1.464795445826894138e-06
1.878648276942840312e-07
3.789113733887461422e-08
9.519705486127350014e-07
1.043361635311157443e-06
1.811663992157264147e-06
4.912030782122656092e-09
3.203052756362012587e-06
7.499833998281246750e-08
1.167342915664448810e-07
6.166145567476633005e-07
3.175738783056658576e-08
2.636644325093584484e-08
6.404544450333560235e-08
5.717614044442598242e-07
9.719784976880418981e-09
1.490407441906427266e-08
1.685068973245051893e-08
1.556714721573371207e-07
1.240221347842407340e-08
1.259583815027554010e-08
1.027087392913017538e-07
1.128172542053107463e-07
1.494971257898214390e-08
2.479172849234601017e-07
8.930257422434806358e-08
1.471496524629856140e-08
9.064883066400852840e-09
8.879084134605363943e-08
1.813139860473711451e-08
4.414150112097559031e-08
1.754863454550559254e-08
1.481603284503307805e-09
1.079825793226518726e-07
1.009790118189357599e-08
8.064596102030918701e-09
1.631689059422569699e-07
3.319768779874721076e-07
2.662416136445244774e-07
1.201982939846857334e-07
3.613136456692700449e-08
4.175917354132252512e-07
1.255707449132614784e-08
2.328193282608026493e-08
1.469798505127073440e-09
1.596323500052676536e-07
2.130765892616182100e-07
1.099286706107704958e-08
1.159747426981994067e-07
1.318055087295988415e-08
1.394137285615215660e-07
4.665859592023480218e-07
5.100210387354309205e-08
4.870304337600828148e-08
2.802611831498325046e-08
2.263589067297289148e-06
6.050653951206186321e-07
8.560539299651281908e-08
1.362012227446030010e-07
7.130803680865938077e-08
5.882577056581794750e-07
1.957694450993585633e-07
6.606800440067672753e-08
8.982754451380969840e-08
4.426892701303586364e-07
1.707303454168140888e-07
1.057675902416121971e-08
1.614387343806811259e-07
1.215683056443594978e-07
4.401655075980670517e-07
1.733564749883953482e-05
1.265093345637069433e-07
1.085515961563032761e-07
1.527440929294243688e-07
1.573949082178671688e-09
8.324896327849273803e-09
2.825050771093629010e-08
1.410484742336848285e-07
7.409080637899023714e-08
2.351538697098476405e-08
2.510319419002371433e-08
2.591522374473242962e-08
2.093304942718532402e-07
2.428394338949146913e-07
3.625968645337707130e-07
1.361046741976679186e-08
6.265126728521863697e-08
2.775200869109539781e-08
2.663543625658348901e-07
1.308192167925881222e-06
2.515769459421335341e-08
7.576717280244338326e-07
1.235472724125941113e-09
9.268157796782361402e-09
2.932515918985245662e-08
7.357941811392265663e-09
1.380673069206750370e-07
4.563624589337678117e-09
7.744087611172290053e-07
1.041901569465153443e-07
8.019309802875795867e-07
4.521182717098781723e-08
7.179794980771703194e-09
7.894750808645767393e-08
1.937324789480499021e-08
2.253757891423902038e-08
1.108202241084654815e-08
2.188871306429973629e-08
6.005648756080006478e-10
4.783379026207512652e-08
5.297546223914650909e-08
1.073256115091680840e-07
5.688292947780837494e-09
1.852071420671563828e-07
6.550205398525577039e-06
8.933709068514872342e-06
1.242398525391763542e-06
1.459933258729506633e-07
4.772949068865273148e-06
1.515128822404676612e-08
7.302364338102051988e-06
6.417430267902091146e-05
1.570703716424759477e-06
5.643292297463631257e-06
8.252485713455826044e-06
4.525304575508926064e-07
2.168757440301760653e-08
1.236924726981669664e-04
1.808460865504457615e-07
2.957654885449301219e-07
1.403789042342395987e-06
6.163455879004686722e-08
1.168460730696097016e-04
3.500914891318984701e-09
9.434589287593553308e-08
1.309852990516446880e-07
3.293852932984009385e-05
5.406349856684755650e-08
3.873962555189791601e-07
1.440283483589155367e-07
9.790158372879886883e-08
3.479892711766296998e-06
1.809152649911993649e-07
4.413037822814658284e-05
5.742554662901966367e-07
9.026482985063921660e-06
6.145214825892253430e-08
2.328460908529450535e-07
6.682591333628806751e-07
3.771795320517412620e-07
2.422264913093385985e-07
9.936941296473378316e-07
9.006850632431451231e-06
3.616314714349755377e-08
3.137817111564800143e-05
1.038310770695716201e-07
3.503966581774875522e-06
1.977475039893761277e-04
1.980137476209620218e-08
5.460816737468121573e-06
3.080847818637266755e-06
5.633843969121699047e-08
1.030063003781833686e-06
2.729844482018961571e-06
7.469825959560694173e-06
8.024167108544588700e-09
9.394509703497533337e-08
3.253288923588115722e-06
1.526443520560860634e-05
1.089875877369195223e-05
3.240722534769702179e-08
5.670728455697826575e-07
4.500641352933598682e-06
3.984642535215243697e-05
4.986187605027225800e-07
1.370595055050216615e-05
1.014863997284010111e-07
7.050473413983127102e-07
2.022401076828828081e-06
4.720226343124522828e-08
4.731979288408183493e-07
6.614705938545739627e-08
3.054695696391718229e-08
4.225955854053609073e-05
2.211630629744831822e-07
3.941981105981540168e-07
1.925691685755737126e-05
1.806504587875679135e-05
2.362796536203859432e-08
1.201183774668379556e-08
1.550002707517705858e-05
1.853016874520108104e-05
1.436537733212617240e-08
1.339692153123905882e-05
4.652853533571033040e-07
1.744250965884930338e-07
1.342806044135613774e-08
4.561668731639656471e-08
2.998230792582035065e-02
3.293870349807548337e-06
7.219081332721088984e-09
1.155857034973450936e-06
1.096811274692299776e-06
2.391677071500453167e-06
5.700749170500785112e-06
6.733266388891934184e-08
2.673614289960823953e-07
7.729729532002238557e-07
4.036732548229338136e-07
4.554268571155262180e-07
1.602619590812537353e-06
1.624913892328549991e-07
5.796744953840970993e-04
9.009410860016942024e-06
2.425276761641725898e-07
6.743233825545758009e-06
7.624375371051428374e-07
1.658215410316188354e-06
7.505519192818610463e-07
2.546858297591825249e-07
8.426306408182426821e-07
3.634447125477890950e-07
1.555473261305451160e-08
1.030647283073449216e-07
1.006203547149198130e-06
2.214523192378692329e-06
1.147784360000514425e-06
2.392665976458374644e-07
4.989895842300029472e-06
6.087070119065174367e-07
9.841443215918843634e-07
4.341523052175944031e-08
2.224575728178024292e-04
9.911462939271586947e-07
2.107559157593641430e-05
2.429352008448404376e-08
1.627257795178138622e-08
2.782369392662076280e-06
1.539809431960748043e-06
1.859921354707694263e-07
4.639399321604287252e-06
5.741607083109556697e-07
2.560821030783699825e-07
1.073004796126042493e-08
2.628174122776272270e-08
3.964534016631660052e-07
4.545184495441390027e-08
5.397741460910765454e-06
2.010832922394456546e-08
1.485335587858571671e-07
2.749631100584792875e-08
1.735007026582024992e-05
9.373447937832679600e-07
1.282070006709545851e-04
3.540608872754091863e-07
6.254569751007466039e-09
8.348612823283474427e-07
3.676952360365248751e-07
1.437828789363493343e-08
7.722010764155129436e-08
1.051841209687154333e-07
1.895512866667559138e-07
1.215191645087543293e-07
1.312444624090858269e-06
4.657063712443232362e-08
2.068898297125087993e-08
3.138303128480401938e-08
1.059993337548803538e-06
8.098562034319911618e-07
1.111422534449957311e-05
3.173418372170999646e-05
3.240637624912778847e-07
5.081492781755514443e-05
5.619364173981011845e-07
9.976441788239753805e-07
5.611973961094918195e-07
2.417704649815277662e-07
1.122443079948425293e-01
2.454975778221069049e-08
4.593677260800177464e-08
6.589100394194247201e-06
5.835420680000424909e-08
1.154887208087984618e-08
1.436022671441605780e-06
4.140106102568097413e-05
5.719855380448279902e-07
2.621889150233869259e-09
1.814567326618998777e-06
2.092478412762943663e-09
1.066710751729260664e-06
2.463980536049348302e-06
1.637660083360970020e-03
9.766601749561232282e-08
5.661666477863036562e-07
3.883184263031580485e-07
1.946682317566228448e-07
5.106301728119433392e-07
1.336993250333762262e-06
4.663889194489456713e-05
2.331112725073580805e-08
6.537106855830643326e-08
3.727545617948635481e-06
8.546937237952079158e-07
7.430956543430511374e-07
1.306506458575995566e-08
9.149961499588243896e-08
1.461344822928367648e-06
1.923121217828338558e-08
3.565388055903895292e-07
1.518113458587322384e-05
2.587413305832342303e-08
2.600334880753507605e-07
4.610900106172266533e-08
5.598782948368352663e-08
8.600009664405661169e-07
1.752933485477115028e-06
1.144553749554688693e-07
7.856353363422385883e-07
1.017470422084443271e-04
1.963080791256288649e-07
9.047510474147202331e-08
2.255816866636450868e-07
3.776226265017612604e-07
8.957865134107123595e-07
4.358777914603706449e-06
3.631076310739445034e-07
1.699169115454424173e-05
9.041200996762199793e-07
3.358345779247429164e-08
1.734830789246188942e-06
4.332746073032467393e-08
2.014109213632764295e-06
2.137224555553984828e-06
3.614684146668878384e-06
4.287014689907664433e-07
3.614054833178670378e-07
9.934041145243099891e-07
3.207130205851171922e-08
4.371694828364525165e-08
2.321040665265172720e-05
1.001050895865773782e-05
1.728963070490863174e-07
1.268244377570226789e-04
8.619387017461122014e-07
1.095644375226356715e-08
5.157811244771437487e-08
4.416946453034142905e-08
1.890545604510407429e-06
1.273280361147044459e-07
3.389799303477047943e-06
1.258270998505395255e-07
5.736785055887594353e-07
5.309062999003799632e-06
4.360401248959533405e-07
3.313872696253383765e-07
3.037482088075194042e-07
1.569632104292395525e-07
3.512512876113760285e-07
4.260904233888140880e-07
3.538524651958141476e-06
2.352574119868222624e-05
9.576078446116298437e-05
1.673426552883938712e-08
8.928857937462453265e-07
8.815740102363633923e-07
5.647454059953815886e-08
5.995708818318234989e-08
7.427729997289134189e-06
2.538629132686764933e-06
3.715344064403325319e-06
4.737194103654474020e-07
1.715650796541012824e-05
2.994147280332981609e-06
3.986628271945846791e-08
2.723336045562518848e-08
8.555124395570601337e-07
4.249910148246272001e-07
1.491616075099955196e-08
9.763707057572901249e-04
2.317166945431381464e-06
6.589706345039303415e-07
1.658629798839683644e-06
5.018080628360621631e-06
5.340723146218806505e-05
1.255348180961846083e-08
3.088679250140557997e-06
6.621071952395141125e-05
2.852190732482995372e-07
7.813705593662234605e-08
1.502839808154021739e-07
2.163394128729123622e-05
7.421979830724012572e-08
2.400695393589558080e-07
1.692254954832606018e-06
2.515226960042582505e-08
8.063365974919634027e-09
1.112154677684884518e-06
3.383069112896919250e-02
3.437752127410931280e-07
2.480263106008351315e-07
3.668437331683094271e-09
4.133450026699847513e-09
4.693646076248114696e-07
8.565145037664478878e-08
7.755324560321241734e-08
1.546683233755175024e-05
4.297224620586348465e-08
2.788328856695443392e-07
3.239631951146293432e-06
9.664686331234406680e-07
9.303496284474022104e-08
3.558980949946999317e-07
7.446442964464949910e-07
8.001030087471008301e-01
1.290834575229382608e-06
1.475094109082419891e-07
2.596892443307297071e-07
1.810554124404006870e-07
7.526858826167881489e-05
3.415584387767012231e-06
2.165328112369024893e-07
5.715122824767604470e-05
7.423080319313157815e-07
5.467276088893413544e-03
7.047925354441986201e-09
1.187469567121013370e-09
6.479998546637943946e-07
2.963006195955131261e-08
2.482849765783612384e-07
1.160765883412295807e-08
2.738054718065541238e-06
3.553836359060369432e-05
4.461455773707712069e-07
1.183620042866095901e-05
1.498248280995539972e-08
9.706441517209896119e-08
2.198103743467072491e-07
1.054982661230496888e-07
4.379528490972006693e-06
2.777570671241846867e-06
1.140068206950672902e-06
2.686629159143194556e-07
1.411409812135389075e-06
1.124656137108104303e-06
6.274071751022347598e-08
2.630432334171928233e-07
1.396523771290958393e-06
3.305811180354112366e-09
1.249333035957533866e-05
2.552145588197163306e-06
1.508599467570093111e-07
2.434495058878383134e-07
9.447464321965526324e-08
1.909145794343203306e-06
2.695632304039463634e-07
9.556905666840975755e-08
1.951187869053683244e-07
4.389944052718419698e-08
5.289517503115348518e-05
2.520595216992660426e-07
1.037637531453583506e-09
6.165254973211631295e-08
9.304783077368483646e-08
3.277327209616487380e-07
1.315850255423356430e-07
2.962277001472557458e-08
2.009479516118517495e-08
2.844339405783102848e-06
3.447967955594322120e-08
2.412847699417852709e-08
1.303262251894921064e-06
1.552990738673543092e-06
4.103858373127877712e-05
1.217147715948385667e-08
9.509773235549801029e-08
8.469540802025221637e-08
1.810361638376889459e-08
7.528553396696224809e-05
4.779348472538913484e-08
1.488505517954763491e-06
1.262250464151293272e-07
1.809070582226013357e-08
6.280175046669000949e-09
8.152740349487430649e-08
4.573726286594137491e-08
1.192835497931810096e-06
1.203703590135773993e-07
3.413651370465231594e-07
8.702930642812134465e-08
1.154327406993616023e-07
7.061731253088510130e-07
3.245606649215915240e-06
9.947075163552199228e-09
2.535998788744109333e-08
2.515208052500383928e-06
3.254408738939673640e-06
2.456471293044160120e-07
8.832633824340518913e-08
1.016278439180950954e-08
7.079604102955272538e-08
5.016661361878504977e-07
3.862685105104901595e-07
2.598688695343298605e-07
1.448995249120343942e-06
1.276761054214148317e-06
6.073828728858643444e-08
2.163584895242820494e-06
5.011110033592558466e-07
5.875456281501101330e-07
3.337404223202611320e-06
1.839184733398724347e-06
1.886408767859393265e-06
2.932945619704696583e-07
1.061398933188684168e-07
1.036508706420136150e-06
5.723961393755416793e-08
6.941136376781287254e-08
2.994401526734691288e-08
5.301468718243995681e-06
5.183967033417502535e-08
1.429953613296675030e-06
1.269587102115110611e-07
2.152582283088122495e-06
7.034392183413729072e-06
1.572791497039816022e-08
3.037121587112778798e-06
3.646202344498306047e-07
5.462277385959168896e-07
2.932778997433160839e-08
2.520430598451639526e-06
3.593041597582669056e-08
1.395285664784751134e-08
1.415237704804894747e-08
7.609408385178539902e-06
9.812844837142620236e-06
7.531941719207679853e-07
1.306675221712794155e-05
4.842707426178094465e-07
1.709079242573352531e-07
1.239221205651119817e-06
1.154809797299094498e-05
5.266333147346813348e-09
4.143524279243138153e-08
7.418596936759058735e-08
1.083012175513431430e-04
5.706729666599130724e-07
2.862196595287969103e-07
3.121483587165130302e-06
3.006465249200118706e-06
7.631646440131589770e-06
2.450628671795129776e-03
3.319419420222402550e-06
3.382572003829409368e-06
5.195548524739024288e-08
4.059071216033771634e-06
7.985964884937857278e-07
1.325257244388922118e-06
1.841501443777815439e-06
1.358141798846190795e-05
5.788463042222247168e-08
1.153377766627272649e-07
2.378914416567567969e-07
2.444437313897651620e-06
1.629877175446381443e-07
5.992301765900265309e-08
6.444936957450408954e-07
1.347183297184528783e-05
2.550286581026739441e-06
1.266194772142625879e-06
2.382673301326576620e-06
4.135498784307856113e-06
3.852183994013103074e-08
3.194429893937922316e-07
1.006129241432063282e-05
1.617543574639057624e-07
8.117793299788900185e-07
5.901020827536740399e-08
6.793597435716947075e-07
1.125466769735794514e-05
8.781145197644946165e-07
3.192967142240377143e-06
6.193615718075307086e-07
6.096743732086906675e-07
7.722828740952536464e-06
3.504950427668518387e-07
1.733646627144480590e-06
4.570997134578647092e-06
1.201775648951297626e-05
7.772344164550304413e-03
1.453261916140036192e-06
6.503661325041321106e-07
1.252871356882678811e-06
5.773125977270865405e-08
4.545878340422859765e-08
1.275087470276048407e-05
6.096005745348520577e-05
3.238859562770812772e-06
3.670883756967668887e-07
2.146094857380376197e-06
1.809003733796998858e-04
5.475213882277785160e-08
4.898635452832422743e-08
8.329840966325718910e-06
1.984938080568099394e-06
2.165911610063631088e-06
1.045432441060256679e-06
9.398124944937080727e-09
6.208036666066618636e-06
6.403881869232463941e-09
3.293483530342200538e-08
5.485165033292105363e-08
2.671712593382835621e-07
3.853072882975538960e-08
9.609983635527896695e-07
2.148917843669551075e-07
2.745106485235737637e-06
3.451468444382044254e-08
4.005620724001346389e-07
9.009878567667328753e-07
1.147791590483393520e-05
1.720872205623891205e-06
5.507639571078470908e-07
1.486919359194871504e-06
1.983610609102015587e-09
2.633267115470516728e-08
1.751410110273354803e-07
1.830872065511357505e-06
2.040796425717417151e-05
4.273385059150314191e-07
8.361855634575476870e-07
1.329350141077156877e-07
2.477373300280305557e-06
7.006245596130611375e-06
1.271669475499948021e-06
3.029924118891358376e-04
3.751516487682238221e-05
1.307886559516191483e-04
8.607540458172024955e-09
2.425808816042263061e-07
3.072506160606280901e-08
2.874933402452484188e-09
1.614498201796266130e-09
9.035145609459505067e-08
6.252032136444540811e-08
4.014178784927935340e-07
1.361203203487093560e-07
5.350359799649595516e-08
3.065296141357976012e-07
3.688111505084634700e-08
1.737326442707853857e-07
4.689703292370950294e-09
3.110255306637554895e-07
1.520908625707306783e-07
1.671750737841648515e-07
3.505506995793439273e-08
7.030149351550107895e-09
2.868915061071675154e-08
1.817922168356744805e-08
1.292830944521483616e-07
5.510119081009179354e-07
8.237329041094199056e-09
3.027016930445824983e-07
8.354024316759023350e-08
5.785739745078899432e-07
5.390469937083253171e-07
1.785952917998656631e-06
2.761439645837526768e-07
1.599673140617596800e-07
5.895994377169699874e-07
5.425670224212808535e-07
8.888895308700739406e-08
1.476943793932150584e-07
1.143775776313304959e-07
1.305962086917134002e-06
2.087173989195889590e-08
2.544569888129899482e-08
4.223717198215126700e-08
7.052258865769545082e-08
1.899783885761507918e-09
2.362309992065547704e-08
7.949039826371517847e-08
1.001220311991346534e-06
3.733728348720433132e-08
3.677234872156986967e-06
3.914026081019983394e-08
1.294434787268983200e-05
1.189650629385141656e-05
5.872880137758329511e-05
2.503812481791101163e-07
1.440802680008346215e-05
6.796501111239194870e-05
5.861288627784233540e-06
1.819875478759058751e-06
3.037560600205324590e-05
4.343144973972812295e-05
1.290371045570282149e-07
5.122926793887927488e-08
1.682913170952815562e-05
4.615818838260565826e-08
1.190752300317399204e-06
3.340876730817399221e-07
8.870040701935977268e-09
9.325398764303827193e-07
9.513379950476519298e-07
4.668812536579025618e-08
2.452467207092468016e-08
7.316461960726883262e-07
3.262727688024824602e-08
6.621835382247809321e-07
1.038206818293474498e-07
1.129752604356326628e-06
4.010956899946904741e-07
3.673985204954988149e-08
4.750357220473233610e-06
4.060296134866803186e-07
