6.475139713302269229e-08
2.387974404882697854e-07
1.907999660488712834e-07
3.416790832488914020e-07
2.547178610257105902e-07
5.619727971861721016e-07
7.108626931540129590e-08
2.070210712190601043e-06
8.974007528195215855e-07
2.601118183065409539e-07
2.074307531074737199e-06
7.320830377466336358e-07
4.391782567836344242e-06
7.938028829812537879e-07
9.364141988044138998e-06
3.357580226293066517e-06
3.403978325877687894e-06
5.263137154543073848e-06
2.101775180562981404e-06
2.409959279248141684e-06
7.096552963048452511e-07
3.989339802501490340e-06
5.529245299840113148e-06
3.996748637291602790e-05
5.535037871595704928e-06
1.141856387221196201e-07
9.068194231076631695e-07
3.306510620859626215e-07
1.284960262637468986e-07
1.859992124764175969e-07
1.081060005958534020e-07
1.507972200442964095e-07
6.989417329350544605e-07
3.722558687968557933e-07
2.897506874433020130e-07
2.055252480204217136e-06
1.788314989425998647e-06
2.703886252675147261e-07
3.262948439441970550e-06
4.717847730262292316e-07
1.091752778847876471e-06
6.487167865998344496e-06
5.679238256561802700e-06
5.288177817419636995e-06
3.002022879172727698e-07
7.346112624873057939e-07
4.715149088951875456e-07
1.142406972576281987e-06
2.306824598008461180e-07
4.498930650242982665e-07
6.666925287390768062e-07
7.003652058301668148e-08
1.550162778585217893e-06
1.410617755936982576e-07
4.982194354852254037e-07
5.953538817493608803e-08
4.255104784078866942e-07
1.678215255651593907e-07
1.138180465432014898e-07
2.659932533788378350e-06
1.112322138396848459e-06
1.207084920906709158e-08
8.096201753460263717e-08
5.509718903340399265e-07
6.168962727315374650e-07
7.647772690688725561e-07
2.004468569793971255e-06
5.911454650231462438e-07
4.367126109627861297e-07
1.566696141708234791e-07
3.395786336568562547e-07
8.672419653521501459e-07
7.268009767358307727e-07
7.096218268998200074e-06
1.187394332191615831e-06
3.494506870538316434e-07
2.389885764841892524e-07
4.453832787021383410e-07
1.088410613192536402e-06
1.097868604915674950e-07
7.756392506053089164e-07
1.117787974180828314e-06
1.388580039929365739e-05
2.333982138225110248e-06
4.924528184346854687e-06
1.075480486179003492e-05
1.029979557642946020e-06
9.607277888790122233e-07
8.426553677054471336e-07
3.271888544986722991e-06
5.119051138535724021e-07
8.661262427267502062e-07
7.030374035821296275e-06
4.842688667849870399e-07
2.865856367861852050e-05
8.496047030348563567e-07
3.755542650196730392e-07
4.567164353375119390e-07
2.146547899428696837e-07
3.058092659102840116e-07
3.836742621388111729e-07
5.538388450077036396e-07
2.884556806748150848e-07
6.817269593284436269e-08
4.762633523114345735e-07
4.031930984638165683e-07
4.089827712050464470e-07
1.960220146202118485e-07
1.152140271187818144e-06
2.657621394064335618e-07
9.395870392836513929e-08
5.431323302218515892e-07
2.085261940010241233e-06
1.476920260756742209e-06
7.342953836086962838e-07
2.752145746853784658e-07
3.850198311283747898e-07
6.710947673127520829e-07
1.952838601937401108e-07
4.452198254512040876e-07
9.508012510650587501e-08
6.763324336134246551e-07
4.472224475193797844e-07
7.487559514629538171e-07
5.027393967793614138e-07
8.393985240218171384e-08
2.037757440120913088e-06
1.127615360019262880e-05
3.003372739840415306e-06
2.674580628081457689e-07
1.976551686766470084e-07
1.295119318456272595e-06
7.187782671280729119e-07
1.416402142240258399e-07
7.885047352829133160e-07
1.062122350958816241e-06
2.048136138910194859e-06
2.388359234828385524e-07
2.303884002685663290e-06
7.624781233062094543e-07
1.010052983474452049e-06
9.760534567249123938e-07
8.772823889557912480e-07
1.993839759961701930e-06
9.653042525314958766e-07
1.379910145260510035e-06
2.575718553998740390e-06
4.493486471801588777e-08
2.910023795266170055e-07
9.131061773359760991e-08
4.610732958099106327e-06
9.767937854121555574e-07
1.390788020216859877e-05
2.887149150865297997e-07
3.410357862776436377e-07
6.075401302041427698e-07
9.589314686309080571e-06
1.072462623596948106e-06
7.294772217392164748e-07
2.047856696663075127e-06
5.851902074027748313e-07
1.063271611201344058e-06
1.453960408070997801e-06
1.677499312791042030e-06
1.197292817778361496e-06
1.194223045786202420e-06
2.460427367623196915e-06
6.002290433571033645e-07
1.715036205496289767e-06
9.502035709374467842e-07
4.944031388731673360e-07
1.203733972943155095e-06
2.202318000854575075e-06
6.645811936323298141e-07
7.260442089318530634e-06
4.158977731094637420e-07
1.932863256115524564e-07
2.773886933482572204e-07
1.281626055060769431e-06
7.281850571416725870e-07
6.999750326031062286e-07
3.941428019516024506e-07
3.810995394815108739e-06
1.151595483861456160e-06
1.313797497459745500e-07
3.940450881145807216e-07
4.599152362061431631e-06
1.029730015034147073e-06
2.053210300800856203e-05
5.195352059672586620e-07
6.505689498226274736e-07
5.661709110427182168e-07
5.109291691951511893e-07
3.438321982685010880e-07
8.031967695387720596e-07
5.286322448228020221e-06
3.989823198935482651e-06
2.027992195507977158e-06
1.210527329931210261e-06
1.771817778717377223e-06
1.447079193894751370e-05
4.372157945908838883e-06
8.679494385432917625e-07
3.877723429468460381e-06
8.974863021649071015e-07
1.425775622010405641e-06
4.123528185573377414e-07
3.588565732570714317e-06
1.312169047196221072e-06
4.000405056103772949e-07
8.369506190319953021e-07
1.868386220849060919e-06
3.626385250754537992e-06
2.222558578068856150e-06
2.964280611195135862e-06
4.834043920709518716e-06
1.332986585111939348e-06
1.172987822428694926e-06
2.573575102360337041e-06
3.337784801260568202e-05
3.104137476839241572e-06
2.520538600947475061e-06
1.383576727675972506e-05
1.107811272049730178e-06
1.574339330545626581e-05
4.448651907296152785e-06
3.712617626661085524e-07
1.889869395199639257e-06
2.717410325203672983e-06
9.016273452289169654e-07
4.002213813691923860e-07
1.417062958353199065e-05
7.163670488807838410e-06
2.339640559512190521e-06
8.566586302549694665e-07
1.400796645611990243e-05
1.377095486532198265e-06
1.290000568587856833e-07
7.219491180876502767e-06
1.986492634387104772e-06
6.145237421151250601e-06
1.325789185102621559e-06
9.360235253552673385e-07
8.944939509092364460e-07
3.020063104486325756e-06
1.407248419127427042e-06
4.582908786687767133e-06
3.138970441796118394e-06
5.470808446261798963e-06
2.775436541924136691e-06
3.393282440811162814e-06
1.569960431879735552e-06
9.319849141320446506e-07
3.314639116069884039e-06
6.741182460245909169e-06
1.167275513580534607e-06
1.026759218802908435e-05
1.853357753134332597e-05
1.738203991408227012e-06
5.585026201515574940e-07
1.667611513767042197e-06
4.745968908537179232e-06
1.295832248615624849e-06
9.209776408170000650e-07
3.565544091088668210e-07
4.223497285238408949e-07
3.458408741607854608e-07
1.116556404667790048e-06
5.078032927485764958e-07
4.128661203139927238e-06
1.957150288944831118e-06
6.281896276050247252e-06
2.109222805302124470e-06
8.823574717098381370e-06
3.639970827862271108e-06
2.201414162072978797e-07
2.811328840834903531e-07
3.631780742807677598e-08
1.558965294634617749e-07
9.936096603269106708e-07
2.067505647573852912e-06
3.079957423324231058e-06
3.764999121358414413e-07
9.440605595045781229e-07
2.975364736812480260e-07
7.536179964517941698e-07
1.134987883233407047e-06
6.082729555600963067e-07
3.311587079224409536e-06
3.383691364433616400e-06
9.729958492243895307e-07
8.549446306460595224e-07
3.833423761534504592e-06
1.789563839338370599e-06
1.193148250422382262e-06
3.729761886006599525e-07
3.102667847088014241e-07
5.518459147424437106e-07
2.689362872843048535e-06
6.683193987555569038e-06
2.433280599234421970e-07
4.988703494746005163e-07
5.230265855971083511e-07
2.616524852783186361e-06
5.474344106914941221e-07
4.196612906071095495e-07
3.692874770422349684e-07
5.848833666277641896e-07
3.711530780492466874e-07
3.580119027901673689e-06
7.938180033306707628e-07
5.905425268792896532e-07
6.379313077786719077e-08
1.266738195226935204e-06
3.351713928623212269e-07
4.012858028090704465e-07
8.358127701058037928e-08
7.321567352391866734e-08
7.543860078840225469e-07
5.426171583167160861e-07
9.850588185145170428e-07
1.107167008740361780e-06
9.028410204336978495e-06
2.464426643200567923e-06
3.023460749318473972e-06
1.894558323556339019e-07
7.697360615566140041e-07
1.691883653620607220e-06
5.607655566564062610e-07
4.649978109227959067e-07
8.825017516755906399e-07
1.478195599702303298e-06
4.996916800337203313e-07
6.453630703617818654e-06
3.744788443782454124e-07
1.041418727254495025e-05
3.780998895308584906e-06
1.964026239420491038e-07
1.367974732602306176e-06
2.656693709468527231e-07
2.580911768745863810e-06
8.940552106651011854e-06
8.157464890246046707e-07
1.917848294397117570e-06
1.021522621158510447e-06
3.948694939026609063e-06
1.840934260144422296e-06
1.270083998861082364e-06
7.697881869717093650e-07
2.273855216117226519e-06
3.073006837439606898e-06
2.666270688678196166e-07
1.181834932140191086e-06
1.131144244936876930e-06
4.975288447894854471e-06
1.365291973343119025e-05
3.844822913379175588e-07
6.780192620681191329e-07
1.073735688805754762e-06
6.134618502073863056e-07
5.505629729896099889e-08
9.012361488203168847e-07
5.738617687711666804e-07
1.999713532541136374e-07
2.603585187443968607e-07
8.106014320219401270e-06
7.024873980299162213e-07
3.144952813727286411e-07
1.296690129493072163e-06
2.711311481107259169e-06
7.812680564711627085e-07
9.265692710869188886e-07
1.890848352559260093e-06
1.608443199074827135e-05
5.110603160574100912e-05
6.364501246025611181e-07
1.562447437208902556e-06
6.220800941036941367e-08
3.089661504418472759e-07
1.154897177002567332e-06
6.322058538899000268e-07
5.162384582035883795e-07
1.181241628955831402e-07
1.288849034608574584e-06
7.958078072078933474e-07
6.175687758513959125e-06
4.290343156299059046e-07
1.766596398056208272e-07
7.793422014401585329e-07
5.098996780361630954e-07
1.113226772986308788e-07
1.108492284629392088e-07
3.706911115841649007e-07
1.646751712769400910e-08
1.124320306189474650e-06
1.337203570983547252e-06
8.385128325016921735e-08
1.141041039431911486e-07
3.589659058889083099e-07
5.929310191277181730e-06
3.590691676436108537e-06
6.019060037942836061e-06
1.044135956362879369e-06
1.392561825923621655e-04
7.542788011960510630e-07
1.751839590724557638e-04
6.782637501601129770e-05
5.206780406297184527e-05
3.503112748148851097e-05
2.222687005996704102e-03
1.741205323924077675e-06
4.982890914106974378e-06
2.488496284058783203e-05
8.890488970791921020e-06
2.004936959565384313e-06
1.521560079709161073e-05
7.127011940610827878e-07
4.604117930284701288e-05
3.126024523680825951e-07
7.353837077062053140e-07
8.019659958335978445e-07
1.646736927796155214e-05
6.761073336747358553e-07
3.000239701123064151e-07
7.228167646644578781e-07
6.955946901143761352e-06
5.957489702268503606e-05
2.766317038549459539e-06
2.274912549182772636e-05
5.393492870098270942e-07
1.966443051060196012e-06
1.395427943862159736e-06
3.964032657677307725e-06
2.544447283980844077e-07
4.901059824646836205e-08
1.135702518695325125e-06
8.717147284187376499e-05
2.064427360892295837e-03
2.298518211318878457e-06
4.332888784119859338e-05
1.614663688087603077e-06
1.610883145986008458e-06
4.170301854610443115e-01
3.825805094948009355e-08
3.359836773597635329e-05
5.924641754972981289e-06
1.513554479970480315e-06
2.882385615521343425e-06
8.302616333821788430e-05
1.487481586082139984e-05
2.085895545178573229e-07
1.496514050813857466e-05
8.876488664100179449e-07
4.327324404584942386e-06
1.914034219225868583e-04
9.530823490422335453e-07
1.684957169345580041e-05
5.436500032374169677e-07
2.523982038837857544e-05
7.483404260710813105e-07
3.863701931550167501e-05
1.004612840915797278e-06
8.906001312425360084e-06
6.409792604245012626e-06
1.311303435613808688e-06
5.748217063228366897e-06
1.541350343359226827e-06
7.524402576564170886e-07
1.616323133930563927e-04
3.513010369715630077e-06
2.647733708727173507e-06
5.137640982866287231e-05
3.756567457458004355e-05
1.188626441717133275e-07
2.771834886061697034e-07
3.774096512643154711e-06
8.322895882884040475e-05
7.420156293846957851e-07
1.600856535333150532e-06
5.240193786448799074e-06
8.938915016187820584e-06
3.899404248386417748e-07
1.425908976671053097e-06
1.869402360171079636e-03
4.429170530784176663e-06
9.645896170695777982e-08
2.245996938654570840e-06
6.278309228946454823e-06
2.482211584720062092e-06
9.960835996025707573e-06
2.331755240447819233e-06
3.970510078943334520e-06
4.579987376018834766e-07
9.531632372272724751e-07
4.490837454795837402e-05
4.413920464685361367e-07
7.917607263152603991e-07
7.242665626108646393e-03
1.001280499622225761e-03
5.755251777372905053e-07
2.062565727101173252e-05
2.452543230901937932e-05
2.456613685808406444e-07
3.755046918740845285e-06
6.391258011717582121e-07
4.705120772996451706e-06
9.852161383605562150e-06
1.019685527126057423e-07
1.377275452796311583e-06
2.235847659903811291e-06
1.291700186811794993e-06
1.058542238752124831e-05
1.370849304294097237e-06
5.977986347716068849e-06
2.506388909750967287e-06
5.354887889552628621e-06
3.710899363795761019e-06
2.089712361339479685e-04
6.693274485769507010e-07
8.312159479828551412e-06
7.326333957280439790e-07
8.106569993060475099e-08
2.486100311216432601e-05
2.276792110933456570e-05
3.573948106350144371e-06
1.086161573766730726e-04
2.493957026672433130e-06
1.819863086893747095e-06
6.360465931720682420e-07
7.616729362780461088e-07
1.080232505046296865e-05
9.162413334706798196e-06
6.856848358438583091e-06
3.706041695750172948e-07
1.540860239401808940e-07
4.565818869650684064e-07
1.254950166185153648e-05
6.246626071515493095e-06
1.080708205699920654e-02
9.583349083186476491e-07
1.157128008344443515e-05
3.197643991370568983e-06
1.040116899275744800e-06
2.329841208847938105e-06
4.126211194943607552e-07
1.688947918410121929e-06
6.540875574501114897e-07
3.973036655224859715e-06
3.604625135267269798e-06
1.412358159313953365e-07
2.114754522608564002e-07
1.373221493849996477e-06
2.995309387188171968e-06
9.086208478947810363e-07
1.687814510660246015e-04
1.472465810365974903e-04
2.539309434723691083e-06
1.319093164056539536e-03
3.244154868298210204e-06
2.294659225299255922e-06
1.197338406200287864e-06
3.787581590586341918e-06
4.206805315334349871e-04
6.068736411179997958e-07
1.518048861726128962e-06
8.107321264105848968e-06
1.016258011077297851e-06
1.515289795861463062e-07
1.540162998026062269e-06
5.753657205787021667e-06
2.852891157090198249e-06
1.798741777747636661e-06
3.846515483019175008e-06
5.670665004231523199e-08
5.495107416209066287e-06
1.625546246941667050e-05
8.790905849309638143e-05
6.244833457458298653e-06
4.969330257154069841e-05
2.774817176032229327e-06
3.174021685481420718e-06
7.989792720763944089e-06
7.045811798889189959e-06
6.181256139825563878e-06
1.216628902511729393e-06
6.774944267817772925e-07
1.974760016310028732e-05
6.505534315692784730e-07
3.655857199191814288e-07
1.588007762620691210e-06
1.958722577910521068e-06
1.126084384850400966e-06
4.643300428597285645e-07
4.177552000328432769e-06
2.119610508088953793e-05
9.552699111736728810e-07
1.091215722226479556e-06
1.346596008033884573e-07
1.292951083087245934e-06
9.387577847519423813e-06
2.114736525982152671e-05
2.534873237891588360e-05
6.082549361963174306e-07
8.042146509978920221e-05
3.440774435148341581e-06
1.165465619124006480e-06
5.597781864707940258e-07
1.902613234960881528e-06
4.276118033885722980e-06
1.517093740403652191e-03
3.994073267676867545e-07
3.234175528632476926e-05
6.950913757464149967e-06
7.761919960103114136e-07
3.774652270749356830e-07
2.851524243396852398e-07
1.129551583289867267e-05
1.558535018375550862e-06
2.654894615261582658e-06
6.940824732737382874e-06
3.451702468737494200e-06
9.531805176266061608e-07
3.137731255264952779e-06
1.135875777436012868e-06
2.281608991324901581e-03
9.906458217301405966e-06
2.582948127383133397e-06
2.367286215303465724e-04
4.444407295522978529e-06
5.539344556382275186e-07
4.788670935340633150e-07
1.101802467928791884e-06
6.031440716469660401e-05
5.317245722835650668e-06
1.132633406086824834e-05
3.227392198823508807e-06
1.652316086619975977e-06
2.225659727628226392e-06
6.318143732642056420e-06
1.844857024480006658e-06
5.269279427011497319e-06
3.160837707127939211e-07
2.423603746137814596e-06
7.869384717196226120e-07
4.460443233256228268e-05
1.172019619843922555e-04
1.707493211142718792e-04
9.425936298157466808e-08
2.542046217968163546e-07
1.186842473543947563e-05
1.184999518955009989e-06
1.630133539265443687e-07
5.399898327596019953e-06
5.448845968203386292e-06
1.158553550340002403e-05
5.929616236244328320e-06
1.861741329776123166e-04
9.970592509489506483e-05
7.037111231511516962e-07
1.316416273766662925e-07
3.592270559238386340e-06
1.134834178628807422e-06
2.345225311728427187e-06
1.649679839611053467e-01
3.685753836180083454e-05
3.489609753160038963e-06
4.106016604055184871e-06
4.903238732367753983e-06
3.888835490215569735e-04
1.643015963281868608e-07
2.095382114930544049e-05
4.477157926885411143e-05
5.354254881240194663e-06
9.482807854510610923e-07
7.177137604230665602e-07
5.697634151147212833e-06
2.079637852148152888e-06
2.381777903792681172e-06
7.963673169797402807e-07
6.337805189104983583e-06
1.037902279676927719e-06
5.655656877934234217e-06
5.792386829853057861e-03
4.215286480757640675e-06
9.505579328106250614e-07
1.712763264549721498e-07
6.296480705714202486e-07
8.512052772857714444e-06
5.260778380034025759e-06
2.907534053520066664e-06
8.185422302631195635e-06
1.183532390314212535e-06
1.310960783484915737e-06
3.904921868524979800e-06
5.978511126158991829e-06
1.205507714985287748e-06
6.211290042301698122e-07
2.972368292830651626e-06
3.523568212985992432e-01
6.372837106027873233e-06
5.029091312280797865e-07
1.495585274824406952e-05
6.810001877965987660e-07
4.368483860162086785e-05
2.001313077926170081e-06
7.320582881220616400e-06
5.482163032866083086e-06
1.716855877020861953e-06
1.552096364321187139e-04
3.478928363165323390e-07
3.419284553274337668e-07
4.045261050578119466e-07
1.907950490931398235e-07
2.062796738755423576e-06
2.621390194690320641e-06
6.211541403899900615e-06
2.706257509998977184e-04
1.305420937569579110e-05
1.477335317758843303e-04
7.376531812042230740e-07
4.109681412955978885e-07
5.079761535853322130e-07
1.136386117650545202e-06
8.272913305518159177e-07
4.924547283735591918e-06
8.719375728105660528e-07
7.502326297981198877e-07
9.375132322020363063e-06
4.173140041530132294e-06
1.233353685847760062e-07
1.173476903204573318e-06
2.650790975167183205e-06
3.981424754329054849e-07
1.106263662222772837e-04
5.048255115980282426e-05
2.931240942416479811e-06
2.168327227991539985e-06
5.479708988787024282e-07
1.041614359564846382e-05
4.699001863173180027e-07
1.388035713034696528e-07
2.417553332634270191e-06
1.147141915680549573e-06
6.497108843177556992e-04
1.888081533252261579e-05
3.215672848000394879e-07
1.632264741147082532e-07
5.317283466865774244e-07
1.936431726790033281e-05
1.885744131868705153e-05
1.262891487385786604e-06
4.053770226164488122e-06
1.897486981761176139e-06
2.083341769321123138e-06
6.313840685834293254e-07
6.395855598384514451e-05
1.975322220459929667e-06
2.938351535703986883e-04
2.522855311326566152e-07
3.325372745166532695e-06
4.611245003616204485e-07
5.787163104287174065e-07
1.572961802594363689e-03
1.997685217247635592e-07
3.593545443436596543e-06
6.021894023433560506e-07
4.632757466538350855e-08
8.885136253411474172e-07
4.128023647353984416e-06
1.267971470042539295e-07
8.941510714066680521e-07
1.114528686230187304e-06
4.644549278509657597e-07
7.407663247249729466e-07
4.072051524417474866e-06
1.896849244076292962e-05
8.795312169240787625e-06
1.559932798045338131e-06
6.217215968717937358e-07
7.441551019837788772e-07
5.856304596818517894e-06
1.510510401203646325e-06
1.056352812156546861e-05
5.542208327824482694e-07
1.706570884607572225e-07
3.951876408336829627e-07
4.319059598856256343e-07
2.511598040655371733e-06
5.885317477805074304e-06
3.702638196045882069e-06
1.118182950676782639e-07
6.036933427822077647e-06
1.149464651462039910e-06
5.148868353899160866e-07
1.701543624221812934e-06
8.614731086709070951e-06
2.494273303454974666e-06
4.993387392460135743e-07
3.442482352511433419e-07
6.769470473955152556e-06
3.518757239362457767e-06
1.492535261604643892e-06
4.358253590908134356e-06
6.388457677530823275e-06
7.223763986985431984e-07
7.124026069504907355e-06
1.026853738039790187e-06
1.291775261051952839e-04
1.123944548453437164e-05
1.118509374009590829e-07
1.313271422986872494e-05
7.783988280607445631e-07
4.565476956486236304e-06
1.037443624340994575e-07
5.569593668042216450e-06
3.328845252781320596e-07
1.215402392062969739e-07
9.002147862702258863e-07
7.919355994090437889e-06
3.025528712896630168e-06
7.292606369446730241e-06
7.618349627591669559e-05
1.322300363426620606e-06
3.791709104916662909e-06
3.734547590283909813e-06
3.367633553352789022e-06
5.838434162797057070e-07
1.402663542648951989e-06
1.195953018395812251e-06
1.045956960297189653e-04
2.203491567343007773e-05
7.326403874685638584e-07
4.259465495124459267e-04
1.994634658331051469e-06
1.738752871460746974e-06
3.131962876068428159e-05
6.336511887639062479e-06
4.850580808124504983e-06
3.697350337006355403e-07
8.529434126103296876e-06
1.369010351481847465e-05
1.382688424200750887e-06
3.044548066100105643e-06
1.121468085329979658e-05
3.612750333559233695e-06
1.278558215744851623e-06
1.353874722553882748e-06
4.735622133011929691e-05
2.947831262645195238e-06
2.113818027282832190e-06
5.312893449627154041e-07
4.406178413773886859e-05
8.790997299001901411e-07
3.829749766737222672e-05
1.154561778093921021e-05
4.439353688212577254e-06
1.600711584615055472e-06
2.108738044626079500e-06
5.719767650589346886e-04
2.901607558669638820e-07
1.604782664799131453e-05
3.449044925218913704e-07
4.166268354310886934e-06
3.553981878212653100e-05
1.067379707819782197e-05
2.474545362929347903e-05
1.042360599967651069e-05
1.196657558466540650e-05
3.754789304366568103e-06
6.839006346126552671e-06
4.324300334701547399e-06
5.285737188387429342e-06
1.571340253576636314e-04
2.623142441734671593e-03
1.882048309198580682e-05
6.543646122736390680e-07
1.311668711423408240e-06
4.936933237331686541e-06
1.394424998579779640e-06
1.353759216726757586e-05
1.068112396751530468e-04
3.064572410949040204e-06
1.602940301381750032e-06
2.000343783947755583e-06
1.255901530385017395e-02
2.605044301162706688e-06
7.882085242272296455e-07
2.305328052898403257e-06
1.192626086776726879e-06
1.092500610866409261e-06
7.187425694610283244e-07
6.278803539316868410e-07
8.786698163021355867e-05
1.665952709117846098e-07
8.120254051391384564e-07
3.847968855552608147e-06
4.241503859248041408e-07
8.078143878265109379e-07
7.011893103481270373e-06
1.822002673179667909e-06
1.073614384949905798e-05
4.944092211189854424e-07
1.097168478736421093e-05
9.135430332207761239e-07
1.069689387804828584e-04
1.034613887895829976e-05
2.168148398595803883e-07
8.355565341844339855e-07
2.214827190982759930e-06
4.920274676578628714e-08
8.736646464058139827e-07
3.180929343216121197e-05
1.307788443227764219e-05
2.655126081663183868e-05
4.120894061543367570e-07
2.629407390486449003e-06
6.366938578139524907e-06
2.747903636191040277e-06
3.410927433833421674e-07
3.913946275133639574e-04
3.299779200460761786e-05
2.660617610672488809e-06
1.606816226740193088e-07
2.837429065039032139e-07
9.022960512083955109e-08
2.279677318028916488e-07
6.997036905431741616e-08
3.704670348270155955e-07
5.460711705040921515e-08
3.071040964641724713e-06
4.332372043336363276e-07
2.071639499945376883e-07
8.453324653601157479e-07
2.130035170466726413e-08
4.999801035410200711e-07
6.713319322670940892e-08
8.313605803778045811e-07
3.867575912863685517e-07
3.243849846512603108e-07
4.358953731298242928e-07
3.584982550819404423e-07
3.012640092947549419e-07
3.461236701696179807e-07
1.247042717977819848e-07
2.282547939103096724e-06
2.691960787615244044e-07
2.350800059502944350e-05
4.079763129993807524e-06
2.013444600379443727e-06
4.698733278019062709e-07
4.057363639731192961e-06
3.009392344210937154e-07
1.663579212163313059e-07
2.023462997158276266e-07
1.379831246595131233e-06
9.625357932918632287e-08
1.045487124429200776e-06
8.692491633155441377e-07
6.559988833032548428e-06
9.650124184190644883e-07
1.046122974912577774e-07
5.715601787414925639e-07
5.135529477229283657e-07
7.607724228364531882e-08
5.253060066934267525e-07
1.970301468645629939e-07
2.948927885881857947e-06
1.196643921730355942e-07
1.313477355324721429e-06
2.746615734849910950e-07
2.719766926020383835e-04
7.026242383290082216e-05
1.321048766840249300e-04
5.192551270738476887e-06
1.342327777820173651e-05
5.934051005169749260e-04
6.978008605074137449e-05
4.715657269116491079e-05
2.905475957959424704e-05
1.572576293256133795e-04
5.609078652923926711e-05
6.280799880187259987e-08
1.121306559070944786e-05
1.744383837376517477e-07
2.039346873061731458e-05
1.315579766014707275e-06
6.898241622366185766e-08
7.981632279552286491e-07
2.890150653911405243e-06
3.028428636753233150e-07
1.940484935403219424e-06
4.197493410629249411e-07
3.197849878233682830e-07
2.133011321348021738e-06
1.425535901944385841e-05
9.957260044757276773e-05
9.094163033296354115e-06
1.184203597404120956e-07
8.692769370099995285e-06
6.741300921930815093e-07
