4.972532678948482499e-07
1.999215783143881708e-06
1.048636136147251818e-06
1.467080551265098620e-06
6.108633897383697331e-06
5.822726507176412269e-06
1.101493509736428678e-07
1.224567768076667562e-05
8.443890692433342338e-06
1.925884362208307721e-06
1.445834868718520738e-06
6.122158083599060774e-06
5.930651241214945912e-05
7.062677696012542583e-07
4.987833108316408470e-06
5.332604814611840993e-06
1.946541033248649910e-06
4.516280569077935070e-06
7.313667538255685940e-07
1.216721739183412865e-05
2.864924454115680419e-06
4.654084477806463838e-07
4.374449417809955776e-06
8.941370469983667135e-05
8.788286504568532109e-05
4.844848149332392495e-07
4.466203904485155363e-07
1.483304714611222153e-07
1.110621852262738685e-07
1.459445115870039444e-07
5.429424732028564904e-07
1.927141056512482464e-06
1.922064257087185979e-06
3.776080177431140328e-07
2.248970986329368316e-06
1.743215705118927872e-07
2.691004920052364469e-05
6.151916522867395543e-07
1.338404126727255061e-05
8.945673471316695213e-06
1.607444914952793624e-06
6.198753794706135523e-07
1.440959920273598982e-07
1.741681990097276866e-05
1.596483343746513128e-06
2.293441639267257415e-06
1.005867261483217590e-06
1.077262481885554735e-06
5.956270570095512085e-07
6.510350885946536437e-06
2.626916284498292953e-05
7.688703590247314423e-06
1.603222472112975083e-06
1.087596615434449632e-06
5.572439022216713056e-06
2.957795913971494883e-06
1.432569433745811693e-06
1.313005384417920141e-07
5.261859769234433770e-06
7.447210009559057653e-06
7.908454790594987571e-06
2.321777628822019324e-06
1.436312345504120458e-06
2.761937366813072003e-06
2.383819719398161396e-06
3.625073077273555100e-06
2.126914523614686914e-06
5.250856702332384884e-06
3.813913281192071736e-06
5.144765509612625465e-06
7.419672556352452375e-07
1.127253563026897609e-05
2.222394414275186136e-06
1.590981992194429040e-05
3.253063368902076036e-06
4.916051210557270679e-08
3.197412183908454608e-07
5.823645210512040649e-07
1.283059418710763566e-07
2.921158568369719433e-07
9.160452464129775763e-06
7.220826887532894034e-07
1.233732018590671942e-05
2.239090235889307223e-06
4.661656021198723465e-06
9.404742741025984287e-06
2.171148707930115052e-06
3.245925108785741031e-05
6.213025699253194034e-06
1.002335193334147334e-05
2.364430713441834087e-07
1.890406622351292754e-07
1.086437038111398579e-07
9.172839781967923045e-06
2.707827206904767081e-06
1.192145582251669111e-08
1.285461735278659035e-06
6.798902063565037679e-07
1.146508111560251564e-06
4.207047823001630604e-06
8.318776963278651237e-06
9.769928146852180362e-05
5.055667315900791436e-07
1.412025653735327069e-06
2.405568864105589455e-07
4.882073767475958448e-07
6.062180091248592362e-07
1.341020742984255776e-05
1.054966560332104564e-06
2.444535027734673349e-07
3.838367774733342230e-06
1.641105654925922863e-06
2.843166294042021036e-04
3.028238324986887164e-06
2.478208216416533105e-06
1.428738301001430955e-06
3.936710072593996301e-06
7.210804142232518643e-06
1.479031197959557176e-06
1.178344405161624309e-06
4.623415961191312817e-08
2.104865416185930371e-06
2.951220812974497676e-05
1.364559739158721641e-05
1.026787231239723042e-05
2.046162137503415579e-07
2.276172381243668497e-05
2.258818858535960317e-05
7.954052989589399658e-07
2.180291994591243565e-05
4.283726013909472385e-07
1.254903509106952697e-06
6.235011824173852801e-05
3.137845396850025281e-07
3.638992325250001159e-07
5.243520718067884445e-06
9.380266305925033521e-07
2.495354692655382678e-06
5.304163437358511146e-07
8.760846412769751623e-07
9.937153890859917738e-07
3.885676960635464638e-06
8.614467219558719080e-07
1.774259317244286649e-07
4.094979431101819500e-06
6.963858254493970890e-07
2.364286331157927634e-07
2.931835069830412976e-06
1.735180603645858355e-06
6.215203143256076146e-07
4.367390647530555725e-05
2.660681275301612914e-05
5.333713943400653079e-06
7.203765562735497952e-06
4.155584520049160346e-06
1.571921711729373783e-05
7.584709237562492490e-05
1.014627287077018991e-05
2.318929773537092842e-06
2.225454045401420444e-05
2.578770508989691734e-04
2.840326260411529802e-06
1.105903379539086018e-06
1.131684894062345847e-05
6.143805421743309125e-06
1.452206106478115544e-05
6.813055279053514823e-06
1.964161356227123179e-06
5.272680027701426297e-06
9.233469427272211760e-06
5.364837306842673570e-06
3.475988705758936703e-05
1.135554248321568593e-05
5.651233095704810694e-06
2.161218390028807335e-06
1.144128077612549532e-06
5.447731382446363568e-06
5.178686933504650369e-06
2.539350680308416486e-05
2.538688477216055617e-06
2.853164687621756457e-06
1.470472307119052857e-05
1.484926087869098410e-06
1.651325146667659283e-05
3.327039621581207030e-06
2.807298369589261711e-05
3.672909588203765452e-05
7.135099167498992756e-06
6.709495210088789463e-06
2.369742469454649836e-05
4.993897164240479469e-05
2.574083373474422842e-05
3.517512959660962224e-05
1.773661438164708670e-06
3.848471408218756551e-07
3.907512564182979986e-06
7.847897904866840690e-06
3.892635049851378426e-06
3.902652679244056344e-06
1.151416563516249880e-05
7.384119817288592458e-05
1.690325552772264928e-05
1.942790368048008531e-05
1.379281275148969144e-05
4.340138730185572058e-06
1.025364417728269473e-05
8.725880434212740511e-06
9.182423127640504390e-06
3.666862176032736897e-05
4.706545951194129884e-06
3.157361334160668775e-06
4.191765583527740091e-06
1.544967744848690927e-05
8.717621312825940549e-06
1.319071088801138103e-05
2.043333006440661848e-05
3.622794247348792851e-05
1.086780757759697735e-04
1.674033046583645046e-05
1.302062737522646785e-04
2.168317041650880128e-05
4.792301115230657160e-05
5.295435039442963898e-05
1.683499613136518747e-05
2.467941840222920291e-06
6.181365733937127516e-06
2.472092319294461049e-06
2.604365135994157754e-06
7.771023956593126059e-05
2.064433147097588517e-06
3.506906296024681069e-06
2.051832098004524596e-06
2.391759153397288173e-05
1.814284019019396510e-06
3.312529770482797176e-06
3.041356285393703729e-05
2.400535095148370601e-06
2.240716696633171523e-07
6.642413063673302531e-05
1.177959620690671727e-05
3.536793519742786884e-05
2.249418321298435330e-05
3.784936779993586242e-06
3.901789114024722949e-06
3.599614728955202736e-06
2.162871851396630518e-06
5.668289759341860190e-06
5.535101195164315868e-07
1.061817511072149500e-05
7.520357485191198066e-06
3.231120444979751483e-06
2.631079405546188354e-04
4.410613655636552721e-06
4.902001819573342800e-06
2.172871063521597534e-05
6.594235628654132597e-07
7.018259111646329984e-06
6.074738848838023841e-05
9.872002010524738580e-06
8.700399121153168380e-07
4.789068498212145641e-06
4.718343006970826536e-06
7.887715014476270881e-07
1.695446735539007932e-05
1.289101146539906040e-05
8.172614616341888905e-05
5.497862275660736486e-06
7.876427844166755676e-06
6.143570772110251710e-06
1.913121650432003662e-06
4.255457952240249142e-06
1.724219259813253302e-06
1.964348484762012959e-06
2.815815605572424829e-06
1.117541273742972407e-06
7.967080364323919639e-07
2.118311158483265899e-06
4.344036881320789689e-07
1.076162163826666074e-07
8.881522717274492607e-07
3.075489075854420662e-06
7.781016756780445576e-05
2.162829878216143698e-05
2.850595956260804087e-05
3.162992652505636215e-05
2.525774762034416199e-04
5.762144155596615747e-06
1.679325760051142424e-05
2.351065631955862045e-05
6.203860266396077350e-06
1.580697130521002691e-06
4.923532515022088774e-07
1.240690471604466438e-04
5.463256457005627453e-06
1.494451043981825933e-05
1.069471181835979223e-05
3.143386493320576847e-05
6.848447355878306553e-06
1.378788738293224014e-06
2.087564280373044312e-05
1.150177467934554443e-05
9.073851003904565005e-08
1.249610591003147420e-06
3.498440128169022501e-05
5.684044595000159461e-07
5.059637260274030268e-07
5.944507392996456474e-07
7.158620519476244226e-06
1.912701918627135456e-06
1.115003942686598748e-05
4.675462605518987402e-06
3.345233562868088484e-05
4.009105850855121389e-06
3.226009084755787626e-06
1.130309101426973939e-06
1.076115609066619072e-06
5.729390250053256750e-05
3.000733101998775965e-07
7.977865607244893909e-06
2.877466795325744897e-05
1.705954218778060749e-06
2.393095996922056656e-07
2.369879439356736839e-06
6.301733606051129755e-07
5.944022632320411503e-06
1.596872181153230486e-07
1.776305452949600294e-06
5.741278528148541227e-06
1.397697531047015218e-07
2.386732376180589199e-07
4.590353341882291716e-07
8.236021358243306167e-07
1.681648768681043293e-06
1.041327209350129124e-06
1.594546347405412234e-06
8.430814887105952948e-06
5.754217227149638347e-07
1.576412068970967084e-05
2.099867060678661801e-06
8.346199820152833126e-08
3.797166282311081886e-04
6.802936241001589224e-07
4.767766483837476699e-07
1.482100856264878530e-06
2.031126996371312998e-06
1.739232175168581307e-05
2.388868597336113453e-05
7.243252753141860012e-08
1.939644971571397036e-05
1.032541513268370181e-05
8.413942964580201078e-07
2.834000042639672756e-06
2.026402171395602636e-06
3.394137024770316202e-07
5.014654743717983365e-05
4.779291430168086663e-06
4.865230221184901893e-05
8.229932973335962743e-06
1.042995609168428928e-05
1.660182874729798641e-06
1.986532515729777515e-05
9.724874871608335525e-06
3.195027147739892825e-06
3.343187700011185370e-06
6.437264801206765696e-06
5.795232027594465762e-06
3.747396931430557743e-06
5.694882474926998839e-06
5.027815859648399055e-06
4.615640591509873047e-06
6.360430234053637832e-06
1.000641805148916319e-05
4.301872650103177875e-06
1.320028695772634819e-05
8.034231723286211491e-05
2.304675399500411004e-05
5.226307166594779119e-06
8.828048521536402404e-06
1.199813709718000609e-06
1.014092845252889674e-06
3.290722133897361346e-06
3.121965710306540132e-05
3.700902880154899321e-06
1.265248283743858337e-05
3.400180730750435032e-06
8.225751225836575031e-04
1.944504911080002785e-04
5.930769475526176393e-07
3.404791641514748335e-06
1.708416857582051307e-05
1.683694790699519217e-06
4.662545507017057389e-06
2.802258620704378700e-07
3.779837811634934042e-07
4.510491635301150382e-06
7.012869787104136776e-07
1.086798874894157052e-05
1.099324890674324706e-06
3.790902701439335942e-05
6.531781516969203949e-03
1.470025199523661286e-05
2.303624933119863272e-04
9.984903044824022800e-06
2.824645489454269409e-04
1.167040579730382888e-07
1.650878039072267711e-05
1.403469219803810120e-02
8.810200597508810461e-06
1.848477950261440128e-05
2.567305928096175194e-04
9.539003258396405727e-07
2.467672311468049884e-05
6.342358537949621677e-04
2.394967159489169717e-04
3.198752892785705626e-06
7.817697769496589899e-05
1.416545387655787636e-06
5.024197525926865637e-05
1.471677478548372164e-05
8.585135219618678093e-06
3.969828685512766242e-05
3.606662852689623833e-03
6.488541544058534782e-07
5.562714432016946375e-05
3.567476596799679101e-06
1.085300118575105444e-05
2.285267546540126204e-04
4.527510318439453840e-04
4.050818461109884083e-05
1.989195197893423028e-06
4.362027175375260413e-05
5.681676339008845389e-05
8.365449320990592241e-05
3.682129943172185449e-07
2.453487104503437877e-05
4.287472402211278677e-04
7.232529810607957188e-07
4.139270458836108446e-05
6.770135951228439808e-05
2.897222293540835381e-03
6.655414836131967604e-06
2.665616011654492468e-05
1.584280165843665600e-03
1.287083478018757887e-06
1.117980500566773117e-04
1.818842974898871034e-05
1.495714386692270637e-04
7.770353462547063828e-03
4.807879304280504584e-05
1.828586209740024060e-05
6.347607950374367647e-08
7.018627366051077843e-04
6.413642404368147254e-05
8.558172849006950855e-04
6.527914229081943631e-05
7.255088348756544292e-06
1.003051549196243286e-02
3.837334224954247475e-04
9.263537824153900146e-03
1.736172998789697886e-04
3.623161774157779291e-06
6.083763390779495239e-02
8.052273769862949848e-04
2.555460203438997269e-03
1.536064228275790811e-04
4.182459379080682993e-04
1.410246022715000436e-05
1.863530883383646142e-06
6.344545454339822754e-06
8.238449809141457081e-04
1.176533382385969162e-02
1.622200477868318558e-03
9.375995432492345572e-06
3.275098060839809477e-05
5.454479378386167809e-06
4.038084171043010429e-06
2.457136579323559999e-04
7.205978363344911486e-06
2.063955798803362995e-05
1.318530962635122705e-06
2.138427225872874260e-04
4.832596823689527810e-05
7.643689968972466886e-06
1.689824508503079414e-03
8.020727477742184419e-07
5.922890409237879794e-07
1.385109644616022706e-04
1.253270420420449227e-05
1.996860664803534746e-04
1.509203866589814425e-04
2.079303842037916183e-03
1.580428215675055981e-05
4.911909345537424088e-04
3.276980423834174871e-04
1.555750798434019089e-02
1.470025890739634633e-04
9.816467063501477242e-04
9.927090723067522049e-04
1.195530130644328892e-04
2.355767719564028084e-05
1.997407480303081684e-06
6.288778968155384064e-03
8.195549162337556481e-05
6.426408072002232075e-04
4.551194433588534594e-05
5.547205801121890545e-04
7.570426678285002708e-04
1.237029664480360225e-05
1.951283411472104490e-05
3.725720262082177214e-06
1.230424368259264156e-05
2.362984787396271713e-06
4.729741439223289490e-02
4.337931168265640736e-04
9.905972983688116074e-04
8.778423216426745057e-05
1.208979054354131222e-03
8.592368976678699255e-05
5.887459337827749550e-06
5.225068889558315277e-04
1.347956276731565595e-04
1.721486029282459640e-07
3.882202690874692053e-06
2.471957996021956205e-04
6.372798979282379150e-02
4.937576159136369824e-05
3.802484134212136269e-04
3.512352122925221920e-06
3.579726908355951309e-03
7.151857971621211618e-06
4.448491017683409154e-05
2.975676807182026096e-06
2.279730833834037185e-04
6.466836930485442281e-05
2.100824531225953251e-06
7.266174179676454514e-06
1.742582571750972420e-05
1.723416971799451858e-06
5.789576098322868347e-04
6.414618110284209251e-05
3.501130413496866822e-05
2.323997468920424581e-04
1.563904079375788569e-04
6.264867352001601830e-06
5.165999937162268907e-06
6.542707560583949089e-04
7.093099702615290880e-05
8.528791113349143416e-07
2.891758231271523982e-05
7.100595394149422646e-05
3.374516745680011809e-05
1.064655771187972277e-05
1.432830467820167542e-04
2.355538541451096535e-03
6.699118239339441061e-05
1.739436925163317937e-06
5.087056197226047516e-03
8.789308776613324881e-05
1.535984920337796211e-04
1.722263618830766063e-06
1.057302256413095165e-06
1.666936555011488963e-06
5.149989202618598938e-02
1.946516204043291509e-05
4.912497010082006454e-03
3.529137075020116754e-06
1.556665811222046614e-04
9.154600775218568742e-06
2.578777493909001350e-04
1.495187348155013751e-06
4.479942726902663708e-04
3.828995613730512559e-05
3.637561458162963390e-04
9.978039372526836814e-08
3.660644324554596096e-06
1.435200601918040775e-06
1.360988389933481812e-04
1.637601410038769245e-03
9.144579060375690460e-03
5.319769261404871941e-04
6.477514943981077522e-06
1.110557332140160725e-05
2.343739652133081108e-06
4.363587650004774332e-04
8.708605309948325157e-05
6.266988748393487185e-06
1.683432310528587550e-05
1.060490903910249472e-04
1.099213841371238232e-04
2.044494613073766232e-05
4.698719280327168235e-08
3.356719025759957731e-05
1.161726075338265218e-07
8.198664727387949824e-05
4.020132869482040405e-02
1.649165994876966579e-07
1.634611049667000771e-03
1.327105564996600151e-04
6.547637894982472062e-05
1.258918564417399466e-05
1.199869439005851746e-01
8.442461257800459862e-04
2.132905336793555762e-07
8.452043402940034866e-06
6.777904927730560303e-04
2.348916495975572616e-05
2.142040902981534600e-04
3.477117616057512350e-06
1.414355938322842121e-04
9.656030215410282835e-07
4.192802880425006151e-04
1.263938029296696186e-04
5.414525730884633958e-06
1.661411261011380702e-05
1.551485154777765274e-03
5.346715624909847975e-06
1.210093963891267776e-02
1.056913606589660048e-05
7.979562360560521483e-05
2.020962722599506378e-02
1.212267761729890481e-06
1.016465557768242434e-05
1.975185796254663728e-06
1.766431727446615696e-03
2.564919996075332165e-04
1.038217214954784140e-05
1.681218482553958893e-02
8.720510959392413497e-05
1.868265280791092664e-05
7.079614078975282609e-06
1.230001316798734479e-06
1.300065050600096583e-04
5.457471161207649857e-06
3.452235614531673491e-05
1.139458436227869242e-05
5.993681952531915158e-06
9.082757605938240886e-05
6.659958744421601295e-04
1.635562221053987741e-04
4.351339157437905669e-05
3.954687315399496583e-07
1.354658706986811012e-05
4.840684778173454106e-05
3.745064139366149902e-03
2.262562629766762257e-04
4.689777779276482761e-05
1.964483526535332203e-04
6.486664005933562294e-06
6.760412361472845078e-05
1.762345164024736732e-05
2.586285700090229511e-05
1.136896753450855613e-05
1.532308408059179783e-03
4.368609224911779165e-04
9.843662382991169579e-07
2.206108365498948842e-05
2.021094815063406713e-06
1.363419528388476465e-06
6.150866829557344317e-05
3.799033038376364857e-06
9.467076779401395470e-06
9.000020327221136540e-06
2.345852863072650507e-06
7.105947472155094147e-03
3.950880272896029055e-05
1.349105968984076753e-05
3.116039093583822250e-03
1.118374439101899043e-05
4.125365194340702146e-06
6.486920756287872791e-05
1.972801510419230908e-05
2.175570807594340295e-05
2.340131572964310180e-07
2.580432192189618945e-05
9.177914762403815985e-06
2.303023848071461543e-06
1.319597049587173387e-05
6.776107329642400146e-05
1.548722138977609575e-05
1.545575098134577274e-03
4.343931323091965169e-06
1.776782482920680195e-05
1.108570722863078117e-03
1.893989683594554663e-04
6.658030542894266546e-06
1.002783562853437616e-07
1.635929584153927863e-05
1.082018949091434479e-02
7.575636686851794366e-07
3.830360248684883118e-03
3.055760544157237746e-06
4.409040775499306619e-05
5.002565012546256185e-05
4.819467903871554881e-06
9.461128684051800519e-06
6.318084779195487499e-04
5.940959090366959572e-05
8.008292206795886159e-05
4.758328199386596680e-03
2.733013592660427094e-03
4.273226077202707529e-04
5.720479748561047018e-05
5.093769459563191049e-07
9.511279640719294548e-04
2.292758290423080325e-05
6.433926046156557277e-06
4.727716441266238689e-05
6.910195806995034218e-04
9.735853970050811768e-02
1.872231950983405113e-05
1.480155151512008160e-05
4.514554166235029697e-04
1.864873070189787541e-06
3.967357406509108841e-05
7.331734377657994628e-05
3.450163872912526131e-03
2.658732119016349316e-04
1.639974470890592784e-06
2.195224369643256068e-04
5.608752417174400762e-06
6.813815616624196991e-06
1.238495169673115015e-04
3.616247568061226048e-06
7.822574843885377049e-06
4.040591884404420853e-03
1.521629840135574341e-02
1.155716927314642817e-05
6.701501661154907197e-06
1.391742698615416884e-04
2.654207346495240927e-04
2.317389942163572414e-07
1.183606436825357378e-04
8.950554729381110519e-06
7.934892782941460609e-04
2.129601853084750473e-06
6.603320343856466934e-06
2.715961018111556768e-04
1.667268043092917651e-05
2.854536578524857759e-04
1.542301833978854120e-05
1.180101662612287328e-05
1.103871909435838461e-04
5.346485977497650310e-06
1.356397551717236638e-04
1.227246139023918658e-05
1.619615977688226849e-05
8.518597951479023322e-07
1.265110186068341136e-04
1.651361526455730200e-05
3.417174157220870256e-04
1.199542079120874405e-03
7.494471674363012426e-07
3.727582452484057285e-06
3.339225659146904945e-03
9.063029574463143945e-05
4.088174136995803565e-06
3.390974598005414009e-04
5.920792773395078257e-06
5.064679498900659382e-06
2.348153884668136016e-06
5.096792301628738642e-05
2.603749180707382038e-06
7.542605453636497259e-05
1.696280523901805282e-04
2.718238683883100748e-04
3.388494951650500298e-04
1.623980460863094777e-05
6.564560408151010051e-06
1.652886538749953615e-07
4.386374712339602411e-05
1.569407613715156913e-04
4.291512072086334229e-03
4.322962558944709599e-05
3.718408406712114811e-04
2.106784377247095108e-04
3.649587451945990324e-04
3.411295358091592789e-03
5.028214771300554276e-03
9.909227082971483469e-05
1.050150331138866022e-06
2.444018900860100985e-04
1.423397634425782599e-06
1.568254810990765691e-05
7.297313004528405145e-06
1.832354200814734213e-06
6.552582362928660586e-06
6.771230255253612995e-05
4.630920942872762680e-03
1.385412724630441517e-05
5.648811347782611847e-04
2.844689333869609982e-05
7.022276258794590831e-05
8.009166776901111007e-06
1.497087941970676184e-04
2.430168970022350550e-04
2.145951185639205505e-07
9.743827831698581576e-05
4.933791387884411961e-06
5.475352281791856512e-06
3.147069655824452639e-04
1.146595677710138261e-04
9.184240639115159865e-07
1.155665586338727735e-06
1.701358627315130434e-07
1.278502866625785828e-03
1.365401942621247144e-07
3.117464439128525555e-05
4.947846719005610794e-06
4.214686050545424223e-04
6.295661023614229634e-07
8.160725701600313187e-05
4.089266076334752142e-05
4.149218875681981444e-05
6.570416644535725936e-06
1.857825850493100006e-06
9.181595146401377860e-07
3.551899862941354513e-05
3.617704749103722861e-07
7.092172745615243912e-05
6.902585300849750638e-05
1.042920416693959851e-06
6.270671292440965772e-05
3.505568884065723978e-06
6.847036729595856741e-06
7.818177982699126005e-05
1.143205395237600897e-06
1.771971619746182114e-05
4.880712367594242096e-05
6.276243948377668858e-05
1.220745525642996654e-05
1.009068182611372322e-05
3.063592303078621626e-04
1.350103528238832951e-03
5.278000389807857573e-05
6.688368739560246468e-04
7.275504176504909992e-04
5.259301542537286878e-05
3.229630965506657958e-05
2.835921009136654902e-07
3.646590266725979745e-05
3.349770267959684134e-04
4.904120487481122836e-06
1.358468125545186922e-06
1.014431927615078166e-05
9.313475311500951648e-05
7.686731987632811069e-05
7.970272563397884369e-03
3.713730166055029258e-06
3.333485437906347215e-05
1.863606485130731016e-05
2.611194213386625051e-04
5.625445046462118626e-04
9.940921700035687536e-06
2.009417366934940219e-04
6.711870082654058933e-04
9.115363354794681072e-04
2.715409209486097097e-06
1.198704019188880920e-01
2.992850029841065407e-03
6.142955498944502324e-06
2.335994271561503410e-03
3.154530713800340891e-04
6.221056537469848990e-05
1.626741373911499977e-03
4.427145540830679238e-06
2.699294054764322937e-05
1.225027881446294487e-05
9.678503374743741006e-06
2.567675546742975712e-04
1.600230170879513025e-04
1.997813233174383640e-04
1.103795966628240421e-06
1.615505607333034277e-04
2.475409302860498428e-03
1.243287357510780566e-07
2.156903610739391297e-05
9.593400172889232635e-04
1.500977086834609509e-04
1.047906407620757818e-04
4.215280932839959860e-04
2.201839379267767072e-05
7.136402651667594910e-03
8.508116025041090325e-07
2.431380096822977066e-03
8.934027515351772308e-03
4.318536957725882530e-04
6.411804497474804521e-05
3.173985751345753670e-03
3.637935833467054181e-06
3.428673080634325743e-04
2.596418084976903629e-07
5.674563453794689849e-06
1.617364701814949512e-03
2.129815129592316225e-06
5.100916139781475067e-03
1.441845114413808915e-07
1.006511319428682327e-02
2.516887616366147995e-05
1.024431912810541689e-05
7.820352911949157715e-04
3.725487545125361066e-07
2.094431081786751747e-03
6.264829076826572418e-03
1.945874188095331192e-03
1.353736734017729759e-03
7.671573548577725887e-04
2.276838858961127698e-05
1.245247083716094494e-03
1.311330919406827888e-07
4.577913387038279325e-06
1.438701874576508999e-04
8.050119504332542419e-05
2.581143417046405375e-05
9.523855260340496898e-05
7.943069135762925725e-07
1.322523621638538316e-05
1.032902946462854743e-04
1.022619835566729307e-04
8.898305168258957565e-06
4.157669609412550926e-04
1.895432433229871094e-05
9.609904955141246319e-04
4.961933427694020793e-06
3.674901336125913076e-06
2.401944527719024336e-07
2.246967341079653124e-07
2.005751866818172857e-07
4.360637831268832088e-06
1.859772282841731794e-06
8.635207450424786657e-06
3.279828433733200654e-06
9.930142823577625677e-07
6.575982752110576257e-06
5.082709808590379907e-09
5.109241101308725774e-07
5.570390158027294092e-07
5.156118731974856928e-07
5.873043846804648638e-07
6.134928753454005346e-06
3.206808685263240477e-07
6.347519843075133394e-07
1.671933205216191709e-07
3.680534064187668264e-06
2.590656322354334407e-06
8.060924869823793415e-07
1.758433398890701937e-07
1.227545226356596686e-06
2.544815106375608593e-05
4.677987362811109051e-06
6.924256581442023162e-07
4.619220817403402179e-06
6.494785338873043656e-06
1.732112906438487698e-07
4.470100975595414639e-06
3.974734499934129417e-05
3.121797362837241963e-06
8.192673561779884039e-08
1.160709985015273560e-06
1.586406324349809438e-05
1.018713646772084758e-06
2.644868118295562454e-06
1.140912172559183091e-05
1.223713638864865061e-06
7.039162142064014915e-07
1.377768853672023397e-06
2.047621592282666825e-06
1.197351739392615855e-04
2.836472958733793348e-05
1.018938055494800210e-04
5.354788754630135372e-06
9.274939657188951969e-06
3.390518540982156992e-04
4.407268716022372246e-05
3.253075874454225414e-06
8.826191333355382085e-07
2.787034027278423309e-04
3.619059270931757055e-06
3.332999040139839053e-05
3.308556551928631961e-05
4.943430394632741809e-05
3.600935087888501585e-05
8.149712812155485153e-06
4.114866605959832668e-04
3.203516826033592224e-05
7.923416887933854014e-06
5.407019898484577425e-07
2.210509677524896688e-07
1.635687658563256264e-05
1.558917915644997265e-06
1.136356331699062139e-06
3.120911742371390574e-07
4.402797003422165290e-06
8.120363418129272759e-06
6.799651600886136293e-06
6.415226835088105872e-06
4.943154635839164257e-06
1.856632297858595848e-04
3.614463253143185284e-07
1.340680591965792701e-05
4.092438030056655407e-04
