4.595410163510393886e-10
1.775203872789177240e-09
1.417233774780868316e-09
1.499217416878195763e-09
1.197857546486602587e-08
3.875753051829633478e-09
4.132393871536521601e-10
6.545506181510063470e-08
3.734953679668251425e-09
7.477252097487507854e-07
2.073806193436666945e-08
8.757431224637457490e-09
1.843131798295871704e-07
1.965538487525009259e-08
3.387223443951370427e-07
7.846641381092922529e-08
3.145160221151854785e-08
1.347083582459163154e-07
4.165968547908960318e-08
1.118659742616046060e-08
1.504778879279911052e-08
3.910983537025458645e-08
8.698204823076594039e-08
1.090261434910644311e-06
2.145607709280739073e-07
9.603998707419236780e-10
5.433838268231738766e-09
4.846202106278951760e-09
6.242674155387817336e-10
3.181727104006881746e-10
4.388703012114802959e-10
9.688652102823880341e-10
5.998739727175461667e-09
3.793473979385453276e-09
4.139266707170463633e-09
1.283758788162003839e-08
5.028952543284503918e-08
1.300946128601765395e-09
1.097753443701776632e-08
1.919098657765516691e-08
3.662421832473228278e-08
8.505836035510583315e-09
4.002643549938511569e-09
1.291687201643298977e-08
5.868685803989137639e-08
2.761820105945389514e-09
9.596568872893840307e-09
4.317139090659338763e-09
1.887562994795644045e-08
3.905548950910997519e-08
2.103492846572407871e-08
1.298883334222011854e-09
6.182517608976922929e-09
3.305735130076925543e-10
8.265505613280765829e-09
4.153056232247820390e-10
1.085098233488679398e-09
1.450394360169582342e-09
9.333921413556822699e-10
6.091222104487314937e-08
1.670479865545360099e-09
1.279419237221190997e-09
2.301209445221275018e-09
7.311879102189777768e-08
6.586053036272687677e-09
2.571609813983855020e-09
2.267664811483882659e-08
6.410287856084551095e-09
9.443027471078835333e-10
1.858149301092737460e-09
2.827546419226223406e-09
2.338906401888607434e-09
3.897845157752044543e-09
8.007722840375208762e-08
1.275285388402380704e-08
9.330023420517363775e-10
2.701951773431687798e-09
2.240086560689746875e-09
2.261159259830947121e-09
7.499773024832734336e-10
2.130920151444115618e-08
8.801622541909637221e-09
4.352579878741380526e-07
6.479877967535685457e-09
1.331599150944384746e-07
1.741138930810848251e-07
1.464165535480788094e-07
3.462129916087519632e-09
3.947872428966547886e-08
1.147372241661059888e-08
8.082771785211662063e-09
1.146973982457666352e-08
1.051962517095716976e-08
9.899025599224842153e-09
1.243969336428563111e-07
4.504647321823540551e-09
5.745607989382506275e-09
1.546317962564103254e-09
7.302467963654635241e-09
4.341897863469057484e-08
5.817916370887132871e-09
7.800267667334992439e-07
5.493991039884349448e-09
3.797569481100993016e-10
6.202301339186533369e-09
1.223903911551360579e-08
1.860196263692159846e-08
1.885094924602981337e-08
2.170077673113723904e-09
1.415275341365429540e-09
7.407083835175853892e-10
6.445532441112789002e-10
2.026479478445253335e-06
8.108933968742348952e-08
1.663719717548417520e-09
8.906949067188918434e-10
6.275858766002784250e-08
5.486346932315200320e-09
5.730821595051338591e-09
7.249759459426741159e-09
1.670434346401350467e-10
1.323057929880633310e-08
1.658708015384036116e-08
1.340081046130592313e-09
1.611889732799909325e-09
4.976887790775208487e-09
7.189723305600637104e-08
5.976182819722453132e-06
1.328573162595603208e-08
2.787658637259937677e-08
7.621529185541930929e-09
2.722594416582069243e-08
2.962063838651829428e-08
1.311064479203594146e-09
1.655263126565387211e-08
1.157907281168490954e-08
2.067439552888572507e-08
1.111341862980452788e-08
1.485211669205455109e-07
1.249758341259621375e-08
2.190567061077786093e-09
1.201757697799621383e-07
2.365773887902378192e-08
8.081634916834445903e-08
6.292339094216004014e-08
4.141874754282071081e-08
7.955304859308398591e-09
4.026994737671429903e-09
2.927523778950558153e-10
1.495478962887375474e-09
8.243907245741866063e-08
8.017240205049347423e-09
1.481141431725063740e-08
3.879872867429412508e-09
2.952884381457465679e-09
3.378029633793744324e-09
3.067161813419261307e-08
4.184514068583666813e-09
1.504433577714792136e-09
1.867577452685509343e-07
8.300217757550854003e-08
1.131187943315126176e-08
6.649302441985582846e-09
1.605079624766858615e-08
2.460663317549460771e-08
1.096176447390462272e-07
5.004113035056434455e-08
6.930940088523129816e-08
7.712152694239193806e-08
5.064616459549142746e-08
7.223385978250007611e-08
1.838633068018680206e-08
6.482131453822148615e-08
4.006776066489692312e-07
1.245038703245882061e-07
5.477869891024056415e-08
7.222418219043902354e-09
7.066804386113290093e-08
1.504129585327973473e-07
1.948926175998622057e-08
1.049354949600456166e-07
1.842087193892893993e-08
4.592157836214028066e-07
1.527306352500090725e-07
3.843041795903445745e-08
6.631270110801779083e-08
1.215863392189930892e-07
1.958398421209039952e-08
2.922554642736940878e-07
2.418602775833278429e-07
3.265817483111277397e-08
2.626214836709550582e-07
3.359658773405271859e-09
3.303606499471811730e-09
5.436284755688802761e-09
9.389945887505746214e-08
8.794393835387381841e-08
6.951964337531535421e-08
2.119597724004051997e-07
1.526328574641411251e-08
1.209420247505477164e-06
2.562240197789833474e-08
4.614535598079783085e-08
7.147774283566832310e-08
7.180565475550793053e-09
7.611055785616827052e-09
4.857056534746106990e-09
1.670328373393203947e-07
8.417269725669029867e-08
6.540726360526605276e-08
2.588278036341762345e-08
1.991430167436192278e-07
1.763443968627598224e-08
8.965620246215166844e-09
2.817314204150989099e-08
3.066402882723195944e-07
3.488460720291186590e-08
1.275803072076087119e-07
1.336406185714622552e-08
3.423657446433026053e-08
1.278638706025958527e-07
4.068796499723248417e-08
1.440462540358566912e-07
7.195495310696742308e-09
9.651827781453903299e-08
5.572438865897311189e-08
1.071794386575675162e-08
2.773563210212159902e-07
2.878842053632979514e-07
5.292701032999502786e-08
7.607600771564193565e-09
1.940697700320015429e-07
7.389706269123053062e-08
1.145952381875758874e-07
8.768800796588038793e-08
3.178535621373157483e-07
1.478054798553785076e-07
4.618804450018387797e-09
1.989655089573716396e-07
8.849715626979559602e-09
2.888957624236354604e-07
1.954368400447492604e-08
6.469335289693844970e-08
7.078190122911109938e-08
5.527597579657594906e-08
9.181070126373924722e-09
2.656061894867889350e-07
2.041997326784894540e-08
5.663159186042321380e-07
2.770294393883432349e-08
1.354892589233713807e-07
1.991360853992318880e-08
5.382048140489814614e-09
7.296331716588611016e-08
1.294461355882958742e-07
1.432311336202474195e-08
4.948399023874117120e-08
5.221098717811401002e-07
3.579206264703316265e-08
3.536048343022457630e-09
6.726055801209440688e-08
1.965763374300877331e-08
7.645294175517847179e-08
7.102529231417520350e-09
4.276358822608017363e-09
2.354186401376523463e-09
8.347143420905922540e-09
8.335692314176412765e-08
1.761437040670443821e-08
1.124932282436930109e-06
1.493463770430025761e-07
9.378970275975007098e-07
1.993333171412814409e-06
6.523592332996486221e-07
3.572680498109548353e-07
1.270063592073711334e-07
7.412730695932623348e-08
2.292908085621547798e-08
1.395136561832543975e-09
2.137897858744963742e-08
6.886833858743557357e-08
3.785359226071705052e-08
1.499401136584310734e-08
1.053138518614105124e-07
7.000020119107830396e-09
2.606455780096439412e-07
2.433764905163116055e-07
8.494556169580391725e-08
2.414873563338915119e-07
6.259110563178182929e-08
1.052312299520963279e-07
2.833490952980355360e-07
8.322812732330930885e-07
1.940425704560766462e-07
1.618504938960541040e-06
4.479126403111877153e-08
1.096988512472307775e-06
1.704301269001007313e-07
2.054569492315749812e-08
2.323499757039826363e-07
9.828395874933448795e-10
8.503642234813924006e-10
1.145631500776289613e-08
2.233777252058644081e-08
3.992509878258942990e-09
2.402537724321973656e-09
1.407933103436675992e-09
3.851135232935121167e-08
1.696957574459645457e-09
3.002923243400346109e-09
1.554504258649558324e-08
9.613643214834155515e-09
7.678844227143599710e-09
3.934047310139021647e-09
1.608370214789545116e-09
3.517120150675623336e-09
5.399453106846863193e-10
4.666272923614656065e-10
2.474433102861439693e-09
4.000086928357404759e-09
5.196856278644190752e-09
1.997134901898789394e-08
1.296181384446981610e-08
4.245046980599909148e-09
1.612553868213240094e-09
1.644010705348364354e-09
2.173300206465000883e-09
1.154059781072191981e-08
6.798059448698268170e-09
6.415531994541368022e-10
3.826947647667111596e-09
5.431562044577731285e-08
3.283053384706136058e-09
2.085303707488606051e-09
8.723255895404236071e-09
1.266205629235628294e-07
3.521778921822260600e-07
1.645868863420218986e-08
3.265628656379249151e-09
4.891828275788157043e-09
1.901313794405723456e-06
2.881333216464554425e-07
1.885922813471552217e-07
1.551199630966948462e-07
4.723560920183444978e-08
1.453725531064264942e-06
5.527305120267556049e-07
6.976578248441001051e-08
1.476428934665818815e-07
5.090511763228278141e-07
7.491249220947793219e-07
2.107019412278532400e-07
1.034427441481966525e-06
5.310764095156628173e-07
1.130114651459734887e-05
6.715125095979601610e-07
6.151839926360480604e-09
6.161636889601140865e-08
2.738693360981869773e-08
4.637728812095787134e-10
6.215636005890701199e-09
5.446133766184857450e-09
1.463062115902857840e-08
3.775532775307510747e-07
1.217310696688400640e-08
1.366027220228716033e-07
5.497484778516081860e-08
2.431465873087290674e-07
1.411614363178159692e-07
1.530322890630486654e-07
2.637676743688643910e-08
1.405227578743506456e-07
9.381537324770761188e-07
3.135787483188323677e-05
2.207197439929586835e-06
1.800068218926753616e-07
1.552300545881735161e-07
6.122572449029917152e-10
4.943660592005016952e-09
1.950587691368355081e-09
1.417312933682524090e-08
7.157733250551245874e-08
4.313379164955222222e-08
3.120803171441366430e-08
6.089441839662868006e-09
2.761443829513154924e-05
1.280243850487750024e-06
5.180111450897584291e-09
8.919584182365269953e-09
3.599765818762534764e-08
1.045997732873615860e-09
1.423353435114904642e-09
3.501143597262057483e-09
1.516142628110728197e-10
1.374556113376002031e-08
1.252483539104787269e-08
2.036985025100079838e-10
4.301043687870986787e-10
1.375162526073836489e-07
1.079586922969610896e-06
4.584508701555023436e-07
1.613448489479196724e-06
4.173874401658395072e-08
6.361731834658712614e-07
2.079220173811791028e-08
6.964981730561703444e-05
1.087901837308891118e-04
5.462094776476078550e-08
2.739031685905501945e-07
1.309494018641998991e-05
3.157971377731882967e-07
9.406845080661696556e-09
9.115197826758958399e-06
1.193388499132197467e-07
1.989667453017318621e-08
6.985739275933156023e-08
6.436432720136053831e-09
1.619993709027767181e-04
7.433171411719285970e-09
9.454637961425760295e-09
2.493581234830344329e-07
1.862553108367137611e-05
2.082586014751086623e-08
5.604979591566916497e-09
2.027846157659496384e-08
8.412752322328742594e-06
7.127265689632622525e-06
5.389982106862589717e-06
1.703228235783171840e-06
6.763801962961224490e-08
2.366213038840214722e-07
4.997567248921086502e-09
7.724787565166479908e-07
2.207562577183352914e-09
2.367813056736167709e-09
2.837072266004270205e-08
2.295639944804861443e-07
4.773320106323808432e-04
2.292760399313920061e-07
9.801719897950533777e-06
5.644988050335086882e-07
2.188278500625528977e-07
4.026757553219795227e-03
7.938763535442205921e-10
7.809270385905620060e-08
1.676098406733217416e-07
3.513633606289090494e-09
2.258775708696703077e-07
3.205183929821942002e-06
1.454519588151015341e-05
2.547337896174894922e-09
1.953134898258213070e-08
4.324828051238682747e-09
3.262090046973753488e-07
2.435213559692783747e-07
2.510009267098212149e-08
2.209787055562628666e-07
9.601897055233621359e-09
1.538769197395595256e-06
4.794421748499644309e-09
2.577550958449137397e-06
3.362231026926565391e-08
3.703173661051550880e-06
3.671433887575403787e-06
6.445154632217509061e-09
2.945437245216453448e-07
4.805052711276402988e-08
6.720731082765496467e-09
5.204836952543701045e-07
1.319515286013484001e-05
9.787721637621871196e-07
1.458574843127280474e-06
3.347863071212486830e-07
2.086700368053584498e-09
2.630952344873094262e-09
2.691551426181604256e-09
6.094688842495088466e-07
1.126479176605243993e-08
1.998008229975312133e-07
3.913975632485744427e-08
2.105812200170475990e-07
3.056713637761276914e-08
1.712144559462558391e-08
6.903721950948238373e-04
2.348111038941169681e-08
2.154289802103193097e-10
2.906463976160011953e-07
2.735279025500858552e-08
8.669832141094957478e-08
3.234632004023296759e-06
8.405942963918278110e-08
1.040098709381709341e-06
1.839486287735780934e-07
1.030829537285171682e-07
7.425406511174514890e-05
2.818394584380712331e-08
2.211090688319927722e-08
6.845650204923003912e-05
5.626719143947411794e-07
1.823395834321672737e-08
8.136956921589444391e-07
1.821619662223383784e-06
3.648532853617325600e-08
5.278624204407833531e-09
2.673583487933228753e-08
4.264064159542613197e-07
3.230475158488843590e-07
5.202293351658227039e-08
2.249785024943662393e-09
1.464539067796977179e-08
6.092701596571714617e-07
1.444041544118590537e-07
1.926203054836150841e-07
3.624577118443994550e-07
2.558011402697957237e-08
1.694614297775842715e-07
1.860898812822142645e-08
8.096477358776610345e-06
1.309745556454799953e-08
1.466114827053388581e-05
2.865234494109358820e-09
1.691702777861792129e-09
1.720500563351379242e-06
1.354550931864650920e-06
2.413864194750203751e-06
2.963221049867570400e-05
1.584514208730070095e-08
1.253300130343859564e-09
5.551211401666478196e-08
7.279081160049827304e-08
8.157048796419985592e-07
5.200993768994521815e-08
1.781203593509417260e-07
2.914851293667197751e-08
6.766155968840337209e-10
6.715601963414030706e-10
2.621812882352969609e-07
2.435918489140931342e-08
1.814937684684991837e-03
8.022762010284623102e-09
1.721212811389705166e-06
1.813844733078440186e-06
2.348882901515025878e-07
9.439412806955260749e-09
2.975073742916833908e-09
6.219051496003658031e-09
3.711605600642542413e-08
3.433198259017444798e-08
9.972731618290708866e-08
1.232623514368924589e-08
4.492300309522079260e-09
1.913010372334156273e-08
1.773908309132821159e-08
3.418085015027827467e-08
1.173263854070683010e-06
1.758647449889849668e-08
7.346071839720025309e-08
3.981909321737475693e-05
4.304587832848483231e-07
8.938219764331734041e-08
1.883075206876583252e-08
1.120620368055824656e-06
2.869866148103028536e-04
9.969207681592706649e-09
1.614046425402193563e-07
1.467146375944139436e-06
1.578730461915256456e-07
6.916765826758819458e-09
1.327202454604048398e-07
1.540281324707848398e-08
2.098462630328867817e-07
9.176317234960151836e-07
1.005414063115495082e-07
1.362177037833589566e-08
1.577296984578424599e-06
1.460871175140709965e-07
2.623488626340986229e-07
2.690763949431129731e-07
7.693687962273543235e-07
1.255770243346887582e-08
2.310526951987412758e-07
1.349353695445643098e-08
4.295407762811009889e-08
3.625814883889688645e-07
2.510472274508401824e-09
1.416699380030195243e-08
3.403895831866066146e-08
2.045377982540230732e-07
4.397075770157243824e-07
2.262955334231264715e-08
7.180774019843738643e-08
1.623913092885231890e-08
4.840389200566619365e-10
2.871441608931490919e-07
2.594152419987949543e-06
4.166530800375767285e-07
8.002211160373917664e-08
7.535825297111387044e-09
1.270965466204643235e-08
7.080569730533170514e-07
8.978344112620106898e-07
2.391607267782092094e-08
1.472861832496619172e-08
1.198314203065820038e-05
1.805658939701970667e-06
4.536861109016854243e-09
6.129270424537480721e-09
1.969219631803298398e-08
1.142443011303839739e-07
2.217384604819017113e-07
1.852844206950976513e-07
3.047723851068440126e-07
1.416014697497303132e-06
5.345191667061044427e-08
4.186126432159653632e-07
1.966981466594575068e-09
2.150631871700170450e-06
2.680451061110034061e-08
1.916449718919466250e-07
5.301761802911642008e-07
2.081358907446428930e-08
1.228384434170948225e-07
2.275437616106046335e-08
1.212019107299511234e-08
1.346789576928131282e-05
1.854739508644343005e-07
1.231887836183886975e-08
1.087635581598078716e-07
9.122341566580871586e-07
9.612998175256848299e-10
1.085633735686819534e-10
1.596475662779539562e-08
1.787856263035791926e-07
3.440113260921862093e-08
1.192399940919131041e-05
1.815462802312595159e-08
6.033442190300775110e-08
2.228118091807118617e-06
2.991109226968546864e-08
4.069712389309643186e-08
1.964632474482641555e-07
7.923357259187469026e-08
2.561088479069439927e-07
8.417349306455434998e-08
1.073018665920244530e-06
2.596264607745979447e-07
5.471964868775103241e-06
2.421520939321908372e-08
6.132513163947805879e-08
1.449571136618033051e-04
1.075915445625241773e-08
1.912484171029404934e-09
4.140310849720663100e-08
3.091887037953711115e-06
7.206555352468058118e-08
2.188066616781725315e-08
1.300905267953567090e-07
9.818910484682419337e-07
9.438489989577192318e-10
7.938418811193059810e-09
2.126295015614232398e-07
4.353175242499673914e-08
1.407103544792676075e-09
3.686921671032905579e-02
1.124124224816114292e-07
2.487338157663998572e-08
1.614356506252079271e-06
1.037332353348574543e-07
4.038695245981216431e-03
7.069122887060075300e-08
1.787378067774625379e-08
4.894101266472716816e-07
1.055924681025999234e-08
1.990873688129113361e-09
3.345954402433903851e-09
1.759761403263837565e-08
2.504109772871743189e-07
7.792884275659162086e-07
3.649736868283071090e-08
9.049252902570970036e-09
2.069175408792034432e-08
2.126027425219945144e-07
2.560396387707442045e-04
5.557163262892572675e-07
4.706931733267083473e-08
1.379216740815536468e-09
1.598517229695062269e-08
9.900187478706357069e-07
4.423229427175101591e-08
8.726454581164944102e-08
5.149706225893169176e-07
3.047928487376339035e-08
1.294818048336310312e-07
1.079021785699296743e-06
3.118680638181103859e-07
2.133995025133117451e-08
1.054144433965120697e-07
1.808923322244027077e-08
1.072347816079854965e-02
6.315213795460294932e-06
1.627764589784419513e-08
3.475693688415049110e-07
5.907191180654081109e-09
4.525496422047581291e-07
3.253979002693085931e-06
5.454359808254594100e-08
8.286238539767509792e-07
3.916524349278915906e-07
2.439066395163536072e-02
3.536270831716592511e-09
7.767982701523123978e-09
4.975855460997991031e-08
1.114679104574634039e-08
3.916580393337198984e-09
2.273945121089582244e-08
1.541384335723705590e-07
1.597632581251673400e-05
1.611167590453987941e-07
1.301397476345300674e-02
3.358154998522877577e-08
8.262829709337893291e-08
2.621516514977884071e-08
7.355504205719398669e-09
8.967091069678190252e-09
1.727500347215027432e-07
2.114193193847313523e-07
4.487095850436162436e-08
9.508818038739264011e-06
1.292443926104169805e-06
1.532987283781039878e-07
1.996183698338427348e-07
3.385298725788743468e-07
4.212341142562081586e-09
8.911367331165820360e-06
2.711940112476440845e-07
1.247238934354300000e-08
4.261826092033516034e-08
1.721572218116307340e-08
3.352372914378065616e-06
1.439683927628720994e-07
1.339246225029455672e-08
2.682944796106312424e-06
1.377834557558799133e-08
6.399587437044829130e-05
3.858936281631031306e-08
7.917909661259159293e-10
2.883292937738701767e-09
7.445363792157877469e-08
5.882234432874611230e-08
1.657277692856951035e-07
8.289379849202305195e-08
1.550779558101567090e-07
6.348435022118792403e-07
4.089960015107863001e-08
1.182338920102665725e-07
2.351184491544699995e-07
5.538179834729817230e-07
8.758252789675680106e-08
1.777990021878395055e-08
3.209493826261677896e-08
1.921197245735584147e-08
3.914003787741648921e-09
1.350069396721664816e-06
1.064984100906940512e-08
2.104595466789760394e-07
5.984466611153038684e-07
6.196400725855255587e-09
5.515662593325032503e-09
5.058698704374364752e-08
3.418696223889128305e-07
5.588849383286742523e-09
4.250882668088706851e-08
6.585726186614238031e-09
1.465630958819019725e-07
1.312806929831822345e-08
1.955062089109560475e-06
5.441519306259579025e-07
1.563979523666603200e-08
1.324912091149599291e-07
1.364959416605415754e-07
5.765797368439962156e-07
3.766798783999547595e-08
1.019319455508593819e-07
3.273625637234545138e-08
1.473592359246822525e-08
5.378281819901076233e-09
2.448677527411291521e-08
3.746135917026549578e-06
5.815009807008664211e-09
8.740864387846158934e-08
1.104792914929930703e-07
1.952415118466888089e-07
1.840893730786774540e-07
8.027920550546241429e-09
1.237735318682098296e-07
8.309322119259832107e-09
3.773817525143385865e-08
1.116741099593809849e-08
6.117895168245013338e-07
7.058196871412292239e-08
1.835777219127976423e-08
1.387358783411229979e-09
3.031190942692774115e-08
5.566564453829414560e-08
6.619442416422316455e-08
1.024785660774796270e-07
2.255156417163561855e-08
4.334374636982829543e-07
1.921136032478898414e-07
3.099103196291252971e-09
2.434280190755089279e-07
3.941379489447172091e-08
9.550667812163737835e-08
1.244938285793750765e-08
3.975837614689226029e-07
9.772713305267188844e-09
9.957991098374918693e-10
8.434702714055219985e-09
3.755931743398832623e-07
2.722067620197776705e-06
2.017969791268114932e-07
1.937144043040461838e-05
1.765038959433695709e-08
4.614104653910544585e-08
8.598397585046768654e-07
5.324380367710546125e-07
7.006913715912332918e-09
2.356098178779575392e-07
4.298071232256006624e-08
8.596225029577908572e-07
1.718599840216938901e-08
3.654989910728545510e-08
2.857381710782647133e-03
1.146147354802451446e-08
9.138881296166800894e-08
2.258138374600093812e-05
7.607721386193588842e-08
1.893588574830573634e-08
2.350575734055837529e-08
2.971382491523399949e-05
3.146901974560023518e-07
1.718534292649565032e-08
1.290564881628597504e-07
5.938920821790816262e-07
5.189865603938415006e-08
4.069198382694594329e-07
2.213714509480269044e-07
7.586300512230081949e-07
1.245370473412776846e-08
1.222539793843679945e-07
5.269060920909396373e-08
1.254555996865747147e-07
1.177760822201889823e-07
2.178857903345488012e-05
1.273943553314893506e-06
5.199243787501472980e-06
2.736544729486922733e-06
2.364371312069124542e-06
4.576879291562363505e-06
1.421097284293182383e-08
3.799723344855010509e-07
2.325859682628106384e-08
6.036332251824205741e-06
2.177160013161483221e-06
7.911981292352265882e-09
2.053636904975064681e-08
2.446817461532191373e-06
1.433134571016125847e-07
1.371851112708100118e-07
7.020615555575204780e-08
1.175811519260605564e-07
2.826006095801858464e-08
1.304020429415686522e-07
8.806645274162292480e-01
1.702480147969254176e-07
2.209981708745090145e-08
8.106134430363454157e-08
1.085550564994264278e-07
1.741513422359730612e-08
1.068886376742739230e-06
9.280050221605051775e-07
1.974167815887994948e-07
4.679260534601326071e-09
5.383013785831280984e-07
1.455025374889373779e-02
1.225445060981655843e-07
1.231765196507694782e-07
1.439211700926534832e-07
2.125127502949908376e-05
9.100978104470414110e-08
6.506061822619813029e-08
3.884011778865215092e-09
2.803651568683562800e-07
4.689249433198483530e-09
1.540883864947772963e-08
1.649360115152376238e-08
2.492353168292993360e-08
5.129594971009510118e-09
1.953109887153914315e-07
6.793276838834572118e-07
3.723935689777135849e-03
1.391959045804469497e-07
3.555936132215720136e-07
1.701982732527085318e-08
1.864805653895018622e-06
2.736710484896320850e-07
1.101289281990602831e-08
4.846075185582776612e-08
9.340884732367271681e-10
4.819957322155232760e-09
1.905605842011937057e-07
2.677149097962683300e-07
5.083406904304865748e-06
8.663927246743696742e-07
1.945612337905799905e-09
1.100893541661207564e-06
4.099314594441239024e-07
4.762388172707687772e-08
7.668540469296658557e-09
4.840399014938157052e-06
4.672919544645992573e-07
3.667655619210563600e-07
7.794648815284688226e-10
4.052514324115463751e-09
2.025186018883573524e-09
3.797296255214632765e-09
3.670063142280355351e-09
1.595710785728954306e-09
9.301061587585479629e-10
9.624137931041332195e-09
3.463102515866012254e-08
1.165215590681611957e-09
1.350033240754555663e-08
5.852817119844644367e-10
4.923401242251657095e-09
2.367560369975763024e-09
9.399317235647686175e-08
1.466235577396446388e-08
6.636812344140707864e-08
9.048529037158914434e-09
2.797239107010796033e-09
2.660777376206624467e-09
2.125744202885471168e-08
2.931947129525269702e-08
4.782040008421972743e-08
8.094708237038616971e-10
1.919495105084934039e-07
3.291376629022124689e-07
5.417973181209845279e-09
5.687384341257484266e-09
2.429028711503633531e-08
8.006726837095357041e-09
6.064460600363474896e-10
2.365597850939593627e-08
4.262070163463249628e-08
1.588692510878786379e-09
5.952375037310275729e-09
2.011593380757403793e-08
3.094797648373059928e-05
1.113387160245338237e-08
1.720252740256000834e-08
8.084729330448681139e-09
1.095343993284814132e-08
3.927492220334727335e-10
1.076806377398042969e-08
1.959776341209362727e-09
1.139301389230240602e-06
2.197781956425615135e-09
2.429416952054452850e-07
3.522304581338175922e-08
5.919886234551086091e-07
2.647096607688581571e-06
1.135518032242543995e-04
5.225165722322344664e-08
5.372218083721236326e-07
5.043350029154680669e-05
1.235871195603976957e-06
4.573377907490794314e-07
1.458130554965464398e-05
1.571777147546526976e-06
5.582644462265307084e-07
3.677127580203887192e-08
2.079871705973346252e-07
5.572095673755939060e-09
3.376243967068148777e-06
8.318455257949608495e-09
1.955568151856823533e-09
3.451185648373211734e-07
1.907451263605253189e-07
2.411504107513451345e-09
1.317201281381130684e-08
5.908941602683626115e-08
7.734116280744274263e-08
5.021620097522827564e-08
1.071469952762527100e-07
3.537471684467163868e-07
8.201182026823516935e-07
2.977849744567606649e-09
2.709656200750032440e-06
4.436111922245800088e-09
