1.413769545877130440e-08
8.375161542062414810e-08
1.082655955997324781e-07
1.265473592582111451e-08
2.756153207883471623e-07
1.596071825815670309e-07
3.295858164165110793e-08
7.993693174057625583e-08
3.088635480708035175e-07
1.075270539274697512e-08
6.382028239215742360e-09
9.361568231724959332e-08
6.983089662071506609e-08
9.227040465020763804e-09
2.007055286412651185e-07
1.018962603183126703e-08
8.473153734200877807e-09
1.270063734182258486e-07
5.006123870998635539e-08
3.221137490072578657e-08
1.028652008017161279e-08
5.050198925715676523e-09
4.660199692807509564e-08
9.023114699857615051e-08
2.294516221468256845e-08
4.966531363947979116e-08
4.083550209088571137e-08
5.711938477759304078e-09
2.335917681506316512e-09
4.172820666781262844e-08
5.101561129094989155e-08
7.057320203784911428e-07
1.122046114687691443e-06
1.017269681824473082e-07
3.275814037806412671e-07
1.258553794514227775e-07
8.447815162071492523e-06
4.708820995347196003e-07
7.568507243149724673e-08
5.568301375546980125e-08
7.759484788039117120e-07
3.162940842571515532e-08
4.293379429753940713e-09
1.244435878788863192e-07
7.675745905544317793e-08
1.339111719289576286e-07
3.573337536977305717e-08
3.344154464457460563e-08
8.125184081109182443e-08
1.645793190618860535e-07
1.285482742474641782e-08
3.825853696071135346e-07
1.231110076105323969e-07
5.102200884010699156e-09
2.458652375025849324e-07
5.266904246070680529e-09
7.392830525532190222e-08
2.713612978766377637e-08
1.341231303797485452e-08
2.250622515020950232e-07
1.774847220303854556e-07
1.665283804186401539e-07
4.327291946992772864e-07
6.463000090661807917e-07
3.502417200706986478e-07
1.589989473416153487e-08
9.229518838083095034e-08
7.067904306268246728e-08
7.975124560744006885e-09
9.281056634335982380e-08
2.143817390276581136e-08
1.295852456451029866e-07
4.558499426821072120e-07
1.465610353079682682e-07
2.205158011747698765e-07
3.712988583259857478e-09
1.366749273756795446e-07
3.472949572369543603e-08
8.638521364900952904e-08
3.387700786561254063e-08
2.382708608195116540e-08
4.258164931769670147e-09
2.750013194940947869e-08
1.315467823559401950e-08
4.346402349142408639e-08
7.830268486941349693e-07
5.619075693630293244e-08
1.978894914600459742e-08
8.125214634446820128e-08
1.936448867922990758e-08
5.362534416519793012e-09
1.488759160395147774e-08
4.758124561021759291e-09
3.336019105404375296e-08
1.095262334160906903e-07
1.179681019536360509e-09
1.891543988108423946e-08
4.959762733847128402e-08
4.354980376319872448e-09
1.097243469416753214e-07
5.549471282506601710e-08
3.482964530121535063e-07
2.790839346289430978e-07
1.563114153668720974e-07
9.882204921041193302e-08
1.903378787915244175e-08
1.496897681363407173e-07
6.820457532086265928e-09
9.319776950178493280e-09
1.266266167476715054e-07
2.642251750728519255e-08
5.012227077827446919e-09
1.698234541436249856e-06
2.439293211864423938e-07
7.366994481117217219e-08
7.038120486413390609e-08
3.822977845402419916e-08
3.083776505263813306e-07
5.223338206405969686e-08
6.216073700215929421e-08
3.013346017155527079e-09
8.202545700441987719e-07
1.471381665396620519e-07
1.691769568878953578e-07
2.408350319171859155e-08
1.128882543000031546e-09
4.350609401626570616e-07
5.868328400993050309e-08
5.101142974694994336e-08
2.223166362114170624e-08
1.995275411559305212e-08
3.087361832854185195e-08
1.092703616478729600e-08
4.519461194174567709e-10
1.051648323979748056e-09
2.421744360603383939e-09
2.209895733074063173e-08
3.399766512757196324e-08
2.855150782465898374e-09
1.630611978775675652e-09
7.828990788993905880e-09
9.573673409590810479e-09
3.063591380580987789e-09
1.045443553948643967e-07
8.049092770079369075e-08
1.394762534800975118e-06
6.031269350614820723e-08
2.886098293686245597e-08
6.891576163070567418e-07
3.241073898152535548e-08
9.596874588169157505e-05
4.218863125515781576e-07
2.152498268515046220e-07
3.644880450792697957e-07
5.387174724091892131e-07
7.185334993664582726e-07
1.295510742238548119e-06
7.994406132638687268e-07
1.236329296716576209e-07
4.231822288147668587e-07
1.621331620071941870e-07
1.051817434927215800e-06
1.135562570198089816e-06
1.352994217995728832e-06
2.585068159532966092e-07
4.719142907561035827e-07
4.294407176530512515e-07
1.331437005092084291e-07
7.056482331790903118e-08
9.276078571929247119e-07
6.461758061959699262e-08
9.515886034705545171e-08
9.233903597305470612e-08
1.279181844893173547e-07
2.565858778780238936e-07
1.959640343329738243e-07
4.370835426925623324e-08
5.221448304837394971e-07
7.146825282688951120e-07
7.774395385240495671e-07
1.401305382842110703e-07
4.677811773490248015e-07
8.945667673287971411e-08
1.481854638996082940e-07
3.412391151869087480e-07
1.536847662464424502e-07
1.252212200597568881e-07
1.193100274576863740e-06
4.225369991672778269e-07
6.402731855814636219e-07
7.360866902672569267e-07
1.547477268104557879e-06
2.985525782150943996e-07
1.237912670148944017e-07
3.157523167374165496e-07
1.818398573050217237e-06
6.128676091066154186e-07
2.567325054769753478e-07
4.819634824571039644e-08
2.298761273777927272e-06
8.039334886689175619e-08
2.770857918221736327e-06
9.174197401762285153e-08
7.459779681084910408e-06
1.483804652480102959e-07
1.001839464720433170e-07
6.629943527514114976e-08
6.445003464250476100e-07
4.841717782255727798e-07
3.327064348468411481e-07
8.312823496225973940e-08
5.258136752672726288e-07
1.036954699884518050e-07
5.130728553126573388e-08
1.469639983042725362e-07
3.190328357050020713e-07
6.133757324278121814e-07
4.804584250450716354e-07
2.567993533375556581e-07
5.226664825386251323e-07
1.342604718956863508e-06
8.487602798368243384e-08
7.073670076351845637e-06
6.111974471423309296e-06
1.206166052725166082e-05
1.871460199254215695e-06
1.219832199694792507e-07
2.530334484163176967e-07
6.176314286676642951e-07
1.574267798787332140e-06
2.388058248925517546e-07
1.296910113524063490e-06
1.081770051314379089e-06
7.442664582413272001e-07
2.020868521412921837e-07
8.892025675777404103e-07
1.486253324856079416e-07
7.794903211788550834e-08
1.028899418997752946e-06
1.199764938064618036e-06
1.458342921978328377e-06
3.266623593844997231e-07
8.111460942927806173e-07
5.745165481130243279e-07
1.035888772094040178e-06
1.024852849695889745e-06
4.161571780514350394e-07
1.617155362509947736e-06
8.917145351006183773e-07
8.760840728427865542e-07
5.065116056357510388e-06
1.355826242388502578e-07
1.341942237331750221e-07
6.737982971571909729e-07
2.437480816297465935e-06
8.252263228314404842e-08
3.863098299916600809e-06
1.839971901063108817e-06
5.798141501145437360e-06
9.545448165226844139e-07
2.124654656654456630e-06
2.727678747760364786e-06
8.637322821414272767e-07
3.533979224812355824e-07
3.273446793627954321e-07
5.254377128949272446e-07
2.772623375335570017e-08
1.235173243685494526e-07
3.351563577780325431e-07
2.273492505366903060e-08
6.468547297799887019e-08
9.469290773722605081e-08
8.062764322858129162e-07
3.754711599412985379e-07
4.982535983799607493e-07
4.120997587619967817e-08
1.453601061740528166e-08
1.133700848754415347e-07
2.480585159503334580e-08
1.261858301404572558e-06
1.250855206080814241e-07
1.136132368628750555e-06
1.073294788511702791e-05
1.429575604561250657e-06
1.429441908840090036e-06
6.470916559919714928e-06
1.769714117472176440e-07
7.603026688229874708e-07
2.112130914611043409e-06
8.675355616105662193e-07
3.473381582352885744e-07
1.146952513408905361e-06
4.738605184684274718e-06
3.507566148641672044e-08
6.100566679378971457e-06
6.874440259707625955e-06
2.049492650257889181e-05
5.213900294620543718e-05
6.909057503889926011e-08
7.440400509040046018e-07
3.911898360797749774e-08
3.952833171894098996e-09
4.576299872383060574e-08
1.109278926492152095e-07
3.193803266299255483e-08
9.176318371828529052e-09
3.714343677074793959e-08
7.207106578199784508e-10
5.777274214580074840e-09
2.923930786380424252e-08
1.435449892284168527e-08
7.612744923335412750e-08
8.660730799192606355e-09
1.582540676281496417e-08
1.499225732004560996e-06
3.627014066864830966e-08
2.618386218955492950e-08
1.511808633836153604e-08
5.752127663072315045e-09
4.025602073909340106e-09
1.992202847134194599e-08
1.874190331818681443e-07
7.605495255802452448e-08
8.569060128138517030e-09
5.963720894897051039e-08
4.506757633748748049e-09
2.387795028369055217e-08
1.058973619905145824e-08
2.655483655189527781e-08
4.369157924344335697e-09
1.278625063605431933e-06
1.421681048441314488e-07
6.984212177485460415e-07
1.258820390148684965e-07
6.818982001277618110e-07
1.190462839417705254e-07
1.326363189946277998e-06
1.009165202958683949e-06
2.972108177345944569e-07
2.400488696707725467e-09
8.982533472590148449e-07
1.869712036750570405e-06
4.215191040657373378e-07
2.379293562171369558e-08
1.441097623455789289e-07
9.227119903698621783e-07
9.010980761559039820e-08
2.092934892061748542e-07
2.326887482695383369e-08
7.352472408683752292e-08
3.197824867129384074e-07
2.084284300707395232e-09
7.803647505966182507e-09
9.398907252489152597e-08
1.321220395311684115e-07
2.125822931020593387e-07
2.331803898414364085e-06
7.908739121376129333e-07
1.922987939906306565e-05
3.109798001332819695e-07
2.637243312619830249e-07
4.712579084298340604e-06
9.723852372189867310e-07
9.103276283894956578e-07
1.803688576273998478e-08
1.753073206600674894e-06
2.502006282156798989e-06
3.597721388359786943e-06
1.164423451882612426e-06
1.283738356505637057e-06
7.762766784935593023e-08
3.697346073749940842e-07
1.675441353654605336e-06
2.534220220695715398e-05
6.138401204225374386e-06
1.524457360346787027e-07
1.738813892870894051e-08
4.638252093513983709e-08
5.147156301177346904e-08
1.201317871846185881e-07
2.977612325594236609e-07
8.828037607599981129e-07
7.447041383557007066e-08
3.337978000672592316e-07
6.608260605389659759e-08
1.620013244973961264e-05
3.015608740497555118e-07
3.789349705130007351e-07
1.835766306612640619e-05
2.392210262769367546e-06
6.910006078442165744e-08
3.444095852955797454e-08
2.593963586150493938e-07
1.290592299696413647e-09
1.718120898885899805e-07
3.998468756094553100e-08
3.148879201830823149e-08
2.141094634922069417e-09
1.667724973231088370e-05
8.978603727882727981e-05
7.862110578571446240e-06
1.428430841770023108e-04
1.608195248081756290e-06
3.192657095496542752e-05
2.046996172566650785e-07
4.978790457244031131e-06
2.414838527329266071e-04
4.306444679968990386e-05
1.995580896618776023e-05
1.274550304515287280e-04
3.692812455824423523e-08
4.368693495848674502e-08
2.202357864007353783e-03
4.463214281713590026e-06
1.352123490505618975e-06
5.219589220359921455e-04
6.676309567410498857e-07
2.068123649223707616e-05
5.634497668438598339e-08
4.498354542192828376e-07
7.300774541363352910e-06
3.073679516091942787e-03
1.062838564394041896e-04
6.389245390892028809e-05
5.916538157180184498e-06
1.050113041856093332e-05
4.509021437115734443e-06
9.393477739649824798e-06
2.645937456691171974e-05
6.893278623465448618e-07
4.262229595042299479e-06
9.146731372311478481e-08
4.537881522992393002e-06
6.495140070228444529e-08
1.855116806837031618e-07
7.661036215722560883e-05
1.281885579373920336e-05
1.078596222214400768e-03
5.665421213052468374e-06
1.280511729419231415e-02
1.906902616610750556e-05
1.368056109640747309e-05
2.427232824265956879e-02
1.729341114753424336e-08
1.152792947323177941e-06
2.024807145062368363e-06
1.194629476231057197e-06
2.360179223614977673e-06
1.019391929730772972e-03
1.094585240934975445e-04
8.489890319651749451e-07
2.717115785344503820e-05
1.340331323262944352e-06
1.399261145706987008e-05
1.698629930615425110e-04
4.671791430155280977e-06
4.683349288825411350e-06
1.991179260585340671e-06
2.137445262633264065e-04
1.530812312466878211e-07
9.057626812136732042e-06
3.251802409067749977e-04
2.756129651970695704e-05
5.546366446651518345e-04
1.637366804061457515e-04
6.607766408706083894e-05
1.740517745929537341e-06
5.565894412029592786e-07
1.380725552735384554e-05
1.391080324538052082e-03
2.584649337222799659e-05
3.557024523615837097e-03
1.604843782843090594e-05
6.987420420045964420e-06
1.251358696663373848e-07
3.365573491009854479e-07
8.433917173533700407e-07
3.642519459390314296e-06
6.463938043452799320e-04
1.960863301064819098e-05
8.558440604247152805e-04
3.251191174058476463e-06
1.070019243343267590e-05
1.126468833535909653e-02
9.414521286998933647e-07
2.615844323372584768e-07
4.603886281984159723e-06
6.425901119655463845e-06
2.560977009125053883e-05
5.287344720272812992e-06
1.207995228469371796e-05
6.164921728668559808e-07
2.471389481797814369e-03
3.352095745867700316e-06
1.291316933929920197e-03
6.157232235182164004e-08
2.025264848271035589e-06
1.775510236620903015e-02
6.062127067707479000e-04
1.163165961770573631e-06
3.564371218089945614e-05
8.079066901700571179e-05
5.956896984571358189e-07
1.917808731377590448e-05
1.041348969010869041e-05
1.416282466379925609e-04
6.232863961486145854e-05
1.107182106352411211e-05
1.466595567762851715e-04
2.531682412154623307e-06
5.109941412229090929e-06
1.726220489217666909e-06
3.716386709129437804e-05
9.108091944654006511e-06
3.554433533281553537e-06
2.958192908408818766e-07
1.204174168378813192e-05
1.771445822669193149e-04
5.993689683236880228e-06
7.426492084050551057e-05
7.642343291536235483e-08
2.766221385286371515e-08
6.123634648247389123e-07
3.167962495354004204e-05
2.881247783079743385e-03
6.331736221909523010e-05
1.422278000973165035e-05
1.594341597410675604e-06
2.305528869328554720e-05
6.671370442745683249e-07
4.614553108694963157e-05
3.343321077409200370e-05
2.458461494825314730e-06
1.654999124411915545e-07
4.428069360074005090e-07
5.497984602698124945e-06
1.586616463100654073e-06
1.162994465175870573e-07
1.301441108807921410e-03
4.009575059171766043e-05
2.737499187333014561e-07
3.541165278875268996e-05
4.651638846553396434e-06
8.163382881321012974e-04
9.560461649016360752e-07
3.036020643776282668e-06
7.876526979089248925e-06
1.069790187102626078e-06
3.883943918481236324e-06
2.414619757473701611e-06
7.391315648419549689e-06
2.335016915822052397e-06
3.336240297358017415e-07
1.852580567174300086e-06
4.796149823960149661e-06
8.240227202804817352e-07
6.995581788942217827e-04
1.574520865688100457e-05
4.922208063362631947e-06
9.479026630287989974e-07
4.590326625475427136e-06
1.173116470454260707e-04
2.289281692355871201e-04
9.137246706814039499e-06
3.249199653510004282e-05
1.261877059732796624e-05
4.774081389768980443e-06
9.863388186204247177e-07
6.291968929872382432e-06
1.392695849062874913e-04
3.345944378452259116e-06
8.017934305826202035e-06
1.857005372585263103e-05
7.412757554448035080e-07
1.056379824149189517e-05
2.652591092555667274e-06
3.823979292064905167e-03
8.765813981881365180e-05
3.633874439401552081e-05
6.920050509506836534e-06
2.956480784632731229e-07
3.283048281446099281e-04
1.322009575233096257e-05
1.028628612402826548e-04
5.957229859632207081e-06
6.285530389504856430e-07
1.480050414102151990e-04
1.568660627526696771e-05
7.293382964235206600e-08
4.759535841003526002e-07
5.696339400174110779e-08
1.554151083382748766e-07
9.036143211460512248e-08
5.840321318828500807e-05
2.202468167524784803e-04
7.764466545268078335e-07
1.272324197998386808e-06
3.557022409950150177e-07
6.129615030658897012e-06
1.934989631990902126e-05
3.546119842212647200e-05
1.709062598820310086e-05
3.551167182536119071e-08
2.530289748392533511e-06
1.504036754340631887e-05
2.824924933975125896e-07
3.493513577268458903e-05
9.241912266588769853e-06
2.259032953588757664e-05
6.204202236403943971e-07
1.672054281698365230e-06
2.322495902262744494e-06
1.338028141617542133e-05
3.486605464786407538e-06
1.649437035666778684e-05
5.317594514053780586e-06
7.344371624640189111e-06
8.997837426250043791e-07
2.530201891204342246e-05
2.447730512358248234e-04
3.464857854851288721e-06
4.236977019900223240e-06
9.570533165970118716e-07
8.975910532171837986e-06
4.081722581759095192e-04
6.717073847539722919e-05
9.587562526576220989e-04
6.017925988999195397e-05
5.918118404224514961e-06
5.594501089944969863e-06
1.207025377425452461e-07
6.265104843805602286e-07
1.395496292388997972e-05
9.384353688801638782e-06
9.526527719572186470e-06
1.269071617571171373e-06
6.622841283387970179e-06
1.578486338257789612e-02
1.638927415115176700e-06
7.187541655184759293e-07
7.027333049336448312e-05
1.226218728334060870e-06
1.604791577847208828e-05
3.532695700414478779e-05
6.219833721843315288e-06
4.611453263692055771e-08
1.791714457795023918e-03
4.436620599790330743e-07
1.212080223922384903e-05
2.021743130171671510e-04
7.332484415201179218e-07
1.871430868050083518e-07
4.560509114526212215e-05
1.376746076857671142e-04
7.365076726273400709e-06
1.937546130648115650e-06
1.728340407680661883e-06
1.953339597093872726e-05
2.167032775446386950e-08
3.740298097909544595e-07
4.289929051992658060e-07
1.774820077571348520e-07
6.681567356281448156e-06
5.197785496711730957e-01
9.571241207595448941e-06
2.519888994356733747e-06
2.063214560621418059e-05
4.878289018961368129e-06
8.275525178760290146e-04
1.391461069033539388e-06
1.201247050630627200e-05
1.373301188323239330e-06
1.089119052721798653e-07
1.621938736207084730e-06
2.615749872347805649e-05
1.568419793329667300e-05
2.629616062677087029e-07
2.805801614158554003e-06
2.713734829740133137e-06
9.914282600220758468e-06
1.488554204343017773e-07
4.376718720777716953e-07
2.200670773163437843e-03
3.506676648612483405e-06
1.393210459355032071e-05
8.098533044176292606e-08
9.607089850760530680e-06
6.622364162467420101e-05
7.516104574278870132e-07
1.258181964658433571e-05
6.195859327817743178e-07
5.760252861364278942e-07
4.211760096950456500e-05
6.451534204643394332e-07
5.761931788583751768e-06
2.476420777384191751e-04
1.012076336337486282e-05
9.407700076735636685e-07
8.654647506773471832e-03
1.415124734194250777e-05
8.163946176864556037e-07
3.409346334137808299e-07
1.713558788196678506e-07
1.924617208715062588e-05
5.118294211570173502e-05
2.848926669685170054e-06
9.201913599099498242e-06
1.476976467529311776e-04
8.198194555006921291e-04
2.861140956156305037e-06
8.164772111740603577e-07
2.755065543169621378e-05
6.506119376581409597e-08
1.802700717234984040e-05
1.548510681459447369e-06
1.956374762812629342e-05
1.635090848139952868e-05
1.207483137477538548e-06
3.441435110289603472e-04
9.310124369221739471e-06
1.880780246210633777e-06
2.227618278993759304e-05
4.595828158926451579e-06
1.962259510435160337e-08
3.637458121374947950e-06
9.571538248565047979e-05
4.209854523651301861e-06
5.103824605612317100e-06
3.838614247797522694e-06
3.345743380123167299e-06
1.936967919391463511e-06
2.795413274725433439e-05
2.002564360736869276e-05
1.181055040433420800e-06
1.370868517369672190e-06
1.064613911694323178e-06
2.719218173297122121e-05
1.114032274927012622e-04
5.915945621381979436e-06
4.811988219444174320e-06
1.858991680592225748e-07
1.150881755165755749e-03
1.667199398980301339e-06
8.907023817300796509e-03
9.844007763604167849e-06
9.477336107011069544e-07
4.009865506304777227e-07
3.183879016432911158e-04
2.931988456111866981e-05
2.303032524650916457e-04
6.474398105638101697e-06
1.427130482625216246e-04
4.426192845130572096e-06
4.333871765993535519e-05
4.004839979643293191e-07
3.754027773084089858e-07
9.993198091251542792e-07
1.909563934532343410e-06
5.630898769481973432e-08
1.212000552186509594e-05
3.678110715554794297e-06
1.322664616054680664e-06
2.636167337186634541e-04
9.345110811409540474e-06
1.004654313874198124e-05
1.680337118159513921e-05
9.535863654264176148e-08
1.150177126874041278e-06
4.811526537196186837e-07
1.264911475118424278e-06
3.987398940807906911e-06
1.578013761900365353e-04
6.523493993881857023e-07
1.150330263044452295e-05
1.389445401400735136e-06
1.794826857803855091e-05
3.294973794254474342e-05
3.127018771920120344e-06
1.133768528234213591e-04
4.275111677998211235e-07
5.690856141882250085e-06
2.808430508594028652e-06
9.690586011856794357e-06
2.477362841091235168e-06
2.685769004528992809e-06
6.634064675381523557e-07
1.971053961824509315e-06
3.936022520065307617e-03
4.091026767127914354e-06
3.940037277061492205e-05
1.919413250561774475e-07
6.032759756635641679e-06
9.545384500597720034e-07
1.364702598039002623e-06
1.704910573607776314e-06
2.695169030175748048e-07
4.337162522460857872e-07
7.773227395091453218e-08
2.462066390762629453e-07
5.283700375002808869e-06
2.029149800364393741e-05
3.694066563753040100e-08
8.439219527645036578e-07
2.118995871569495648e-05
1.039220514940097928e-04
2.969368870253674686e-05
2.926074671449896414e-07
6.610057425859849900e-06
4.156560407864162698e-06
1.531786324449058156e-07
1.001447453745640814e-04
5.773201792180771008e-06
4.695547613664530218e-05
2.333355126893366105e-07
8.691926632309332490e-05
5.405791370094448212e-08
9.260681110845325748e-09
4.625803740054834634e-06
6.378804391715675592e-05
1.896525282063521445e-05
2.217512155766598880e-05
3.088803714490495622e-05
1.310815491706307512e-06
2.676637905096868053e-06
1.134113887246712693e-07
2.266789806526503526e-06
5.406078003034053836e-07
2.664245548658072948e-04
1.937272600116557442e-06
2.871863944164942950e-05
3.025330806849524379e-05
9.645371392252855003e-06
3.125224029645323753e-03
4.870489192398963496e-06
5.353875621949555352e-06
2.365443157032132149e-03
5.523049253497447353e-07
1.117990336751972791e-06
7.735157936394898570e-08
2.777129120659083128e-04
1.264637103304266930e-05
6.444099653890589252e-07
2.918193899859033991e-07
8.207181963371112943e-06
3.550369874574244022e-04
5.760593353443255182e-07
3.353795182192698121e-05
2.027585869655013084e-04
9.561506885802373290e-06
7.855732292227912694e-06
4.419722699822159484e-06
2.111052708642091602e-05
9.786945156520232558e-06
7.533366442658007145e-06
5.426849020295776427e-05
2.070548216579481959e-04
1.707291801267274423e-07
9.028792381286621094e-03
2.187950594816356897e-04
7.605684913869481534e-06
2.440640819258987904e-04
1.206596334668574855e-05
2.279109685332514346e-05
3.824362283921800554e-05
6.007745014358079061e-06
4.644145883503369987e-05
2.903722270275466144e-05
7.529617505497299135e-06
6.322154513327404857e-05
5.172133299424785946e-08
3.079052703469642438e-06
7.733590905445453245e-07
5.838448032591259107e-06
1.427204161882400513e-02
5.544972054849495180e-07
5.205722482060082257e-05
1.577423063281457871e-05
1.069706013367976993e-05
5.296494691719999537e-06
4.880195047007873654e-05
4.570547389448620379e-06
2.264537397422827780e-05
9.002452316053677350e-06
4.599768144544214010e-04
2.942782044410705566e-01
1.719519241305533797e-05
9.588087777956388891e-06
1.339831651421263814e-04
8.947587048169225454e-06
4.578294920065673068e-06
7.202706342468445655e-07
2.749662144196918234e-06
2.726262900978326797e-04
4.017186256533022970e-06
2.976517862407490611e-06
8.221211828640662134e-06
1.121296299970708787e-04
3.290688709967071190e-06
1.631455415918026119e-05
1.646155760681722313e-05
5.558054567700310145e-07
1.893263251986354589e-04
4.074577736901119351e-05
4.207594884064747021e-06
3.344739889143966138e-05
4.339583392720669508e-05
3.373590971023077145e-07
1.917298504849895835e-05
3.228210232464334695e-08
6.107403009991685394e-07
9.379955372423864901e-07
8.201176910915819462e-07
4.733792025035654660e-07
2.060512815660331398e-05
1.280183141716406681e-06
7.860390951464069076e-07
9.623191544960718602e-06
3.448510142334271222e-06
1.613226601193673559e-07
1.635022344999015331e-03
6.128550921857822686e-06
3.609929308368009515e-06
2.464001909174839966e-07
2.390019631093309727e-07
6.735917423839055118e-08
8.512111016045764700e-09
6.509861805170658045e-08
6.574450761576144942e-09
4.049600832445321430e-08
1.183791198400285793e-07
2.271496668981853873e-06
8.458125222432499868e-08
3.986727961091673933e-07
4.686101462425540376e-08
5.033654133512754925e-07
7.814255553739712923e-08
1.729333007460809313e-06
3.164782640396879287e-07
3.437530040173442103e-06
3.359390916557458695e-07
1.944024141664613126e-08
1.014074229033212760e-07
1.028994915941439103e-07
3.657579554783296771e-07
6.398562959475384559e-07
1.017560258276262175e-08
3.734596987214899855e-08
2.830280436683096923e-07
1.366317974316189066e-07
3.205808241091290256e-08
1.589618364050693344e-06
8.032100140553666279e-08
1.422066731038285070e-08
1.537136284923690255e-07
3.666871606355925906e-08
1.671465099661872955e-07
4.177298080776381539e-07
5.100829980619892012e-07
6.522225248772883788e-07
1.099848958574511926e-07
4.342789239331068529e-08
1.096302639780333266e-06
7.682245950491051190e-07
1.218943737057998078e-07
1.018439377276081359e-07
1.043236534314928576e-05
1.315898953180294484e-05
1.267658717551967129e-06
1.886992140498477966e-05
2.206396175097324885e-06
7.567793545604217798e-06
1.356031862087547779e-05
4.044953966513276100e-04
9.152402924428315600e-08
1.275717750104377046e-06
6.013242000335594639e-06
1.068708843376953155e-05
2.548403926994069479e-06
4.559119133773492649e-06
7.080395880620926619e-05
5.239045890448323917e-07
2.373373035879922099e-07
5.845751729793846607e-06
1.263946103335911175e-07
2.117894553066435037e-07
1.477934485905052497e-08
3.133067361105190685e-09
1.742348558764206246e-07
4.582795920526905320e-09
2.986892289058573624e-09
2.517314001693193859e-08
1.773163802454291726e-07
2.169009327701587608e-08
1.372866904603142757e-07
1.507392539679131005e-07
5.993783815938513726e-07
2.515874257369432598e-06
9.157401059667336085e-09
7.175621163924006396e-08
1.325734046986326575e-05
