7.036836109364230651e-07
1.281189724977593869e-06
4.021117274533025920e-05
7.792299584252759814e-05
1.954324688995257020e-04
3.998635293100960553e-05
4.917200421914458275e-04
9.591921298124361783e-06
3.576655217329971492e-06
2.410414026599028148e-06
2.043848184030139237e-07
1.787776682249386795e-07
3.198461172360111959e-06
8.259117976194829680e-07
1.659095261175025371e-07
6.429882546399312560e-07
3.436163524384028278e-06
5.250185495242476463e-07
5.504130058398004621e-07
5.611923938886320684e-07
9.768127995357644977e-08
6.801145445933798328e-06
2.356104232603684068e-06
7.750034274067729712e-05
5.253688868833705783e-06
2.583867910743720131e-07
3.224080273867002688e-07
4.573124101625580806e-08
2.245614467710765894e-07
1.463888906982901972e-06
1.282170046579267364e-06
2.591290808595658746e-07
4.084123247594106942e-06
1.078803106793202460e-04
7.062501481414074078e-06
4.134336677452665754e-07
1.844569965214759577e-06
2.214341293438337743e-06
5.632677584799239412e-06
8.799557690508663654e-06
2.985739229188766330e-07
1.058653651853092015e-06
4.212752457988244714e-07
1.181699044536799192e-04
1.236627213074825704e-06
6.942638719920068979e-06
1.965673135373435798e-07
5.842230166308581829e-06
6.733522695867577568e-06
4.214247383060865104e-05
5.393094852479407564e-06
4.035233287140727043e-04
8.551970495318528265e-06
2.009115405599004589e-06
1.222071568918181583e-05
2.404909355391282588e-05
1.590536413687004824e-07
6.706506496811925899e-07
1.701318069535773247e-06
1.137035997089697048e-05
1.833128335420042276e-04
2.876351209124550223e-05
3.204234817530959845e-04
7.380060851573944092e-03
7.134363841032609344e-05
2.559545100666582584e-04
1.396718744217650965e-05
2.440969183226116002e-05
9.439286259294021875e-06
1.664989326854993124e-06
3.104476604676165152e-07
1.433096895198104903e-05
3.402558093057450606e-07
1.712140260679007042e-06
1.774246527475042967e-07
9.695550318156165304e-08
9.521633728581946343e-06
8.019575830076064449e-07
1.592295666341669858e-05
6.766159458493348211e-06
2.641336322994902730e-07
1.056952285694023885e-07
8.005324616533471271e-07
6.163026228023227304e-06
9.939716392182162963e-07
4.798757800017483532e-06
2.842223921106779017e-06
1.871385620688670315e-06
7.241946877911686897e-05
3.077717110500088893e-06
1.029514919537177775e-06
9.120683444052701816e-07
1.623863283839455107e-07
2.226362312285345979e-06
2.904372990997217130e-07
9.892828529700636864e-07
6.107383342168759555e-06
8.582179589211591519e-07
6.483094807663292158e-07
5.826847200296469964e-07
8.438712484348798171e-07
7.626719889231026173e-04
4.786629870068281889e-05
4.295331564208026975e-06
6.064275657990947366e-05
5.742419489251915365e-06
8.352893055416643620e-04
2.995866525452584028e-04
3.060107019337010570e-06
1.937963133968878537e-05
1.192933154925412964e-06
1.763286604727909435e-06
1.448015798814594746e-03
8.958722901297733188e-06
1.221222282765666023e-05
4.773651198775041848e-07
6.265559932217001915e-05
1.993768279362484463e-07
2.998863601533230394e-05
2.066557271973579191e-06
3.980856945418054238e-06
5.146185685589443892e-06
2.297215178259648383e-05
4.350091694504953921e-05
8.084197361313272268e-06
9.986092663893941790e-07
1.546982457512058318e-05
2.396478215871411521e-08
4.595780410454608500e-06
1.102589635593176354e-06
5.920218882238259539e-06
5.304621026880340651e-07
7.185849426605273038e-07
1.672071050506929168e-07
1.433082985613509663e-07
1.432430735803791322e-06
2.269971162149886368e-07
6.161101282486924902e-07
4.059970422076730756e-07
8.254806260765690240e-08
1.467896169060622924e-07
3.522671576661196013e-08
3.355020794515439775e-07
2.686664402062888257e-07
1.152223717326705810e-06
5.471337863127700984e-05
1.317279497925483156e-06
1.805464876269979868e-06
2.032260272244457155e-05
6.394476804416626692e-05
1.795851043425500393e-03
1.949811994563788176e-04
3.117444794042967260e-05
1.524176241218810901e-06
3.276347342762164772e-06
1.152107870439067483e-05
1.547913598187733442e-05
2.062920684693381190e-04
3.772782747546443716e-06
1.316007692366838455e-04
1.148115916294045746e-04
7.915852620499208570e-06
6.164812930364860222e-06
7.459484913852065802e-05
1.941988102771574631e-06
5.902280918235192075e-06
1.661304963818110991e-06
8.343115950992796570e-06
2.133207635779399425e-05
3.407698823139071465e-04
1.308553182752802968e-04
2.514799998607486486e-04
5.740237611462362111e-05
3.889847721438854933e-05
5.104837782710092142e-06
1.962288024515146390e-06
3.434970949456328526e-06
8.665665518492460251e-05
2.924706786870956421e-04
8.483614692522678524e-06
2.491713712515775114e-05
4.573723708745092154e-05
3.979650045948801562e-06
1.973441158042987809e-06
7.403330528177320957e-06
8.187686034943908453e-06
4.629690374713391066e-05
6.540572940139099956e-06
6.044087513146223500e-06
2.082525270452606492e-06
6.321325599856209010e-06
6.319327803794294596e-05
1.784367555046628695e-06
1.415590577380498871e-05
6.207916612765984610e-06
2.551472280174493790e-04
5.977250566502334550e-06
1.497784705861704424e-05
2.097281139867845923e-05
2.777186182356672361e-06
4.396699750941479579e-07
7.589067649860226084e-07
2.052951640507671982e-05
2.193940053984988481e-05
4.472328782867407426e-06
6.555391337315086275e-06
2.163164754165336490e-05
3.791824383370112628e-06
3.014413414348382503e-05
6.839081470388919115e-05
2.316874888492748141e-04
1.175978468381799757e-04
1.131637873186264187e-05
1.594250497873872519e-04
6.226831374078756198e-06
8.266978511528577656e-06
1.135969432652927935e-05
6.387790199369192123e-05
2.554018647060729563e-05
3.615740570239722729e-05
1.242073776666074991e-04
7.394506974378600717e-05
4.403262937557883561e-05
2.490554288669954985e-05
9.423814844922162592e-06
7.367083162534981966e-05
3.307575070721213706e-06
1.348521163890836760e-05
1.692242403805721551e-05
2.855380262190010399e-05
8.676312063471414149e-06
1.133642672357382253e-05
2.393118393229087815e-06
4.573202659230446443e-06
1.325786070083267987e-05
1.895028253784403205e-05
4.496496694628149271e-04
3.030815059901215136e-05
1.997151775867678225e-05
3.629021421147626825e-06
1.924478738146717660e-06
5.970442543912213296e-06
2.053943462669849396e-04
7.750899385428056121e-05
2.324934757780283689e-05
9.729930025059729815e-05
2.262055495521053672e-04
5.854963546880753711e-06
1.120320939662633464e-05
6.131848294899100438e-06
2.420916871415101923e-06
1.076209991879295558e-05
8.396487828576937318e-05
1.682347146925167181e-06
1.899912422231864184e-05
8.630436241219285876e-06
7.898391777416691184e-05
1.924853277159854770e-04
3.798866237048059702e-05
3.343322759974398650e-06
1.659405643295031041e-05
4.972878286935156211e-06
1.103524991776794195e-04
1.683929014006935176e-07
2.765288400041754358e-06
1.115940904128365219e-06
6.361187843140214682e-07
9.365480764245148748e-06
1.911617931909859180e-03
1.430898100807098672e-05
1.881858793240098748e-06
6.025550192134687677e-06
4.042173713969532400e-06
1.397794840158894658e-04
3.502562776702689007e-06
2.816836968122515827e-06
1.150583830167306587e-05
4.069159331265836954e-06
2.616458516513375798e-07
8.208599865611176938e-06
3.129817514491151087e-06
3.020532403752440587e-06
7.553006071248091757e-06
2.375813437538454309e-06
2.387326676398515701e-04
2.273611062264535576e-05
6.403544830391183496e-05
1.441547465219628066e-05
4.673877356253797188e-06
5.180373136681737378e-06
4.775533852807711810e-06
3.915949037036625668e-06
6.541439688589889556e-06
4.189780611341120675e-06
6.788438440707977861e-06
2.230022437288425863e-05
2.431749635434243828e-05
4.910887582809664309e-05
1.675992280070204288e-05
7.114700565580278635e-05
5.046239692774179275e-08
3.405685689017445839e-08
2.519741428841371089e-07
1.333683741222557728e-07
1.268340241722398787e-07
8.664937922731041908e-07
1.922754336192156188e-06
8.706241771960776532e-08
5.044558406552823726e-07
1.257494517403756618e-07
2.427611036637244979e-07
4.804278432857245207e-07
7.253295279951998964e-07
1.107042862713569775e-05
5.447499916044762358e-06
6.136724550742655993e-07
9.417108230991289020e-07
2.097887090712902136e-07
6.827005449849821161e-07
1.207008324399794219e-07
4.306118484009857639e-08
6.049366447768989019e-07
1.304713237004762050e-06
8.082010936050210148e-07
2.786002255561470520e-07
9.498958775111532304e-08
1.697654283816518728e-07
7.606508734170347452e-05
9.801451597013510764e-06
2.101481550198514014e-05
1.331268890680803452e-06
2.599647450551856309e-05
1.452951983083039522e-05
9.834986940404633060e-07
6.191784632392227650e-05
1.664149635871581268e-06
4.494918357522692531e-06
3.025814658030867577e-04
9.150191431217535865e-07
2.131657856807578355e-05
5.589134525507688522e-05
4.333651158958673477e-04
5.794281241833232343e-05
1.462181098759174347e-04
2.461846219375729561e-03
5.079059628769755363e-04
5.673380801454186440e-04
1.448780312784947455e-05
1.143660028901649639e-05
9.246506124327424914e-06
1.531349844299256802e-04
1.809043897083029151e-05
1.701253859209828079e-05
1.142661403719102964e-05
1.385392853990197182e-03
2.080408303299918771e-04
3.433446545386686921e-05
3.034201654372736812e-05
1.166153288068016991e-05
1.258500014955643564e-05
1.834104114095680416e-05
4.739599717140663415e-06
3.042294520128052682e-05
4.056477919220924377e-04
1.184529464808292687e-04
1.220821775496006012e-02
7.595334318466484547e-04
9.276395663619041443e-03
8.910575706977397203e-05
7.671586354263126850e-05
5.926229641772806644e-04
1.552291680127382278e-03
1.080524176359176636e-03
3.642639843747019768e-03
7.912317232694476843e-05
6.778692477382719517e-05
3.746588845388032496e-05
2.079829027934465557e-05
5.010815802961587906e-04
4.459020274225622416e-04
4.344173939898610115e-04
5.965596647001802921e-04
1.463002845412120223e-04
4.044928937219083309e-05
1.059789610735606402e-05
2.505664713680744171e-02
4.736934206448495388e-04
3.523866496379923774e-07
3.806407448792015202e-06
2.781431248877197504e-05
1.022338401526212692e-04
9.234428262061555870e-07
3.030758762179175392e-06
5.263615889816719573e-07
8.541782335669267923e-06
3.098823799518868327e-05
4.538223947747610509e-06
1.422758305125171319e-05
3.708231815835461020e-06
9.872057125903666019e-05
6.066696369089186192e-04
5.210252129472792149e-05
1.198317363559908699e-06
5.035872732150892261e-07
3.076077916830399772e-07
1.619760951143689454e-06
2.722776262089610100e-03
4.477046604733914137e-05
2.919753023888915777e-05
2.775908797048032284e-05
2.174963924517214764e-07
2.823645672833663411e-07
1.049745696946047246e-05
2.676660005818121135e-05
1.128899270952388179e-06
1.026422905852086842e-04
4.705899482360109687e-05
5.270495312288403511e-04
4.069795167538359237e-08
2.674701681826263666e-04
4.330166120780631900e-05
2.591639713500626385e-05
6.728718290105462074e-05
5.507893092726590112e-06
2.027235132118221372e-05
3.717785602930234745e-06
2.258407221233937889e-06
6.028762982168700546e-06
1.424988731741905212e-03
1.123903189181874041e-06
4.169106541667133570e-04
1.017371232592267916e-06
2.255611179862171412e-04
8.855951018631458282e-04
9.502846296527422965e-06
3.308231476694345474e-03
5.453118774312315509e-06
4.937323410558747128e-06
3.624013515945989639e-06
7.892337744124233723e-04
1.295588117500301450e-05
1.101466259569860995e-04
1.647359022172167897e-04
1.308262471866328269e-05
3.587653554859571159e-05
3.173466622829437256e-01
1.287948293793306220e-06
9.365873665956314653e-06
1.981834714115393581e-07
9.787234375835396349e-06
1.091597096092300490e-05
1.720333006232976913e-03
1.930618600454181433e-04
9.544316526444163173e-06
1.042469521053135395e-03
1.025769688567379490e-05
3.252667665947228670e-04
4.433531779795885086e-03
2.444692108838353306e-05
1.966315554454922676e-03
3.373802201167563908e-06
3.375788219273090363e-04
6.797430160077055916e-06
1.704215101199224591e-04
4.394949428387917578e-06
4.836694643017835915e-06
2.505876182112842798e-05
3.010514751076698303e-02
4.852819984080269933e-06
9.204820380546152592e-04
2.503578551113605499e-03
2.738768671406432986e-05
2.963400038424879313e-05
7.933748747745994478e-06
6.460539225372485816e-06
3.080274609601474367e-06
3.222935483790934086e-04
2.428540938126388937e-06
1.737324782880023122e-05
2.263083615616778843e-06
3.216780532966367900e-05
6.824515821790555492e-06
6.470987727880128659e-07
7.244032894959673285e-05
7.791884127072989941e-05
1.927948915181332268e-06
9.104749551624991000e-06
2.263627713546156883e-03
1.649820333113893867e-04
3.816548996837809682e-06
1.035089604556560516e-03
3.458095670794136822e-05
8.220225026889238507e-06
1.518767021480016410e-06
8.874156264937482774e-06
4.976633363185101189e-07
1.697438165138009936e-06
1.563506521051749587e-05
7.843678031349554658e-05
9.403181611560285091e-04
7.358712900895625353e-05
2.531650243327021599e-04
4.939061454933835194e-06
4.210461156617384404e-06
3.694285624078474939e-06
2.399700406385818496e-06
2.853899241017643362e-05
1.528715301901684143e-06
6.562017915712203830e-07
2.155367546947672963e-04
2.836891781043959782e-06
5.634706030832603574e-05
3.259734148741699755e-05
9.969241218641400337e-04
5.154978134669363499e-04
5.865319981239736080e-04
1.004784735414432362e-05
8.198147952498402447e-06
9.529873750580009073e-06
7.101776645868085325e-06
4.962268462804786395e-07
6.994443992880405858e-07
2.083124309137929231e-05
2.188149141147732735e-03
6.366358866216614842e-05
4.633155185729265213e-06
8.363788765564095229e-06
4.939572590956231579e-07
1.810408093660953455e-06
2.205306809628382325e-04
3.783400870815967210e-06
1.058328143699327484e-05
9.748004958964884281e-05
2.457136076827737270e-07
2.409861394880863372e-07
5.712568551530239347e-08
1.292291472054785118e-06
1.001523855848063249e-06
1.041077030095038936e-05
1.131842873292043805e-05
1.233540824614465237e-04
1.663472969084978104e-03
4.688176559284329414e-04
6.306642899289727211e-05
3.736699454748304561e-06
3.427855335758067667e-05
4.642014118871884421e-06
3.306422229343297658e-07
1.595301341694721486e-06
7.040467835395247675e-07
3.241243007323646452e-07
2.386373853369150311e-05
1.283572171814739704e-03
4.180733981229423080e-07
1.861184500739909708e-05
3.997148451162502170e-05
5.668975791195407510e-05
2.113937807735055685e-05
2.101455465890467167e-04
9.359056275570765138e-05
4.115407250537828077e-07
9.897510153678013012e-07
1.238760887645184994e-03
1.015564293993520550e-06
4.932252704747952521e-05
5.691776436833606567e-07
9.456928637519013137e-06
1.642065217311028391e-05
1.898257178254425526e-03
3.443868263275362551e-05
1.072217582986922935e-05
9.526229405310004950e-06
5.870870609214762226e-06
5.365796369005693123e-06
1.054178483173018321e-06
7.921935321064665914e-05
1.924100797623395920e-03
7.081693969666957855e-03
2.643758663907647133e-03
4.295902908779680729e-05
1.409130709362216294e-05
4.102391812921268865e-06
8.691989816725254059e-03
8.400036604143679142e-04
6.777865201001986861e-05
3.681738453451544046e-04
1.906906436488498002e-05
1.645383781578857452e-05
1.703437555988784879e-05
4.089314643351826817e-06
6.597534252250625286e-07
6.457351992139592767e-05
5.099956368326274969e-08
3.631728759501129389e-04
2.843193360604345798e-04
9.475927527091698721e-07
8.713555871509015560e-05
3.933063908334588632e-06
9.498977306066080928e-06
9.375163472213898785e-07
1.671480567893013358e-04
2.117339754477143288e-04
7.910762360552325845e-05
6.085056229494512081e-04
3.000448487000539899e-05
4.111592716071754694e-06
3.970864054281264544e-05
1.802576207410311326e-06
9.650575811974704266e-04
5.437495565274730325e-05
7.347784048761241138e-06
3.508438385324552655e-05
1.482468377798795700e-02
1.615211004946104367e-07
4.591784545482369140e-06
4.666145741794025525e-06
1.628921563678886741e-05
3.555139119271188974e-04
5.257320299278944731e-05
8.698631972947623581e-06
1.149692070612218231e-05
2.030335735980770551e-06
7.209187629086954985e-07
6.185648999235127121e-06
7.556338096037507057e-05
2.556853814894566312e-06
3.856614785036072135e-05
1.156109943985939026e-01
8.753872862143907696e-06
4.193172208033502102e-05
3.886521881213411689e-05
1.630704355193302035e-04
1.580277967150323093e-05
3.912413831130834296e-06
2.006633731070905924e-04
2.563909765740390867e-05
6.942936579434899613e-06
2.296264511869594571e-07
9.455346502363681793e-03
2.355951815843582153e-03
6.235069918147928547e-07
4.964934196323156357e-03
1.356487395241856575e-03
8.001081645488739014e-03
6.620382191613316536e-05
4.173949710093438625e-04
2.105101157212629914e-04
5.043115720582136419e-07
5.742235771322157234e-07
2.540196001064032316e-04
3.160203632432967424e-04
1.277716279446394765e-07
8.241556497523561120e-05
3.844669117825105786e-05
6.063463166356086731e-03
4.192052874714136124e-04
2.295942795171868056e-05
5.358120688470080495e-06
1.955329253178206272e-06
4.812389988728682511e-07
1.085767326003406197e-05
2.248993268949561752e-06
1.826552846750928438e-07
5.686399890691973269e-05
1.576070644659921527e-06
2.144015161320567131e-05
1.751909439917653799e-05
2.092057256959378719e-04
8.995849202619865537e-05
1.319218863500282168e-04
2.404687847956665792e-06
6.121284968685358763e-06
1.100140798371285200e-05
7.011691849356793682e-08
5.815278427689918317e-07
1.252226684300694615e-05
3.603297955123707652e-06
2.860075983335264027e-05
1.433332683518528938e-03
1.418597457814030349e-05
1.600990071892738342e-05
1.281176810152828693e-05
8.890577737474814057e-05
3.983629285357892513e-04
4.406820880831219256e-05
2.543937398513662629e-07
3.373941979134542635e-07
3.671212834888137877e-05
1.821929572543012910e-06
3.849574422929435968e-04
2.322993474081158638e-03
9.626978862797841430e-05
1.629108624001673888e-06
3.876364644384011626e-05
7.667215868423227221e-06
3.242875391151756048e-05
4.460585387278115377e-06
3.797592944465577602e-04
3.068946534767746925e-04
5.066691897809505463e-03
3.022347982550854795e-06
8.928362512961030006e-05
3.104648567386902869e-05
1.208057001349516213e-04
3.111149453616235405e-06
2.399621735094115138e-05
4.588350930134765804e-05
3.500515731502673589e-06
4.379270467325113714e-05
2.218059080405510031e-06
3.213975574567484728e-08
2.772469451883807778e-05
8.604040147019986762e-08
1.278232616641616914e-06
2.402199788775760680e-05
1.587438418937381357e-06
1.229861227329820395e-04
5.689551016985205933e-07
1.209161127917468548e-04
1.248128228326095268e-06
4.921610525343567133e-05
6.278593355091288686e-05
1.049983984557911754e-05
2.918566792686760891e-07
3.343386808410286903e-03
1.959459405043162405e-05
2.640660341057810001e-06
3.058605943806469440e-05
8.862186223268508911e-04
1.673570722005024436e-07
8.617014827905222774e-06
9.675452602095901966e-04
2.089577719743829221e-06
2.756519097601994872e-05
3.562570418580435216e-05
1.782515482773305848e-06
7.527216803282499313e-05
5.511308700079098344e-06
2.492919975338736549e-06
9.726414573378860950e-04
3.132926167381810956e-06
6.200062489369884133e-05
3.515882326610153541e-06
7.618545787408947945e-04
3.278241138104931451e-06
2.095450781780527905e-06
8.776195272730547003e-07
1.455279707442969084e-04
9.120440154219977558e-07
5.570331722992705181e-06
1.729494783830887172e-06
6.395992386387661099e-06
2.056345329037867486e-05
1.031979809340555221e-05
4.870805696555180475e-06
6.081165793148102239e-06
4.925328767058090307e-07
1.004849473247304559e-04
4.878222057413950097e-07
6.569710876647150144e-06
2.592590135463979095e-06
4.015210379293421283e-06
2.725381869822740555e-03
1.798504126782063395e-05
1.356646407657535747e-05
6.892451347084715962e-05
3.625477620516903698e-05
1.018869397739763372e-06
1.703483030723873526e-05
7.742623893136624247e-07
2.446894995955517516e-06
7.407104476442327723e-07
3.558934849934303202e-06
1.080163565347902477e-05
2.519532863516360521e-04
8.744686841964721680e-02
3.096029467997141182e-05
6.639359980908920988e-06
6.088033478590659797e-05
3.015635229530744255e-05
2.618526923470199108e-04
4.267794338375097141e-06
3.669660145533271134e-06
1.129886641138000414e-05
4.475571586226578802e-06
4.972660008206730708e-06
4.184018507658038288e-06
1.682633592281490564e-05
2.175601897761225700e-03
3.095143983955495059e-05
8.497901831105991732e-07
2.229403798992279917e-05
2.371719529037363827e-05
7.725546602159738541e-03
9.291796595789492130e-05
1.598311246198136359e-05
1.964044895430561155e-05
4.469753548619337380e-06
1.530721192466444336e-06
1.506319313193671405e-05
5.351648360374383628e-05
4.866717383265495300e-03
6.910998990861116908e-07
2.694124390245633549e-08
1.348559663938431186e-07
3.259314325987361372e-05
2.809479519783053547e-05
3.959795139962807298e-05
1.148578710854053497e-03
1.118719978876470122e-06
1.176859768747817725e-05
5.959230293228756636e-06
6.669885351584525779e-06
4.015907052234979346e-06
4.637976599042303860e-05
1.400578781840522424e-07
6.915587391631561331e-07
8.543798344362585340e-07
6.395540822268230841e-06
2.221800095867365599e-04
2.205012378908577375e-06
1.784443520591594279e-05
3.360062837600708008e-03
1.390146790072321892e-04
3.960695721616502851e-06
4.234350114984408719e-07
8.385028422708273865e-07
6.655849119852064177e-06
2.416222969259251840e-06
4.772987085743807256e-05
9.154494910035282373e-05
1.017079339362680912e-04
5.932446802034974098e-04
1.848630199674516916e-05
7.531647104769945145e-03
7.966259545355569571e-06
1.968662021681666374e-03
5.958330351859331131e-03
2.772000245749950409e-02
3.842678415821865201e-05
1.207111927215009928e-05
5.755155143560841680e-06
1.036372780799865723e-02
1.367810327792540193e-04
2.272215056109416764e-07
8.497691305819898844e-05
2.162986220355378464e-06
4.571434692479670048e-05
7.899250249465694651e-07
6.954801392566878349e-07
1.142332735071249772e-06
1.324393360846443102e-05
1.125930680245801341e-06
5.985410825815051794e-05
1.080484478734433651e-03
1.940065703820437193e-05
3.588877234506071545e-06
1.057200366631150246e-03
2.287449751747772098e-05
3.081814156757900491e-06
4.681126680225133896e-03
2.559714630478993058e-05
2.907291520386934280e-03
3.285330312792211771e-04
2.716148401304963045e-06
1.849050895543769002e-04
1.660633279243484139e-04
9.478625543124508113e-06
1.232786307809874415e-04
2.077151111734565347e-05
1.476977377024013549e-05
1.676793885962979402e-06
4.408422284996049711e-07
2.575441030785441399e-04
3.910873147106030956e-06
3.613024309743195772e-04
1.953512243926525116e-02
2.972792026412207633e-05
2.481498768247547559e-06
1.497636898420751095e-03
3.900924057234078646e-04
1.147324019257212058e-05
1.284703557757893577e-06
4.526549219008302316e-06
2.921707055065780878e-04
1.882290598587132990e-05
1.495204378443304449e-05
4.687190812546759844e-04
9.732779062687768601e-07
1.027489488478749990e-04
3.229947760701179504e-04
1.812856993410605355e-07
2.788198253256268799e-05
1.462696275211783359e-07
7.433784048771485686e-05
1.628864765734761022e-06
1.672898906690534204e-05
5.526437962544150651e-05
2.114353264914825559e-05
3.072866238653659821e-04
2.734084034727857215e-07
2.555000355641823262e-05
1.393705140799283981e-03
4.943439736962318420e-02
1.085568692360538989e-05
7.971837476361542940e-06
4.183721728622913361e-03
1.289470401388825849e-05
9.871412487427733140e-08
5.036972652305848897e-05
1.121851528296247125e-04
5.510975097422488034e-05
3.793830401264131069e-04
2.204093470936641097e-04
3.958664365200093016e-06
5.648390506394207478e-04
1.688370502961333841e-05
2.938798395916819572e-03
7.200894469860941172e-05
8.826885459711775184e-05
7.841138540243264288e-06
3.340382827445864677e-04
8.544535376131534576e-06
6.318544910755008459e-05
2.341268583450073493e-07
1.404179897690482903e-06
9.722171853354666382e-06
3.515010803312179632e-06
3.861844743369147182e-05
5.071332678198814392e-03
6.985701929806964472e-06
6.504584462163620628e-07
1.132293691625818610e-04
4.348793254393967800e-07
3.433967503951862454e-05
6.182460765558062121e-07
1.315059853368438780e-05
3.106442818534560502e-07
4.456171609490411356e-06
2.419951897536520846e-06
7.368776664407050703e-07
1.386536155223438982e-06
6.592053523490903899e-06
1.616719964658841491e-05
1.578960564074805006e-06
8.730490890229702927e-07
1.189370777865406126e-06
1.666464413574431092e-05
3.828294211416505277e-06
1.230003636010224000e-05
1.448894909117370844e-05
2.423256773909088224e-06
5.828679149999516085e-06
4.605522917700000107e-05
4.619632381945848465e-04
2.773085609078407288e-03
1.489982532802969217e-04
2.998463241965509951e-05
1.872891698440071195e-05
9.053555345417407807e-07
6.182086963235633448e-06
7.983040291037468705e-07
8.139226110870367847e-07
5.238217681835521944e-07
6.016169891154277138e-07
4.574349986796732992e-06
7.153017213568091393e-05
1.961891257451497950e-06
3.066450881306082010e-05
1.610283288755454123e-05
1.642455317778512836e-04
5.279248580336570740e-04
7.121485541574656963e-04
1.408809475833550096e-04
3.841513535007834435e-05
3.069329613936133683e-05
4.232938863424351439e-06
7.149338256567716599e-03
6.041771266609430313e-04
4.200434486847370863e-04
5.952043284196406603e-05
3.401153207960305735e-07
2.888719178736209869e-02
8.122655708575621247e-05
2.640684215293731540e-05
5.025025870963872876e-07
1.103097133636765648e-07
1.668498298386111856e-04
8.795681424089707434e-06
2.708393594730296172e-06
2.146364749933127314e-06
1.000681777441059239e-06
1.170619228219038632e-07
2.518326800782233477e-04
1.458692895539570600e-05
4.001082288596080616e-06
2.002560722758062184e-05
3.766902523238968570e-07
9.294992196373641491e-04
9.021480764204170555e-06
