1.760774459569347528e-08
7.615338404320937116e-08
1.485368898102024104e-06
3.797273109285015380e-07
5.054595249021076597e-07
3.862585629121895181e-07
1.581932167482591467e-07
3.111087607976514846e-06
2.089311976760654943e-07
1.926638560689752921e-06
1.509541291966343124e-08
3.595386033339309506e-08
1.429677496389558655e-07
1.613895506125118118e-08
7.153867187525975169e-08
1.232443764820345677e-07
7.326505624405399431e-08
9.745919271608727286e-08
1.207394291213859105e-07
8.053732614143882529e-08
2.449064062659545016e-08
3.752319344130228274e-08
1.487904341956891585e-07
6.768848379579139873e-07
9.601476591569735319e-08
1.157936111439994420e-07
1.617051452740270179e-07
6.962417131717302254e-08
3.134936434889823431e-07
9.592699257154890802e-08
7.585475714222411625e-08
2.079393723875000433e-08
5.417684434405600769e-08
3.683062459458597004e-07
2.107404384332767222e-07
5.179470008442876860e-08
1.504707825006335042e-06
1.146883334968151757e-07
5.999335428441554541e-08
2.065864919131854549e-07
7.804694490687325015e-08
3.129628396436601179e-07
1.054998222116410034e-08
4.113271501182680367e-08
1.079958110494771972e-06
7.144502660594298504e-07
4.792565988509522867e-08
2.654537745172547147e-08
6.042096742930880282e-07
2.070096343231853098e-06
2.197973998363522696e-07
1.457003236282616854e-06
5.826434090749899042e-08
9.014120649908363703e-08
8.669696427432427299e-08
6.748206260454026051e-08
4.722513935462302470e-08
1.437333168041732279e-07
2.493513591161899967e-07
9.881426166202800232e-08
2.762249550869455561e-06
2.252963895443826914e-07
4.640277495582267875e-07
2.733054884629382286e-07
1.636268933680185000e-07
4.670133080253435764e-07
4.766878021200682269e-07
7.677178928133798763e-07
5.466949559718159435e-08
2.078126328797225142e-07
2.579607816244333662e-08
9.353226460007135756e-08
5.885172171815611364e-08
1.193262875176515081e-07
2.378010321990586817e-08
2.475122506950810930e-08
2.712346258704201318e-08
3.383375002385946573e-08
9.484548968430317473e-08
2.181145788426874788e-07
1.596343857102056063e-08
3.093044398383426596e-08
1.034032948155072518e-07
5.065339081511410768e-08
2.076721585808627424e-07
1.647348000233250787e-07
7.114144864317495376e-07
2.683520392565696966e-07
1.202236319386429386e-07
1.786374497214637813e-07
1.711070609644593787e-07
1.609573274663489428e-08
1.057020515560225249e-08
7.771242138687739498e-08
7.883717785261978861e-07
2.155733547226645896e-08
1.201192247890503495e-07
2.383364083868855232e-08
5.414833026406995486e-08
2.022306411220142763e-08
2.455543608448351733e-07
1.179779815174697433e-06
2.444473352625209372e-07
2.814546995466571389e-08
1.015985375829586701e-07
1.813045713561223238e-07
3.183017156516143586e-07
1.361812138611639966e-07
2.844455870842921286e-08
8.374269100386300124e-08
2.756878103582494077e-08
7.420366188171101385e-08
9.637047924115904607e-07
5.760314252256648615e-07
2.932058862370467978e-07
1.025426499268178304e-07
3.850540224448195659e-07
2.343895033618537127e-08
1.828491207334081992e-07
7.794593415155759430e-08
6.389618647517636418e-07
2.473205427122593392e-07
4.879283892478269991e-07
1.298132303872989723e-07
8.990176780798719847e-08
6.657805329268740024e-08
2.647683459144900553e-06
5.579295958568764036e-08
2.135566887773165945e-07
1.424402427119275671e-07
9.415228419129562099e-08
1.543803449521874427e-07
2.800587708406965248e-07
2.456493497504652623e-08
7.429851507367857266e-07
1.319715892122985679e-07
1.736672317065313109e-07
1.216270462123247853e-08
6.031495303204792435e-08
1.259956832200259669e-07
8.002626827874337323e-08
3.392137060131972248e-08
1.339184230175760604e-08
2.026178869130035309e-08
4.176797290256217821e-07
4.947207798977615312e-08
1.188617488878662698e-07
2.221250383627193514e-07
1.066356730916595552e-06
7.291319548130559269e-08
2.129469976352993399e-05
1.841389121182146482e-06
4.163462676842755172e-07
2.975745019284659065e-07
3.370731292307027616e-06
2.311337993887718767e-06
3.209955821148469113e-07
7.401023140118923038e-06
3.049251233733230038e-07
3.640737133991933661e-07
1.840936079133825842e-06
7.271310664691554848e-07
2.963041367820551386e-07
2.569525463513855357e-07
1.992146508200676180e-06
6.668968239864625502e-07
1.784028285101157962e-07
1.863196956719548325e-07
5.004047238799103070e-07
7.483284321097016800e-07
4.557107786240521818e-06
1.097624362955684774e-06
1.990270448004594073e-06
3.612711054756800877e-07
3.499693548292270862e-07
7.342541721300221980e-07
1.976396561076398939e-06
1.070166035788133740e-06
1.151189394477114547e-06
9.402222644894209225e-07
1.320004798799345735e-06
4.398327746457653120e-07
4.062984260144730797e-07
4.380482607757585356e-07
2.428779680485604331e-06
3.538870316788234049e-07
9.276267860514053609e-07
6.832171948190080002e-07
1.882320361801248509e-06
4.488757099352369551e-07
2.757070433290209621e-06
2.580775628757692175e-07
1.048575768436421640e-06
5.995031528982508462e-07
4.124124643567483872e-06
2.896611874803056708e-07
1.951187726945136092e-07
1.797510662981949281e-06
1.032145746648893692e-06
1.169083816421334632e-06
1.365747903037117794e-05
3.928446403733687475e-06
1.385788800689624622e-05
1.166378115158295259e-05
1.048810759129992221e-06
1.144528141594491899e-06
1.059722535501350649e-06
1.640410232539579738e-06
1.781555511115584522e-06
1.474457690164854284e-06
1.178919433186820243e-06
8.955071848504303489e-07
3.145563596262945794e-06
8.800083151072612964e-07
5.495775781128031667e-07
1.018107127492839936e-06
1.187709949590498582e-05
4.916575107927201316e-06
7.606973895235569216e-07
4.418912169512623223e-07
5.252479695627698675e-07
1.399554321324103512e-06
6.649591455243353266e-07
5.396719870986999013e-07
2.349411715840687975e-06
1.589182147654355504e-06
1.656783297221409157e-06
2.132336248905630782e-06
2.423714931865106337e-06
1.565830984873173293e-06
6.709879016852937639e-07
8.448405424132943153e-06
1.204727050208020955e-05
1.702935151115525514e-06
1.503645563616373693e-07
7.207057706182240508e-07
5.009834467273321934e-07
2.628684114824864082e-07
8.538569886695768218e-07
2.006393060582922772e-06
2.479619922723941272e-07
5.849196327289973851e-07
1.139356299972860143e-06
2.997164301632437855e-06
1.579747913638129830e-05
9.895350103761302307e-07
4.985545842828287277e-07
1.036990761349443346e-05
3.173328877892345190e-06
7.680972657908569090e-07
5.789304964309849311e-07
7.568773412458540406e-07
1.697713742032647133e-06
3.022827058885013685e-06
1.303871272284595761e-06
2.017435008383472450e-06
3.027058937732363120e-06
6.330696123768575490e-06
3.305429743249987951e-07
6.271335450946935453e-07
5.556111091209459119e-07
1.437539594917325303e-06
1.096678943213191815e-07
7.752940973659860902e-07
3.756915418762218906e-07
1.395723643327073660e-06
4.830811803913093172e-07
1.521392618997197133e-06
1.128505573433358222e-06
1.999083451664773747e-06
4.350768563199380878e-07
1.588878149050287902e-07
1.414693883816653397e-06
1.075801719707669690e-05
1.183843494345637737e-07
4.897722192254150286e-07
2.637138436512032058e-07
9.553980362397851422e-08
1.217584753021583310e-07
3.007088764661602909e-07
6.579583669008570723e-07
2.783010302209731890e-07
3.912934971594950184e-07
1.705027301568406983e-07
4.464081655441987095e-07
1.679206462767979247e-07
4.382055607266011066e-08
9.224848440680943895e-08
8.154459152365234331e-08
7.720788630649622064e-08
8.883700530759597314e-08
1.204368516027898295e-07
9.389351163235915010e-08
1.824184714394050388e-08
5.824356463790536509e-08
8.885162401384150144e-07
6.422259843930078205e-07
4.794401888830179814e-07
6.626067374781996477e-07
4.100208172985730926e-07
4.560042654588869482e-08
1.243888192448139307e-07
1.329571972519261180e-07
1.459549547888627785e-08
2.617948950955906184e-07
3.286430327875677904e-08
5.779824618912243750e-08
6.860086187998604146e-08
6.404189889508415945e-08
7.573390092829868081e-08
4.138365170547331218e-07
4.988844182207685662e-08
2.788958965993515449e-07
2.269221610617933038e-08
1.364333456876920536e-06
4.756612881351429678e-08
3.814798787971085403e-08
1.860767753214531695e-07
1.251082153430616017e-07
7.849851435537402722e-09
1.551674522204393725e-08
1.542231871098920237e-07
6.211381986531705479e-08
5.107053979713782610e-08
1.386100034750370469e-08
5.706193562104999728e-08
2.791946407398882002e-08
9.183496274545177585e-08
6.255204709759709658e-08
7.334727314400879550e-08
1.024281033323859447e-07
1.017933826119588048e-07
7.565997606207019999e-08
5.452716322906780988e-07
7.745380798951373436e-07
1.672988645395889762e-07
9.146236834567389451e-08
6.962712859603925608e-07
1.244264211663903552e-07
9.270585366039085784e-08
1.086230099645035807e-06
9.054097063199151307e-06
5.190043452785175759e-07
1.009923153105773963e-06
2.616745859995717183e-07
2.141050572390668094e-05
2.065653461613692343e-06
3.157113269480760209e-06
4.092051710813393584e-07
1.886544538365342305e-07
4.259205752532579936e-07
2.993139247564613470e-08
4.421565691359319317e-08
1.647393617076886585e-07
6.770081313334230799e-07
2.150003410861245357e-06
3.643835384536942001e-07
2.154444018742651679e-07
5.196853862798889168e-07
3.904674201749003259e-07
4.289233146437254618e-08
3.497906618576962501e-06
6.910960905770480167e-07
6.686531719424237963e-07
4.024132920221745735e-07
7.901564913481706753e-07
2.207429048439735197e-07
6.991264740463520866e-07
7.910962551704869838e-08
1.138933143352005573e-07
4.598551583967491752e-08
4.882616622126079164e-07
2.770845412669586949e-06
6.078467436054779682e-07
3.330738422846479807e-07
8.581923793826717883e-08
5.594747776171971054e-08
1.199089751935389359e-07
1.637039872548484709e-07
3.991946684323011141e-08
2.172801885080843931e-07
2.218008532395288057e-08
1.393116377812475548e-07
3.922658464716732851e-08
1.307603270106483251e-08
1.960952431545592844e-06
9.558450528857065365e-07
1.688724893256221549e-07
1.904019057974437601e-07
3.814757576492411317e-07
4.670939404149976326e-07
8.982733561424538493e-07
1.085682583834568504e-07
4.327656455416217796e-09
8.223288432418485172e-07
4.397023474211891880e-07
6.512626526955500594e-08
6.951275395294942427e-07
1.683813752606511116e-05
9.783200312085682526e-07
5.901749204895168077e-07
1.184002030640840530e-06
9.824169637795421295e-07
3.000210995196539443e-07
5.521602020053251181e-07
3.522689667079248466e-06
6.103834948589792475e-07
1.244292216142639518e-04
1.913510612212121487e-03
6.559639132319716737e-06
1.119672333516064100e-06
5.615951295112608932e-07
2.570652941358275712e-05
7.101043024704267737e-07
1.641746848690672778e-06
5.747721297666430473e-05
3.298176579846767709e-06
1.024521498038666323e-05
1.117829697250272147e-06
5.808932428408297710e-07
1.677782734077482019e-06
1.977396641450468451e-05
3.112684453299152665e-06
1.398586300638271496e-05
1.720498948998283595e-05
1.931798578880261630e-05
1.090477326215477660e-06
8.005315066839102656e-06
1.181002289740717970e-06
3.330474669382965658e-07
7.958837500154913869e-07
1.136140326707391068e-06
2.193059742694458691e-07
4.844652607971511316e-07
7.829206083442841191e-08
1.293973696192551870e-06
1.056980327120982111e-04
8.168781278072856367e-06
4.343409898410754977e-07
1.026749032462248579e-06
1.264574711967725307e-05
4.260337391315260902e-06
9.904069884214550257e-06
7.663876289143445319e-08
1.556013558001723140e-06
1.128261374105932191e-06
3.310227839392609894e-05
1.123533706959278788e-06
1.026173549689701758e-06
2.554113161750137806e-04
1.831980443967040628e-05
2.645778920395969180e-07
1.843197878770297393e-07
3.870019281748682261e-05
4.539984729490242898e-05
6.062960892450064421e-06
1.133826117438729852e-06
6.702866812702268362e-06
5.390372166402812582e-07
1.253933987754862756e-06
2.431665279800654389e-06
1.045802491717040539e-06
1.886053541966248304e-05
8.405859261984005570e-06
9.363280355501046870e-07
2.550814315327443182e-06
1.958187749551143497e-05
3.817572633124655113e-06
8.160096331266686320e-05
1.280024662264622748e-06
8.738264796193107031e-07
3.760935896934824996e-06
1.280062042496865615e-05
1.548853788335691206e-06
4.870817633673141245e-07
4.530013484327355400e-06
3.401264257263392210e-05
7.492135409847833216e-06
2.564184069342445582e-05
1.501361566624836996e-05
2.272183155582752079e-05
1.598911353539733682e-06
7.151139470806811005e-06
1.246160081791458651e-06
2.772911216197826434e-07
8.778666256148426328e-07
6.305347000079564168e-08
5.921052093071921263e-07
3.671018930617719889e-06
3.914739863830618560e-06
2.426170794933568686e-06
5.940078153798822314e-07
1.209825654768792447e-06
4.089609717539133271e-07
8.283399210995412432e-07
3.233616098441416398e-06
4.845128387387376279e-07
2.007698412853642367e-06
1.667198230279609561e-04
7.728704076725989580e-07
5.690618465337138332e-08
5.590147793554933742e-07
6.016377369633119088e-07
7.093685212566924747e-07
4.034702669741818681e-06
1.152908680523978546e-06
2.107787395289051346e-06
2.961554173452896066e-06
1.768350557540543377e-06
1.744381006574258208e-05
1.869997140602208674e-05
2.002206019824370742e-05
2.375088001826952677e-07
1.473191332479473203e-06
7.486735739803407341e-06
5.131175385031383485e-06
2.493940428394125775e-06
1.192934651044197381e-04
1.957092536031268537e-06
4.865562368649989367e-05
7.094271040841704234e-06
2.062399516944424249e-06
9.551260973239550367e-07
1.231662463396787643e-05
7.822865768503106665e-07
4.036780865135369822e-06
2.130503889929968864e-05
2.669831928869825788e-06
3.776602852667565458e-06
2.538929265938349999e-06
4.923937012790702283e-06
6.215186232338965056e-08
3.816411208390491083e-06
1.275997192351496778e-07
3.677813765534665436e-06
9.475052706875430886e-07
8.246959623647853732e-05
1.749461262079421431e-06
1.678360490586783271e-06
5.160905857337638736e-06
9.492884601058904082e-06
8.615109436505008489e-06
2.723622856137808412e-07
1.085128474187513348e-06
1.011296077990664344e-07
2.463623104631551541e-06
2.779188434942625463e-05
1.533483009552583098e-04
3.514833679219009355e-06
5.399834321906382684e-07
3.012434945048880763e-06
2.213119387306505814e-06
5.616575890599051490e-06
1.666974071667937096e-06
5.560588324442505836e-04
7.335579022765159607e-03
1.814806068978214171e-06
3.225295949960127473e-05
1.002260248128550302e-07
7.259282597260607872e-07
1.141617531175143085e-06
1.511448790552094579e-04
2.741425532803987153e-06
2.529355640490393853e-07
1.284438621951267123e-05
3.988920070696622133e-05
1.683762178572578705e-07
7.066009288791974541e-07
1.108146307160495780e-06
4.651959443435771391e-06
1.046530769599485211e-06
3.550980472937226295e-03
1.992008691331648151e-07
6.459690212068380788e-06
1.298659185522410553e-06
6.728142034262418747e-05
5.326407062966609374e-06
3.113304956059437245e-06
5.207885806157719344e-06
2.786810568977671210e-07
1.237748392668436281e-06
4.615020588971674442e-05
1.035943423630669713e-04
5.870449604117311537e-05
1.479465652209910331e-07
3.260734047216828912e-06
9.390225022798404098e-05
1.007316427603655029e-06
8.132391826620732900e-07
8.139157330333546270e-07
2.116265989116072888e-07
1.526500312820644467e-07
2.438777642055356409e-07
6.491565613941929769e-07
3.553288934199372306e-06
1.017737849906552583e-05
6.474315910054428969e-07
1.819236899791576434e-06
9.972080988518428057e-06
2.492024123057490215e-06
4.295942744647618383e-06
3.072111951496481197e-07
3.170239040173328249e-07
1.716089172987267375e-05
1.615313749425695278e-06
7.210574494820320979e-06
1.890987505248631351e-06
2.892989812153246021e-07
5.685589712811633945e-06
2.269728283863514662e-04
1.095144170903949998e-06
2.368393779761390761e-06
2.177428832510486245e-04
3.887074342401319882e-07
2.154254161723656580e-06
2.501540450339234667e-07
8.254229442172800191e-07
6.204529086062393617e-07
5.863883416168391705e-06
2.657260438354569487e-06
1.036322828440461308e-06
1.713324763841228560e-06
1.599112806616176385e-06
2.287323610516978079e-07
9.252730524167418480e-05
7.523539352405350655e-06
8.989658226710162126e-07
4.032362485304474831e-04
4.350339168013306335e-06
7.561450843240891118e-07
2.132443057689670241e-07
1.335374918198795058e-06
1.389690351061290130e-05
2.653235355865035672e-07
1.102608875953592360e-04
6.803387577747344039e-07
1.402776092618296389e-06
5.970543134026229382e-05
2.155924903490813449e-06
4.318203536968212575e-07
5.348194349608093034e-07
3.116698508165427484e-07
6.055437097529647872e-06
5.763644708167703357e-07
7.082828687998699024e-07
2.104016658677210216e-07
8.687735544299357571e-07
2.910953753598732874e-07
3.656034095911309123e-06
3.362237634974007960e-07
7.632967822246428113e-07
1.065706692315870896e-05
2.596537115095998161e-06
3.027773709618486464e-05
6.435445696115493774e-02
1.253905975318048149e-05
4.113948671147227287e-05
1.235197214555228129e-05
6.028930243928698474e-08
1.448363207146030618e-07
6.337733939290046692e-04
1.304327859543263912e-03
1.659532426856458187e-05
1.101246380130760372e-05
1.547692590975202620e-05
9.439949053557938896e-07
4.623703375727927778e-07
1.146929776041361038e-06
2.609731609481968917e-06
2.823362365234061144e-06
6.008668606227729470e-06
1.001421424007276073e-05
7.967715873746783473e-07
1.267846528207883239e-06
1.319381908615469001e-06
2.766168290690984577e-05
8.665617201586428564e-07
1.745724716784025077e-06
3.672377715702168643e-06
3.770614043219211453e-08
4.653801170206861570e-06
1.646334453653253149e-06
7.094645866345672403e-07
1.125600874729570933e-07
1.176840214611729607e-06
1.447058508574627922e-07
2.147128725482616574e-06
8.890006938599981368e-06
1.064651655724446755e-06
7.930443501891204505e-08
2.216551802121102810e-04
4.748778508201212389e-07
5.972670351184206083e-06
1.965528326763887890e-06
1.571649190736934543e-04
7.579113571409834549e-06
4.149831966060446575e-06
9.081228427021414973e-07
1.652076025493443012e-05
1.570468981526573771e-07
1.135989168687956408e-05
1.000863335320900660e-06
3.807504526776028797e-06
1.131563067247043364e-06
5.725299615733092651e-06
1.013048142194747925e-01
1.652751166147936601e-06
8.698762394487857819e-05
7.954383818287169561e-07
2.342133171850946383e-07
9.108707104132918175e-07
1.031149167829426005e-06
4.723271018747254857e-08
1.207440845973906107e-06
3.428895354318228783e-07
2.249485930860828375e-07
3.891415872203651816e-06
4.006514791399240494e-05
7.869401451898738742e-05
7.709836609137710184e-07
6.136818910817964934e-07
1.031611915891517128e-07
1.591620957697159611e-06
5.491288845860253787e-08
4.102557340956991538e-06
3.852979659768607235e-07
1.635032731428509578e-06
4.896090104011818767e-06
8.882760994310956448e-06
2.531414247641805559e-05
1.430585257367056329e-06
1.289818101213313639e-06
6.361601094795332756e-07
7.777074642945080996e-05
3.638089037849567831e-05
3.765427152302436298e-07
8.916685146687086672e-06
7.367882644757628441e-04
3.243982064304873347e-06
4.112816895940341055e-06
3.100439698755508289e-06
6.909056082804454491e-07
1.545617806186783127e-06
3.014709909621160477e-05
1.464789329475024715e-05
3.250015367939340649e-07
1.863569309534796048e-06
1.699654490039392840e-06
2.260263727293931879e-07
1.087573423319554422e-06
3.021446445927722380e-06
8.799973875284194946e-05
1.007991954793396872e-06
6.574421718141820747e-07
1.322114621871151030e-05
1.678904709478956647e-06
1.247733280251850374e-06
3.263640101067721844e-04
8.629124863546167035e-07
2.143848632840672508e-06
2.200341987190768123e-05
8.166238103513023816e-07
6.564827053807675838e-04
6.881581953166460153e-07
3.741528189493692480e-06
3.887907041644211859e-06
2.168100081689772196e-06
7.592942665723967366e-07
2.634976397075661225e-07
9.465877042202919256e-07
1.971691972357803024e-06
2.028433527812012471e-06
2.316840834737377008e-07
1.170042992271191906e-06
4.080345377133198781e-07
3.872985871566925198e-06
1.225524556502932683e-06
2.368200711089230026e-07
3.235008989577181637e-05
2.735429443418979645e-03
6.850544878034270369e-07
7.585375442431541160e-06
2.120727913279552013e-06
3.924819509393273620e-07
3.461664846327039413e-06
1.321397178344341228e-07
7.030732831481145695e-07
4.498549230902426643e-07
6.281262812990462407e-06
5.812343715660972521e-06
5.516057626664405689e-06
9.795342521101702005e-06
1.653811523283366114e-05
2.459519691910827532e-06
1.842136327923071804e-07
1.671050426921283361e-06
1.252075776392302942e-06
1.296293362429423723e-06
3.734307654212898342e-07
2.045368601102381945e-04
1.380098410663777031e-06
3.543247260040516267e-07
2.817194854287663475e-06
1.358008466922910884e-05
3.570763055904535577e-06
6.022227125868084840e-07
1.199413475205801660e-07
1.664121214162150864e-06
3.048834287255886011e-06
8.323336686544280383e-08
2.477363523212261498e-06
1.259644523088354617e-05
2.050070861514541321e-06
8.062236247496912256e-07
5.693078037438681349e-06
2.536145302656223066e-07
3.267710013687974424e-08
8.900696229829918593e-06
1.010664527711924165e-05
6.803812993894098327e-06
1.079330104403197765e-04
2.368523928453214467e-05
6.537041917908936739e-05
5.241630560703924857e-07
1.491850980528397486e-06
1.165909964129241416e-07
5.207900599657477869e-08
2.419957127131056041e-06
2.508696752556716092e-06
1.081611067056655884e-01
7.090936378517653793e-06
4.178385097475256771e-06
2.377850591983587947e-07
6.187505050547770225e-07
1.324691083937068470e-06
6.528636617986194324e-07
1.269949621018895414e-06
1.830706310101959389e-06
9.163868526229634881e-07
9.933634146364056505e-07
1.550750857859384269e-05
1.939693220265326090e-06
1.241735049006820191e-06
2.319694203833932988e-06
4.551542224362492561e-05
3.237551595702825580e-07
1.827170876822492573e-06
1.286149085899523925e-06
8.397774763579946011e-06
2.306875330759794451e-07
2.777836698442115448e-07
5.704393061023438349e-06
5.926082849327940494e-06
1.502475970482919365e-05
1.505333671047992539e-06
1.701164933365362231e-07
7.152278158173430711e-06
8.753728479860001244e-07
6.141772246337495744e-07
3.880394615407567471e-06
4.221210838295519352e-05
3.618006871874968056e-07
4.520665697782533243e-06
6.583296453754883260e-06
2.347362606087699533e-04
1.771063762134872377e-05
2.367830529692582786e-05
2.039134269580245018e-04
1.928515530380536802e-06
1.831425834097899497e-06
2.091644637403078377e-05
1.052010816238180269e-07
4.738481891308765626e-07
6.343377663142746314e-07
6.980779170989990234e-01
1.811171728149929550e-06
2.024649347731610760e-06
1.002690987661480904e-04
1.815940890992351342e-07
1.009219886327628046e-05
1.660218572396843228e-06
1.183501444756984711e-05
7.804241249687038362e-06
2.425274487904971465e-07
7.654176442883908749e-06
1.488167868046730291e-06
4.086251428816467524e-04
2.261192975083758938e-07
8.478039671899750829e-05
1.898070678407748346e-07
1.205388343805680051e-06
5.657278165926982183e-07
1.569948722135450225e-06
3.146319841107469983e-06
3.857330739265307784e-06
3.048008693440351635e-06
2.171867521383319399e-07
1.000420070340624079e-05
4.620910658559296280e-06
2.210859975093626417e-06
1.827637902351852972e-06
4.228632519698294345e-07
1.530644766489785980e-07
3.778357495320960879e-06
1.141103780355479103e-06
7.906124892542720772e-07
7.671364983252715319e-06
1.641408016439527273e-05
1.222101445819134824e-06
5.793828563582792412e-07
3.927618763555074111e-06
7.457736046490026638e-07
7.048419774946523830e-06
3.597955583245493472e-06
1.898771557762302109e-07
1.808900924515910447e-05
2.665114334376994520e-05
2.546737050579395145e-05
4.623518066182441544e-07
7.932513835839927197e-05
4.130739835090935230e-04
5.786597739643184468e-06
9.434180583411944099e-07
1.863017473624495324e-07
2.489519488335645292e-07
4.207812409617872618e-08
3.012078408914931060e-08
1.015979620433427044e-07
9.325807468485436402e-07
8.108102520054671913e-06
5.657423685079265852e-07
2.142939138138899580e-06
5.989691544527886435e-06
1.875616817414993420e-06
1.176121713797328994e-05
7.873547502867950243e-08
1.442449161004333291e-06
5.325840106706891675e-07
7.469730007869657129e-07
4.290556603336881381e-07
1.095302337716930197e-07
5.106763865114771761e-07
7.107868782441073563e-08
8.224433827308530454e-07
5.560377758229151368e-07
1.462149384678923525e-06
3.262645122958929278e-07
9.271589078707620502e-07
2.368681890629886766e-07
5.875185252079972997e-06
4.521954906522296369e-06
4.670307021115149837e-07
1.799504616428748704e-07
7.706382234573538881e-07
1.625285221962258220e-06
4.003226194981834851e-07
4.953886332259571645e-07
1.289793431169528048e-06
1.485422671976266429e-06
1.406217648991514579e-07
5.727213192585622892e-07
8.207877044696942903e-07
1.908829858621174935e-07
4.845248327001172584e-07
7.712793035352660809e-07
3.874766207445645705e-06
1.368834364257054403e-05
3.407215274364716606e-07
4.564536993711953983e-06
6.757903179277491290e-07
1.376371619699057192e-05
7.538277259300230071e-06
1.427889174010488205e-06
6.069628284421924036e-07
8.233419066527858377e-07
1.694296952337026596e-05
7.205971996881999075e-07
1.212439019582234323e-05
7.644393917871639132e-06
2.070848722723894753e-06
4.893009190709562972e-06
2.203997155447723344e-06
1.664093542785849422e-05
6.085088699592233752e-08
4.281468136468902230e-06
1.396212780946370913e-07
2.589383107931553241e-08
2.973094524350017309e-06
2.808694716804893687e-07
2.687877156404283596e-07
1.950795081029355060e-07
5.077187736901578319e-08
7.081033004396886099e-07
8.113114091656825622e-08
1.207174307182867778e-07
3.633404332958889427e-07
4.570310352391970810e-07
4.499838368587916193e-08
4.124923179915640503e-06
2.960476876978646033e-07
