3.824689454035024028e-10
1.291383222579156609e-09
1.001765870256576818e-08
2.641329599484265600e-09
4.537353159861368113e-09
1.865182897020645214e-09
1.637709967639011666e-09
9.077449902861189912e-08
7.188291739623764443e-09
1.208906574845514115e-08
1.085429190972320157e-09
1.050987186168583776e-09
3.558733974173833303e-09
2.739008464480718885e-10
1.683125194773538169e-09
2.460304848739269801e-09
7.730256990079453772e-10
1.178514397182084394e-09
1.277024819223981922e-09
2.017005229504320596e-09
8.962485198438230327e-10
9.436256220851646503e-10
5.817223924786674161e-10
1.406669358772205669e-08
1.136769567366968658e-09
8.549991270534462728e-10
1.481956890536650917e-09
5.838143302128173673e-10
2.001251608874099475e-09
1.774631219753075584e-09
1.036188135294935364e-09
2.310051316900540996e-10
9.067440132071169501e-10
1.583881359401573263e-09
2.184783021164093952e-09
5.784352996585084838e-10
4.486966531658254098e-08
1.801927829170324458e-09
7.656505984776629248e-10
3.471881115935104845e-10
2.150943034795460562e-10
7.294874704300013946e-10
9.341608042667814971e-11
1.981582953280991433e-10
2.730544013118674229e-09
3.355482558475841870e-09
3.987902508217899822e-10
8.175823212885902080e-11
1.169789265453857752e-09
1.320345077715501247e-08
6.461261525814165907e-10
2.467636095460079559e-09
7.722932293674489301e-10
1.066924992798590210e-09
1.151427175827279825e-09
5.371439959489521243e-10
1.849862485414632829e-10
7.761858933363896540e-10
2.085454475775350147e-09
4.564223998748673239e-10
9.916012011501607049e-09
7.161055637361357640e-10
5.092820831720246133e-09
2.744490190664805596e-09
2.060658976787976826e-09
3.449414309741882789e-09
2.850032210233166552e-09
2.999258841285268318e-09
1.554573275663884147e-10
2.106723462347304121e-09
8.286666908219331162e-10
3.055661945694509996e-09
5.885234521940674313e-10
1.151620465655867065e-09
3.569867734753984223e-10
1.625159729012892740e-10
4.433968192607551373e-10
2.902376117219773732e-10
2.563391943155579611e-09
2.923322917069981486e-09
1.369864083278216071e-10
6.133710206412956722e-10
5.940472558307874351e-10
1.045819986167373372e-09
4.403956754828186604e-09
5.666820346306167266e-09
1.944566463407682022e-08
1.646178304781642510e-09
3.615927779421213017e-09
3.757073319121673194e-09
5.274154446510692651e-09
3.190270270181372325e-10
1.612663336203468134e-10
5.673999048383393529e-10
3.303517237540631868e-09
4.744168391468406298e-10
6.247186656871406285e-10
8.801145368053653328e-10
2.624540307305522902e-10
1.089178747193386698e-09
5.450237150483872028e-09
2.789475539444197238e-09
4.418723609234120886e-09
3.255359037890315221e-10
9.157470337584072695e-10
9.890752661334545337e-10
4.027854494381699624e-09
4.248788432192895925e-09
4.058753610980403437e-10
1.473453470346441918e-09
1.367877922042737282e-09
1.980998254325072594e-09
9.800355194045096141e-09
1.804515292747055355e-08
2.686264544138339261e-08
1.112323388952063397e-08
8.990962641064470517e-09
1.018311657219328481e-09
2.306829616216532486e-09
2.001766974402130472e-09
2.173150326356676487e-09
3.476355647791251613e-09
1.734567156574939872e-09
1.201749255663742133e-09
1.608084554405309063e-09
3.549196492258488433e-09
5.239205336238228483e-08
2.450142755350270818e-09
3.520065572359953876e-09
6.391740470235163230e-09
2.708514301730247098e-09
1.532655602431987063e-08
8.127260642254441336e-09
9.721042859567319283e-10
5.447828854698855139e-08
5.865793628601068121e-09
4.692254584881538904e-09
4.993533364583413459e-10
6.909613436967276812e-10
1.467966637136441932e-09
1.035931229687037103e-09
2.513417252103522515e-10
3.461889663824990748e-10
7.213545871742610416e-10
6.401830621172166502e-09
5.286711068919203171e-10
7.228641574208438669e-10
1.696720985933097836e-09
8.158711928274442471e-09
1.632162405229564683e-09
5.183762823435245082e-07
3.170606888147631253e-08
5.608763675724048881e-09
2.612365213039424816e-09
1.483351752540329471e-08
5.899409405429878461e-09
1.648506775531188850e-09
4.226683714136925119e-08
4.567465961002881158e-09
5.965819394049276525e-09
5.876409581162533868e-09
7.912839272705696203e-09
6.123741513874847442e-09
3.392142788882779314e-09
1.079565947748051258e-08
2.181636027387412469e-08
5.065114994096120427e-09
3.959966132782710702e-09
3.210488985772030901e-09
2.220687189691261665e-09
2.606155646844854346e-08
1.262819449010521566e-08
2.444887492458747147e-08
2.201466031692689285e-08
7.065204532530344750e-10
7.736603357955118554e-09
2.364559748002648121e-08
2.596450698888475017e-08
3.776214185791104683e-08
2.601336923646613286e-09
5.263471880567749395e-09
1.334643062733675833e-08
4.815058574081376719e-09
2.817983624225917083e-09
1.190915810411752318e-08
6.236498872880247291e-09
9.170164183558426885e-09
4.555216204238377031e-09
1.092985435491300450e-08
4.479738358043050539e-09
5.778977296699849830e-08
3.184490227070568835e-09
9.689152591363381362e-09
2.308353508340132976e-08
4.736785896852779842e-08
3.718809704622572099e-09
2.067012339068696747e-09
1.615318723224845598e-08
7.267519919196274714e-09
2.224210859935737972e-08
1.426292328687850386e-07
4.297865174862636195e-08
2.025336129918287043e-07
1.234464974686488858e-07
6.923178919038264212e-09
1.325366127957749995e-08
3.233332890317797137e-08
3.062291753508361580e-08
2.126713027905680065e-08
9.508261200608103536e-08
1.601174481891121104e-08
2.071217295451788232e-07
2.416749289579911419e-08
1.560983875492638617e-08
4.862320324150459783e-09
1.489197387627427815e-08
3.235321059946727473e-07
1.098025990131645813e-07
3.680513893655756874e-09
1.928329051992250243e-09
1.452736952956001915e-08
1.504870184021456225e-08
5.442965189672577253e-09
6.708242850095302856e-09
9.584164573084308358e-09
2.183184477644317667e-08
3.636859702282890794e-08
3.656668923213146627e-08
1.592837506336763909e-08
8.209146251658694382e-09
6.860254142537769440e-09
3.988537855548202060e-08
4.251189622550555214e-08
1.276455652288177589e-08
4.480481763380339544e-09
4.824904920042172307e-09
1.228848489631673147e-08
1.092824941650860637e-08
1.430700091731296197e-08
5.916992051879788050e-08
2.548125621615326963e-08
6.795089380062790951e-09
6.970946486717366497e-09
3.560073125186136167e-08
4.566805955619201995e-08
7.902689169725363172e-09
1.028352336618354457e-08
7.930098178121625097e-08
4.803310460488319222e-08
3.864664144259677414e-09
1.977703156796906114e-08
1.438543080212184577e-07
4.643341267041023457e-09
8.734861722814457607e-08
2.183105252129280416e-08
5.379388490212022589e-09
3.075866672475058294e-08
9.261480471423055860e-09
4.840888578883095761e-09
5.507881262190039706e-09
1.989882481012728022e-09
6.330929114284344905e-09
1.032193663874636513e-09
5.913660672263176821e-09
2.779368957206429513e-09
2.482375194290398213e-08
1.495527790495998488e-08
1.932932924830765842e-08
7.394099554858257761e-09
5.350634157963440884e-09
1.566178187140110367e-09
3.236550194518628132e-10
3.178985963359082234e-09
5.460468344153923681e-08
1.293900542265191689e-09
5.051598250815914071e-09
2.227389606090923735e-09
1.178601993778727319e-09
1.239818803178138751e-09
2.650711650176162948e-09
4.142203469115202097e-09
5.168316885573176478e-09
9.496529784769336402e-09
6.353074177845030590e-10
8.134192874820200814e-09
1.969034268967106982e-09
2.400456500240011337e-10
4.960025168365689296e-10
8.825553621250037395e-10
1.094128010414863184e-09
1.229260471191651050e-09
6.216781534007509435e-10
2.497533513334815325e-09
8.171177623417236191e-11
2.750221717029432966e-10
6.277313779889936995e-09
3.614038179833301001e-09
4.175758405722262978e-09
1.841795160828496591e-08
6.011291020513453986e-09
2.222279305019725371e-10
3.272205839621733503e-09
9.887414220699497491e-10
9.096414593789958758e-11
5.224852550611558399e-09
4.966017042029591266e-10
2.010613675551553570e-09
8.977591448022792520e-10
5.033610195326332359e-10
1.712874841963696326e-09
6.920590767123258047e-09
2.262017240184377442e-09
8.668833650915530598e-09
4.215424398434919340e-10
2.729488457475781615e-08
3.843645124401717794e-10
5.212348330729810186e-10
5.698806315734827876e-09
6.376164041199672283e-10
1.217896755667524644e-10
3.201993115098389353e-10
6.717726930283163256e-10
8.154024677686777522e-10
5.429472982321215113e-10
2.196866716319689772e-10
1.754364431505450739e-09
3.826309546983708287e-10
1.869182364444554878e-09
4.089447946942215140e-10
4.648879503577063588e-09
2.090771333840280022e-09
4.420004806604538317e-09
8.168127285657078573e-10
3.586168517699661606e-08
2.023147871454966662e-08
2.452073433190093965e-09
1.358582357724458234e-09
2.224031625530642486e-09
2.544025656803228230e-09
2.979894331289756337e-09
1.753726230901975214e-08
6.095591231769503793e-08
1.236767355194956508e-09
3.797266501237572811e-09
1.651244474487612024e-09
1.090534098580064892e-07
1.138349592366694196e-08
6.371170258034908329e-09
1.442042218968708767e-08
4.229883110440368910e-09
9.081913887598602741e-09
6.024752918776243860e-10
7.163883375405077913e-10
2.461651771312745041e-09
1.586744846626686467e-09
3.145001592486096342e-09
7.766868925784820021e-09
7.463984097455522715e-09
1.152231732248765184e-08
6.306163147229426613e-09
1.617172784573739364e-10
7.273819591091523762e-08
1.475906952208561052e-08
3.137057280611088572e-09
4.780486229094549344e-09
2.291205669635587583e-09
1.481569644745661662e-09
9.676571766092934013e-10
7.345852259810214946e-10
3.572994400347084820e-10
4.885670756848981000e-10
3.310449470106391345e-09
1.315641640076137264e-08
3.780226798255625908e-09
1.832522356082222359e-09
8.015108021730554810e-10
6.656758477774360472e-10
1.027769536143807727e-09
4.872576786496551904e-10
2.249002373222452889e-10
1.917791037087113182e-09
1.225640422486407033e-10
2.253538022856105272e-09
1.894037704452955495e-10
2.062136017499938134e-10
4.934342712203942938e-09
4.537171527374539437e-09
1.587534992353312191e-09
1.345831113219730923e-09
1.008121852663634854e-08
2.357519734985658033e-09
2.158523493278607930e-08
4.005124676353943869e-09
1.514962738591307811e-10
1.041216712849291071e-08
2.890604644534278123e-09
1.003138128119474004e-09
9.602755035587051680e-09
3.014999094830272952e-08
1.139224981017150640e-08
3.087850641847467159e-09
7.279950420269187816e-09
6.647186268082805327e-08
4.707826128935721499e-09
2.183396752286625997e-08
1.343543516441059182e-07
9.101682962864288129e-09
3.110968123110069428e-07
1.226342737936647609e-05
7.606964658180004335e-08
5.944635894650218688e-09
1.431306007049215623e-08
4.182402335572987795e-07
2.885096384019902871e-09
4.011356935507137678e-08
5.804648139928758610e-07
1.215164591172879227e-08
1.133184241552953608e-06
8.245097049552896351e-09
6.032851107562464676e-09
1.673864069573482993e-08
1.652351784287020564e-07
1.806474791976597771e-08
3.900470701978520083e-08
8.628274628108556499e-08
2.661788300883927150e-08
4.675390030683956866e-08
6.814525477238930762e-07
3.184576868875410582e-08
1.054634246600016922e-08
1.850506592404599360e-08
3.081979826902170316e-08
2.081417038723998303e-09
2.428915735208647675e-09
5.418416382241275642e-09
2.424422618219068681e-08
1.150014941231347620e-05
6.845775146757659968e-08
8.839558418571868970e-09
1.548886530144955032e-08
4.748974049562093569e-07
1.727957936736856936e-07
2.211305094590443332e-08
1.946922179030252664e-09
3.637601508899024338e-08
8.103299364847771358e-09
1.083092300291355059e-07
1.869475596549818874e-08
4.828230260045529576e-08
1.414885133499410586e-07
9.686214497151013347e-09
3.297058848161782407e-09
3.603960907483383380e-09
4.616840953985956730e-08
4.767483972045738483e-07
7.774951171768407221e-08
4.875404968629482028e-09
7.276303648495741072e-08
4.951954402088176721e-09
2.225165651736915606e-08
2.034536450423729548e-08
5.900681276926889041e-09
2.211635461435434991e-07
9.698629810372949578e-07
1.223609480405229988e-08
4.162972899734995735e-08
1.217575800183112733e-07
7.658938727672648383e-08
1.187852262773958500e-06
8.546669150177876872e-09
8.490646408176871773e-09
2.098082774182330468e-08
3.592543862396269105e-07
4.994995705942528730e-08
5.334523045519290463e-09
2.631334616864933196e-08
1.104527100892482849e-07
1.295372875631528586e-08
2.169992114886554191e-07
3.091688682843596325e-08
1.078847091662282764e-07
1.097041568698386982e-08
1.377665892476898080e-08
1.675122440758514131e-08
6.777058914053668559e-09
1.355590750762303287e-08
2.147815925113150115e-09
8.527584860473780282e-09
5.656143287069426151e-08
3.084661415186928934e-08
7.112667788078397280e-09
2.438762969347862963e-08
5.654425372370042169e-09
6.536406083057499927e-09
1.515605196900082774e-09
1.424301565577934525e-08
5.780208756078764054e-09
2.220146200215822319e-08
2.034176560528067057e-07
6.130087548683604837e-09
2.640900276240643052e-10
2.795643494479804758e-09
1.147308470450525419e-08
1.273384420130696526e-08
7.343800234593800269e-08
6.074096603470025002e-08
1.748816025326505041e-08
1.130056048737060337e-07
1.367698576615339334e-08
2.851840577022812795e-07
8.356974490197899286e-08
1.452967808290850371e-07
7.070237284523273047e-09
4.857611202169209719e-09
4.469362480108429736e-08
9.747900264756026445e-08
8.045827826208551414e-08
1.279729644920735154e-06
4.050644974995520897e-08
3.973679838509269757e-07
1.207359900945448317e-07
1.973583749759200145e-07
8.122317041170390439e-09
1.043550923895963933e-06
7.070291019317664905e-09
1.845107178155558358e-08
5.799802949013610487e-08
2.737809801089952089e-08
5.818284165570730693e-08
4.033175926565490954e-08
6.147244135945584276e-08
3.746590149233952616e-09
6.204098124129586722e-09
9.787256560755963619e-10
2.284551925413325080e-08
5.341823428040015642e-09
1.502603026892757043e-06
1.213670497435259676e-08
1.102076918613192902e-08
1.158054416805498477e-07
1.284284945057834193e-08
9.535253866488346830e-07
1.165458218821413539e-08
9.234792486267906497e-09
1.480804034947880155e-09
1.654460923816714057e-08
1.299557652600924484e-06
8.644657100376207381e-06
7.361550924400717122e-09
5.123423463260223798e-09
6.741132807519534254e-08
1.202235910824356324e-08
8.850275179383970681e-08
1.612483480073478859e-08
8.486676051688846201e-06
7.278344128280878067e-06
6.854865564065448780e-09
1.251595449502929114e-07
3.102259005238749978e-10
1.102854962908850212e-08
9.389298583073468762e-08
7.680047531266609440e-08
1.535253879580977809e-08
8.759679648306928357e-10
1.336226684856001157e-09
3.847475795737409499e-07
1.943927685488233692e-09
8.282293961769937596e-09
1.013937822591515214e-08
2.147973958699367358e-07
1.004829552897490430e-08
4.301835360820405185e-06
1.315558106895764467e-09
7.921704181512723153e-09
4.698337718878065061e-08
2.715591165269870544e-07
3.249537172678174102e-08
1.428984575113645406e-08
7.766325182956279605e-08
8.349398394891238695e-10
2.924088526867762994e-08
4.550957157789525809e-07
2.557734148922463646e-07
6.522572704170670477e-08
6.981187850030323716e-10
1.019911888278102197e-08
6.743962188693330972e-08
1.080192024716097876e-08
2.197320325691975995e-09
1.923338110998429329e-08
1.063883470209248117e-08
1.490555590066833247e-08
3.422616634551900461e-09
9.034540227048637462e-09
7.063012397168222378e-09
1.615530607068649260e-07
9.664715250323752116e-09
9.287608015995374444e-09
1.974582453101447754e-08
1.840365904115515150e-08
1.906228703774104360e-07
7.353930353559690047e-09
4.389248076108742680e-09
3.477922660977128544e-08
2.148455990891307010e-08
7.947844693489969359e-08
5.971363403745044707e-09
4.319674840047582620e-09
3.230552536592767865e-08
7.068706509016919881e-07
5.333648633865095690e-09
2.401232634952066292e-08
4.000845024165755603e-07
4.104907525004364288e-09
6.294518239968738271e-09
1.538186911176353533e-09
5.582871054343740980e-09
4.582614288040076644e-09
1.043662862798555580e-07
1.659429038625148678e-08
1.288805062671372070e-08
6.352495862671503346e-09
4.193743308178454754e-08
4.709242995559748124e-10
1.271056788709756802e-07
1.252663111017682240e-07
6.821397668943518511e-09
1.792415673662617337e-07
2.117489685815598932e-07
4.397032515868204428e-09
2.102063412223742489e-09
6.429682564146332879e-09
3.003269455348345218e-07
2.670339949162325865e-09
2.036617452461086941e-08
6.615347825089656908e-09
4.326619418293375929e-08
7.089898872436606325e-07
3.405070003736909712e-08
8.656044769850268494e-09
2.595746284583810848e-09
4.775027484527072374e-09
5.147875370425936126e-08
1.033618524104440439e-08
8.287761588121611567e-09
3.988290531165006314e-10
1.109627500994747606e-09
2.904250706592392817e-08
4.949584742064416787e-09
1.630115264994458357e-09
2.381405828089100396e-08
1.724069065289768332e-08
1.715645225885964464e-08
4.967398581356974319e-07
2.194943604990839958e-03
2.306783528638334246e-07
5.628741064356290735e-07
2.345648475454709114e-08
5.913232126175671510e-09
7.912084321048951097e-09
2.704899770833435468e-06
1.573085910422378220e-06
7.766414000798249617e-08
3.247577318177263805e-09
9.572787007527949754e-08
1.065021990598324919e-07
1.280745376419645254e-08
8.953501939856778336e-09
2.476005889207044675e-08
1.654391468264293508e-08
6.411362960534461308e-07
6.677417019318454550e-08
2.275904575910203675e-09
6.553508402618035689e-09
8.193300260472824448e-09
3.216572679320961470e-07
3.297544637348437391e-08
2.787753849986529531e-08
4.973624356807704316e-08
2.576768243223170884e-10
6.954442710593866650e-08
7.924862543973176798e-09
2.893318473695671855e-09
2.088180739434619682e-09
6.332015800580848008e-09
7.173322380538138532e-09
7.937599022511676594e-09
1.975456420666432678e-08
1.480163902556341782e-08
5.363424149251727613e-10
6.542985602209228091e-07
1.005142014065540934e-08
1.628745671666820272e-08
3.508906232241315593e-08
7.093879617059428710e-08
7.139844910852843896e-07
5.389928858789971855e-08
8.962198094764062262e-09
1.051711038257963082e-07
3.236570345066525078e-09
2.591669954199460335e-07
8.493318937041749450e-09
1.478033961888058911e-08
1.165175866901790869e-08
2.207766129913579789e-07
3.439024090766906738e-02
2.250153396943233020e-09
1.216130385728320107e-06
5.360501820206309276e-09
4.288863486578975426e-09
2.031124424206609547e-08
3.970569650846300647e-09
1.296850515863923192e-09
6.519136785954060542e-09
6.866079704792582561e-09
1.843062813478013595e-09
8.510901494673817069e-08
1.593877811956190271e-07
2.107063039602508070e-07
7.480160491013521096e-09
7.265455348459681773e-09
3.493205280591382689e-09
2.015856281900596514e-08
3.587254715498033875e-09
2.833703547366894782e-07
9.055449723405217810e-09
3.664647918455443687e-09
1.500474411386676366e-07
1.525276758229665575e-07
9.436318748612393392e-08
1.175174890732932909e-08
6.286543197120408877e-08
1.989131082069661716e-09
7.190629958131466992e-07
3.594846873511414742e-07
4.800002173510620196e-09
1.858918885488947126e-08
1.147806528933870140e-06
2.451130143299451447e-08
3.761642730637504428e-08
2.603964333047770197e-08
1.806628846523494758e-09
1.189560538961131897e-08
1.651879131259192945e-07
4.379173645929768099e-08
1.423249851306707114e-09
3.750659871570860560e-08
2.655814590468708047e-08
1.313810282788097084e-09
7.957108749678809545e-09
2.332603088461837615e-08
1.137326961497819866e-07
5.987695672615700460e-09
1.158666940170860471e-08
9.493673047700212919e-08
7.429147785842360463e-08
1.396529292208015249e-08
1.089036504708928987e-05
1.788011871894923388e-08
2.923229658335912973e-08
2.422376041977258865e-07
3.531807735157599382e-09
1.680369109635648783e-06
7.353000985865776329e-10
8.208817625643405336e-09
4.256568786331627052e-08
4.950229026690067258e-08
8.882113711194961070e-09
2.864392278922878177e-09
1.492262313718129008e-08
8.498329862050013617e-08
2.837666812638417468e-08
7.513161648375898949e-09
1.010239181198357983e-08
6.272167230036984620e-09
3.945033810737186286e-08
1.305550068053662471e-08
5.274464198734563070e-10
1.143885697274527047e-06
1.062394818291068077e-03
8.696273923192165967e-09
2.848495839202769275e-08
3.371046730649140954e-08
9.578572601753876370e-09
2.490052786185970035e-08
3.018190808390386337e-09
1.693669382518692146e-08
8.158867359497889993e-09
1.038870536262948008e-07
1.372054114767706778e-08
2.317454494971116219e-08
1.899713595321372850e-07
1.257298407608686830e-07
5.115019163781653333e-08
8.985750810097670183e-09
1.575244645835027768e-08
3.989526931036380120e-08
4.129189790091913892e-08
4.269145037483212946e-09
9.173759849545604084e-07
3.342115562077196955e-08
9.770697140254469559e-09
1.715455510975516518e-08
1.132166147499447106e-07
3.277835602943923732e-08
1.826792939141341776e-08
9.991473204351564164e-10
1.010786565558419170e-08
3.212499777305311000e-08
2.829094070122550875e-09
2.805354393231596077e-09
2.649975172630547604e-08
5.157828830704147549e-09
7.676177915527659934e-09
3.168877782400159049e-08
5.628321808615055488e-09
3.313871677068647159e-10
3.846567864229655243e-08
1.425235751639775117e-07
3.020121752683735394e-08
1.149447484749543946e-06
6.527252338628386497e-08
3.666123120638076216e-07
4.430867672766680698e-09
1.546657557582875597e-08
6.059279189507549290e-10
4.109020235176785718e-09
1.369813240614803362e-08
8.488087566149715713e-09
8.242648839950561523e-02
3.291587802323192591e-08
9.732048944499638310e-09
1.194019882966301793e-09
2.061024462207683428e-09
1.622145084922976821e-08
6.188025647446693256e-09
1.954606432263972238e-08
7.106650201649244991e-08
4.825511989992037343e-09
9.456782024130916398e-09
4.473543810945557198e-07
3.190638864225547877e-08
2.529815468221841002e-08
1.088383783098834101e-08
4.621722027309260739e-08
7.652642075584026315e-09
8.503579174146125297e-09
3.448499930058801510e-09
1.942935234922060772e-08
7.132460844161414570e-09
6.111548156439994273e-09
4.322668445411181892e-08
5.759500254498561844e-08
1.660886397303329431e-07
1.087091305862486479e-08
1.927295878445534072e-09
1.732517951325007743e-08
3.646749346941646763e-09
2.825545575291243949e-09
1.209421611747529823e-07
8.503352546540554613e-07
6.334020863363321041e-09
2.788833342037833063e-08
2.355341344184580521e-08
1.279924958907940891e-06
2.315679523690050701e-07
5.929588908770710987e-08
8.593493134867458139e-07
2.641839813577462337e-08
1.227391521751997061e-08
3.128143077901768265e-07
1.907143332147143155e-09
3.651008384508713789e-09
3.448986873877402104e-09
8.797895908355712891e-01
2.220281736242668558e-08
1.810582972439078731e-08
1.430584717354577151e-07
1.117307135700684739e-09
7.457883555161970435e-08
5.032424610362795647e-08
1.596164800332644518e-08
2.170611956842094514e-08
2.820850220075499237e-09
2.238865270953738218e-08
1.473982713662280730e-08
5.382804374676197767e-06
1.979959529663233297e-09
1.960673188250439125e-07
1.842265007212517958e-09
3.401681425430069794e-08
1.621735856716099988e-09
1.514235776767236530e-07
1.856378339937236888e-08
1.819094919142116851e-08
1.504985114308965422e-08
2.030670298580616873e-09
2.866917725441453513e-07
6.141453923191875219e-08
4.460548197471325693e-08
4.397361408337019384e-08
8.987173671926029783e-09
5.094936694760576756e-10
4.655625929217421799e-08
4.923972785064734126e-09
9.106736698072381841e-09
6.589509382592950715e-08
4.204715864375430101e-08
9.644772092087805504e-09
4.292898481139673095e-09
5.045235695888550254e-08
1.798316873191652121e-08
1.427159634914687558e-08
1.640840707750612637e-08
2.107552354857489263e-08
1.372960554135715938e-07
8.481116964276225190e-08
1.806868397125072079e-07
2.199534332447683482e-09
2.688278982532210648e-06
2.949311237898655236e-06
3.807247139775427058e-08
4.641543593919550403e-09
2.373586882598033299e-09
9.689355984221492690e-09
1.121149617588912406e-09
3.879893739622275461e-09
1.114255243628292646e-09
1.438616337168241444e-08
1.559969859954435378e-07
2.864288362047773262e-09
2.228219209143844637e-08
2.670526271231210558e-07
2.511301566698875831e-08
2.922322721587988781e-07
2.439817681221256862e-09
3.078901400499489682e-08
2.525828080024439259e-08
1.962117934795060137e-08
5.521639590000404496e-09
3.722520958149289072e-09
6.560675114286595999e-09
1.311441844009664237e-09
9.108386933576184674e-09
8.231174852824096888e-09
1.593518206277622085e-08
3.191379605027577782e-09
2.032155244080513512e-08
4.258069008500342534e-09
9.192724093054494006e-08
7.074678620710983523e-08
2.913294139261779492e-08
6.328731760874006795e-09
2.463879589242878865e-08
3.918157531757060497e-08
2.075312144356189492e-09
6.576335920271958457e-09
1.688859718740332028e-08
1.193148602141036463e-08
2.525884612580853172e-09
7.902763776712617982e-09
2.727958126058638300e-08
3.918581903405993216e-09
3.920525681877506941e-09
1.675096172881751500e-09
2.367276330517142924e-08
1.235375322039544699e-07
2.087962869268267241e-08
7.310343619337800192e-08
2.701483658995584847e-08
1.386439407724537887e-07
1.164456762126064859e-07
2.275706201260163652e-08
8.798179074176459835e-09
2.345531102676545743e-09
5.644867542287101969e-07
5.762804455855530250e-09
8.562777509268926224e-08
1.132266547188010009e-07
3.880729959604423129e-09
1.226336188153709372e-08
2.979515301149149309e-08
5.360852384228564915e-08
1.597427745636537111e-09
4.161575617445123498e-08
3.466034126375916458e-09
2.848552782541702300e-10
7.114828548537843744e-08
6.990559242581184662e-09
9.405424883368596056e-09
2.630745843390513983e-09
7.486322117777888252e-10
8.120473182771092979e-09
2.342759097828661652e-09
2.408938160058937683e-09
2.072744864634046280e-09
4.390696695111273584e-09
3.713458207599273919e-09
4.424443389439147722e-08
1.149946182721350851e-08
