9.729275163294914819e-10
6.550653353087909636e-10
5.752855969376469147e-08
1.205654776015308016e-08
9.549400381558825757e-09
1.294653628747255425e-08
3.898124933954250082e-09
1.183686837435971029e-08
1.615446776348505864e-09
2.602037163512704865e-08
1.289836293327795147e-10
1.462529541917945153e-10
5.688939874737286573e-10
7.877665186839521994e-11
1.945785310653036504e-09
5.392944424364998213e-10
1.124459483858863962e-10
8.554196795351742821e-10
1.848712960494935942e-09
1.355700662841741178e-09
3.887779820299641642e-10
1.094031643056325720e-09
5.623308485525058131e-09
6.370998395510696355e-09
1.664718585203672774e-09
2.036603247157486862e-10
1.861762133348321413e-10
5.116170334606984227e-11
1.933081472671460688e-10
1.114001890734073186e-09
3.256003522356110125e-10
7.381013161777971732e-11
1.771825880458877123e-10
1.670106719586783584e-08
1.722812825732944475e-08
2.529890519298305662e-09
7.786074007753995829e-09
3.902527190291493753e-10
1.239130464902871154e-09
9.222549945953062434e-10
3.636720438682239376e-11
5.459575569410901608e-10
7.404674096100904990e-11
2.046283004153437446e-10
1.106927660643464151e-09
4.350132698505149165e-09
2.420178224493696462e-10
5.776189249129259906e-11
8.623047276223871904e-10
2.913224772527200912e-09
1.103140134794955429e-09
1.411945405038750323e-08
1.070183039408867387e-10
2.428640344387389405e-10
7.503187515744969005e-10
5.626695775973189484e-10
5.711987827172748666e-11
1.969231305798402332e-10
5.910373856998774045e-10
6.800359719782989032e-10
8.043242516464488290e-09
6.554727871588283961e-10
1.739532851097180810e-09
1.143785288704179948e-09
3.484140753684528136e-09
2.139760901798126724e-08
1.418087314242200137e-09
1.448030029216340608e-09
8.519119437666589079e-11
3.490945976736270495e-09
2.259833153939183603e-10
9.421504687523452048e-10
1.943484678745832639e-10
8.519367988846227036e-10
6.530254115233447010e-11
6.849118494578476657e-11
3.049220043127576218e-10
2.375604712945289521e-10
6.639599425817266365e-10
1.007434802247075822e-09
6.829863757884524489e-11
7.404914181829980180e-11
2.511293395457414590e-10
7.933854129227313479e-10
4.040818790684852502e-09
2.212429572878704676e-09
3.674704762701708205e-09
1.362895352130522042e-09
6.424172860342025615e-10
1.324925058554526913e-09
2.850236435758546349e-10
5.388061108391184462e-10
1.692168766220802922e-10
2.354704764506720949e-10
1.408982597261854153e-09
1.214708750252313507e-10
4.921396068446881600e-10
7.459309836477245881e-10
1.730378756947814622e-10
2.411864874485303289e-10
1.161947982275535196e-09
7.974668925214700721e-09
1.222504986131411897e-09
1.387952808240555669e-10
4.008613718742282117e-10
4.260407138190203113e-09
7.413655467303215119e-09
7.463142104313646996e-09
3.676427218213262904e-10
7.982655092497736860e-10
1.072289548820215543e-10
4.184455448807966604e-09
1.242555747182905179e-08
2.188335512798289528e-09
1.827889395400461581e-09
2.010026367571526862e-09
5.096169042317910680e-10
7.926003742220188997e-10
8.165118026148832087e-10
2.907511176264421238e-10
4.428863498162627366e-09
1.240804903268610815e-09
8.811993357227265733e-10
1.700819041161594214e-09
4.495689653882806169e-10
9.524984134756664389e-10
4.699160172094707377e-08
1.492340806485970006e-09
4.139966591765187331e-09
1.259755855187449924e-09
2.819045552548971045e-10
2.201586024597190772e-09
3.054116515244231778e-09
2.948440658290252259e-10
1.314138842190004652e-08
9.226368558046260659e-10
7.230186671591809500e-09
9.303220416256863246e-10
3.178407259607496371e-10
6.447495870531838591e-10
4.535030684316154748e-10
8.153581976255708241e-11
8.615726881933127856e-11
6.039880817709786243e-10
6.643352978841221557e-09
6.903840832350738310e-10
2.099826534873727724e-09
3.745009635736096243e-09
3.376380163899739273e-06
1.329164667218662998e-09
2.506082864783820696e-06
2.825647049675694689e-09
1.029210938696678568e-09
1.412741923445537395e-09
4.912582785010499720e-09
4.384318241790197135e-09
1.102799296326395506e-09
1.930113846526637644e-08
7.602558582675555954e-10
1.276612704437241064e-09
1.938817106861279171e-09
4.215891191705622987e-09
2.678996358085328211e-09
4.358545968585758601e-09
1.210583633337591891e-08
6.388752638031292008e-09
4.505056327985812459e-09
1.495010226726378733e-09
3.770216139287185797e-09
4.767517491899297966e-09
1.559421036745334277e-08
5.344838349685687717e-09
7.790961653597605618e-09
4.758451410680208937e-09
3.046535690387486284e-09
1.047133402209965425e-08
6.865435331349090120e-09
1.045351361028679094e-08
2.598604886827615701e-08
3.311104945780130038e-09
6.307435906904856893e-09
6.652900896852997903e-09
3.168959539223692445e-09
3.469167619840618499e-09
7.026421222633416619e-09
1.530209403632909471e-09
3.953331439987550766e-09
4.054127700214849028e-09
2.371042917559407215e-09
5.060603491813253640e-09
2.046370717323497956e-08
8.847799159994451657e-10
4.731626201959215905e-09
1.020298689979881601e-08
3.886802879549122736e-09
3.427802486299924567e-09
1.381540659650681846e-09
9.343770202008272463e-09
1.391280601836797359e-08
2.731834758407103436e-09
4.882981130549524096e-08
1.129891291640205964e-08
7.034833515717764385e-08
1.734903918304553372e-07
2.186858472086328220e-09
2.549150401875976968e-08
3.948592919300608628e-08
1.043419128876621471e-08
3.041660434632831311e-08
3.962799866030763951e-08
1.701085849958872132e-08
1.358023027364652080e-08
9.507182596735219704e-09
1.497202539724185044e-08
2.613816185714767926e-08
5.765287358627801950e-09
1.663632929194136523e-07
1.247943117732575047e-07
3.968334549853125282e-09
2.306828505993507861e-09
1.968312624001100630e-09
2.353440820002106193e-08
6.802205909650638205e-09
3.466244180572175537e-09
2.284982514311195700e-08
1.187596865293016890e-08
2.800377707501411351e-08
1.554811568382774567e-08
1.298427410034719287e-08
2.080548000549242715e-08
7.646710487030361492e-10
1.001360061536615831e-07
3.470501326319208601e-07
2.654851272154701292e-08
1.673444494088016654e-09
7.400713819549764594e-09
3.039350549016717196e-09
5.440541905876727924e-10
1.211618538832226477e-08
2.937038523498358700e-08
8.275216956121766998e-09
4.316773605239632161e-09
3.320458796807201907e-09
2.440576807316574559e-08
3.228752731843087531e-08
9.835050995832261833e-09
5.010879267075551979e-09
1.241632503479195293e-07
2.702389600983678974e-08
3.760376898753747810e-09
3.343763932406318418e-09
1.146144423813666435e-08
2.622148498332421696e-09
8.240832904959916050e-09
3.620903754608661984e-08
2.749471983420903598e-09
2.834809187390874285e-08
8.622904168475997722e-09
3.872322018594331894e-09
1.865602117234743673e-09
1.063528021205684126e-08
5.478678399839509439e-09
4.073285875261234423e-10
2.765497608692157883e-09
1.159895912650199534e-08
6.905148897118351670e-09
1.736963461951290810e-09
1.237050639701919863e-08
2.075446037252959286e-09
7.539256330346688628e-09
4.785739360357865735e-09
6.742640334955751769e-10
1.018399142793668943e-08
6.327248058823897736e-08
5.638513544958811963e-10
1.575495733874276993e-09
1.395454973796006470e-09
4.461095104435486292e-10
1.387148951259575824e-09
9.781079945980764023e-09
6.386510875699968892e-09
1.280106798340341356e-09
9.680832802061445364e-10
1.068575783413905356e-10
1.181579500908469527e-09
2.995547587758551344e-09
1.040401986784900146e-09
1.350320077975197819e-09
8.086354919001337294e-10
5.317868367882283565e-10
1.235536117860647209e-09
3.169382756240679555e-09
1.868454724274215550e-09
8.358456982104911503e-11
1.292427498356119031e-09
4.479345605545859144e-08
6.694027110398792502e-09
1.280561789940293238e-08
1.741469013438745606e-08
9.377764342843875056e-09
4.863623948025974641e-10
6.436176591684272807e-11
1.290173856638432426e-09
4.003247733308512579e-11
5.074829445561590546e-10
4.868552228032285711e-10
1.726294385218096750e-10
5.718648471431109215e-11
5.198919073023944293e-11
3.319620967001668532e-10
1.181079234413573431e-09
9.980269943810071709e-10
8.396314754577360873e-10
2.592018544245178191e-10
5.511010758851853097e-09
1.315690056902241167e-10
1.330566906654340187e-10
2.206962251838362477e-10
1.191320930793438038e-10
1.482781120110132633e-10
3.981577567646610305e-10
9.095618147547668286e-10
2.428630907491680091e-10
5.560334137566513846e-11
9.128565958693712901e-11
6.511882699733462232e-11
2.232525692091869018e-10
4.001959597044191241e-10
5.980727579846245590e-10
3.292401018484270026e-09
5.697584071207018042e-10
2.894597894709249886e-09
2.325363790411927312e-10
3.802548498299529456e-09
5.682793791095264169e-09
2.575594182374629781e-09
1.434190433080573257e-09
8.300604648070475378e-09
2.154663336639828231e-09
1.219461198687099568e-09
1.547692818348878063e-08
7.711147986810829025e-08
1.891983458790491568e-09
4.996420610581253641e-09
3.569563489236315945e-08
1.708319530280277831e-07
2.240623464544455601e-09
2.395714737701837294e-08
1.036344254856658154e-08
2.064600046480791207e-09
4.599513214742501077e-09
7.760357634278847172e-11
1.096439605774435222e-10
1.202897781382716857e-09
4.773951012282395823e-09
4.511488516101280766e-09
7.560814196949650068e-09
1.494423784720311232e-08
2.603932403033581977e-09
4.932496633358596227e-09
1.502688973253896165e-09
1.127222759578216937e-07
4.723458602029495523e-08
2.738381965627922909e-09
5.742971653788231379e-10
5.538017600059674805e-09
3.100863343874493694e-09
1.899145951611558303e-09
1.407561012189972871e-10
1.495418011643323553e-09
5.975540062763684546e-10
5.304954253659843744e-09
1.552704453899877990e-08
1.540007232847528940e-08
3.503867196386067917e-09
1.226791224162582239e-09
5.802671676491399921e-10
2.789723174689839880e-10
1.525447768102594637e-09
3.089491440455560678e-10
4.591326430158915173e-09
1.144808414732523261e-10
1.143660943725421930e-09
5.785023571291958433e-10
1.422768153291897875e-10
1.085578293924527316e-08
1.597790699747747567e-08
1.184894737882302707e-09
1.395894955180665420e-08
5.834526195513944913e-09
2.140792876303976300e-09
6.403660712805958610e-09
9.941460099582855037e-09
7.376242672219035512e-11
8.618710189978173730e-09
3.931996950257143908e-09
6.607422387006067765e-10
9.804576706073930836e-09
1.776426117316987074e-08
1.234344892964145401e-08
2.050863479041709070e-09
1.241065250567885414e-09
1.469891586225458013e-08
1.777235358879636351e-09
3.232203127367938578e-08
4.240845896674727555e-08
1.006194771946411493e-08
3.012054037299094489e-07
2.290342308697290719e-05
2.675448840250282956e-08
1.263551574481880380e-08
2.126719245154617965e-09
5.645011356136819813e-07
3.843401708003568729e-10
3.598788467229496746e-08
8.830054554209709750e-08
1.869881671723305772e-08
7.837149382794450503e-07
1.895425594256039403e-09
3.947288274019911114e-09
3.592984354483519382e-09
2.540374843817971851e-08
4.413280407788988668e-09
1.022603512979003426e-08
2.946740096376743168e-08
4.780438871421210933e-07
1.404968763552005839e-08
4.495795167258620495e-07
3.819384986059048970e-08
3.080084853834819114e-09
1.182371356378553173e-08
1.765164792111306724e-09
9.599084860312245837e-10
4.462767577706472366e-08
5.143101500237889923e-09
3.574734819267177954e-08
7.632820597791578621e-07
3.784453994626346685e-08
1.606843014201331243e-08
2.545136101872458312e-09
2.127192004763855948e-07
3.020328165348473703e-08
1.680325034669749584e-08
1.179892628044854064e-09
8.820892460903451138e-09
8.313961963324345561e-09
1.100237341233878396e-07
9.433737346853376948e-09
6.614323311282532813e-09
4.635550794773735106e-06
6.576521105472465933e-09
1.127912518938956055e-08
1.229253032697386061e-09
4.460829927666054573e-07
4.295038706914056093e-07
8.315468313924156973e-09
1.478752409411754343e-08
3.421631333822006127e-08
3.548809468512104104e-09
1.017469131170400942e-08
1.159980698162144108e-07
1.468097643453347700e-09
5.458602103658449778e-08
2.937934873159520066e-08
3.201981568778933251e-09
1.493278389830265951e-08
6.741724405401328113e-07
6.078228587114153925e-09
5.846485464644501917e-07
4.848424994818856248e-10
6.633966709301830633e-10
6.711350142296623744e-09
8.189805953406903427e-07
2.369840323979133245e-09
9.947529022724665992e-09
2.659447950748017320e-08
6.266392915676988196e-08
6.756409476338376408e-08
4.285734291897824733e-07
1.177560164933311171e-07
1.581131847672168078e-08
3.913458357374111074e-08
6.683428921405720757e-08
2.174220092854284303e-08
5.268726255280853366e-08
5.883461717814952863e-09
3.034251738753823702e-10
1.651802072899499763e-08
2.938512189132325148e-08
5.858661111801666266e-08
3.431871453685175766e-09
6.417355091770104991e-09
1.801336191320501712e-09
2.477775096210166339e-09
2.562056344856955548e-09
1.772749502748638406e-09
4.270623576996257498e-10
2.721268899108508776e-08
1.186595639524057333e-07
2.646972196984620496e-09
2.949638866489578959e-10
5.059561214437735543e-09
6.406662422797637646e-10
4.444281387350201840e-09
2.631067630431971338e-08
1.116344350293729804e-08
4.276659737456611765e-08
1.295278462265514463e-08
8.774830639879382943e-09
4.356744298661396897e-08
5.026643975725164637e-06
9.437898995656723855e-08
2.493624862154319999e-09
9.981564463856784641e-10
5.412220005496237718e-08
1.049338660408238866e-08
1.011131356420946759e-08
1.473388510930817574e-05
1.199118671024734795e-08
2.770663911633164389e-07
2.628865480858166848e-08
8.714851951197033486e-09
1.288890594253189192e-08
1.713539319325718679e-07
7.236460319859361334e-10
1.679645755814362929e-08
2.640765828232360946e-08
2.082183492291278526e-08
3.259031267077716620e-09
3.446908891646671691e-08
3.550673000063397922e-08
1.737208710217430507e-09
2.214265881761434684e-09
2.881359872919375675e-10
5.331500130267841087e-09
1.984855391157225313e-09
2.147433406207710505e-06
3.149768446064626914e-08
1.120558152933881502e-07
1.922735748394188704e-08
7.143299285417015199e-08
3.279773252984341525e-08
3.362887746050091664e-09
5.032036565211228663e-09
1.319268305710608047e-10
1.739155486291110719e-08
2.492326984793180600e-07
1.346248754998669028e-04
8.856363642451015039e-09
9.688664315277151218e-10
3.829121020260117803e-09
3.961452943457288711e-09
8.450156130379582464e-09
3.808936721583222607e-09
1.941255618476134259e-07
1.117176680054399185e-07
9.115943555570993340e-09
1.434421790236228844e-07
8.506779308747880464e-11
1.243594294209060536e-08
6.174700306615932277e-09
2.607118005926167825e-07
6.115397610528816585e-08
5.764921318096583036e-10
8.737203849307206838e-09
6.204448254720773548e-06
1.211923006394499680e-09
1.808921124002438319e-09
3.208969756585133837e-09
1.149317654380865861e-06
8.835526088546430401e-09
1.026608416054841655e-07
4.499627059839639287e-10
2.882594074549160723e-08
1.441384345213236884e-08
1.074662208111476502e-07
1.156812245994842669e-07
5.088196974867287281e-09
1.392358406349103461e-08
5.678684744658824002e-10
1.772790980680838402e-08
3.703356128426094074e-07
4.180356683036734466e-08
3.486169930511096027e-08
1.918458863992000829e-10
1.347210609736748665e-08
1.115281946795221302e-07
2.538344201497011454e-09
6.840987776257634323e-10
7.052855521827439134e-10
9.501960995805802668e-09
4.700563271953228650e-10
1.558549733715608454e-08
6.313189526707674304e-09
2.583466329753036916e-09
5.576329726864059921e-07
2.264757492653757254e-09
7.754147324234850203e-10
3.613735088947578333e-08
8.946942742227292911e-09
5.938888421042065602e-07
1.043790942567568436e-09
2.884049887796891198e-09
5.077749065662828798e-08
7.845375904480533791e-09
9.301472658762577339e-08
4.482257676130529944e-09
1.185206710552222376e-09
1.984833453150258720e-08
2.073447973316433490e-07
4.969305855695438368e-09
2.504001983538728382e-08
1.669295528472503065e-07
5.895222532359412071e-09
2.946821398008836468e-10
9.920940735597127969e-10
4.156772703822753101e-09
8.803765716436373623e-09
1.818878270221091498e-09
4.759876492954617788e-09
7.446576688607819960e-09
2.804657839305946254e-09
3.725575581370321743e-08
1.586371173312173255e-10
1.141256475989393948e-07
1.944008545251563191e-07
4.306331646830585669e-08
7.949149676278466359e-07
9.792887567527941428e-07
2.376743468701647544e-09
2.322421588374368184e-09
1.191508403053376242e-08
9.257119160110960365e-08
2.137120924672331057e-09
1.072605186891451012e-07
5.972078831462113158e-09
1.299661267495366701e-08
4.870860337291560427e-08
2.219823613813787233e-08
1.562216489503498451e-08
1.132937743619777393e-09
2.447594904531058546e-10
2.813666277745596744e-08
1.720447673214664519e-09
6.161747112543025651e-09
6.183996648090328563e-10
3.379483803911398354e-09
6.064274415962245257e-09
7.028915227635934571e-09
2.887771133330829798e-09
7.256117928733374356e-09
1.230144874853067449e-08
3.817751892398746349e-09
1.515687131359300110e-07
1.576587092131376266e-03
1.024911533420436172e-08
5.075060016679344699e-07
5.655688539718539687e-08
1.083474088225955256e-09
1.521707759799539872e-09
1.280297510675154626e-05
2.982864941714069573e-07
7.189043458311061841e-07
1.924757597748794069e-08
6.775159988592349691e-08
8.719074351404287881e-09
1.137263505590624391e-09
1.065540189415514760e-08
1.541586271969208610e-07
1.607416244553405704e-08
1.458180243218976102e-08
6.049005918384864344e-08
1.864621168579105870e-08
2.707487034570021933e-08
1.839890462207449673e-09
8.650435120216570795e-06
4.485439131229895793e-09
1.728596110694979870e-08
2.112147257093965891e-08
2.408040433721225781e-10
4.824794785918129492e-08
7.515036593019885913e-09
6.244400996280319305e-09
8.114489635779875698e-10
9.174250248378257311e-10
1.520657377795942011e-09
7.191255235738935880e-08
4.758750726807647879e-09
9.639660447646747343e-08
1.598185195295087624e-10
4.785333658219315112e-07
3.285406613429131539e-09
5.820720794247336016e-09
3.339457066431350540e-08
5.224686674409895204e-07
7.256703327129798708e-08
4.173760004277937696e-08
6.334595625823169485e-10
8.199179291068503517e-08
9.417786550613982399e-10
1.487595646665340610e-08
5.328392660430836258e-08
4.223585481355485172e-09
2.673510302031445462e-08
4.628892824598551670e-08
1.152571663260459900e-01
1.367746804703529051e-09
2.631716427003993886e-07
5.086623344752183584e-10
3.014329452710740043e-09
2.991974312749334786e-08
5.244079837041226710e-09
8.237088233720157859e-10
1.397689852744576910e-09
1.241214353520092573e-09
1.811652272643016204e-09
2.676040722349171119e-08
1.431377114613496815e-07
4.275259470887249336e-07
2.915548247273136440e-09
1.632349544422595500e-08
2.083612837822101937e-09
5.257550395043608660e-09
3.295383410595320584e-10
9.322288718749405234e-08
2.176438806955616201e-09
3.954055305399606368e-09
6.853310452470395830e-08
6.468676616577795357e-08
8.160455422512313817e-08
6.232383054083356910e-09
6.242542927026306643e-09
9.041759341243960080e-09
1.902799908748420421e-06
2.385282868999638595e-06
1.048390441127367012e-08
2.776787244584966174e-09
3.502133267829776742e-07
7.060949158699258987e-09
3.528002556762999120e-09
3.556488437084226462e-08
1.456626463891552703e-08
4.598092129270980877e-09
3.815094942183350213e-07
1.000821541197183251e-07
2.363637729985157421e-09
3.651349800293246517e-08
7.541284929857283714e-09
9.059863970151127432e-10
8.815544738638436684e-09
1.837951657535086269e-08
1.700290397366188699e-07
2.400155807436021860e-08
5.235554656479735058e-09
2.729566688230988802e-07
3.695743799880801816e-08
3.745011412092935643e-08
2.487481688149273396e-04
8.946805962750659091e-09
1.397197468833155654e-08
9.666813127751083812e-09
2.129756637714308454e-08
1.782228764568571933e-07
1.836597124382777224e-10
1.668090776618669224e-09
5.984416961979377447e-09
2.199629811627801246e-09
5.263399494026543834e-09
1.893969425736941048e-09
5.670483194109010583e-09
9.840441350661421893e-08
1.338323496469229212e-08
1.976001362535839689e-09
1.618762457411548894e-09
3.887648425404677255e-09
4.467826641985084279e-08
1.052786835487040662e-08
7.335907437067135106e-10
4.878384629591892008e-07
1.306511258007958531e-04
8.936675399695559463e-09
4.085792113528441405e-07
4.342043880001256184e-08
1.368334689999528564e-08
1.301055263525086048e-08
1.172599017884579098e-09
3.484420085797523825e-09
1.309996333631602283e-09
3.790826141880643263e-08
3.214679411556176092e-09
1.532649385183049162e-08
8.728458844586839405e-09
3.091740552463306813e-08
5.510674139230786750e-09
1.703355323456889892e-08
1.069161825739683991e-08
5.647804890429597435e-09
6.834670074340465362e-08
2.622148498332421696e-09
1.168336780210665893e-06
4.360140026804515401e-10
8.600384404644501046e-09
8.491210401473381353e-09
4.545738718775282905e-08
1.504545465991213860e-08
1.696161255893002817e-08
4.262697417267702349e-10
1.880985678326396737e-07
2.354967421069886768e-08
2.786627872897184943e-10
1.267628002565857059e-09
9.945043899506345042e-09
4.054487590110511519e-07
6.401495444841032167e-10
1.050916580425109714e-07
3.999954589772869440e-09
2.691107059415998037e-10
1.530943016803121282e-08
3.176543827976274770e-08
3.556556293915491551e-08
7.826995897630695254e-06
6.807517394236128894e-08
3.186199535321065923e-07
6.572743460608876376e-10
3.895748079685290577e-08
7.124323908591634336e-10
8.940234108578692940e-10
1.132168803152922010e-09
2.765386808434300292e-09
4.945717379450798035e-02
1.659902437722848845e-07
6.188530576878292777e-09
2.243197627649351489e-09
1.530329996057844255e-08
2.044112079602200538e-08
1.590498510672944121e-09
8.853968580524451681e-08
8.963151998386820196e-09
1.768953872272049921e-08
5.853251661136482653e-09
7.948326441464814707e-08
2.053541692248472827e-08
7.397528634101036005e-08
5.173801653768350661e-08
1.747179112498997711e-07
1.447314823543877083e-09
9.788316823744480644e-10
4.012179921630831814e-09
6.182151679468006478e-08
6.123467288787765028e-10
4.625657912260550120e-10
1.693300610838832654e-08
2.008892785454463592e-08
1.792068076156283496e-07
1.033612218037660568e-08
7.046280781075608957e-10
3.380684532316990953e-08
3.198598053089085624e-10
1.110937897230712679e-09
6.791215412249584915e-08
3.723146235756757960e-08
1.804393190418807080e-09
2.662198461678144668e-08
1.082222524928511120e-07
4.251938662491738796e-06
2.223793558187026065e-07
1.261519742001837585e-07
9.123424388235434890e-05
1.554594453168078871e-09
1.293904983157290189e-09
1.322627554145583417e-07
1.383086445372327944e-08
1.611808686519111689e-09
1.138774297082534304e-09
8.329566121101379395e-01
1.235164415192002707e-08
1.706067109807918314e-08
8.769380599460419035e-08
1.770302238135457173e-10
3.625506295179548033e-08
1.106719160759439546e-08
1.869591814696036636e-09
1.713414299331361690e-08
6.656958873030305313e-10
4.379539220167316671e-08
8.233857151651591266e-09
2.310801860971878341e-08
2.609525706631643516e-09
6.677029205093276687e-07
1.775863012198897195e-09
1.174433421624598850e-07
5.315211604184355565e-10
3.062979914147945237e-08
1.121249795232870383e-07
5.398538149847809109e-08
1.104778490912394773e-07
2.559394696177719197e-09
3.576739970867492957e-08
2.806045351633201790e-08
4.970626221734164574e-08
1.168268255469229189e-07
2.406480348327022512e-09
1.011580375021026157e-09
2.403338417167333319e-09
1.734127330621504370e-08
3.434883932840193665e-09
2.723283465400072600e-08
1.796005655307908455e-08
2.504450868912044825e-08
4.026913524857178572e-10
4.743951453889394543e-09
3.198388043301747530e-08
8.919004557128573651e-08
2.997111039348965278e-07
4.385012353225192783e-09
4.323652319726534188e-06
1.890744414367873105e-07
9.849229343217302812e-08
2.308725655097987328e-09
2.701498488022480160e-06
2.094010596920270473e-06
1.272236289651118568e-07
6.910467198473213557e-10
3.142654192433980143e-10
4.934498365471995385e-10
6.384616446641899756e-11
1.480658651242805490e-10
1.964927942577077147e-10
1.142725580827175236e-09
5.958099436043085007e-08
2.684555078236172676e-10
8.992017686004771804e-10
1.902500379458160751e-08
1.160326834614977543e-09
3.255590996786850155e-08
1.645395208971223155e-10
5.094820121342991115e-09
1.035310503993969178e-09
3.097842427024488643e-09
1.028785057144432358e-09
2.449668801141058339e-10
2.991925873718770390e-10
2.858217273971064287e-10
1.740438904107577400e-09
5.240497480407668718e-10
3.461010089633731468e-10
6.166799848550397201e-10
5.805727010255168352e-10
8.939893825221645329e-10
4.601285574779012677e-09
9.491889940704822948e-09
1.721120468367587364e-09
2.591836967269500747e-09
1.826512718849926387e-09
7.716367100840670901e-09
1.287315143372325110e-09
1.335831112392327213e-09
1.030812102342792969e-09
3.179550489562643634e-08
5.090427523946061683e-10
6.969557153624350576e-10
4.216719418081993354e-09
4.330196479163106460e-10
5.077114284546269118e-10
5.631806687667051392e-10
3.203355802838814270e-09
1.033097785096970256e-08
1.775551594640489839e-09
1.814180805581599998e-08
1.124820347975230561e-09
1.861761376176218619e-07
6.502633453919770545e-08
3.059633968405250926e-08
1.694525053608231246e-08
4.375245943322170206e-09
7.908181487437104806e-07
1.777206648512219545e-07
1.825903126473349403e-07
3.483469583898113342e-07
7.049322015006964648e-09
1.945344685339023272e-08
1.560897011643191945e-08
2.268628129797889414e-08
1.527145876423219306e-08
1.056389375975186340e-08
2.018150369043070214e-10
5.997848745442624363e-11
6.893515092087909579e-09
2.592163150794135618e-09
1.974063690290961404e-10
8.413227892134500507e-10
8.479531660166017559e-11
5.328434568574458297e-11
1.719774184172351283e-10
3.122399561128474943e-10
1.575270247577975624e-09
1.058098941797425141e-09
9.647795062850406111e-11
7.020808379110121678e-09
6.217256931506653927e-09
