1.906403701568137876e-09
1.652065595436624790e-09
8.757973901651894266e-09
5.101499667148345907e-09
2.037575974611627316e-08
5.132525959794520531e-09
1.749951850094078054e-09
2.903490248229445569e-08
8.630948400423221756e-09
1.494477608332545060e-08
6.383558126543675826e-10
3.877492216197708785e-10
1.367172708377495383e-09
5.937795810595503099e-10
1.775459557151748413e-09
2.487211325785665395e-09
2.807043930630470641e-09
2.628848250196824665e-09
4.237495687675618683e-09
1.219170209232345314e-09
1.008255368084576276e-09
4.120067398361015876e-09
3.880350263330001326e-09
2.046737179739466228e-08
3.823682703796293936e-09
4.127799435593715316e-09
8.592430766896086425e-09
1.036667862663875894e-09
7.019642200845055413e-09
2.597968506989900561e-09
5.629904320514356186e-10
5.533557501102848164e-10
1.151907458307732668e-09
1.914982616924021386e-09
5.286055149156254629e-09
4.584254753581262776e-09
2.440152435667641839e-08
1.833199370082638779e-09
5.045605266928987476e-09
2.582214442270469590e-09
6.342960046090695414e-10
6.561884813294227570e-09
1.892198620012663923e-10
5.637641464772968902e-10
7.103227339655404649e-09
1.067281019118127006e-08
7.570895022013246489e-10
7.618495279082537763e-10
5.692382121225136871e-09
1.796635729078843724e-08
3.652391944442001659e-09
2.441991675539156859e-08
1.331681653837790691e-09
3.271829474016385575e-09
9.479598217509987990e-10
2.669986898240495066e-09
9.174353499119547450e-10
1.557454942791025587e-09
7.278418756584414950e-09
6.193311197222328701e-09
6.567547217173341778e-08
6.657405737797716938e-09
1.017834350136581634e-07
7.515593480889037892e-09
1.237368874029698418e-08
8.613860735806611046e-09
1.565401674952227040e-08
5.236771905003934080e-09
2.362496864805052610e-09
1.012997774552104602e-08
4.119232455135346527e-10
2.751853189764119634e-09
2.304316959467200832e-09
4.647024098858310026e-09
3.571683782066514823e-10
4.455269209113765783e-10
3.360770994831341341e-09
1.561640150526955040e-09
1.684373307497821770e-09
1.302733387831267464e-08
4.608027293073746478e-10
7.833227400055875478e-10
1.617928568897752939e-09
3.065841358562693131e-09
3.629710754182724486e-09
3.956875715971364116e-09
1.031148588737096361e-08
7.139466351446799308e-09
1.461373422273481992e-08
8.285338637392669625e-09
2.214282535106804062e-09
1.811627625691869525e-09
4.749425852601518727e-10
4.873242920311326998e-10
6.998012391790098263e-09
1.231430402093280918e-09
1.981446562382416232e-09
1.704963059623310073e-09
7.083524322659684458e-10
8.618128988224782461e-10
5.077076536963431863e-09
1.672465366198139236e-08
1.620461809181961144e-08
2.008661681429657619e-09
4.292838085007133486e-09
8.273368656830371037e-09
4.279449328237205918e-08
1.071893129811485323e-09
4.479818460634277244e-10
2.512012375888161841e-09
2.347628536014667588e-09
2.071727678298884712e-09
6.238398686519985858e-09
5.251224788338504368e-09
4.006283305102442682e-09
3.793811043095729474e-09
2.499037643488577487e-09
9.224887520531410701e-10
3.782091972936996171e-09
1.528709603348943347e-09
5.488529186692403528e-09
2.678167909664352919e-09
1.134239724365215807e-08
4.818739629541823888e-09
4.503191153304442196e-09
1.212130729122407047e-09
3.028478090527642053e-08
1.373437585883152678e-09
4.776035567033432017e-09
4.213831950039548246e-09
1.492625023580274046e-09
4.914999074401293910e-09
8.005359930507438548e-09
1.899167045849026181e-09
1.214630795942639452e-08
2.251809183562158978e-09
3.776152279755251584e-09
1.010066585926949756e-09
1.214305878072252654e-09
2.777989172031425369e-09
2.324672232489888302e-09
9.418879010070213553e-10
4.429755728896367373e-10
1.202534960498269356e-09
1.946932925989131036e-08
3.128749481717818526e-09
1.365265234198886901e-09
5.262623115065423463e-10
7.289964187862096878e-09
3.544269544519806914e-09
3.395156795704679098e-07
3.147695792904414702e-08
1.708279961931680191e-09
1.896945178714304348e-08
1.227435220130246307e-08
3.774512435938959243e-08
2.750682792651559794e-09
1.820042143663158640e-07
8.498174608462250035e-09
4.790368102192132937e-09
1.863497267606817331e-08
6.465973712010963936e-08
8.631491077437658532e-09
1.362503354584987392e-08
2.605786342257943033e-08
4.203101866551151033e-08
9.032655512442033796e-09
9.495599861963910371e-09
1.099349056232767907e-08
4.878350612358417493e-09
4.376957818408300227e-08
2.665464826634433848e-08
1.002472416189448268e-08
1.548507455595427018e-08
4.716568025031619982e-09
4.770718486923897217e-09
2.759865225243629538e-08
1.483557543480173990e-08
8.492195391340828792e-09
4.820534371674511931e-08
1.326298360027067247e-08
1.613981126524777210e-08
3.325098774098478316e-08
7.851331140784623130e-09
2.825232847669667535e-08
1.042825914510103757e-08
3.165197171028921730e-08
4.187136859457041282e-09
1.624776047037812532e-08
9.448915427867632388e-09
5.458132434910112352e-08
5.348171239205612437e-09
2.521604969274449104e-08
2.560020462283318921e-08
4.738301129236788256e-08
6.148408893125179020e-09
6.823436926595149998e-09
2.530089027175108640e-08
1.466933685634330686e-08
8.344068191945552826e-08
5.586246842881337216e-08
5.123061441736354027e-08
1.108618903344904538e-07
1.957852333589471527e-07
8.747923274654567649e-09
3.677082105468798545e-08
3.282188032471822225e-08
2.228600415321579931e-08
5.456165297346160514e-08
7.945717328539103619e-08
5.057459517843199137e-08
3.814855276118578331e-08
2.686513767002907116e-08
4.945337650497094728e-08
1.122360426819568602e-08
3.813618576486987877e-08
2.357534327757093706e-07
1.872210475539759500e-07
1.798624360560552304e-08
5.949486681089410922e-09
1.088161116769015280e-08
3.365340006666883710e-08
2.608521221247883659e-08
2.386993180891749944e-08
1.470088335508989985e-07
2.623384887101565255e-08
3.038557494505766954e-08
6.490364512501400895e-08
3.037583695686407737e-08
1.776276725706793513e-08
9.816532475781514222e-09
8.760751768477348378e-08
2.293996317348501179e-07
2.084225414478169114e-08
1.288150563993895048e-08
1.991317155614069634e-08
8.107530646839222754e-09
2.567751700155440631e-08
6.072181690797151532e-08
2.806457928272720892e-07
7.538984903021628270e-08
1.282607442476546566e-08
7.751639685693589854e-08
7.157713355354644591e-08
1.383039318625378655e-07
2.546457444907446188e-08
2.491005979265992210e-08
6.547538760059978813e-07
6.042523637006524950e-08
5.912855982614928507e-09
8.872000023529835744e-09
2.119709741066344577e-08
4.057222469100452145e-08
1.096378312581691716e-07
5.543620673620353045e-08
1.232836321918284739e-08
4.370034289991053811e-08
4.391533536818315042e-08
9.960285041188399191e-09
2.098773954628541105e-08
2.741283111618031398e-08
6.160711052416445455e-09
2.249636921192177397e-09
1.942633787166414550e-08
3.446546514851434040e-08
2.748780403294404096e-08
5.142354542186922117e-09
1.045877606742351418e-08
1.548640327087014157e-08
2.996920045461592963e-08
3.812824278526250055e-09
4.048238633203027348e-09
2.067205251421455614e-08
1.917191951861241250e-07
4.758377691871373827e-09
1.500000479381924379e-08
5.137775982433367972e-09
1.327141063711678726e-08
8.945541196681006113e-09
1.219808076768913452e-08
3.576186813347703719e-08
4.026568856119183692e-09
1.199861898726339859e-08
1.694953621900197049e-09
9.868928785294883710e-09
3.357964351025088945e-09
3.083322708263835921e-09
4.344418602642008409e-09
4.871182124333017782e-09
2.338908844379261609e-09
1.457393050685595881e-08
1.682989303475324050e-09
1.406518101987330738e-08
4.886860360819866855e-10
1.137853988808501526e-08
2.021691614118026337e-07
4.305581224883781033e-09
5.518143808558306773e-08
4.974143053004809190e-08
2.235787199822425464e-08
3.155189665093871554e-09
5.364463873114289072e-10
3.376428914236839773e-09
1.011122963134880592e-09
3.337760956512170196e-09
1.732856413916294969e-09
6.906095251224542153e-09
2.763797524174549380e-10
1.792974380077083651e-10
7.312966898709305497e-10
4.971787870289290368e-09
1.947466854446133766e-09
2.408624188987573689e-09
1.122280601784098053e-09
3.453350672089072759e-08
1.190187837174505603e-09
7.664712753374658405e-10
5.128053981451330401e-09
1.414235173413658231e-09
1.373875124777157453e-09
1.967332297070356617e-09
2.384439312663744204e-09
2.351375094633567642e-09
4.619141735773268920e-10
3.780171453637848344e-10
5.924197798989894181e-10
7.595773454660559310e-10
4.550703980310544239e-10
1.034402341559825800e-09
3.221479305537400251e-09
2.066128157451885272e-09
2.767570617123737975e-09
8.050419775251782539e-10
1.825210560468804033e-08
5.460933394374478667e-08
7.281418135107742273e-09
9.511024856578842446e-09
3.001307646854911582e-08
2.204816995643454902e-09
6.903802862723296130e-09
2.542730292987016583e-08
9.958884561456216034e-08
1.055076204181659705e-08
9.724434590907549136e-09
5.174784600825432790e-09
3.587221328871237347e-07
6.930163110041576147e-09
3.927799951952692936e-08
6.768515525834573054e-09
2.877455829164432544e-09
1.357952594815969860e-08
2.281108635315831634e-10
5.071557618308020210e-10
4.402123110480715695e-09
9.657836308463174646e-09
2.015789668519119004e-08
5.616995935042723431e-08
1.856040832137750840e-08
5.351868637148982089e-08
2.425744050071898528e-08
2.822123645884744292e-09
1.941106972935813246e-07
5.441687633833680593e-08
1.072049027328603188e-08
5.978873218737135176e-08
3.934360748303333821e-08
1.856865949889652256e-08
3.803368997523648432e-08
3.719027086290793704e-09
7.996463047277302394e-09
2.607311255786726178e-09
3.998879805067190318e-08
1.341009294719697209e-07
3.441252260927285533e-08
1.292294049548559087e-09
5.350416110161404504e-09
8.092019498917579767e-09
3.468895393154980411e-09
1.451957665210557025e-08
8.495031345034931292e-09
1.278384509362240351e-08
2.642209784298188424e-09
1.205799282644193227e-08
3.066157105990896525e-09
2.079657779319177280e-09
2.297936418926838087e-08
6.453957368535157002e-09
2.105272933761170862e-08
1.549712891346644028e-08
1.703874730196730525e-08
1.427708706813746176e-08
6.224377102626021951e-08
1.676750960299955295e-09
1.482353684245651948e-10
4.975926870542934921e-08
4.244364859573579452e-08
1.493889567605322100e-09
8.242685645143410511e-09
2.602993447453627596e-07
3.144287319400973502e-08
8.817241159420063923e-09
1.765222457095205755e-08
2.391915288058044098e-08
3.867657483169750776e-08
1.111160230493624113e-07
2.412226649539661594e-07
4.637187078770921289e-09
3.277504220022819936e-05
2.424339436402078718e-05
3.192373014826443978e-07
4.544680010099000356e-08
5.488696608324517001e-09
4.782002065439883154e-07
3.577583562730524136e-09
4.596602565243301797e-08
1.915003849717322737e-06
1.017040673900737602e-07
3.462211452642804943e-06
3.647541646500940260e-08
6.279348951920837862e-08
5.230365829334004957e-08
8.203232368941826280e-07
1.964509799279312574e-08
7.449192196418152889e-08
6.384030371009430382e-07
8.215410218781471485e-08
7.723672013071336551e-08
5.100886824038752820e-07
3.317161656468670117e-08
1.027848313128743030e-07
9.827036961951307603e-08
1.059648191414908069e-08
8.072518653534643818e-09
9.432996606051347044e-09
1.271708871541932240e-08
6.527086071628218633e-08
2.756485400823294185e-06
7.868484885875659529e-08
2.605229632024474995e-08
5.950886006189648469e-08
1.358836243525729515e-06
5.161196554581692908e-07
3.773058310230226198e-08
8.457764266722733737e-09
7.684687375331122894e-08
2.068100357632829400e-08
1.904996452140039764e-06
1.590972331655393646e-08
9.015512780763401679e-09
1.156930693468893878e-06
5.148474429006455466e-07
7.586872463605232042e-09
8.686007468838852219e-09
6.967871399865543935e-07
6.128944392003177200e-07
4.839994858230056707e-07
6.815258757342235185e-08
3.230379377328063129e-07
1.640839819572192937e-08
3.041009577486875060e-08
4.565505662412761012e-08
4.497364969324735284e-08
5.259045821048857761e-08
2.108295973357598996e-07
7.157586967565521263e-09
2.531451457343791844e-07
5.606651484413305297e-06
1.095022028607672837e-07
4.627290309144882485e-06
6.754999670732786399e-09
9.951113710826575698e-09
1.653021541869748035e-08
5.555340294449706562e-07
2.514712704737576132e-08
9.941096834609197685e-09
6.928924278781778412e-08
2.805427641305868747e-07
3.464480258230651089e-08
6.883344667585333809e-07
3.367492524830595357e-07
1.166661363072307722e-07
1.063302192960691173e-07
1.409079146696967655e-07
1.516045244898123201e-07
2.178373819106127485e-07
1.954418848981731571e-08
6.094045823523686067e-10
1.130648357161589956e-07
3.791244296280638082e-08
1.774628373141240445e-07
1.174889519006683258e-08
7.021091619208164047e-08
1.507474856055068813e-08
8.066008305718241900e-09
1.365541990594465460e-08
6.520575634993974745e-09
5.448685058695446060e-09
8.463541867342883052e-09
2.147535042240633629e-06
2.299874601874307700e-08
1.785750214366998989e-09
7.803169665976383840e-09
1.326452725436411129e-08
9.245889387443639862e-09
6.825938925203445251e-08
3.145007099192298483e-08
2.783087360569425073e-08
6.753376524670784420e-09
5.098195288155693561e-08
3.528775494032743154e-07
5.386813768382126000e-07
4.265154700533457799e-07
6.888230430490693834e-09
1.632781909677305521e-08
2.434180430554988561e-07
2.390516442574153189e-07
1.213567912827784312e-08
8.133435767376795411e-05
6.531694651812358643e-08
2.062461589957820252e-06
6.471773161820237874e-08
9.678914558719498018e-09
6.756356185633194400e-08
6.458636789830052294e-07
1.382885539413791776e-08
6.993224843654388678e-08
6.011199360500540934e-08
8.818859953407809371e-08
5.303860017846773189e-09
5.597019026026828215e-08
3.754807380573765840e-07
5.713637118986980568e-09
1.641926061779486190e-08
1.928975423837187009e-09
2.719379565974122670e-08
8.194779965720044856e-09
3.955844022129895166e-06
7.116465639001035015e-08
4.355089799901179504e-08
2.675339771940343780e-07
1.640802160807197652e-08
2.210678644587460440e-07
9.664211653159782145e-09
2.206593308073934168e-08
2.528629527986936409e-10
4.187729629734349146e-08
1.322567300121590961e-06
1.078206787497038022e-05
6.687290721174576902e-08
6.580061295835548663e-08
1.061908161403835038e-08
4.594522984291415924e-09
5.601621921869082144e-08
8.937968587474642845e-09
1.188164219456666615e-06
5.733605212299153209e-05
3.067305343051884847e-08
2.947193422642158112e-07
1.746807254399129761e-09
8.180350619113596622e-09
3.178251972713042051e-08
1.812273239920614287e-06
1.707547880869242363e-08
8.322368572066807246e-09
2.060701831396727357e-08
5.629593943012878299e-06
2.419135336495514821e-09
7.152878733762690899e-09
4.081049809201431344e-08
1.516966676717856899e-05
2.308299151820847328e-08
1.079385242519492749e-06
5.132918090566818137e-09
2.272350911880494095e-07
4.887163385092208046e-08
1.538342303319950588e-06
1.153261734998523025e-07
1.594961673845318728e-08
1.584908737584100891e-08
7.747049113326909264e-10
2.538102883420378930e-08
5.374411671255074907e-07
1.098778966479585506e-06
1.223407508632590179e-07
3.264044368123109052e-09
1.724804832292647916e-08
4.025380206940099015e-08
5.436417538362547930e-08
4.759865834813581387e-09
4.686187438096567348e-09
2.613546179475179088e-08
4.833458522313094363e-09
2.046600400262832409e-08
9.386194221860932885e-08
3.156359085210169724e-08
9.670224017099826597e-07
2.225537620859086019e-08
2.301950274841146893e-08
3.671468817856293754e-08
8.394687256441102363e-08
1.336740297119831666e-06
4.326623059824896700e-09
1.246032255153295409e-08
8.246334459727222566e-07
1.573321917192060937e-08
2.188017873550052173e-07
1.499173940544551442e-08
4.837590328321539346e-09
1.124055586387839867e-07
2.924807631643489003e-07
3.919156554843539197e-08
1.338511452786406153e-07
3.634317522482888307e-07
1.869991628211664647e-08
1.149563910729511917e-08
1.538876404083566740e-08
3.003764348363802128e-08
4.367617734146733710e-08
1.094620003527779772e-07
1.284887041208548908e-08
1.037875705378610292e-07
1.031498708670142150e-08
1.551783412878648960e-08
5.613822740002660794e-09
2.728410777308454271e-07
1.076749072126403917e-06
5.240801570494113548e-08
9.086236786970403045e-06
4.720911306321795564e-07
2.835834456149655125e-09
2.111659114234498702e-08
2.158262724094583973e-08
4.041426677758863661e-07
1.817085149014019407e-09
3.616653145854797913e-07
3.232491962990025058e-08
2.028957766242456273e-07
1.877812820794133586e-07
2.013649158527641703e-08
8.202849066663020494e-09
1.306637997799953155e-08
3.391745995173778283e-09
1.162849088132134057e-07
2.646229235736541341e-09
4.042322743202930724e-08
1.513118164098159468e-08
4.252281371464050608e-08
6.211237035813610419e-08
4.562850364209225518e-08
9.902415776252837532e-09
5.964567861838077079e-08
1.788273351621683105e-08
1.423751427864772268e-07
7.057210495986510068e-07
1.941986009478569031e-02
3.454254624557506759e-07
9.967160622181836516e-06
2.206977569585433230e-07
3.918796398494350797e-09
1.836716778669256200e-09
6.550777015945641324e-06
1.147441366811108310e-06
1.022801257022365462e-06
4.624153149279663921e-08
3.841709883545263438e-07
3.292904438012556056e-08
3.963826955555305176e-08
1.981092445646481792e-08
1.051404581176029751e-07
5.279468240360074560e-08
1.691022220029481105e-07
1.024359335133340210e-06
2.666003950935191824e-08
4.086697202865252621e-08
2.981600033535869443e-08
4.391888069221749902e-05
8.524034811330238881e-09
2.602205206869712129e-08
4.329079104081756668e-07
8.131266771016498751e-10
1.232601931633325876e-07
2.695763257065664220e-08
3.209454035868475330e-08
1.493735690694109053e-09
1.101229418765115042e-08
4.625403171587549878e-09
2.156718608148366911e-07
2.212147443003686931e-08
3.352520394628299982e-08
2.642450425138775927e-10
1.605976990504132118e-06
6.187584666861312144e-09
2.931107019321643747e-07
3.388023372963289148e-08
1.036750404637132306e-06
1.064136085915379226e-07
4.668240549676738738e-08
1.634804291938962706e-08
7.014060656729270704e-07
1.278594385922815491e-08
1.526383357486338355e-07
2.368448122069821693e-07
1.755351419774342503e-08
7.861029160949328798e-08
1.185117213253761292e-07
1.197052225470542908e-01
6.977939559504875433e-09
2.094717785894317785e-07
3.403269488444493618e-08
3.069412102263413544e-08
9.582184823386796779e-09
5.947126791028267689e-09
3.187940578186498897e-09
4.373844930682935228e-08
5.607744046898233137e-09
3.878322551997825940e-09
1.515324044021326699e-07
6.550861257892393041e-07
1.044367650138156023e-06
2.100588147868620581e-08
2.029882892884415924e-07
9.295754388460863993e-09
1.201054811161839098e-08
1.213511735542738279e-09
1.433427172514711856e-07
7.503161647548495239e-09
7.359959752761824348e-09
6.149139153421856463e-08
2.589257235285913339e-07
1.487002343480980926e-08
2.290908085456067056e-08
4.966255673366504197e-08
4.605420045322716760e-09
1.060567865351913497e-05
8.730897388886660337e-05
7.756663755742465582e-09
6.887616166295629228e-08
3.880282292811898515e-06
8.509694993108496419e-08
1.337835620063287934e-08
9.354774022085621255e-08
1.429632590088658617e-08
3.130094228254165500e-08
2.326139565411722288e-06
1.212106610637420090e-07
5.857792584329502006e-10
3.966793542531377170e-07
1.501342872245459148e-08
1.717526743050257210e-08
1.546868944046764227e-08
3.798490055828551704e-08
1.166026231658179313e-05
1.801931972522652359e-07
2.773231244646012783e-08
1.081598028918051568e-07
7.288675618610795937e-08
3.685725857849320164e-08
1.834646973293274641e-04
2.044037472614945727e-08
3.442663754071872972e-08
1.537850238264582003e-07
5.676133696397300810e-08
1.399713937644264661e-06
9.295364478134615638e-09
1.661927129248397250e-08
7.298357473928263062e-08
6.240473027219195501e-08
2.006047417069112271e-08
1.126959503494617820e-08
3.207031085139533388e-08
2.114804402708614361e-07
5.548430603852239074e-09
1.674664673601000686e-08
2.858168812736039399e-09
3.666066561436309712e-08
3.680021976038005960e-08
4.473103487612206663e-08
4.543412313040562367e-09
5.655703262164024636e-06
4.606868023984134197e-04
1.123427608717975090e-07
4.551830841137416428e-07
9.280417145873798290e-08
1.499119584025265794e-08
8.864763856308854884e-08
2.200117243944532675e-08
1.481318001594900124e-08
7.788998779290068342e-09
4.993570996703056153e-07
6.360254900528161670e-08
3.957292449285887415e-08
1.433570844255882548e-07
1.638610456211608835e-07
4.245199036745361809e-08
1.277397476684427602e-08
5.921225465499446727e-07
3.997621433882159181e-08
2.819194548919767840e-07
8.100856518922228133e-08
2.176621273974888027e-05
1.131987747982066139e-08
2.588318892549068551e-09
2.932799958443865762e-08
4.516309104474203195e-07
2.497585604999130737e-08
5.300060834656505904e-08
3.119114744265516492e-09
2.070793385655633756e-07
1.779261538104037754e-07
1.401736837713940531e-09
1.843561570069596200e-08
9.873772199853192433e-08
1.694480147307331208e-07
6.224421422729164988e-09
1.711804173964992515e-07
1.043219910457082733e-08
2.636957319168686809e-10
6.719981797687069047e-07
2.085749457592100953e-07
3.914972879215383728e-08
6.309374839474912733e-06
3.268723105520621175e-07
5.255544124338484835e-07
1.160785334519687240e-08
3.102562118328933138e-08
8.772234494358599477e-09
1.334397925489838599e-08
6.969652410759863415e-09
1.017218576038203537e-08
1.341892965137958527e-02
3.643421905508148484e-06
2.703193402453507588e-08
8.130991879795601562e-09
6.706446953330669203e-09
4.645351481258330750e-08
2.844948632230170915e-08
2.774158645024726866e-07
8.136797902125181281e-08
2.026367518226379616e-08
4.123670294120529434e-08
5.773530986630248663e-08
1.414119310538808350e-07
5.192950425225717481e-08
8.597040590530014015e-08
1.279008472465648083e-07
8.200658818680039985e-09
2.809636523437575306e-09
4.505418615963208140e-08
1.502819202414684696e-07
2.821004319031317209e-09
1.266722016168841947e-08
4.315704416057997150e-08
7.333605367421114352e-08
6.497855338238878176e-07
4.588129876026414422e-09
3.250141045185728217e-09
1.518817924761606264e-07
1.041034924931238947e-09
8.903768389245669823e-09
1.128196842614670459e-07
9.515140845905989408e-06
1.061717824768493301e-08
2.883477634441078408e-07
8.962175570559338666e-07
3.968765668105334044e-05
2.694510499168245587e-07
1.489868992621268262e-07
1.875742236734367907e-05
4.968584210729432016e-09
4.196923697463716962e-09
6.080935008867527358e-07
1.720421849427111738e-08
8.309441135168071924e-09
3.924729696791473543e-08
8.461235761642456055e-01
4.803325737157138065e-08
2.073317872941515816e-08
2.419269549136515707e-07
1.075634914471379489e-09
2.169123973772002500e-07
5.671447311783595069e-08
3.199723153102240758e-08
2.684997468804795062e-08
1.020812323559994184e-08
9.893501129454307375e-08
1.650431791233586409e-08
1.288159296564117540e-06
5.074356046463890380e-09
5.774836154159856960e-06
8.418735930604270834e-09
2.057555121837140177e-07
1.850088193755539123e-09
5.856905360701603058e-08
8.403350761909678113e-07
9.110452481309039285e-08
2.907118812345288461e-07
5.760031562829226459e-09
6.920259920661919750e-08
1.250511445505253505e-07
8.291682007666167920e-08
6.960688381241197931e-08
8.705794307672931609e-09
2.006700805523564668e-09
6.924643258798823808e-08
5.774213462927946239e-08
2.218333072789846483e-08
1.237731765968419495e-07
4.215279432173701935e-07
1.149534867295187723e-07
5.151012949511368788e-09
3.173751039753369696e-08
4.118725627222374897e-08
4.717994670500047505e-07
1.047363511474941333e-07
7.954557901257430785e-08
8.779754523402516497e-08
3.047206575956806773e-07
6.748682608304079622e-07
2.046221858620356215e-08
1.586468715686351061e-05
3.117152300546877086e-05
1.666541606937244069e-07
9.175127324567711184e-09
5.780215861506121655e-09
3.822508976014660220e-09
1.275514804888189246e-09
6.353337300701866752e-10
2.010512867300917605e-09
3.326881170551132527e-08
1.539147262974438490e-07
2.737312065903552138e-08
2.995365377955749864e-08
3.143854030440706993e-07
8.809205809257036890e-09
1.281477693737542722e-06
1.691310869134099448e-09
1.260710007500165375e-07
9.845990689427708276e-09
1.665281068596868863e-08
7.022561199221399875e-09
2.501822971012757080e-09
1.088823342598743693e-08
9.025986624777715406e-10
1.540300686997397861e-08
9.912318077454074228e-09
9.910936960011440533e-09
4.792533925268571693e-09
4.794746377712044705e-09
1.251577330663167231e-08
1.422326363353931811e-07
1.084378382643080840e-07
1.676352034962746984e-08
1.977864272362239717e-08
2.777413143917328853e-08
6.141461739161968580e-08
1.988667897023788100e-08
3.481252264236900373e-08
1.267497751200608036e-08
2.117228703468754247e-08
1.940340554895669811e-09
6.917273864814887929e-09
5.833133531751855116e-09
3.094463796315949367e-09
5.600966801466711331e-09
6.613337433236665674e-09
4.120611407643082202e-08
1.904252400208861218e-07
9.253317223567592009e-09
6.395801221970032202e-08
1.675329208694620320e-08
7.810637043803581037e-07
1.384457988251597271e-07
8.330484320140385535e-07
9.644894660709724121e-09
1.677525851562222670e-08
5.911323341933893971e-07
2.936001664011200774e-08
3.984017098446201999e-07
1.023458935378585011e-06
3.655823022086224228e-08
2.233604767809538316e-08
1.411331709277874324e-07
1.268422238354105502e-07
1.463475785001833174e-09
5.610892728213912051e-08
4.362611605301935924e-09
2.548855293493801355e-10
3.951884153252649412e-08
1.177460440260347241e-08
1.409907079974459521e-09
4.143109411103296225e-09
1.168067198520361671e-09
2.408174104573390650e-09
4.022454369589922862e-09
1.486930578664669156e-09
5.517109435970724007e-09
1.041857800032630621e-08
5.457408969178345615e-10
8.543326401877493481e-08
2.918821095931889431e-08
