1.242995262273893786e-09
8.126783690443062369e-10
2.946193511377259711e-08
8.781389837508868368e-09
1.873857868872619292e-08
1.814858308080147253e-08
4.718726298591491286e-09
4.932731556550606911e-08
8.239807058885162405e-09
8.099830139940422669e-09
1.820418371600851515e-09
1.345255129514555392e-09
3.019276384463864815e-09
3.010327542796176203e-10
2.759010353514668168e-09
2.334700655026722416e-09
3.092079259303659455e-09
5.446470385805923797e-09
9.606667461525830731e-09
4.332247272031963803e-08
2.708207214041635780e-09
2.416525823889514868e-08
1.047766229334001764e-08
4.737043468594492879e-08
6.047211176252176301e-09
8.336823675847426784e-09
6.055244750058363934e-09
1.143939720726905307e-09
2.486774342003172933e-09
3.820138871901690436e-09
2.284487932158185686e-09
1.655806491918099255e-09
3.467445663929424882e-09
2.099698193092081056e-08
6.590154200125653006e-09
1.818423633892507496e-08
1.013466643939864298e-07
2.752156724739052152e-09
6.431761789826850872e-09
1.503063784547009618e-09
8.479224544721830625e-10
5.531775482126022325e-09
8.949528340629342438e-10
1.046291941975141526e-09
6.882384440132227610e-09
5.158972982144405250e-08
5.247376422268246188e-10
7.057898154805286595e-10
8.495579351119886269e-09
6.557391074579754786e-09
5.584718909545927090e-09
5.836685801341445767e-08
1.010882044738536933e-08
2.307958490987971345e-09
2.086599337758343609e-08
1.645141023409735226e-09
1.068767740974863045e-08
7.127518131255783373e-09
8.128957951214488276e-09
2.045827152130641480e-08
1.071910276095877634e-07
1.098820501255204363e-08
8.633558934434404364e-08
6.816319952918092895e-09
1.146764816439826973e-08
5.328521979208744597e-08
1.612067102030323440e-08
5.747497144881208442e-09
2.022539469237472076e-09
5.279463977103660000e-09
3.815165516840579585e-09
1.204376243180149686e-08
4.692348731794027117e-09
5.291076909941239137e-09
1.902139334930552650e-09
4.776733453226711390e-10
2.361987050392144738e-09
2.572857926708138621e-09
1.367201729607359084e-08
5.984961415350653624e-09
5.603901231943098082e-10
2.553415257011693029e-09
1.912558333927449894e-09
7.941423518786905333e-09
7.406090851702629152e-09
4.403266018471185816e-08
7.809703994610117661e-09
1.103933655599576014e-08
1.130837112839344627e-08
2.148036237770156731e-08
1.140586625147932409e-09
4.061051939174831205e-09
8.299994025406931542e-10
7.104620447506704295e-09
6.502899552174312703e-09
1.683987504996764528e-09
4.397422426194452783e-09
8.115372374106755160e-09
2.028187173763740248e-09
5.910542721920819531e-09
1.317711606496629884e-09
5.960937699001078727e-08
7.985548222677607555e-09
2.196576698310082065e-09
1.077176925434741861e-08
1.095735591150059918e-08
1.385905967765665991e-08
4.186001767436664522e-09
1.029642371364047904e-09
4.041956991329698212e-09
2.402654297739559297e-09
1.649729597374971490e-08
4.911382944783326820e-08
2.550963174030584923e-08
2.790559960885730106e-08
7.576603344716659194e-09
4.974423983838960339e-09
4.270420017604692475e-09
1.370337265882426436e-08
1.072600941398604846e-08
5.479689146881128181e-09
1.012570560732228842e-08
5.158404814409323080e-09
1.021883555551994505e-08
7.024153259038712349e-09
3.640970192009262973e-09
1.079164064776705345e-07
1.243290004282471273e-08
6.945286568083020029e-09
2.222334671841963427e-08
2.462447801221401278e-09
1.922111536600823456e-08
1.115209347091195013e-08
5.327289276380042793e-09
2.236366647423437826e-08
1.943191829667512138e-09
5.784361434280071990e-09
8.570392728834974605e-10
2.600441861844160485e-09
3.105744772469165582e-09
8.818331842519455677e-09
1.263133264650662113e-09
5.589245177795021391e-10
9.364599096173265025e-10
8.046004040807019919e-08
1.151879125416144234e-08
1.035596852716480498e-08
5.204964459437633195e-09
1.365382189533193014e-07
5.969786442960867134e-09
1.008743311103899032e-06
2.301479185007337946e-07
1.446553099526681763e-08
3.169334661379252793e-08
7.034715565623628208e-08
1.911239344565274223e-08
4.941649578427131928e-08
3.087703532855812227e-07
2.007283228522283025e-08
1.383528935861022546e-08
3.042836738131882157e-08
1.777816009962407406e-07
2.978035595901928900e-08
8.578724930430325912e-08
1.341855835335081792e-07
3.094588763019601174e-08
1.742671074111967755e-08
3.224559819159367180e-08
9.835233072408300359e-09
2.030150447751566389e-08
1.374944531562505290e-07
2.581244729071840993e-08
1.396979030232614605e-07
9.376342546829619096e-08
2.534667231657294906e-08
3.298026030051914859e-08
8.549600494234255166e-08
6.513473493896526634e-08
1.965967300066040480e-08
4.480804349782374629e-08
2.036720481157772156e-08
2.242560093179690739e-08
1.877101425407090574e-07
4.669554964920052953e-09
3.453455121871229494e-08
1.096624799856726895e-07
9.829602731770137325e-08
3.529509839950151218e-08
1.434340823891488981e-08
3.041281715354671178e-08
2.191115981986513361e-07
2.594095604990798165e-09
8.008714758034329861e-08
2.908760698971946113e-08
2.589565326616138918e-07
3.174125495775115269e-08
2.243240437849181035e-08
1.966368579076060996e-08
2.400378917855050531e-08
9.714639759295096155e-08
2.302767825312912464e-07
2.626985633469303139e-07
2.529833693643013248e-07
2.723023726503015496e-07
2.039029389777624601e-08
8.177114807494945126e-08
1.927302228921234928e-08
3.999908670948570943e-08
5.632287525259016547e-08
1.604805355270855216e-08
3.391035008348808333e-08
1.663289452835670090e-07
2.014154745211271802e-07
1.007856127444028971e-07
1.287199182797849062e-07
5.285809123733997694e-08
2.794733745759003796e-06
5.531612714548828080e-07
8.916627081134720356e-08
1.686054851290919032e-08
3.573356366359803360e-08
3.976494866719804122e-08
1.544524081964482320e-07
7.890892561590590049e-08
4.237399409134923189e-08
2.043601341483736178e-07
6.000241370429648669e-08
1.604478825356636662e-07
6.794237350504772621e-08
1.326970533455096302e-07
1.246809322452691049e-08
4.533910953341546701e-07
5.148349941919150297e-07
2.890586969783726090e-08
2.253412212382954749e-08
1.700300771290130797e-07
1.317644304776877107e-08
3.275520654710817325e-08
5.531549049919703975e-07
9.122470601141685620e-07
5.990540898892504629e-07
1.515212346703265212e-07
2.828995881998253026e-08
1.150605015709516010e-07
3.546209086380258668e-07
3.690452388127596350e-08
4.194603420160092355e-08
1.702441977613489144e-06
1.488851637532206951e-07
5.226569754768206622e-08
3.200516118795349030e-08
1.500355750749804429e-07
2.985081692941093934e-08
4.086111715650986298e-08
1.194496235257247463e-07
2.735333559655828140e-08
1.713946886638950673e-07
2.180640876758843660e-07
1.048411846227281785e-08
1.911239344565274223e-08
1.626874990279247868e-08
3.422301730893195781e-08
2.490999406745686429e-09
3.662117009639587195e-08
2.294555940807185834e-07
1.061942853652908525e-07
1.110959058081562034e-08
1.497761559221544303e-08
3.272598192438636033e-08
2.409681876258673583e-08
1.281401473818277736e-08
1.555668127650733368e-08
4.154156840741052292e-08
2.385276047789375298e-07
9.037548487356161786e-09
1.315964048842488410e-08
3.591619224252440290e-09
1.444419250873352212e-08
1.576304242689730017e-08
6.258881768417268177e-08
3.725723018987991964e-08
8.324875011567201000e-09
6.693653631373308599e-09
1.144338956926560513e-09
6.521186435293202521e-08
4.478444282085547457e-09
2.853206115815964949e-09
2.323647718682764207e-09
1.040739316948702253e-08
1.127320459204383951e-08
4.586904189807228249e-09
3.131028991631978897e-09
3.055262709494854789e-09
1.048629405531187331e-09
5.862097474107486050e-09
1.395471684872973128e-07
9.529344424663577229e-09
5.563135019315268437e-08
8.879836421726849949e-09
3.247867397249137866e-08
2.381584041089013226e-09
2.352329886434745276e-09
1.165250385071203709e-08
1.747146538555455209e-09
4.507650253060546675e-09
3.816009730428504554e-09
1.635907942443282082e-08
1.476346933593220001e-09
6.501582050510990030e-10
8.713417543049217784e-09
4.743967441100949145e-09
8.468949097562017414e-09
4.154337318595935358e-09
2.188513814616044328e-09
1.792702164493675809e-08
3.352293775904513495e-09
2.561164891279332778e-10
4.178870138815682367e-09
1.828442730555934759e-09
4.253259966446876206e-09
4.196642144904672023e-09
5.786171097810210995e-09
2.706368906757461446e-09
1.303167240784830483e-09
3.816752247587373859e-09
7.617519393043892251e-10
3.154863925658446533e-09
1.319046871728346559e-09
1.618082334786663523e-09
2.547271504838022338e-09
1.962906281960385968e-08
6.118649054087654804e-08
1.622972201076322563e-09
9.775591003347017249e-09
4.637108474980777828e-08
1.977060470892411104e-08
3.904673206989173195e-08
2.886361372134160774e-08
6.550828324236590561e-09
8.979728960412103334e-09
8.497649162109155441e-08
1.613752829143777490e-06
1.749037892295746133e-08
5.375827427656076907e-08
8.156946229576078622e-09
6.450424052673042752e-07
2.581993285843964259e-08
4.538848585866617213e-08
9.414350898850898375e-08
4.272165554652929131e-08
2.073902471977362438e-08
2.809464216824153482e-09
1.556646700429098473e-09
3.774756507368692837e-08
1.714475850178587280e-08
1.936097930865798844e-07
9.758745989074668614e-08
2.885034788846496667e-08
5.473344231177179608e-07
2.732282844419842149e-08
2.512136276777710009e-09
7.767321221763268113e-07
3.860170636471593753e-07
7.644533894790583872e-08
2.804374510390061914e-08
4.279733900602877839e-08
1.480555056332377717e-08
3.810120574598840903e-08
1.012356154461713231e-08
9.559381730639415764e-09
8.143731911047780159e-09
2.144867572440034564e-08
1.964519498187655699e-07
3.998161801632704737e-08
2.805155396856662264e-08
4.691527522027172381e-08
2.698662626698933309e-09
4.230274797123456665e-09
9.703588155218767497e-09
1.888881495659688881e-09
1.642987612626711780e-08
1.615116151931772492e-09
6.430952215197294208e-09
5.784427603572339649e-09
1.913901481742641408e-09
4.416572707555133093e-08
1.004537342197409089e-08
8.579003463182743872e-08
4.611242161445261445e-07
2.250491526467612857e-08
1.344973732386733900e-08
6.303220345671434188e-08
8.277312169013839593e-09
3.983976204491312956e-10
5.366576161236480402e-08
1.102096991445478125e-08
1.767916701922445100e-09
2.990288239246297053e-09
2.929551179420286644e-08
2.441761921545548830e-07
2.132099865548298112e-07
5.961771307738672476e-07
4.402336344355717301e-07
8.155911359608580824e-07
2.120768840541131794e-06
2.739706360443960875e-06
9.493297703500047646e-09
2.254425198771059513e-04
8.943070497480221093e-06
2.257045025544357486e-06
2.023156753239163663e-07
7.805683210904135194e-09
8.062406777753494680e-07
3.475346588288630301e-08
4.748942785681720125e-07
6.015252438373863697e-06
2.854341403235594044e-07
5.053333734394982457e-05
4.365292838315326662e-08
9.652713295338344324e-09
3.267787462846172275e-07
1.855454797805577982e-06
3.153163063984720793e-08
6.616276095883222297e-07
1.151100718743691687e-06
2.505424390619737096e-06
8.536866147323962650e-08
2.754861725406954065e-07
3.934357835078117205e-07
4.481710647041836637e-08
1.500101092233308009e-07
4.319785862350045136e-09
6.236003002868528711e-08
1.515283720721072314e-08
1.363870527626431794e-08
6.955424680654687108e-08
3.171339358232216910e-06
2.425704224151559174e-06
2.599659332247483690e-08
7.717871426393685397e-07
7.840367288736160845e-07
3.098021466030331794e-07
3.792445966155355563e-07
2.721525449445039158e-09
1.643985285681992536e-07
4.948327259057805350e-08
3.489921880373003660e-07
4.256362018395520863e-08
6.824296860941103660e-08
9.333928574051242322e-06
3.036055602478882065e-07
5.572278283239029406e-08
5.990032025948721639e-09
2.127926563844084740e-06
8.726824307814240456e-05
1.161538634164571704e-07
1.394055146874961792e-07
1.161276827588153537e-06
2.686757909486914286e-07
1.230451118772180052e-07
1.853833566656248877e-07
3.291605423783039441e-07
7.477760988194859237e-08
5.433663829990109662e-08
3.438777795850000985e-08
4.764947618696169229e-07
1.845340557338204235e-05
1.390132098322283127e-07
2.651107934070751071e-06
4.125350727690602071e-09
8.960784336764504587e-10
2.837408601408242248e-07
4.583314421324757859e-07
1.675066663153756963e-08
2.581628955056203267e-08
1.170772179648338351e-06
8.159584012901177630e-07
2.555079277044569608e-07
1.666564344304788392e-06
3.087275445068371482e-06
1.649960950089734979e-06
8.834530973444998381e-08
5.026619191994541325e-07
2.471284403782192385e-07
2.551529121319617843e-07
3.251301095019698550e-08
3.638401580019490211e-09
1.439921902601781767e-06
1.024428826212897548e-07
4.864811558036308270e-07
1.742535573612258304e-07
1.372800966237264220e-07
2.807537313742614060e-08
1.390651060972913911e-08
6.645946903915955772e-09
2.154247980001855467e-08
2.307647051225103496e-08
1.945611074916087091e-06
3.271438981755636632e-05
4.150790999801756698e-08
3.277449645011643042e-09
1.762921328918309882e-07
1.879681121863541193e-07
5.455419938016348169e-08
9.613646057005098555e-08
4.261983832520854776e-08
1.433528069583189790e-07
1.146215566905084415e-07
1.783341474492772250e-07
1.668553750278078951e-06
3.015139009221456945e-05
2.305990619788644835e-06
1.783401870625311858e-08
6.250185435874300310e-08
1.517672899353783578e-06
1.430952579539734870e-06
4.001341036286021335e-09
1.251896494068205357e-03
2.552410194311960367e-07
7.539777016063453630e-07
7.782725930383094237e-08
5.454306517549412092e-08
1.573769452534179436e-07
8.665610380376165267e-07
6.577016620212816633e-08
3.170357842918747338e-07
5.781956815553712659e-07
1.685665012018944253e-07
2.909887264479493751e-08
1.733395649239355407e-08
4.324027145230502356e-07
1.089072938498247822e-07
1.131555649180882028e-08
4.466671477132422297e-09
4.901023942238680320e-08
2.523909081730835169e-08
3.356375964358448982e-05
1.785036261026107240e-07
6.518665713883819990e-07
9.655968824517913163e-08
1.005276317300740629e-06
1.317765054409392178e-06
2.874324600554700737e-08
4.665924890900896571e-08
9.762431973925345119e-10
7.085265707473809016e-08
2.324258730368455872e-06
7.297166157513856888e-04
1.391309183418343309e-06
5.083363951996489050e-09
7.401497015280256164e-08
4.055465652186285297e-08
6.283654130356808309e-08
1.089431265199891641e-07
2.530956044211052358e-05
2.810113131999969482e-03
4.740478232179157203e-08
3.995634870079811662e-06
3.621135169495914852e-09
3.983942065133305732e-08
4.794873689206724521e-07
5.543296538235154003e-06
8.850680188743353938e-08
3.543073745504443650e-08
9.360907604616386379e-09
1.345256023341789842e-04
1.331562682338471859e-08
6.781513572917674537e-09
3.132250867565744556e-07
2.383356877544429153e-05
9.960743341252964456e-08
1.027236612571869045e-05
4.688296417754145295e-09
1.627291794648044743e-07
7.262798362717148848e-08
2.550078079366357997e-06
5.729859253733593505e-07
1.805780769359444093e-08
1.534178863948909566e-07
1.631253176981317665e-08
1.225291725859278813e-07
4.122061000089161098e-06
1.465848185944196302e-06
1.088003571680928872e-07
6.765325633040220055e-09
2.381303865206518822e-08
1.800176960387034342e-06
1.561516285164543660e-07
4.938405684384861161e-09
2.743432148122337821e-08
4.141869780482920760e-08
3.648417390422764583e-08
7.999485518439541920e-08
2.925836497524869628e-07
1.142562595646268164e-07
7.590659606648841873e-06
6.527071860773503431e-08
3.281553517808788456e-07
3.962104244692454813e-07
9.255869315438758349e-08
3.163177552778506652e-06
4.218207294570675003e-08
2.246747499157208949e-08
1.506396642980689649e-06
1.943467076159777207e-08
5.978772037451562937e-07
7.100732890563676847e-09
8.172565735264925024e-09
8.266141549029271118e-07
2.027252548941760324e-06
5.234620914507104317e-08
3.753503108328004600e-07
1.461505689803743735e-06
4.140843401501115295e-08
2.487700712094920164e-08
2.644403451768084778e-08
3.469022047397629649e-08
8.148133190388762159e-08
7.981829241998639191e-08
2.164672885385243717e-08
1.709968273644335568e-07
8.437078236056549940e-08
1.942126601761628990e-07
3.089827060875904863e-09
7.626956175954546779e-06
1.308143237110925838e-05
6.448123599511745851e-07
5.151169170858338475e-05
3.646647201094310731e-06
2.920011787921339419e-08
9.374312526233552489e-08
4.249904961284300953e-08
2.285005621160962619e-06
2.939144039260099817e-08
7.584106924696243368e-07
3.863719655328168301e-08
2.550769977460731752e-07
5.223358812145306729e-07
7.290751824484686949e-08
6.832681087587388902e-09
3.295888006960012717e-08
1.225855594810809635e-08
1.327432528341887519e-07
3.343764021224160388e-08
2.075121230404874950e-08
6.228211191228183452e-08
3.515910762530438660e-08
2.036809831906793988e-08
8.883482394139718963e-08
1.409216476844221688e-08
3.345736843129998306e-07
2.751506258391600568e-07
1.299918494623852894e-06
3.653938165371073410e-07
1.025680731981992722e-02
2.767306170881056460e-07
8.411298040300607681e-06
3.879681571561377496e-06
1.657719295167225937e-08
3.405766779707164460e-09
1.011506101349368691e-04
6.828171535744331777e-06
4.966233291270327754e-07
5.833499585605750326e-07
9.828942211242974736e-07
3.954603471356676891e-07
7.253454015199167770e-08
5.164535465951303195e-08
1.533497993477794807e-06
3.530479375513095874e-08
6.228493703019921668e-07
1.395946242155332584e-06
2.100967293472422170e-07
3.784280693253094796e-07
1.357066814478002925e-08
2.833844628185033798e-03
1.887157630164892907e-08
1.283901784887575559e-08
1.401310896653740201e-06
2.195035264662692498e-09
5.103383671212213812e-08
1.144837895594719157e-07
2.080161038975347765e-07
3.269925663573758357e-09
2.703842305606940499e-08
2.957826161775756191e-08
5.111981238314911025e-08
6.655534434685250744e-08
3.575870550776016898e-07
2.622322359258077995e-09
8.908540394259034656e-07
2.233954745634036954e-07
1.497487467361224844e-08
1.061652241673982644e-07
1.124274604080710560e-06
9.968408676286344416e-07
5.828075444469504873e-08
5.171845174345435225e-08
5.701316240447340533e-06
1.788839121275032085e-08
7.306802984885507612e-08
1.095515244742273353e-06
5.108555356514443702e-08
1.138164691383281024e-07
1.192648142023244873e-06
1.070191413164138794e-01
2.299869450439473439e-08
2.159839596060919575e-06
3.880232668507233029e-08
4.224648719741708192e-08
3.502490741880137648e-08
5.652790235899374238e-08
6.709132360782632531e-09
1.449615609772081370e-07
3.224381472932691395e-08
1.478783389075033483e-07
1.178621914732502773e-06
9.835473974817432463e-06
3.686308673422900029e-06
6.529855056669475744e-08
7.322114470298402011e-08
4.606385051175720946e-09
3.309621021685416054e-08
4.615963167253767097e-09
1.584994379300042056e-06
8.134293238981626928e-09
5.739968855777988210e-08
1.760845520948350895e-06
8.181054766964734881e-08
1.102227376037490103e-08
4.317578294887880475e-09
1.081247091860859655e-07
3.116818447779223789e-07
7.519593054894357920e-05
4.023856308776885271e-04
4.882093662672559731e-08
6.091578939049213659e-07
1.208431967825163156e-06
3.074004695235998952e-08
1.309978880925655176e-08
9.423018809684435837e-08
1.304051266970418510e-07
8.757667302461413783e-08
3.657367187770432793e-06
3.806852191701182164e-06
1.383629300022448660e-08
1.204778925512073329e-07
3.512565882601847989e-08
3.500006329204552458e-08
3.722675856465684774e-08
2.841011159659956320e-08
5.538255663850577548e-06
1.539565204211612581e-07
6.337511138099216623e-08
7.588238304379046895e-07
5.099059762869728729e-06
3.981564589139452437e-08
3.758129850029945374e-02
5.869121011414790701e-08
1.885831807157956064e-06
1.358031340714660473e-06
8.257644878995051840e-08
6.082096660975366831e-06
1.629353185705895157e-08
2.732328709953435464e-07
6.880078018411950325e-08
5.072112330140043923e-08
9.807251188931331853e-08
6.946263653162532137e-08
5.953983617246194626e-08
1.368672087664890569e-06
1.190669038919622835e-07
2.061031345590436104e-08
1.271519245449326263e-08
3.311870671041106107e-07
6.572513910896304878e-08
3.008414921623625560e-07
1.175339736647629252e-08
2.960789743156055920e-06
3.394912055227905512e-04
2.822707472205365775e-07
3.193238626408856362e-06
1.470570225592382485e-07
7.401994572830972174e-09
7.160161885622073896e-08
3.213986232708521129e-08
1.794169790514388296e-08
3.878656684719317127e-08
2.932903043983969837e-06
2.488470727257663384e-07
5.064200436777355208e-08
2.551811348894261755e-07
3.188544610566168558e-07
3.109031467829481699e-07
2.039464952474645543e-08
1.406201363352010958e-06
5.969212111267552245e-07
8.568493399252474774e-07
1.850168729333745432e-07
3.235617259633727372e-05
3.135231807505078905e-08
1.166319929524206600e-08
2.084967292148576234e-07
2.666254886207752861e-06
5.129009394977401826e-08
3.489842015369504225e-07
9.933569522502239124e-09
1.458500264561735094e-05
2.339726279387832619e-06
1.611165423298643873e-09
1.902304376244501327e-07
6.802620333701270283e-08
1.270999928237870336e-05
1.776550817567112972e-08
7.257049219333566725e-07
2.093048756535154098e-08
1.150982531505917450e-09
1.036747107718838379e-06
3.494084808153274935e-07
1.718442263154429384e-06
1.691212310106493533e-05
8.079617828116170131e-07
2.554545801558560925e-07
1.375362135291879895e-08
1.465618169049776043e-07
1.123313175810380926e-08
2.735641224660412263e-08
2.176687807775579131e-08
9.083239937979215028e-09
4.461027979850769043e-01
1.373021041217725724e-05
4.072549941724901146e-08
5.304443106979306322e-08
3.298310957688954659e-07
1.800718649747068412e-07
8.263292983201608877e-08
8.242690796578244772e-07
3.560085417575464817e-07
7.135516177925183001e-09
7.238500643325096462e-08
1.289415649807779118e-07
1.516078071972515318e-07
1.791256387662087946e-08
5.493495436326156778e-08
1.929068673689471325e-07
1.405490568373579663e-08
4.500940065099712228e-09
5.468387485052517150e-07
1.677298200775112491e-06
9.867984651634742477e-09
2.786092601070322416e-08
3.264024996951775393e-07
1.707926031713213888e-07
1.037758124766696710e-06
5.919834507039922755e-07
4.812935827658293420e-08
1.477821882645002916e-07
1.271846716832669699e-08
3.757007505100773415e-08
6.334976774269307498e-07
3.453332101344130933e-05
3.948365190353797516e-08
1.094479813446014305e-07
1.253413665835978463e-05
1.509066321887075901e-03
9.622260222386103123e-06
5.821112267767603043e-07
1.323621254414319992e-03
1.115881786972749978e-08
6.153038611955707893e-08
1.291055355068237986e-06
7.545845193135392037e-08
8.782163973819478997e-08
8.574414778195205145e-08
3.863025605678558350e-01
1.484646219296337222e-07
1.796902537876121642e-08
1.000954171104240231e-06
1.349249068027802423e-08
7.325973570004862268e-07
3.264018744175700704e-07
9.280157797775245854e-08
1.113227199311950244e-07
1.321782505669943930e-08
1.113733219426649157e-06
4.529128716512786923e-08
1.710069409455172718e-05
3.417605398681189399e-08
2.460411906213266775e-06
2.492754269667329936e-08
4.790509251506591681e-07
1.300649987712176880e-08
1.224520786990979104e-07
1.888083858148092986e-07
6.394533897946530487e-07
9.826665063883410767e-07
2.244511421167771914e-08
8.033468645862740232e-08
1.522735004755304544e-07
5.788746548773815448e-08
7.165145348153600935e-07
5.939414648992169532e-08
8.100959014711861528e-09
1.491833501177097787e-07
1.863319880612834822e-07
5.131171576522319810e-08
1.031833107845159248e-06
1.021810902557263034e-07
1.057323288478073664e-06
1.153899997774487929e-08
5.124677215917472495e-08
6.161388910186360590e-08
7.952310454584221588e-08
1.846810562255996047e-07
2.841277932930097450e-07
8.314516890095546842e-06
1.148197384281957056e-06
1.772795371834945399e-06
4.840572742637050396e-08
3.155225203954614699e-05
6.926633795956149697e-05
6.579786600013903808e-07
1.464883769841662797e-08
4.966867361844151674e-09
2.588130598724092124e-09
1.873531774165826391e-09
1.726847664862418696e-09
2.580770930293851961e-09
3.614822574604659167e-08
2.556714946422289358e-07
1.113279601838712551e-08
4.181343626896705246e-08
2.133123047087792656e-07
3.464116105078574037e-08
6.465007231781783048e-07
3.621480670901178200e-09
6.250304807053908007e-08
1.294270202123470881e-08
4.196796155042648024e-08
7.561401282885071851e-09
5.376398437562102117e-09
1.125228088483254396e-08
1.795024462403205234e-09
9.134405232202880143e-09
1.424743167888209427e-08
1.264657445432249006e-08
1.178588071581998520e-08
2.157945289127383148e-08
2.187100278661091579e-08
2.665860776573936164e-08
1.384355954314742121e-07
9.833844849538309063e-09
8.109244831189243996e-09
8.192214018265531195e-09
6.437281996340971091e-08
8.783818117308328510e-09
3.916562718586646952e-08
5.265171765245213464e-08
2.951453836885775672e-07
7.739666685324664286e-09
1.742621158484780608e-08
5.901562261101389595e-08
4.771918415968912086e-09
1.155639939298680474e-08
8.604268408873849694e-09
6.351464065801337711e-08
1.095174226861672651e-07
1.871068633363393019e-08
9.540688949982722988e-08
5.731372265671552668e-09
1.264859747607260942e-05
7.804223969287704676e-07
4.323297559949423885e-07
2.981110114319562854e-08
4.696514466218104644e-08
1.373667373627540655e-06
1.022498139491290203e-07
1.102830879062821623e-06
4.692102777426043758e-07
1.269144149773637764e-07
2.444807023493922316e-07
3.598132991555758053e-07
2.732466839461267227e-07
3.674401227726775687e-09
9.878517204242598382e-08
4.717079615801367254e-09
1.089221379757532304e-09
1.373074667299079010e-07
3.705772755324687751e-08
3.928673830699835889e-09
3.151250993482790363e-08
1.080889266980022967e-09
8.212427182741066645e-09
5.496668009641325625e-09
1.987388476010210070e-09
3.460563036128405656e-08
4.099617001429578522e-08
4.706654621600137034e-09
8.997641032237879699e-08
1.817754657906789362e-08
