2.637583484954575397e-08
6.355585924211482052e-08
1.461162213445277303e-07
7.985019578882202040e-08
4.323481661572259327e-08
5.211465392562786292e-08
1.518064074446101586e-08
5.635768047795863822e-07
8.261796580200098106e-08
1.719362927588008461e-07
1.217205092274298295e-08
1.020831685849543646e-08
3.233219203480075521e-08
4.817572119009128073e-09
2.320318692738965183e-08
3.431381045970738342e-08
1.475379551862943117e-08
1.923270609438532119e-08
2.215246475145704608e-08
2.590473435759577114e-08
1.862690268694677798e-08
2.249328900916225393e-08
5.969301497543710866e-08
1.682673058667205623e-07
1.547031125426201470e-08
4.750970816758126603e-08
3.362907818882376887e-08
2.799410125930990034e-08
4.555536392558678926e-08
1.293665796708864946e-08
3.482320920511483564e-08
3.106272572495072382e-09
1.914110647760480788e-08
3.048966235041916661e-08
4.854683766097878106e-08
5.082213760942977387e-08
8.587998081566183828e-07
1.564133782494536717e-07
2.369782059474800917e-08
2.052115632977802306e-08
4.597020986096822526e-09
5.038693018377671251e-08
6.263985330434707066e-09
2.603009185975224682e-08
4.347495519141375553e-08
7.550482195028962451e-08
3.388977987128782843e-09
5.670438341098815727e-09
2.467762705293807812e-08
2.302140273968689144e-07
3.035747653257203638e-08
3.236978898257802939e-07
1.775798885716994846e-08
3.947130977621782222e-08
2.842089941168524092e-08
8.752395252997757780e-09
7.989388706164390896e-09
1.225778767377505574e-08
4.644297035838462762e-08
4.015618060293490998e-08
3.293153554295713548e-07
7.324137296649269047e-09
1.831413385389168980e-07
3.115356719263218110e-07
5.350387866087658040e-08
2.629315787316954811e-08
7.465206408596714027e-08
6.879488978484005202e-08
1.097854962495148357e-08
4.154450650162289094e-08
3.217789767973044945e-08
8.053758904225105653e-08
2.680719290992783499e-08
5.921989298940388835e-08
1.722342268806187349e-08
1.479581346330860470e-08
7.691839165602232242e-09
3.226059863692398721e-09
2.427030310059308249e-08
2.748072702729587036e-08
1.798967197430556553e-08
8.154676045535325102e-09
2.622289230203023180e-08
8.258739825350858155e-08
3.632662526342755882e-08
2.148770050780512975e-08
1.135554086317824840e-07
5.005655268064401753e-08
1.650146117526674061e-07
7.610005781089057564e-08
4.158620825478465122e-08
4.038476575374261301e-08
5.200936126215083277e-09
6.125703322368281079e-08
4.904578787545688101e-08
1.371888291856748765e-08
6.904490845727195847e-08
8.818652474928967422e-09
5.144678905111277345e-09
4.074329496006612317e-08
3.225028066822233086e-08
1.630527748375243391e-07
8.409510598994529573e-08
2.445771940529084532e-08
2.345785787838394754e-08
1.514203518127033021e-08
5.388547563711654220e-08
1.734979520051638247e-07
5.016682624869872598e-09
3.936131776072215871e-08
8.953990437987613404e-09
2.437965918034024071e-08
1.000249696403443522e-07
4.874288350720235030e-08
3.721583041738085740e-08
1.095660628891437227e-08
3.708884221964581229e-08
1.282005701597199732e-08
6.622112636023302912e-08
7.591218320612824755e-08
5.127792590542412654e-08
1.609912487765541300e-07
1.290494680006304407e-07
6.394995466507680248e-08
3.555333805138616299e-08
2.928048914441205852e-08
1.506776925452868454e-07
2.242629015825059469e-08
1.609010880088135309e-08
6.158106202747148927e-08
7.614013242118744529e-08
3.980821006166479492e-08
2.117718338467966532e-07
1.322279619131450090e-08
4.041426393541769357e-07
6.724535950297649833e-08
3.051008334864491189e-08
6.307818711803747647e-09
7.369187926542508649e-09
1.859967468931245094e-08
4.892320859539722733e-08
6.769431681874493734e-09
3.646099422383031197e-09
3.171191309547793935e-08
2.197383963675747509e-07
6.389765161429750151e-08
3.020954864041414112e-08
1.569865659689639870e-08
2.972637389575538691e-07
1.905234192633997736e-08
3.746167749341111630e-06
9.829079772316617891e-08
5.115152390544608352e-08
9.095285946614239947e-08
2.254793969314050628e-07
1.845332064931426430e-07
1.122412385257121059e-07
1.608841273537109373e-07
5.620853826826532895e-08
2.269985515113148722e-07
9.135195000453677494e-08
4.675714535551378503e-07
1.915154257403628435e-07
3.589472896692313952e-07
1.986057185376921552e-07
1.449119508833973669e-07
7.951856417776070884e-08
7.921399713950449950e-08
2.257746274381133844e-07
2.517773509680409916e-07
7.555953516202862374e-07
1.568574816701584496e-07
8.594548006612967583e-08
1.412561090319286450e-07
8.109559246349817840e-08
1.070715072160055570e-07
1.455424012419825885e-07
6.223934860827284865e-07
3.545333981946896529e-07
1.842130217255544267e-07
6.875776392689658678e-08
1.340520867643135716e-07
1.486559000341003411e-07
2.717985694289382081e-07
1.629114905199458008e-07
9.614748819330998231e-08
1.530595739041018533e-07
1.867335299721162301e-07
2.325929813196125906e-07
2.866158297365473118e-07
2.276636905662599020e-07
2.647693406743201194e-07
6.596786761292605661e-08
4.323417783780314494e-07
1.898037282899167622e-07
1.131946092414182203e-07
7.835072324269276578e-08
8.122427743728621863e-07
5.158292992746282835e-07
3.490465303457312984e-07
7.221584610306308605e-07
1.532512072799363523e-07
1.988297981370124035e-06
1.061530497281637508e-06
4.295599964621032996e-08
4.398837063490645960e-07
1.233257421517919283e-06
9.002445153782900888e-07
3.159991138090845197e-06
1.192714421449636575e-06
7.534353017035755329e-07
1.561433919050614350e-06
7.428445201185240876e-07
4.456397562080383068e-07
4.766866368299815804e-07
5.106683147459989414e-07
3.382163868081988767e-06
1.065302171809889842e-06
2.514272523512772750e-07
3.292362293905171100e-07
5.151184723217738792e-07
8.816703029879136011e-07
3.662119354430615203e-07
5.590971454694226850e-07
9.840592838372685947e-07
3.714029332968493691e-07
4.044105992306867847e-07
2.310119242565633613e-07
1.706243892840575427e-06
4.663245931624260265e-07
1.157102502702400670e-08
5.724867833123425953e-07
8.692777555552311242e-07
1.193377670460904483e-06
1.471751858161951532e-07
1.422240814008546295e-07
1.662939297375487513e-07
6.074972702663217206e-08
1.344636530120624229e-06
5.897582582292670850e-07
2.550352178332104813e-07
1.950133707850909559e-07
5.933388820267282426e-07
6.977033422117528971e-07
6.390054068106110208e-07
1.915481391279172385e-07
2.126578806382894982e-07
2.615640369185712188e-06
5.426143729891919065e-07
9.526807076554177911e-08
1.175469463987610652e-07
3.041663489966595080e-07
1.733489227717655012e-07
2.518770259030134184e-07
4.909466611024981830e-07
1.196026687466655858e-06
1.462412001274060458e-06
3.955343856887338916e-07
9.078724616529143532e-08
3.065673226387843897e-08
8.911196403005305910e-08
4.259562658148752234e-08
6.012677999933657702e-08
1.835672946981503628e-07
9.305382064894729410e-08
1.932086775013885926e-07
4.307069545461672533e-08
6.747826546416035853e-07
9.386149457668579998e-08
8.967231934775554691e-08
4.904980954734128318e-08
1.093275088237533055e-07
1.231860267125739483e-07
4.351586085249437019e-06
3.107038892835589650e-08
1.421036870397074381e-07
4.374854256639082450e-08
1.421242927790444810e-07
1.276983230269479463e-08
3.793840974708473368e-08
3.086208550939772977e-07
8.638148329964678851e-08
3.694419490329892142e-07
4.984257628848354216e-08
3.396060037630377337e-07
6.007874731039919425e-08
4.261464070509646263e-08
7.617644826041214401e-08
3.563333166312077083e-07
1.306710029069790835e-08
5.892806953511353640e-08
4.519136709291160514e-08
7.165963467059555114e-08
8.553985075820946804e-09
8.416538577193932724e-08
9.010768167172500398e-07
1.645364164915008587e-07
1.822235446979902918e-07
1.991439688708851463e-07
1.157219031711065327e-07
7.606084651001765451e-09
2.413859334637891152e-08
1.823380202381486015e-08
1.040777242167223449e-08
2.970661050483158760e-08
4.949480114646576112e-08
1.112708361006298219e-07
2.206824589734424080e-08
5.468382635598345587e-09
3.689720884381131327e-08
2.167462120894469990e-08
1.625888934597696789e-08
2.444563840242608421e-08
1.505173585769625788e-08
2.007298860462469747e-08
1.273046024152790778e-08
2.140584776100240560e-08
3.000763371119319345e-08
9.261914790670289221e-09
7.891130415771385742e-09
9.680371171327806223e-09
1.795820203653875069e-08
2.331689508139334066e-08
1.645966847263480304e-07
2.509210839107822721e-09
1.680103345336192433e-08
4.904351591505928809e-09
2.508556562474950624e-08
4.822346255650700186e-08
1.931722692916082451e-08
2.082087569021950912e-08
7.402395141298256931e-08
6.378951411534217186e-08
1.657254777853722771e-08
2.507680108010390541e-07
6.020458442890230799e-08
2.945918886609888432e-08
2.343975324947678018e-07
2.838319623776897060e-08
4.927382590835804876e-08
1.419400774693713174e-07
5.978459398647828493e-07
1.313666615487818490e-07
5.537736456062702928e-07
1.139015139983712288e-07
3.479768338365829550e-06
3.055015724839904578e-07
1.230131715601601172e-06
2.677127319827832252e-08
3.697583039752316836e-08
2.378990160423199995e-07
3.052964103744670865e-08
4.167736733506899327e-08
4.789849583630712004e-08
1.174475556808829424e-07
1.289118358727137093e-07
1.368421038705491810e-07
1.340290651796749444e-07
7.876367646986182081e-08
2.089638506674873497e-08
2.659817432970612572e-08
1.391742756595704122e-07
6.460586376988430857e-08
6.440236433036261587e-08
2.644913443816676590e-08
8.954951624673412880e-08
7.886679753710268415e-08
1.156879179120551271e-07
8.091817882416307839e-09
9.448378790466449573e-08
7.418776704071206041e-08
2.168015242887122440e-07
9.536875040794257075e-07
5.457463316815847065e-07
5.916401235595003527e-08
5.369577493752331065e-08
2.395097276064461767e-08
3.543081206203169131e-08
2.981161628667905461e-08
5.292322668992710533e-08
1.139612706424486532e-07
1.744300703876433545e-08
1.801762472553036787e-08
1.725485709869190032e-08
2.160688694630152895e-08
9.293547122979362030e-07
2.050520606644568034e-07
2.013464772687711957e-08
5.366761257619145908e-08
1.944017213872939465e-07
3.047425423119420884e-08
1.978493315846208134e-07
4.172357748188915139e-08
3.772466339313496064e-09
1.169950252233320498e-07
2.165872245996069978e-07
1.161491702816874749e-08
5.684063708599751408e-08
5.611435653918306343e-07
7.942731627963439678e-08
4.365612653600692283e-07
2.893313819640752627e-07
5.609654181171208620e-07
5.901647881501048687e-08
8.392284911451497464e-08
1.121544073612312786e-06
5.098914002132914902e-08
3.941423346986994147e-05
9.881510777631774545e-05
1.376271711706067435e-06
1.601761482561414596e-06
1.075121005555956799e-07
1.474430973757989705e-05
2.078543417383116321e-07
2.217704832219169475e-06
1.288702264901075978e-06
2.502507641111151315e-07
8.424984116572886705e-05
3.911501522679827758e-08
4.066899350618768949e-08
8.734319294489978347e-07
5.031404270994244143e-06
1.014849004832285573e-07
3.546646212271298282e-07
4.722887751995585859e-07
4.870313432547845878e-07
7.061949531816935632e-07
1.857097913671168499e-06
1.622485910957038868e-06
3.161047459343535593e-07
5.329496275408018846e-07
3.788808200511084578e-08
7.867809159733951674e-08
1.420809354613083997e-07
8.478975388470644248e-08
1.456343170502805151e-07
1.194071592180989683e-05
1.066430513674276881e-06
3.471584264502780570e-08
2.046265876742836554e-07
4.878667141383630224e-07
1.306975605075422209e-06
7.798029173500253819e-07
1.263488424996239701e-08
5.721101956623897422e-07
2.800872209718363592e-07
5.225587074164650403e-07
5.409104346654203255e-07
1.341689852552008233e-07
8.076403901213780046e-06
2.048511333896385622e-07
3.724395014614856336e-08
3.928428782273840625e-08
1.409400852026010398e-06
5.953610525466501713e-06
8.884209137249854393e-07
3.158500021527288482e-06
8.028533784454339184e-07
3.259651748521719128e-07
8.623035796517797280e-08
1.427139011411782121e-07
2.702351480365905445e-07
1.268071969207085203e-06
1.206754177474067546e-06
5.774973033112473786e-08
1.616252916392113548e-06
9.666746336733922362e-07
4.670618736213327793e-08
3.366308010299690068e-05
3.532596792865660973e-07
3.415930649453002843e-08
6.075937335481285118e-07
3.688502329168841243e-05
2.614054572802615439e-08
3.663724257307876542e-08
4.604172829658637056e-07
4.610951236827531829e-06
6.102941370045300573e-07
8.218289622163865715e-07
1.715771759336348623e-06
1.762510692060459405e-06
3.134713608687889064e-07
1.400747237312316429e-06
5.831492444485775195e-07
3.436547046931082150e-07
1.414055788018231397e-07
1.141112377922581800e-07
2.180300384679867420e-07
3.190911854744626908e-07
4.233904462580539985e-07
2.721785676840227097e-07
2.466130126776988618e-06
7.217267352643830236e-07
4.683037673203216400e-07
1.364767996392401983e-07
9.978240456121056923e-08
1.256341608524280673e-08
1.733290218908223324e-06
3.445025186010752805e-06
1.977989683155101375e-07
5.130296898414599127e-08
6.996796741987054702e-07
2.621500527766329469e-07
3.225022027208979125e-08
6.194911748025333509e-07
3.262270240611542249e-07
7.995555506568052806e-07
3.171471121277136263e-07
2.896096304993989179e-07
3.009101021689275512e-07
3.273527227065642364e-07
1.030767066367843654e-06
1.009561927389768243e-07
5.840475409968348686e-07
3.987778654845897108e-06
7.405279802696895786e-07
1.357892358555545798e-07
4.713281523436307907e-04
4.040474550492945127e-07
9.245347428077366203e-06
6.372235930030001327e-07
2.416692446161050611e-08
1.920614067785209045e-07
4.475207333598518744e-06
1.024489648671078612e-07
1.737823708936048206e-06
7.375143127319461200e-07
1.127225118580099661e-06
2.807718715303053614e-07
1.437991983266329044e-07
5.901881650061113760e-07
6.447180567192845047e-08
1.202423760560122901e-07
1.845436692349267105e-08
6.014948894517146982e-08
1.290214157734226319e-07
4.305759830458555371e-06
4.985286636838281993e-07
7.860767254896927625e-06
1.878576881608751137e-06
1.290070940740406513e-06
1.641234121052548289e-06
3.200187137508692103e-08
1.076454765325252083e-07
1.597674348374766851e-08
4.446285402082139626e-07
2.540594778110971674e-06
5.276158844935707748e-05
1.362530497317493428e-06
8.828009434580508241e-09
7.800181123229776858e-08
4.538806308573839488e-08
2.951930184735829243e-07
8.495402994412870612e-07
4.028231899155798601e-07
2.350913382542785257e-05
3.261133542764582671e-06
3.387396418474963866e-06
1.591417486679347348e-07
3.192369888438406633e-07
2.726170862388244132e-07
1.112112804548814893e-04
7.349274255830096081e-06
2.603525395272754395e-08
4.456973101696348749e-08
8.726127271074801683e-05
3.229706280194477586e-08
5.323453677874567802e-08
1.854631648257054621e-07
7.887188985478132963e-05
3.140895898923190543e-07
8.551017526770010591e-05
2.191012882235554571e-08
3.752530517431296175e-07
1.870211008281330578e-06
6.906631369929527864e-06
1.626861603654106148e-06
4.066816075010137865e-07
4.163500477716297610e-07
4.494200567251027678e-08
1.045696080836933106e-06
9.183711881632916629e-06
1.804056296350609045e-06
7.117113227650406770e-07
5.339163777762223617e-08
3.541418891472858377e-08
3.376887889317004010e-06
7.677899702684953809e-07
3.309386329419794492e-07
1.012253605381374655e-07
6.482325716206105426e-07
5.257230384358990705e-08
8.701132969690661412e-08
6.234193961063283496e-07
1.023372988129267469e-06
1.866626917035318911e-05
9.947521562025940511e-08
5.104220122120750602e-07
1.723966192912484985e-06
5.946797614342358429e-07
3.427894625929184258e-06
8.538015805470422492e-08
2.027346539534846670e-07
3.416973640923970379e-06
5.191150194150395691e-07
2.301036090557317948e-07
4.492477856388177315e-08
4.182287796083983267e-07
2.086391077682492323e-06
4.728945350507274270e-05
3.834648794054373866e-07
3.691820325002481695e-07
1.799507299438118935e-05
1.782797767191368621e-07
2.925677620169153670e-07
1.217955158949735051e-08
2.914983099344681250e-07
1.129657718479393225e-07
3.519942026741773589e-07
1.820333608293367433e-07
8.060102345552877523e-07
1.128555709328793455e-06
2.491154305062082130e-07
8.967988129882087378e-09
6.551801561727188528e-06
1.393595448462292552e-05
5.925898705072540906e-08
4.526811153482412919e-06
4.865939899900695309e-07
2.026780876462908054e-08
3.398729688797175186e-07
3.008029381135202129e-08
5.713220161851495504e-06
8.707106147198828694e-09
8.366449947061482817e-06
3.167529598613327835e-07
8.201401442420319654e-07
2.042779669864103198e-05
2.541894730256899493e-07
6.023042686820190283e-08
1.479442346408177400e-07
2.370075868896037719e-08
4.852098527408088557e-07
1.415337607113542617e-07
1.181240065761812730e-07
5.114059575817009318e-08
3.437491216118360171e-07
4.813303888795417151e-08
2.757313133372463199e-08
5.295775551417136739e-08
3.552983685040089767e-07
4.305675815885479096e-07
1.129226347984513268e-06
1.931878443883761065e-07
2.896399609744548798e-02
7.453818398062139750e-06
3.084064155700616539e-05
1.055632765201153234e-06
2.488398997968488402e-08
2.788464215086605691e-08
3.309689782327041030e-05
6.892350211273878813e-05
2.391248017374891788e-07
1.533745489723514766e-06
3.515844355206354521e-06
8.671597129250585567e-07
8.628580872027669102e-08
5.082853604676529358e-08
6.335113994282437488e-06
9.872105977137834998e-08
2.439791842334670946e-06
2.956196794912102632e-06
1.455623305446351878e-06
1.751225511270604329e-07
6.662286722303178976e-08
7.600277604069560766e-05
1.897112440474302275e-07
2.029997006047778996e-07
1.533504246253869496e-06
4.444771661837876309e-09
1.764622226119172410e-07
6.058896815375192091e-07
1.093049490918929223e-06
7.537402524349090527e-08
1.983558490792347584e-07
5.127323632336810988e-08
1.768699604554058169e-07
1.972398990801593754e-07
7.835853921278612688e-07
2.028273549115056085e-08
9.870608664641622454e-06
3.193852649019390810e-07
8.706080478759758989e-08
6.579090836567047518e-07
3.494209011023485800e-07
2.156870664293819573e-07
9.671638423469630652e-08
1.015327200093452120e-07
1.084727955458220094e-05
1.436704764046226046e-07
2.936467637937312247e-07
1.061374632627121173e-06
2.177339268882860779e-07
1.091735725822218228e-06
1.871823997134924866e-06
1.996341161429882050e-02
4.504041442032757914e-07
5.188673185330117121e-06
2.598850699087051908e-07
1.130565596696442299e-08
1.301102514617014094e-07
2.341190530330550246e-08
9.992175975526151888e-09
8.675348084352663136e-08
4.218755478291313921e-08
8.505198678676606505e-08
5.839751793246250600e-07
3.180441126460209489e-06
1.369251890537270810e-06
1.778662550577791990e-07
8.456106570520205423e-08
3.629670430882470100e-08
1.517210819201864069e-07
1.035770935686741723e-08
5.479165793076390401e-06
5.074145548178421450e-08
4.008262806109996745e-07
4.262802121957065538e-06
4.068363921305717668e-07
1.856682558809552575e-07
5.991621492285048589e-07
3.482339252514066175e-07
3.671664572379995661e-08
1.437798709957860410e-05
4.334602272137999535e-05
1.262496596154960571e-07
3.986974093095341232e-07
9.900970781018259004e-07
1.533738213765900582e-06
3.720978440924227471e-07
1.925996457430301234e-06
9.539981249417905929e-08
1.260696649296733085e-07
6.865105888209654950e-07
8.225982242038298864e-07
2.140249932836013613e-08
1.145657293477597705e-07
2.139049399829673348e-07
3.758104583084787009e-08
1.017806141589971958e-07
1.748280311630878714e-07
1.733873887133086100e-06
2.629028870160254883e-07
3.921354618796613067e-08
1.211629751196596771e-06
7.117764653230551630e-07
4.153973804932320490e-07
2.798874047584831715e-04
2.062277388859001803e-07
9.499349857833294664e-07
1.781383645038658869e-07
1.694084232894965680e-07
6.271287475101416931e-06
1.591209581874863943e-07
1.655496816965751350e-06
1.192395870930340607e-06
3.563533539363561431e-07
1.622252909783128416e-07
4.587467117289634189e-08
6.533836938160675345e-08
9.131750857704901136e-07
3.305046334389771800e-07
2.605000837263560243e-08
7.484925390599528328e-08
9.296875447262209491e-08
5.788374437543097883e-07
1.038503796735312790e-06
2.614268979073131050e-08
8.745913078200828750e-07
7.766924500465393066e-01
7.404848929581930861e-07
3.894827784733934095e-07
1.733847398099896964e-06
9.572325154749705689e-08
2.792966142806108110e-07
1.378667207063699607e-07
5.916401235595003527e-08
5.867482499866127910e-08
2.733914072905463399e-07
6.528825906571000814e-07
3.135144197585759684e-07
9.836014669417636469e-07
2.050897137451102026e-06
3.648705160230747424e-07
4.532076047780719819e-08
5.142700501892250031e-06
1.226895733452693094e-06
6.772989991077338345e-07
2.279749189426638623e-08
3.922894393326714635e-05
1.147972170656430535e-06
2.252840403116351808e-07
3.486393325147219002e-07
3.281641693320125341e-05
1.252424510767013999e-07
4.333915626375528518e-07
1.888897216417717573e-08
4.424681264936225489e-06
4.266350401849194895e-07
4.736391723270116927e-09
2.337631030968623236e-07
1.719117790344171226e-06
2.973337984712998150e-07
3.040789309238789428e-08
1.262945147573191207e-06
1.063734131889759738e-07
8.685857366685922898e-09
9.619137699701241218e-07
3.315494495836901478e-06
1.193810248878435232e-06
1.551794412080198526e-05
8.834407708491198719e-06
1.653830395298427902e-06
9.297514225181657821e-08
5.922624950471799821e-07
9.606802819916993030e-08
5.526031898739347525e-08
5.752346510234929156e-07
3.254850966527556011e-08
6.009545642882585526e-03
1.046130932991218287e-06
1.832229230558368727e-07
7.261910468514543027e-07
1.467794845666503534e-07
7.470018204003281426e-07
4.638359314412809908e-07
2.314775883860420436e-06
1.207819082083005924e-06
2.817683935063541867e-07
6.791650548620964400e-07
1.010407231660792604e-06
5.308049821906024590e-07
4.104396111870300956e-07
1.510015977146395016e-06
1.635714141912103514e-07
3.192828046394424746e-08
1.778045231048963615e-07
6.113858717071707360e-07
3.770522653212537989e-06
1.376567038136045085e-08
1.410658967415656662e-07
2.737625209192628972e-06
5.463056140797561966e-07
1.760048462529084645e-06
3.371814329966582591e-07
6.058911594664095901e-08
1.071214592229807749e-05
2.187506566997399204e-07
7.977238283274346031e-07
7.888861830451787682e-08
7.016165000095497817e-06
3.149971661287054303e-08
1.815297423490846995e-07
1.600558334757806733e-06
6.274003681028261781e-06
1.285818598262267187e-06
1.179482842417201027e-05
1.457725920772645622e-05
5.740774611240340164e-08
2.796676596972247353e-07
6.966266482777427882e-06
4.569050560121468152e-08
1.951186732185306028e-07
4.191879554582556011e-07
1.654421389102935791e-01
6.518765758301015012e-07
2.608917952784395311e-07
8.574927505833329633e-07
1.917966230280399031e-08
1.303281464970496017e-06
2.958930053864605725e-06
2.808160672884696396e-07
4.030717946079676040e-07
1.367844362221148913e-07
1.703756083770713303e-06
1.468962693706998834e-07
2.103159886246430688e-06
3.802701087352033937e-08
9.883514394459780306e-06
1.201277513018794707e-07
7.871498723943659570e-07
2.241529983848522534e-08
9.750348795023455750e-08
8.635117154653926264e-08
1.976915882551111281e-06
5.536437015507544857e-07
2.730267212314174685e-08
4.123361634356115246e-07
3.432770654399064369e-07
5.938744607192347758e-07
1.307944330619648099e-06
1.228123096552735660e-07
5.913310019423079211e-08
6.869421440569567494e-07
4.528915837909153197e-07
2.652638286804176460e-08
6.247233272915764246e-07
1.396842179701707209e-07
6.894371296084500500e-08
3.522583114090593881e-08
1.328259600086312275e-07
2.746255916008522036e-07
6.747067118340055458e-07
4.892318656857241876e-07
1.469240828555484768e-06
9.086049976758658886e-05
2.526050593587569892e-06
2.408313321211608127e-06
9.097202990915320697e-08
1.926256481965538114e-05
1.660038979025557637e-04
6.507224838969705161e-07
3.640465706666873302e-08
4.096631300853914581e-08
1.416633210737927584e-08
3.223003197661000740e-09
8.540894214092986658e-09
9.439546921896635467e-09
3.603444298505564802e-08
8.995510825116070919e-07
6.050377265864881338e-08
2.692329417186556384e-07
1.033104467751400080e-06
5.847249795465359057e-08
3.700498893977055559e-07
1.277207228866927835e-08
4.227545389312581392e-07
8.077989832599996589e-08
6.755183079576454475e-08
4.378702556095959153e-08
2.845376911864150316e-08
7.187701100974663859e-08
3.464889530846448906e-08
2.295132794927212672e-08
4.611803561260785500e-08
5.097971111922561249e-08
5.923740431512669602e-08
2.281984308183382382e-07
6.248082939919186174e-08
6.646002503885029000e-08
1.326362848885764834e-06
1.024479843181325123e-07
3.540520765454857610e-08
1.465308088199890335e-07
1.937714841915294528e-07
4.808385511978485738e-08
9.427182590115990024e-08
6.056080792404827662e-08
1.233302100445143878e-06
3.979234364237527188e-08
1.998314047568783280e-08
9.462571881613257574e-08
2.948245914069502760e-08
1.432074991924991991e-08
2.619624694943922805e-08
1.610454631872926257e-07
2.645747656515595736e-07
1.134338702968307189e-07
1.081785683254565811e-07
2.194404835620389349e-08
2.755209243332501501e-05
1.381898073304910213e-06
2.153644800273468718e-06
4.374618640667904401e-07
4.805834237231465522e-07
8.896379767975304276e-06
2.436535453398391837e-07
2.608735030662501231e-06
1.089279794541653246e-05
3.124674776699976064e-06
1.953477749339072034e-06
1.988606186387187336e-07
7.174760412453906611e-07
3.682471927390906785e-08
2.923970612300763605e-07
2.875668414503707027e-08
8.291170416896420647e-09
1.100965363320938195e-07
9.115135668480434106e-08
1.372681346367699007e-08
8.063365442012582207e-08
3.698895056913897861e-08
3.919126356777269393e-08
8.007516782981838332e-08
9.064770267741550924e-08
2.572681978563196026e-07
2.517098778298532125e-07
1.218069112240982577e-08
2.140142925100008142e-07
2.956247513452581188e-08
