2.206071911814433406e-07
3.606114518106551259e-08
2.447323140586377122e-06
2.562192094046622515e-07
2.528569780224643182e-07
1.568409970786888152e-07
7.796833045858875266e-08
1.301884822169085965e-06
8.044695505304844119e-07
1.511864184067235328e-06
2.891008499261715770e-08
2.460685877281321154e-08
1.510098286416905466e-07
1.438460017766374222e-08
1.353502625534019899e-07
1.737252262046240503e-07
4.073539727755814965e-08
1.021600368744657317e-07
1.051152480613382068e-07
1.607959632110578241e-08
2.064125403933303460e-08
4.655464351799309952e-07
8.209474913201120216e-07
3.945282060158206150e-06
1.282512812394998036e-06
8.735128176340367645e-08
5.349922460595735174e-08
4.948043752506237070e-08
1.040649451056196995e-07
3.724447594777302584e-08
3.509421375724741665e-08
1.545118344381535280e-08
8.681627861051310902e-08
8.591661071477574296e-08
1.611552704616769915e-07
1.729619896195799811e-07
4.088295781912165694e-07
7.443721727895535878e-08
7.355147602083889069e-08
1.077992450859710516e-07
4.214744819819316035e-08
6.316205514167450019e-08
1.046965980577851951e-08
2.999449222329531040e-08
1.324126088775301469e-07
2.143412558552881819e-07
2.282696520694571518e-08
7.521151701439521275e-08
1.306390089439446456e-07
2.840297099737654207e-07
1.787289676258296822e-07
7.517667199863353744e-06
7.110859456815887825e-08
3.138242732347862329e-07
5.122341306673661165e-08
7.358073617069749162e-08
3.915318913527698896e-08
1.467315939862601226e-07
2.563599821314710425e-07
3.252924614116636803e-07
2.215370614067069255e-06
4.453092827816362842e-08
4.392359471694362583e-07
1.454195171390892938e-06
6.581160505447769538e-07
8.776704163437898387e-08
1.849284814170459867e-07
9.769319149199873209e-07
7.406892166272882605e-08
1.048249487212160602e-07
1.292776197203693300e-08
2.177944047332402988e-08
8.641375615070501226e-08
1.075767954716866370e-07
3.117161639920595917e-08
6.103451966055217781e-09
3.083185262653387326e-08
3.214301713683198614e-08
6.760801340988109587e-08
1.916885850050675799e-07
9.144836887742258114e-09
1.024214313360971573e-08
2.140368877689979854e-07
2.978309510126564419e-07
1.011709045428688114e-07
2.257963274132634979e-07
2.248645358804424177e-07
8.221348224424218643e-08
7.056636945890204515e-07
2.840846775598038221e-07
1.942102443308613147e-07
1.943665317583054275e-08
1.420356987580362329e-08
2.573303348185618233e-08
1.260239605471724644e-05
1.648655256758502219e-08
9.251721166947390884e-08
8.663828765520520392e-08
2.768782891848786676e-08
5.792970370066541363e-08
7.629613492099451832e-07
2.807645978464279324e-05
2.218375811935402453e-07
4.316291324357734993e-08
1.093826469400482893e-07
1.998236314193491125e-07
4.211436532841617009e-07
5.337772535085605341e-08
8.405234552810725290e-08
2.354810106908189482e-07
1.102863311785995393e-08
3.979859286573628196e-08
2.042106928001885535e-07
2.155011600279976847e-07
3.668399699563451577e-07
6.447732658898530644e-08
4.367687012063470320e-08
8.885515256906728609e-08
1.928227959524519974e-07
8.519216976310417522e-08
1.652975925026112236e-07
2.552461069171840791e-07
3.205291250196751207e-07
1.767201780467075878e-07
1.279861976399843115e-07
6.262536089707282372e-08
6.152795322122983634e-07
9.555858326848465367e-08
2.356380548462766455e-07
3.435474695834273007e-07
2.603111681764858076e-07
1.206761339744844008e-07
1.529140831735276151e-07
3.332719700210873270e-08
3.983115277605975280e-07
2.753236003627534956e-07
7.582891612400999293e-07
1.531078019922915701e-08
2.928776865473992075e-08
2.357839292699281941e-07
7.204402407978705014e-08
1.614425393370311212e-08
4.237192996470184880e-08
5.580819006922865810e-08
5.857750124960148241e-07
6.658353157718011062e-08
7.760076670138005284e-08
8.695722897300584009e-08
4.324575400005414849e-07
9.184461191580339801e-08
2.889149618567898870e-05
8.221416010201210156e-07
4.570790963498438941e-07
3.386269611382886069e-07
8.578353458688070532e-07
9.520533126305963378e-07
3.083195565523055848e-07
2.568912123024347238e-06
6.566393295770467375e-08
1.946757947735022753e-06
3.834456038021016866e-06
4.618484126694966108e-06
4.330625813508959254e-07
1.100770305129117332e-06
1.781070068318513222e-06
1.232593831446138211e-06
1.215170897239659098e-07
3.121911333892057883e-07
3.168762987115769647e-06
1.366294554827618413e-06
8.784542842477094382e-06
9.632078672439092770e-07
4.659888475089246640e-07
6.043746907380409539e-07
2.694322063234722009e-07
8.280288170681160409e-07
1.140707922786532436e-06
1.211718426930019632e-06
1.496038407822197769e-06
4.368497741324972594e-07
3.632611367265781155e-07
5.857341989212727640e-07
5.686662234438699670e-07
2.076129021588712931e-06
1.072532541002146900e-06
2.816353230628010351e-07
9.873680255623185076e-07
2.853998068985674763e-07
1.184629240924550686e-06
6.253699780245369766e-07
1.271062274099676870e-06
1.873168230304145254e-06
2.175033131379677798e-07
3.693101291446510004e-07
2.316583959327545017e-06
3.200856042440136662e-07
1.782467364819240174e-07
3.658280775198363699e-06
2.281900151501758955e-06
1.522114075669378508e-06
6.599075732083292678e-06
7.440971216965408530e-07
9.237809535989072174e-06
9.309765118814539164e-06
3.483271768800477730e-07
5.702158432541182265e-06
1.027596567837463226e-06
4.249913217790890485e-06
9.147581295110285282e-06
6.368950835167197511e-06
1.874224267339741345e-06
1.416745021742826793e-06
6.401297468983102590e-06
2.349011083424557000e-06
1.245497287527541630e-06
1.132827605943020899e-06
1.593350316397845745e-05
6.909476269356673583e-06
7.792153269292612094e-07
4.120217454328667372e-06
4.158501269557746127e-06
7.896544957475271076e-06
4.145224920648615807e-06
3.198859985786839388e-07
8.225340934586711228e-06
2.152978822778095491e-06
4.052627900819061324e-06
2.533149654482258484e-06
4.105172138224588707e-06
1.831593749557214323e-06
2.587591552583035082e-06
6.967586614337051287e-06
9.771188160812016577e-06
4.894391622656257823e-06
2.955210902655380778e-07
1.440940991415118333e-06
5.067348070042498875e-07
3.610958287936227862e-07
1.224882817041361704e-05
1.076688658940838650e-05
1.891765123218647204e-06
1.022639935399638489e-06
1.643434188736137003e-06
1.604093768037273549e-06
2.101225800288375467e-05
1.237285914612584747e-06
8.159552180586615577e-07
2.403339749434962869e-05
1.460344833503768314e-06
1.416395207343157381e-06
4.364729022654501023e-07
1.595889216332579963e-06
1.367448248856817372e-06
3.093475697824032977e-06
3.383340526852407493e-06
2.932446932391030714e-06
3.490601375233381987e-05
5.933317424933193251e-06
8.485691864734690171e-07
4.206655432881234447e-07
1.917320332722738385e-06
1.110861603592638858e-06
1.654291139630004182e-07
1.427534016329445876e-06
6.388231099663244095e-07
8.164324185599980410e-07
1.373811926441703690e-07
1.486745190959481988e-06
3.790120786106854212e-07
5.908088951400713995e-06
5.164409913049894385e-07
2.000162027115948149e-07
1.315384452027501538e-06
1.135158709075767547e-05
4.972599754182738252e-08
4.193737765945115825e-07
2.207277702837018296e-07
1.496522941124567296e-07
1.579761743641938665e-07
3.129605090634868247e-07
3.176840266405633884e-07
3.385804632216604659e-07
9.360542208014521748e-07
2.099070570693584159e-07
1.721406732713148813e-07
7.549479619228804950e-08
1.378665501761133783e-07
1.653406371815435705e-07
1.825585087544823182e-07
1.038318941937177442e-07
2.774768859126197640e-07
6.113717176958743948e-07
3.436074393903254531e-07
9.074818763110670261e-08
8.591410960434586741e-07
7.291731890290975571e-06
3.382996567324880743e-07
1.348391037936380599e-06
5.736436037295788992e-07
1.954619619937147945e-06
5.340685405030853872e-08
1.897941537265523948e-08
1.402657971993903629e-07
2.057631753871191904e-08
3.261609720084379660e-07
7.240267763108931831e-08
3.690878003226316650e-08
4.985439261417923262e-08
1.810914440625310817e-08
6.116116679777405807e-08
8.909316306926484685e-08
6.357135617918174830e-08
5.257955848492201767e-08
2.926911868428305752e-08
4.010800580545037519e-07
7.485594721856614342e-08
1.590254150585224124e-08
1.864272576312941965e-07
6.838747168558256817e-08
8.904521564545575529e-09
5.980607564737283610e-09
8.973123755140477442e-08
4.858683766428839590e-08
6.175229572136231582e-08
1.370066637917943808e-08
5.369202327187849733e-08
4.240612838657398243e-08
8.309560683983363560e-08
4.797386665700287267e-08
5.172264394559533685e-08
8.622730263141420437e-08
8.866435052823362639e-08
6.201604918487646501e-08
4.418870958033949137e-07
5.998555252517689951e-07
3.486887862891308032e-07
4.907682296106941067e-07
1.536705440230434760e-06
1.064409715922920441e-07
2.968390617752447724e-07
1.202350745188596193e-06
1.420224407411296852e-06
3.255935041579505196e-07
5.335215860213793349e-07
6.065654361009364948e-07
6.445516191888600588e-05
4.194247594568878412e-06
2.645167796799796633e-06
2.889251788928959286e-07
3.218051460862625390e-07
4.480964435060741380e-07
1.122508379580722249e-07
1.660740451825404307e-07
7.636839427505037747e-08
2.083978415612364188e-06
1.750765136421250645e-06
4.004669733603805071e-07
2.704934445318940561e-07
5.413008921095752157e-07
3.121307088349567493e-07
4.024077782105450751e-08
1.754627987793355715e-06
8.309557415486779064e-07
6.728463404215290211e-07
2.175765274614605005e-07
1.597652612872479949e-06
6.527573077619308606e-07
1.066487129719462246e-06
1.231804702683803043e-07
7.522137934756756295e-07
5.010491932466720755e-08
1.125842118199216202e-06
2.221289105364121497e-05
1.952670800164924003e-06
1.713933670544065535e-07
1.857390401482916786e-07
4.363881345170739223e-08
4.193183400502675795e-08
1.553588617753121071e-07
1.750261588995272177e-07
8.538697215954016428e-08
6.977440847322213813e-08
1.254671673223128892e-07
6.347787717686514952e-08
2.122834530382533558e-08
3.179080522386357188e-05
9.958744158211629838e-07
1.217374858697439777e-07
6.804725671827327460e-07
7.438658258251962252e-07
1.265886453438724857e-07
5.824419076816411689e-06
9.257078659175022040e-08
4.882104942538489922e-09
1.781324726835009642e-06
5.425443418971553911e-07
7.207536611986142816e-08
3.901431000485899858e-08
8.955283192335627973e-06
8.695271276337734889e-07
1.702245953083547647e-07
1.785728500180994160e-06
1.488378075009677559e-06
1.446858703957332182e-07
1.589828116266289726e-06
1.700399661785922945e-05
3.812804720837448258e-07
2.262756461277604103e-03
4.264767467975616455e-01
2.591274824226275086e-05
9.776589422472170554e-07
1.477063051424920559e-06
9.007020707940682769e-05
4.455197881725325715e-07
1.608607817615848035e-05
1.007211976684629917e-04
3.524387011566432193e-06
5.983004812151193619e-04
1.325737798651971389e-06
2.971788035210920498e-06
3.791091785387834534e-06
4.033097502542659640e-05
7.430402092722943053e-06
8.703082130523398519e-06
2.681216210476122797e-05
5.693711500498466194e-05
2.008907131312298588e-06
8.366412657778710127e-05
1.093071659852284938e-05
1.082731387214153074e-06
8.841189810482319444e-06
5.052384040027391165e-07
8.545922725033960887e-08
7.366948295839392813e-08
6.938932983757695183e-08
8.264376560873643029e-07
1.561788085382431746e-04
2.309101182618178427e-05
5.494888810630982334e-08
2.212249273725319654e-05
1.161166528618196025e-05
5.909052561037242413e-06
4.497642748901853338e-06
2.122809377169687650e-07
1.727954804664477706e-05
2.124313141393940896e-06
8.045014510571490973e-06
2.064493628495256416e-06
3.949298843508586287e-06
1.653701474424451590e-04
2.898790080507751554e-05
1.786240062529032002e-07
3.213110915112338262e-07
3.519407982821576297e-05
2.526367898099124432e-04
8.576149411965161562e-06
7.627479590155417100e-06
2.601157575554680079e-06
3.728321189555572346e-06
1.795314688024518546e-06
3.182837190252030268e-06
6.983752427913714200e-06
5.797010544483782724e-06
9.972529369406402111e-06
9.025050644595467020e-07
1.919566238939296454e-05
6.588626888515136670e-07
6.427497282857075334e-06
1.542408252134919167e-03
2.472020923960371874e-06
4.110313795990805374e-07
2.539167098802863620e-06
1.227932662004604936e-04
2.729839934545452707e-06
4.706012930455472087e-07
1.250262994290096685e-05
3.403993832762353122e-05
1.183422682515811175e-05
3.892135282512754202e-05
2.520366106182336807e-04
4.615615762304514647e-05
1.123130004998529330e-06
1.135348725256335456e-06
2.277257590321823955e-05
1.489991404923785012e-06
1.382979490927027655e-07
1.697007263601335580e-07
1.855605091805045959e-06
9.592321248419466428e-07
8.504249308316502720e-06
5.609433060271840077e-07
7.429389370372518897e-06
5.998882102176139597e-07
3.092513054525625193e-07
7.097862066984816920e-07
5.389553692225490522e-08
3.236081511204247363e-06
2.080068725263117813e-06
2.417910436633974314e-04
3.159051971124426927e-07
1.635136612776477705e-07
2.056386392723652534e-06
5.705237526854034513e-06
2.686956349862157367e-06
8.645630259707104415e-06
1.605578404451080132e-06
4.150867880525765941e-07
1.632154749131586868e-07
1.518654471510672010e-06
6.333925557555630803e-05
3.458176070125773549e-05
8.060477557592093945e-05
6.207175715644552838e-07
1.980430852199788205e-06
1.666708994889631867e-04
9.772129487828351557e-06
6.026629648658854421e-07
1.843953505158424377e-03
2.607249598440830596e-06
2.732148859649896622e-04
9.038212169798498508e-07
9.505002367404813413e-07
1.746860903040214907e-06
2.079738442262168974e-05
1.171528197119187098e-06
3.317631581012392417e-06
7.396155979222385213e-06
2.054453489108709618e-06
2.190011855418561026e-06
6.533156920340843499e-06
4.156697286816779524e-06
1.649223690947110299e-07
3.824790155704249628e-07
2.562600229794043116e-07
5.120043624629033729e-07
2.971958110720152035e-06
1.649500700295902789e-05
9.888225577014964074e-06
1.129231463892210741e-06
7.052146429487038404e-06
2.773003188849543221e-06
1.124293339671567082e-05
1.896867587447559345e-07
1.143442887041601352e-06
1.725463860680065409e-08
1.475826707064697985e-06
3.935465065296739340e-05
5.766057256550993770e-06
2.792013447106000967e-06
8.532746420542025589e-08
1.200630777020705864e-06
7.178892360570898745e-07
3.486843297650921158e-06
3.143033382002613507e-06
2.375718177063390613e-04
2.280268631875514984e-02
1.230302046906217583e-07
1.393049751641228795e-04
7.304183213818760123e-08
2.786605364235583693e-06
7.500222636735998094e-06
7.463967194780707359e-04
4.738132702186703682e-06
8.555945640864592860e-08
6.618471957153815310e-07
8.526154852006584406e-05
9.076973839228230645e-08
4.420818129347026115e-07
1.296722643928660545e-06
1.966985873878002167e-04
6.115384962868120056e-07
2.071136608719825745e-03
2.443984215005912120e-07
1.339915324933826923e-04
2.288426003360655159e-05
1.119931461289525032e-03
8.533939421795366798e-07
5.860362307430477813e-06
3.811549049714813009e-06
4.583429458193677419e-08
9.667352287578978576e-07
4.387461376609280705e-05
1.192475319840013981e-04
1.246567444468382746e-05
1.655048578186324448e-07
2.807938926707720384e-06
1.283349847653880715e-04
4.363407697383081540e-06
1.932540499183232896e-06
5.451474294204672333e-07
3.228896900964173255e-07
9.541670209500807687e-08
1.560567852720851079e-07
9.488907153354375623e-07
2.271651510454830714e-06
7.617720402777194977e-04
1.876957412605406716e-06
7.744509957774425857e-07
3.091125563514651731e-06
1.812120444810716435e-06
2.195207162003498524e-05
3.158717447604431072e-07
5.309795483299240004e-07
1.693655067356303334e-04
2.886216918795980746e-07
6.839467801000864711e-07
1.548147281482670223e-07
1.707575052023457829e-06
9.082343240152113140e-06
1.043710857629776001e-03
4.628793703886913136e-06
1.427288316335761920e-05
4.014317528344690800e-04
3.009100453255086904e-07
1.360919895887491293e-06
1.530187432763341349e-06
6.577885187653009780e-07
1.490279942117922474e-06
2.686894958969787695e-06
3.574825313990004361e-06
3.859373464365489781e-06
5.200935993343591690e-05
8.509639428666559979e-07
1.466715673359431094e-07
4.548306242213584483e-05
5.353720098355552182e-06
2.453438582961098291e-06
1.421934808604419231e-03
9.166518566416925751e-07
5.867775030310440343e-07
7.422720500471768901e-07
1.391764271829742938e-06
6.318844953057123348e-06
1.075402735750685679e-07
8.814565080683678389e-05
1.946437464539485518e-07
4.629755949281388894e-06
2.018670238612685353e-05
2.023389242822304368e-06
5.563009608522406779e-07
1.166096353699686006e-06
1.825056017423776211e-07
2.023022489083814435e-06
8.757128284742066171e-07
7.168200113483180758e-07
2.726592811086447909e-06
1.605746183486189693e-05
2.462297743477392942e-07
4.970858071828843094e-07
1.308962396251445170e-06
1.153467678705055732e-06
5.613189841824350879e-07
3.206578912795521319e-05
4.569252632791176438e-05
1.567387431859970093e-01
2.810984187817666680e-05
1.734007499180734158e-03
6.757726623618509620e-06
2.296526133704901440e-07
7.752871766797397868e-08
1.765553839504718781e-03
2.405442297458648682e-03
7.643273420399054885e-06
1.270873781322734430e-05
1.368011089653009549e-05
2.589457835711073130e-06
1.430612769581784960e-06
6.720543410665413830e-07
3.028722858289256692e-06
1.512461153652111534e-06
1.311499545408878475e-05
2.787248813547194004e-04
2.525050376789295115e-06
1.727706717247201595e-06
1.419177806383231655e-06
1.107751484960317612e-02
2.081686034216545522e-06
7.578958616250019986e-07
4.019318566861329600e-06
4.528052599539478251e-08
4.387124135973863304e-06
1.974751967281918041e-06
2.550321141825406812e-06
9.893818031514456379e-08
7.425021522067254409e-07
9.155409230743316584e-08
8.522809366695582867e-06
5.250467438600026071e-07
2.103528458974324167e-06
1.740811370609662845e-07
1.700380351394414902e-03
6.671430696769675706e-07
2.756020512606482953e-05
2.922725343523779884e-06
2.706517407204955816e-04
1.538688024993462022e-06
2.500298137420031708e-07
2.354261141590541229e-06
4.849493052461184561e-05
1.084586415345256682e-06
5.411246547737391666e-06
1.035516379488399252e-05
1.545248096590512432e-06
1.331149451289093122e-05
5.265237177809467539e-06
4.904634132981300354e-02
4.471901888791762758e-07
3.247964923502877355e-05
5.925852292421041057e-06
3.276634004123479826e-07
1.868969434326572809e-06
4.971250859853171278e-07
5.686382564817904495e-08
1.610854951650253497e-07
7.560207393453310942e-08
1.905029165527594159e-07
1.772752148099243641e-05
2.110935893142595887e-04
3.805434243986383080e-05
3.021037855432950892e-06
4.622800133802229539e-07
5.074003439631269430e-08
9.764410151547053829e-07
1.272770617788410163e-07
3.244491381337866187e-05
2.714591573749203235e-07
4.099942998436745256e-07
2.297038736287504435e-05
1.243217138835461810e-05
3.097761407389043598e-07
1.165654430224094540e-05
3.136855639240820892e-06
1.095749766477638332e-07
2.862879773601889610e-04
1.938160858117043972e-04
1.917751887958729640e-06
2.302266011611209251e-06
1.774222764652222395e-04
3.727499915839871392e-06
1.942091358841935289e-07
4.065351276949513704e-06
6.226213145055226050e-07
1.564924190233796253e-07
3.048613734790706076e-06
7.347100108745507896e-06
7.718161754155516974e-08
3.880750682583311573e-06
1.386376538903277833e-06
7.385776257251563948e-07
5.851306923432275653e-07
4.889080287284741644e-07
6.654808297753334045e-03
4.195203928247792646e-06
6.694214675917464774e-07
3.588525942177511752e-06
5.864387730980524793e-06
3.371471620994270779e-06
6.027302239090204239e-03
5.556297537623322569e-07
1.524636104477394838e-06
3.418260575926979072e-06
1.118783416131918784e-06
4.995536874048411846e-04
6.830375127719889861e-07
2.663276518433121964e-06
5.538611731026321650e-05
1.277434876101324335e-06
6.043734970262448769e-07
1.416057557435124181e-06
2.465002069129695883e-07
7.657339665456674993e-06
2.263594751639175229e-07
4.464989160624099895e-07
2.336685582804420847e-07
8.678938684170134366e-06
1.057327699527377263e-05
2.207611487392568961e-06
7.941373780795402126e-08
1.291489897994324565e-04
4.612425342202186584e-03
4.274543528026697459e-07
2.532957820221781731e-03
3.048113740078406408e-06
1.259265189901270787e-07
2.066635033770580776e-06
1.989118800338474102e-06
3.700801300965395058e-07
4.332311220878182212e-07
2.550966928538400680e-05
4.048872597195440903e-06
1.225375854119192809e-05
3.836641917587257922e-05
2.816442065523006022e-05
8.914352633837552276e-07
2.066174857873193105e-07
5.364662683859933168e-06
3.596470833144849166e-06
1.267887364519992843e-05
3.119152438557648566e-07
4.476779213291592896e-05
6.666251010756241158e-06
3.614262311657512328e-07
5.817457804369041696e-06
3.808429755736142397e-05
2.035468241956550628e-06
1.756611936798435636e-06
2.940182639576960355e-07
1.418093415850307792e-05
5.888569830858614296e-06
8.202403734003382851e-08
9.426034353055001702e-07
2.066968136205105111e-06
3.160731694151763804e-06
2.127564044940299937e-07
1.802240876713767648e-05
1.778604428182006814e-07
6.077178937857752317e-08
5.926017183810472488e-04
5.801468432764522731e-06
1.046304896590299904e-05
1.568826701259240508e-04
2.260365545225795358e-05
1.546102430438622832e-04
1.127826976698997896e-06
1.782395429472671822e-06
2.948125938928569667e-07
2.333044761826386093e-07
3.367950682786613470e-07
6.197032007548841648e-07
1.847879216074943542e-02
2.834533370332792401e-05
7.438693501171655953e-07
1.193662001242046244e-06
5.559032842938904651e-07
4.918123522656969726e-06
3.310855390736833215e-06
7.576346888527041301e-06
3.412543946978985332e-06
4.004459981388208689e-07
5.071832219982752576e-06
1.515012900199508294e-05
6.581264642591122538e-06
1.049947331921430305e-05
1.324873846897389740e-05
1.100562485589762218e-06
1.105917277754997485e-07
3.586826551327249035e-07
6.587115876754978672e-06
1.244522536580916494e-06
7.759173570320854196e-08
1.185099335998529568e-06
1.307633010583231226e-05
5.117835371493129060e-06
5.152303856448270380e-05
8.925002816795313265e-07
8.496803047819412313e-07
1.252387737622484565e-04
1.533396925879060291e-06
7.644654260730021633e-07
3.720645509019959718e-06
1.490970171289518476e-04
4.508097219968476566e-07
7.280919362528948113e-06
9.441139991395175457e-05
4.577044397592544556e-02
4.831498881685547531e-05
6.605067173950374126e-04
1.523475069552659988e-02
1.145845430983172264e-06
9.979194146580994129e-07
1.727906201267614961e-04
7.285518222488462925e-06
1.390840793646930251e-06
2.017831775447120890e-06
1.992999315261840820e-01
2.115149754899903201e-06
5.924940182922000531e-07
1.711629010969772935e-05
6.119523732195375487e-08
6.883398327772738412e-06
2.570577271399088204e-05
6.018580279487650841e-06
4.275666924513643607e-06
6.802344501011248212e-07
4.885559064859990031e-06
6.917219934621243738e-07
4.314911348046734929e-05
4.177618961875850800e-07
3.053223917959257960e-05
2.087597579247812973e-07
1.298631650570314378e-05
4.821284846912021749e-07
3.373275603735237382e-06
3.871284206979908049e-06
5.472545012707996648e-07
3.820242909569060430e-06
4.264173014689731644e-07
2.709298769332235679e-06
1.324860591012111399e-06
1.047504497364570852e-06
2.723678335314616561e-05
9.701266208139713854e-07
1.404245949743199162e-06
1.089630768547067419e-05
4.687742034548136871e-07
2.528540790081024170e-07
4.245687705406453460e-06
2.620591203594813123e-06
3.605581696319859475e-06
2.178560123411443783e-07
6.216227461663947906e-07
1.087272835320618469e-06
1.444389636162668467e-05
1.607971171324606985e-05
3.540052375683444552e-07
9.708448487799614668e-05
5.292278365232050419e-05
1.381853071507066488e-04
1.130704504248569719e-06
8.928995812311768532e-04
1.072802580893039703e-03
2.657490404089912772e-05
1.347186753264395520e-06
1.143676726655940001e-07
2.361696687103176373e-07
2.249639585727436497e-08
1.819625872201413586e-08
2.691363363283016952e-07
1.444599547539837658e-06
1.674795930739492178e-05
2.189864574120292673e-07
4.068161274517478887e-07
1.315965982939815149e-05
3.434619770814606454e-07
4.409595021570567042e-06
2.448228464402291138e-08
5.211200459598330781e-06
1.110284415517526213e-06
2.685657591428025626e-06
4.689928800871712156e-07
2.002992829375216388e-07
4.127042529944446869e-07
5.092435273468254309e-08
2.563685654877190245e-07
9.167682151201006491e-07
2.019491375904181041e-06
8.805096172181947622e-07
1.122910362028051168e-06
6.284657843025343027e-07
1.346841872873483226e-05
3.428214313316857442e-06
4.133250115501141408e-07
4.162193079082499025e-07
2.808091494443942793e-06
1.044182681653182954e-05
3.990114976204495179e-07
1.125044605032599065e-06
2.825671117534511723e-06
1.888633232738357037e-05
1.966153746479903930e-07
3.351711654886457836e-07
1.126452673361200141e-07
4.146424714690510882e-07
2.728474726154672680e-07
3.559253229923342587e-07
8.007281735444848891e-07
5.516631972568575293e-06
3.666227712528780103e-07
5.458995019580470398e-06
3.987602667621104047e-06
1.085383264580741525e-04
1.237966444023186341e-05
1.760206578182987869e-05
8.681458893988747150e-07
2.452418584653059952e-06
8.344467642018571496e-05
2.581616627139737830e-06
9.592029527993872762e-05
3.934084088541567326e-05
5.897584742342587560e-06
6.781834144931053743e-06
1.101345333154313266e-05
5.839936875418061391e-06
1.451549422881726059e-07
4.222675215714843944e-06
1.413404362438086537e-07
2.860135417392939416e-08
1.143553527072072029e-05
1.255364054486562964e-06
3.995019142166711390e-07
4.579727033160452265e-07
1.024148374995093036e-07
1.420412672814563848e-06
1.808223260013619438e-07
5.911805942560022231e-07
8.032375831135141198e-07
7.334501788136549294e-07
2.345026750560919027e-08
8.045689355640206486e-06
5.147691695128742140e-07
