1.470347593679477427e-10
1.587394660162999571e-10
9.220898489203932513e-10
3.231896694710911788e-11
8.956480002098032855e-11
6.757096271403639776e-11
5.703224698061504228e-11
1.935850146850270903e-09
2.484987493556189975e-10
4.056108782179990158e-09
6.703911037408971652e-11
1.494371293375706955e-10
3.265607229074873885e-10
2.487826784858260254e-11
3.062264608555409495e-10
1.928305570775279421e-10
3.235498674536430030e-11
1.145743638852891877e-10
1.369667990136491653e-10
2.023373274484541184e-10
6.229953358749540371e-11
6.401420366008991891e-11
6.542051345093113923e-10
9.851099935787033246e-10
5.536780478543334993e-10
8.371860843459089097e-11
5.430752722523912723e-11
1.258374793255967461e-10
1.067679417099398620e-10
1.203938858329589578e-11
4.235416184439344534e-11
1.564238842621801240e-11
5.622316848197250749e-11
2.685747457764620094e-11
2.876290872144693367e-11
7.812576974242091410e-11
1.221689416297522257e-09
1.651032227600879310e-10
8.869558559831958178e-11
1.126013449148643986e-10
1.036959927647185253e-11
9.334624045953532345e-11
7.397373512352256597e-12
5.486566062584685710e-12
5.904550182123102786e-10
2.996249637288173062e-10
2.204618085310805498e-11
8.308909116294671549e-12
4.687751853360566656e-10
3.368428425076785970e-09
1.743591521163878610e-10
8.757460534525307594e-09
2.360960871250483706e-10
1.269309102269744471e-10
2.883767009909110612e-11
8.208447116464512305e-11
1.865390654443022100e-11
1.150344264289060447e-10
1.273820215974552639e-10
1.756318285250912936e-10
2.291957290623258814e-09
7.159999676487061038e-11
1.323268605801786180e-09
1.549242845122478229e-09
1.814203648420331660e-10
1.162901094864388085e-10
1.745288358279140084e-10
7.819304093104051390e-10
3.785424057545228038e-11
1.866423682272966289e-10
6.145592368334007460e-11
3.794715097704681739e-10
6.168457411526162559e-11
2.662775555606344824e-10
1.542197966553082722e-11
4.084680076815727645e-12
1.864280951835439737e-11
8.459546431416331558e-12
2.170228302622589922e-10
6.891435755385089124e-10
1.646245292863390830e-11
1.333088847643715269e-11
1.410138256163762094e-10
1.920538728050757982e-10
6.655399009680706968e-10
1.315614978070200891e-10
5.147192116972121312e-10
5.823395099469053093e-10
8.157853947921012150e-09
3.027887107709403836e-10
1.984314490499627937e-09
1.860515561058484479e-11
1.695343865293352792e-11
6.356403597918003356e-11
5.061144836560060867e-09
1.657834806934044281e-11
3.623236155547715498e-10
3.698609821189968727e-11
2.442864834029112586e-11
2.938493059989610856e-10
7.538721868982634078e-10
7.777111399320801866e-09
8.259398165400000380e-10
1.873356157700012403e-11
4.955551524687962228e-10
3.664100134415093635e-10
6.974323341069066373e-09
1.747537781149333114e-09
1.700674670535029520e-11
1.005942482090738110e-10
5.613198447718126260e-11
9.071429024620769610e-11
5.224102261891516719e-10
3.529529168933009942e-10
4.387705199171421100e-10
3.401286544080228680e-11
2.891525019421692377e-09
1.200902311621065977e-11
1.904237739713821043e-10
1.362666229853815025e-10
2.318123887290468588e-10
3.406611936984660360e-10
4.527685171229478556e-10
6.603678714967031738e-11
1.542792976705342767e-10
6.770526500554652216e-11
4.350498628014065616e-09
3.254085612081070167e-10
2.297264878325933068e-10
9.576155424184662479e-10
5.954470250202348325e-10
5.730280694393741214e-10
1.873894150961064042e-09
5.709156411515259322e-11
3.321098951403200772e-09
8.614385871297258745e-10
9.543534851275126130e-10
2.394820800000196925e-11
4.227805258660843890e-11
5.452060330979335845e-11
2.755112804564419093e-11
2.085260956963264078e-11
7.556579494083504045e-12
5.130194186131475931e-11
8.294223641236442290e-10
3.961759392767660870e-11
2.013328392891367002e-11
7.195059825715333091e-11
4.337016856759134953e-10
4.515875520749723648e-11
1.888412093364877364e-08
2.405989851794743117e-09
1.518092179741969971e-10
2.149186939526259721e-10
1.319518272424602401e-09
1.323720466572808618e-09
3.004484439017574005e-10
3.071004561761014884e-09
1.629274909431543961e-10
4.573148526532122560e-09
3.386524172199756322e-09
8.281372254614893791e-10
1.878401878485647103e-10
3.915508473006923396e-10
1.512676539583424073e-09
1.805171567781371778e-09
4.805247866279671598e-10
1.279553019095658328e-09
6.518190875937079909e-09
8.268540296896276232e-10
1.460908123362969491e-07
5.669627545223931975e-10
1.056318588155136240e-09
2.648108843317231731e-09
3.309613694213453527e-10
1.084822565111664971e-09
7.856038486409033794e-09
2.153280220795750211e-08
4.887237725625936946e-09
3.879402632467332523e-10
1.084220602187713212e-09
2.195032822172038323e-09
1.206284627741638360e-09
8.978172649776183789e-10
2.154433742518335748e-09
4.169507794582472116e-10
8.192591050004693898e-10
4.233698114308737104e-10
1.494369072929657705e-09
1.011619121804585575e-09
3.117991864698410609e-09
7.621463460338873119e-10
1.729608012368544223e-09
8.327607492475408435e-10
1.993080367412858322e-09
2.059949988364451201e-10
1.676833949471046026e-10
2.003142540729641041e-08
1.994788112469336738e-09
2.778303143102789363e-09
6.003811137134107412e-08
2.066384147125788218e-10
9.535865785892383428e-08
1.255048864834407141e-08
1.290085593907974726e-09
3.918319446682971829e-09
3.661209779792784502e-09
1.910237523716773467e-09
1.286228812347189887e-08
1.424274298500449731e-08
3.789675684373605691e-09
7.224564058105897857e-09
1.304566588089528523e-08
1.003984118064238373e-09
8.013364416470381002e-10
3.154613459344091098e-09
4.591768032469190075e-08
2.300963686252543994e-08
3.990252850361031278e-10
6.291009380099410464e-10
3.194990494392868641e-09
5.025447613604683283e-09
1.590386600192061906e-09
3.387329861048726798e-10
1.971842067405304988e-08
2.829973366758053999e-09
1.647947556193685159e-08
1.011226036240486792e-08
3.608673537769391260e-08
1.135409011254751022e-08
1.024969997764912932e-09
2.442477331499048887e-08
3.521960678654068033e-08
2.510793351007123420e-08
2.761206541190830421e-10
5.626021315485729701e-10
1.415336847720993774e-09
3.622489808119411236e-10
3.370858037143875663e-09
1.782083991486160812e-08
1.046864106513112347e-08
2.000487997477762292e-09
6.892632020694122730e-10
1.499854462849725678e-09
2.196432546952564735e-08
3.165098738655558464e-10
6.998931989521395280e-10
1.642998270767748181e-08
8.589714717288643442e-09
1.191101328679167182e-09
1.441133767876578986e-09
4.406619513730447579e-09
1.882850764189925030e-09
4.783668572372334893e-09
3.915510582430670183e-09
1.587095677102468017e-09
1.313968578386948138e-08
3.069786425058396162e-09
8.878923707378305608e-10
3.493182687552831567e-10
1.633697732650318812e-09
1.566016649690027407e-09
1.962868201310641325e-10
1.265956228735376499e-09
3.229254919023816228e-10
5.650381496025147499e-09
3.896376832290826542e-10
1.074401545508862910e-08
3.212765609106327247e-10
6.629594206941646917e-09
2.661099951506429306e-10
5.176225559289093781e-10
2.967993406599589434e-09
1.895759815795372560e-08
3.779603574560752577e-10
2.341905336322724906e-09
1.437518215574584701e-09
1.149958572810305668e-09
1.788606485142452129e-10
2.239342267174038170e-09
1.189807141699361637e-09
1.649439612672054523e-10
3.014266836132151184e-09
5.490529142448963285e-10
6.874422142644220912e-10
6.568094956804770845e-10
2.714833080563749945e-10
8.959988306855848350e-10
5.960049120901089736e-10
4.497697214667084609e-10
2.003656407456588795e-10
8.283235763961727116e-10
3.320748953594687691e-10
1.102925181739600191e-10
1.028122253998731139e-09
2.820759625876689825e-08
9.401205369741205686e-10
2.155297629258257075e-08
2.033530233092051276e-09
1.044340725009362814e-09
1.360855091808721440e-11
7.078459346443466416e-11
4.145881901673753589e-11
1.053221312247165642e-11
8.675907769983837170e-10
3.830286435246854637e-11
4.113479279421738966e-10
1.076369549046773955e-10
3.045528412792819495e-11
2.609639448980516363e-10
5.252767665275825948e-10
3.942499451903280772e-11
1.754747874782580652e-10
4.416838769727426950e-11
2.104392632373830452e-10
4.927490360184805240e-11
8.669665679805760305e-11
4.763917593741950895e-10
1.744874904285875772e-11
7.969716032951712492e-12
3.729294217186263083e-12
1.670069464665413506e-11
1.094995188272163134e-11
7.117259559485944465e-11
3.334721821596220437e-12
2.368145401998589250e-10
2.135367056788073370e-11
4.873446785014223792e-11
3.625294509035370538e-11
7.482577057960071443e-11
4.442235468360422601e-11
7.155115389068100740e-10
1.333239491030369095e-10
1.370800251088155619e-09
1.083324008277486428e-08
5.448040907296558544e-10
7.798507672962529114e-11
1.460178089551789071e-09
1.560187257165779329e-10
2.415999900140519685e-10
5.549554593642369582e-09
1.341559308087880709e-08
1.667950999539868917e-09
6.839058763752348113e-10
4.063671898979492880e-10
1.815778034597315127e-07
4.371918382872763686e-09
1.350248890474858854e-08
6.936100027665759171e-10
2.917505959043609209e-10
3.322391251003864454e-09
1.549336631212483439e-10
3.216603927658212569e-10
2.069646121150015006e-10
5.044902828821307139e-10
1.378353542413890409e-09
6.727406409723357683e-10
4.348671145404381377e-10
1.198898758048017044e-09
2.572387580723756173e-10
6.341314973123957088e-11
1.784059833198625711e-08
1.992270792783301658e-09
1.123769965971632701e-09
4.987840140913135656e-10
6.005190789082348601e-10
2.247681207823148952e-10
7.777521959795308248e-10
5.360954735689205108e-11
3.454751762443919461e-10
8.494993597452094036e-11
1.575051200575217081e-09
1.446151465245293366e-08
2.351394190469591194e-09
1.900917340202923356e-10
3.431660788866253142e-10
3.922996649752263920e-11
9.876587048207596808e-11
1.652449843625447556e-10
7.384507588747979412e-11
2.658188114068593677e-10
3.983209595492809285e-11
2.107710672660800810e-10
4.757494745377677248e-11
5.439098130222141947e-11
1.889446110681092250e-08
4.388609198269222134e-10
2.752918726312003628e-10
4.934113673193962768e-10
2.105578156275100810e-09
6.227244414569454989e-11
1.697173623860237512e-09
1.841157087900668898e-10
1.579728015066450553e-11
2.814528055061771283e-10
1.557517170791555827e-10
4.045125692742068679e-11
7.317616512736435652e-10
2.739909632509807125e-08
4.060603797650941260e-10
1.036182029068299926e-09
3.387254032816144900e-09
8.749325708379274147e-10
6.237776961626195771e-11
4.567218825357599599e-10
2.914038432777488197e-08
6.148587861076748595e-09
8.595392841925786342e-07
6.008150739944539964e-05
7.369501009435452943e-09
1.188523857109657911e-08
2.603257387434609882e-09
3.203749088243057486e-08
7.939997270778320626e-11
8.473302059996967728e-09
2.734062753972921200e-08
3.422034877686996879e-09
1.265724586119176820e-05
1.881985678409137108e-09
7.552664049725876794e-11
2.248591535192190349e-09
3.374307766534911934e-08
1.784484338074321386e-09
7.539330049155523739e-09
1.675533489731151349e-09
6.895190551858831896e-08
2.045484448487400186e-09
4.058493985326094844e-08
6.192369284008236718e-09
3.683910676510748772e-10
2.636985074744302437e-09
8.916565819028221540e-10
4.959775992685599988e-11
2.739544702201612836e-11
5.506775035968303200e-10
2.470112558938808434e-09
4.424381359058315866e-07
1.248337966330836935e-08
1.358262807782395498e-10
2.970685208936174604e-08
4.199593917064703419e-08
1.236751927535806317e-07
2.502698848161344358e-08
1.724208414932704159e-10
6.626952320232248894e-09
1.259314097445951575e-09
9.604108619498674670e-09
5.891298004989664605e-10
9.346392104703227233e-09
3.131401911105058389e-07
8.207501345225409750e-09
2.515349317722126443e-10
3.727257114061188759e-10
2.735204951420655561e-08
2.550215860708249238e-08
1.114718894967836604e-08
3.624240241251186490e-09
1.020878936941471693e-08
1.639681945775350869e-09
6.268994212632605922e-10
5.447094997279577910e-10
1.777958935633705551e-08
3.392972303117858246e-08
2.506630458753988933e-08
6.201999469546137789e-10
5.653184587117721094e-09
1.175371977524264366e-08
4.260633512664924183e-10
5.872039423593378160e-07
1.038409802589512765e-09
4.788806018396485342e-10
8.868581979903922274e-10
1.608113535667143879e-07
1.838852292657122689e-09
6.142266695263742804e-10
5.905544053774747226e-09
1.452341393815004267e-07
3.277839777382496322e-09
5.038618766661784321e-08
1.453499010040104622e-08
7.118896139246544408e-09
2.158085710135537738e-09
1.776534142017283102e-09
9.473895445921698411e-09
4.864014746530642697e-10
3.520007896273824599e-11
1.694995671597254727e-10
3.989651664593196756e-10
7.522050538000257802e-09
5.646377232437771454e-08
2.905002238762222078e-09
4.631576455693675598e-09
6.859271817205581101e-09
3.426482653168250181e-09
9.720094729104289399e-10
3.766333633858920393e-10
1.944190586300464929e-09
2.856068448409132543e-08
1.721744666838276316e-07
5.496417765371575115e-10
9.473325596198733933e-11
5.867482499866127910e-09
1.424825035734045287e-09
7.820706304784152962e-10
1.164455820656939977e-08
2.849276370398001745e-09
4.085824123478687397e-09
8.598414202865001243e-10
5.327422392120695349e-10
2.121911180097413308e-08
1.704573704408574031e-09
4.917310647556405456e-08
1.499554147521564573e-09
2.523457220959812730e-09
1.884957434583611757e-08
1.726820109126947500e-08
1.271287430881784530e-08
2.773001313016720815e-07
7.682269931308383093e-09
6.325016954633611022e-08
2.551646360871018260e-08
7.260296808198063445e-10
3.553829230895644287e-09
1.224013068679141725e-08
7.334556073601561366e-09
1.067519295183672057e-09
1.104043967359302769e-08
1.188278586639057721e-09
2.231931084395455400e-09
4.577066725630629662e-09
2.174713076286138858e-09
1.680910272083835366e-10
7.554483705263237425e-10
7.352182751496627588e-11
4.373675865920745309e-10
4.415544041513896900e-10
8.817530705584886164e-09
1.421587381145172913e-08
3.729762276805104193e-09
1.033176832976323567e-08
4.931143049446973237e-09
2.647499108832107595e-08
2.419970890343847714e-10
2.810618626725158720e-09
2.889867858901773445e-11
1.503796087654052371e-09
8.317960542569835525e-09
1.849936552389408462e-06
5.272249858911948195e-10
1.841578556316392223e-10
3.517037994171801074e-09
1.156101103738649272e-09
1.277587990955453279e-08
1.149235040465157454e-09
5.243553147238344536e-08
3.162388384225778282e-05
4.144842691289341019e-09
4.188137268101854715e-07
2.064808185542332808e-10
4.248171592280414188e-09
7.570570836890055944e-09
2.068441631308814976e-07
2.274330235252364218e-08
1.101130020497720352e-10
1.190399556705301620e-09
5.845504915669152979e-07
2.941795973487870697e-10
9.252152377570155295e-10
6.322830703453519163e-09
2.004240258202116820e-07
1.806711225071921945e-09
1.641339736124791671e-06
5.486425758149948706e-10
2.858989667231526255e-08
1.334736943192638137e-08
1.950648140791599872e-07
1.659760218153394362e-09
5.303640193687897408e-09
7.153782011215525927e-09
2.171574170484191768e-10
8.108678173357475316e-09
1.233960915669740643e-07
1.171638519537054890e-08
1.848340502874634694e-08
2.124063147590504741e-10
7.101925714181334115e-10
1.115305980903258387e-08
7.917427602421867050e-09
1.991279141577706469e-09
2.327672943280845175e-09
1.565376717138633467e-10
3.978557205908117567e-10
3.943168708220312624e-11
8.482158309064402602e-10
2.441987057011374418e-09
2.493375745871162508e-07
4.060009661799313108e-09
3.279063687244843095e-10
2.448278246802715330e-09
4.462281211203844578e-09
1.236793689685100617e-08
1.353238965329239818e-09
2.107494845304813680e-09
4.405464437695627566e-07
5.660413027186450563e-09
1.928236903481206355e-09
6.431993132549607139e-11
4.085232152561957264e-09
4.204841808075343579e-09
9.660497823915648041e-08
3.468784814941727745e-09
8.255653938249452040e-09
9.675887667981442064e-06
6.793940410254606377e-11
2.169302515397930620e-09
8.709061943834583985e-11
3.353349542489780788e-10
2.727835179960891310e-10
7.536497648175100039e-09
4.468074621399864554e-08
1.084694334352320766e-09
4.205322756689611197e-09
4.181462121000123489e-10
2.048891091510629536e-11
2.922030795105001744e-08
3.766005285399387503e-09
8.896914316380843957e-09
5.827345717079879250e-08
1.044761166468788360e-09
2.104621477094781312e-10
1.761767121077895126e-10
4.138836218192665228e-10
2.855211622687647832e-09
1.723086603955259477e-11
1.305012009567008135e-08
1.486717832177575360e-10
3.973190221273625866e-09
6.609119651557193720e-08
7.361896647850585396e-10
3.259987280124221343e-10
2.298817580737022581e-09
2.509364105396372224e-10
2.317413150265679178e-09
3.106375157102547746e-09
9.185581184567581658e-10
1.034471841521167335e-09
1.245488689960438933e-08
2.901839046831611313e-10
1.542575234214638158e-10
2.758465234009577216e-09
3.705835083245290207e-10
2.194617404471799205e-10
1.044781505754599493e-08
1.810517069600336981e-08
4.928210750222206116e-03
5.393948754317534622e-08
5.177911930331902113e-07
3.274871485103858504e-09
6.990834022779779389e-10
1.571083818596719084e-10
3.675103698697057553e-06
3.759379524126416072e-06
1.940260174748686950e-09
9.326500460815623228e-09
8.721139366230090673e-09
5.807414549252598590e-09
1.520027714807525854e-10
1.817422101701993142e-09
2.399739607028550381e-08
3.030455530961262411e-08
1.612886180168970895e-08
2.225254469578885619e-08
7.779722643874720234e-09
2.042687963221823111e-10
4.195234437620598555e-10
4.394431016407907009e-06
8.048149924277936407e-10
2.642488006188159488e-09
1.442644492755107422e-08
7.102207016940198514e-11
3.526529734898531387e-09
8.676139251484471515e-10
3.210439469825132619e-09
1.310188485481589282e-10
8.136794016344595093e-10
3.376066440297087468e-11
7.157995307593978396e-10
4.604078451819759721e-09
3.513730695292593964e-10
1.613349176476930324e-10
2.507742465240880847e-06
1.042016126162614853e-10
2.562878131939783088e-09
6.703777089001050626e-09
9.047372628856464871e-08
3.385639324449130072e-09
9.086690289095145090e-10
6.225548965232974297e-10
1.209525208878403646e-07
8.179085742021641181e-10
6.777122418810677118e-09
9.877487627818481997e-08
4.720008384140328417e-09
8.460676781396614388e-08
2.826795686416971876e-09
1.385929714888334274e-02
1.516468894902089914e-10
4.414133769614636549e-08
1.546517802708535783e-09
2.811673671665460006e-10
1.903654123225351213e-09
7.102575749762252144e-10
2.715152581933555354e-11
6.934945673275905165e-11
4.941080183895607547e-11
2.526605868968800905e-10
3.409839877122067264e-08
1.187080744813329147e-08
7.131303991769755157e-09
2.740645044241318828e-09
4.743507253657242018e-10
9.223044550310532941e-10
6.172672928350664279e-10
5.716471185301941205e-10
9.507479603598767426e-08
1.762574752817158696e-09
4.897805772063890117e-11
2.945847299429260602e-08
1.828821716287620802e-08
4.425444899425201584e-09
1.275785366239290397e-09
5.084385801268354044e-09
8.461696621164804810e-11
9.228596553612078424e-08
2.181616025609400822e-07
2.080610794763515514e-09
2.228286000161006086e-09
2.116377828542681527e-08
3.059487108103553510e-09
2.480427252482542144e-10
1.950743122591802603e-09
2.939038123983550577e-09
1.629899687438651767e-10
5.423502535961688409e-09
6.848678846260725095e-10
2.150436773096231491e-11
1.806139349191937526e-09
5.766926935990568381e-09
4.931752228820585060e-10
7.179722927297405022e-10
8.156143316284669709e-09
6.636720684127794812e-08
3.728922948198487575e-09
1.261080795345037586e-09
1.293910090183203465e-09
1.645440339537174168e-09
1.924213899329174637e-09
2.540712330301175825e-06
7.173261984405598923e-10
8.719899108333706295e-11
3.417560234808547648e-09
3.635863277118289716e-10
2.053519665423664264e-07
8.792833822157675172e-11
1.123099280242456643e-09
3.388339848697796697e-07
1.680000916159940516e-09
1.749662414951558276e-09
4.889175175826210307e-10
1.444631636537963004e-09
6.093610060986520693e-09
5.913352030262331027e-10
2.370898810610810870e-09
4.422540111903572324e-10
6.127651719367577243e-10
3.475387089224568626e-09
3.676359883186819388e-09
2.904051998875445406e-11
1.271232292765489547e-07
4.417298827320337296e-03
7.819840885936457653e-10
1.797277526804919034e-08
1.326141418900306235e-09
1.046230185819396752e-10
4.551967247579113973e-09
3.416176785897562240e-10
4.567410616385103594e-10
1.101845548134861019e-08
1.159406792794470675e-09
6.041763089825735733e-09
9.090196151362306409e-09
3.408051796327526972e-08
1.201484423063448048e-07
2.910204299766405711e-09
3.572777851346131683e-09
3.312191854121238066e-09
6.109635908302379903e-09
9.842484161026732181e-09
1.302489227583691900e-10
3.673223147870885441e-07
1.400161764308904822e-08
9.128219707887907930e-11
1.237152336130975527e-08
1.532942661697234144e-07
2.012639388482284630e-09
2.742276405953703033e-09
6.002415925410176101e-11
3.977297657886680327e-10
6.112153450033019908e-09
3.921268518225495825e-11
2.859221193141081585e-10
8.860296940582657044e-10
4.236153650083451794e-10
8.794499017916734829e-10
1.103633362475875401e-08
9.460997540955418117e-10
5.409856590476991300e-12
2.295961643028476828e-08
2.628424766726311645e-08
1.781223391006392376e-09
6.384965445249690674e-07
1.536990978934227314e-08
5.407618530739455309e-08
2.354570427520741305e-10
2.691072920057990814e-09
7.524126877100911770e-10
6.298441768137763574e-10
4.987347868024016861e-09
4.168529688097777353e-10
6.537699699401855469e-02
3.273553650373628443e-09
1.177592912071645515e-09
4.932121377976272925e-09
2.010251964890130694e-10
1.855230524760997923e-09
5.950621662087485220e-10
4.499192574058952232e-09
3.785124658151062249e-09
6.996022650085365058e-10
5.496284316564015171e-09
1.274664729322694257e-08
4.382312290829304402e-09
8.123782757607500571e-10
9.896609753923257813e-08
5.574961048360194127e-10
1.061990634321219318e-10
2.691052269909732786e-09
1.784831504814121672e-09
1.215669120924189883e-09
5.174399242413585398e-10
7.939047197424997648e-10
2.531961751373046354e-09
3.006974003127993456e-09
6.027723742363377823e-08
8.876405388491548365e-09
9.617523444305220437e-10
3.519004421193017151e-09
4.065148928589223942e-08
3.302425277684761795e-10
8.441152665739082295e-09
5.014334192310343497e-08
6.699836241352841171e-10
1.311892550148741066e-08
1.556998370233486639e-07
1.130755649114689732e-07
1.741599042759389704e-08
5.822582238579343539e-07
2.064013187919044867e-06
2.535760490474103790e-09
4.284584631530918841e-10
5.644872089760610834e-07
8.300455461851541372e-11
2.074946603425331659e-10
1.047395326025934992e-08
9.112592339515686035e-01
7.779707544841585332e-09
8.824378561200774129e-09
2.800768150734711526e-08
2.114167868549898799e-11
3.412989357798323908e-08
2.697585443911520997e-08
2.216333783167101501e-08
1.299512053520857080e-09
8.807760631945882324e-10
1.719090825247349130e-08
3.767334444404468741e-09
1.061990246853383724e-07
8.160619957564563265e-10
1.310416593014451792e-07
3.464947495590564586e-10
2.796256337589397845e-09
1.913569580569429718e-10
1.552985406938489632e-09
4.461643055009290038e-09
1.521226367096062404e-09
2.594259806976140226e-10
7.743876651034042879e-10
1.134666494095881717e-08
1.286507789188817696e-09
4.037737255657702917e-09
1.208339881486608647e-07
6.853710377008326304e-10
5.828859617196258114e-11
1.283315054223521656e-08
1.829438267542116137e-09
1.581435982167533894e-09
8.615918645205056237e-09
1.664356874542249898e-09
4.415249277300858921e-10
6.015875575471341108e-10
2.155888800814409478e-09
1.163873553089445068e-09
7.354967301864689944e-09
1.106841396314450776e-09
4.414415499809365429e-10
5.421211994871555362e-07
1.828277618187712505e-08
6.815911746116398717e-08
5.746084719149280318e-10
1.098784764508309308e-06
4.976784111931920052e-06
1.955124417918341351e-08
7.369539423152104973e-10
1.985736991505504534e-10
6.429148186049005176e-11
3.102777756947006083e-11
1.167503073384867918e-11
1.293828100212834897e-10
8.283030927813683775e-10
1.203541177829947628e-08
1.994075599087707928e-10
9.169633941041865910e-10
1.322792275715301002e-08
8.646288129909862619e-10
1.011471084666482056e-08
8.026301151486947560e-11
7.048194472503155339e-09
2.099557472323709817e-10
1.274975347520523883e-09
2.567451529156272727e-10
2.192951931156983392e-10
8.905296500216763889e-10
1.286470513450765907e-10
2.704888535376426262e-10
3.414248883615300656e-10
1.164388696572871140e-09
2.281570904427709934e-10
2.798112852531176031e-09
5.729581253888227366e-10
2.134905141559784170e-09
8.515995020275113347e-09
1.689950845928933632e-09
1.046098485613100593e-10
1.165991081464312629e-09
1.226335921700183462e-08
3.143781901471243145e-10
2.514581876056354304e-10
4.254740115783306464e-09
1.044771558156298852e-08
1.299814006427979507e-10
1.709554303674920561e-10
1.369953261942669087e-09
1.152795428560615676e-10
2.237863921950022927e-10
4.856821056442583995e-10
9.404199641238619733e-10
1.017979922579570484e-08
3.741781051669335056e-10
1.335572274996366104e-08
2.848932756371880259e-10
2.273306698441501794e-08
4.850296608793769337e-09
5.628556731807066171e-09
6.195012280940659366e-10
1.959704398757367017e-09
2.792198188217298593e-07
3.757687216943139674e-10
1.001163951741546043e-08
2.284311939604322106e-08
4.566507172398814873e-09
5.221892696027907732e-09
1.999072907210575067e-09
2.394061660027091420e-08
1.858408912869258245e-11
2.133224974443237443e-08
1.777167163430348751e-10
3.610501342343752640e-10
4.011262877412491434e-09
6.145665087942120408e-10
3.844211171610822930e-09
2.380278196767449117e-09
6.690779180695827222e-11
2.158567546928225056e-09
2.556876099735205798e-10
4.992387059310487984e-11
4.271219489204725051e-10
3.442716112189714295e-09
2.300623719309058401e-10
7.503809129616456630e-09
2.714946878423774024e-10
