2.294314294104538021e-09
1.283963269038679300e-09
2.356819273074961529e-08
6.964685272947690464e-09
1.170981622777844677e-08
1.083956391312312917e-08
2.749404259816401463e-09
2.777769481099312543e-08
1.114332004448215230e-08
2.557468725683520461e-08
4.078206938817885430e-10
1.155545437114824381e-09
2.129760146019066269e-09
1.986001918474755712e-10
4.810595921611593440e-09
1.433884344592684101e-09
2.234082030483364179e-09
4.131826436548635684e-09
7.520988276610296452e-09
3.445888907549488067e-09
1.384962811101786428e-09
1.215667300158429498e-08
1.111273473242135879e-08
1.917633483117242577e-07
1.330494647788782459e-08
2.510686547552154479e-09
5.042981143787983456e-09
1.685945827389900842e-09
4.024259592227963367e-09
7.445185801202569564e-09
3.164768003216522629e-09
2.810205845804603086e-09
4.837352296505059712e-09
1.751134459659908771e-09
2.058089476619784364e-09
3.033738593671841954e-09
1.780758651648284285e-08
2.020747791320331999e-09
1.945037020334439148e-08
8.799402095860386908e-09
9.951003576702532882e-09
9.593837724253262422e-09
1.562343920902264927e-09
3.298691597652947394e-10
6.090077331322163445e-09
1.773775615276917961e-08
3.096019440818054136e-08
1.040820873932091217e-09
2.648291719253847987e-08
4.253359886519092470e-09
5.257029478400454536e-09
1.188036513610768452e-08
3.855364916205417103e-09
5.007593451011871366e-09
2.449137559423775201e-09
1.167607166507877992e-08
1.685434680709363420e-09
2.467216653201376175e-09
5.245541334630843266e-09
5.109917822210263694e-08
8.726716771434439579e-08
3.160286254910715797e-09
9.937953571181878942e-09
7.134187463009311614e-09
9.682153745416144375e-08
2.157189449292218342e-08
1.069005062248606919e-08
4.512048956684111545e-09
1.701095042605516028e-09
2.044014069113586629e-09
5.770544042604797141e-10
3.098617140651072077e-09
1.571015650903007099e-09
1.055809395467122158e-08
6.116465112171454166e-10
2.035007440337466278e-10
4.908958572968913359e-09
2.355505790418987999e-09
5.469804165159075637e-09
3.344721166698150228e-09
5.418970272508261132e-10
5.805605995945484210e-10
3.776975177061103750e-09
7.250695599481105091e-09
3.371046020106405194e-08
1.834197860262065660e-08
5.045280193627377230e-09
7.886906239207291947e-09
7.634460175154345052e-09
3.418238136987383768e-09
2.515710306738583313e-09
3.945753501710669298e-09
3.954807592521092374e-10
5.888739273984811007e-09
3.260058889509309665e-08
1.733977850193468839e-09
6.723176237954930912e-09
5.163783178829817189e-09
8.920102989584677289e-10
2.361060902345002432e-09
1.252939263451935403e-08
2.751325745009580714e-08
6.548209086076894891e-09
8.470905643598314327e-10
5.227522859030386826e-09
5.207728914768949835e-09
1.085858070126732855e-08
5.186337581619682169e-09
8.593035727422204673e-10
2.188277337111799170e-09
6.903565497040631271e-10
4.372493478399519518e-09
2.798171472306876240e-09
6.517531403460452566e-09
1.059529353142352193e-08
1.504584901113048545e-09
1.359204082618248322e-09
1.097072099831564174e-09
1.711956798544633784e-09
1.047654518693263981e-09
1.689438366980766659e-09
2.060976722617624546e-09
8.835235876247793385e-10
3.928855907275874415e-09
1.637737834236929757e-09
1.065732946337050180e-09
3.761763878173951525e-08
1.029135088259636177e-08
5.441085360047281938e-09
2.938185916789848307e-09
1.303483876391453578e-09
1.547206096574882395e-08
1.379622016628445635e-08
2.927607489766614890e-09
3.260792880155349849e-08
1.298420126971677746e-08
3.300237239045600290e-08
2.787076347487982275e-09
9.383093191317470882e-10
1.416787132058061616e-09
8.755150493477970031e-10
5.335150654595111064e-10
2.919214592278507325e-10
2.406535859478253769e-09
2.613710359256060656e-09
2.612519089950637863e-09
3.765423528534483921e-09
4.808907938524953352e-09
2.775126795029336790e-08
5.149688675487595901e-09
3.038844056391099002e-07
1.661940451924692752e-08
1.378036174060071062e-08
9.110173948556621326e-09
2.756972783402034111e-08
1.591218712349018460e-08
2.771253448941024544e-09
7.500678123051329749e-08
5.794048796303741256e-09
6.592685508621798363e-09
1.337683812607792788e-07
2.692029177353560954e-08
5.540332193021413332e-09
6.008665121015610566e-09
1.721630482620639668e-08
1.685210371249468153e-08
1.099930546644145579e-08
5.132528180240569782e-09
7.824156433855478099e-09
3.671883419542609772e-08
1.572057470866639051e-07
1.149130302025014316e-08
8.481551816430510371e-08
4.547803555965401756e-08
8.105322635287848243e-09
1.162942098176245054e-08
1.037560366512479959e-07
1.222219765395493596e-07
1.176574127015328486e-08
2.939471066554233403e-08
1.203750077394261098e-08
2.314322067320517817e-08
2.846594426841875247e-08
1.461337895136693987e-08
2.339696258957246755e-08
1.192072396349885821e-08
7.829471293518963648e-09
7.323079920240616048e-09
1.157281914743180096e-08
1.590117371108590305e-08
3.131594183969355072e-08
4.492220817553516099e-09
1.778094471660551790e-08
6.944765118532814085e-08
3.716350249760580482e-08
1.628711032708451967e-08
6.469513369466994845e-09
6.967332666363290627e-08
4.271166176295082550e-08
4.722297575199263520e-08
3.328826778670190834e-07
8.217999436510581290e-08
1.101259883284910757e-07
1.481017193327716086e-07
1.499105906077602413e-08
1.040701818055822514e-07
5.191555629835420405e-08
1.668502491725121217e-08
8.647911187154022628e-08
7.078767083612547140e-08
3.397602199584071059e-08
1.290142250809367397e-07
2.821982434397796169e-07
6.298183308217630838e-08
1.025531091158882191e-07
6.410239450360677438e-08
4.743423573927429970e-07
6.810151376157591585e-07
1.800574800370213779e-08
3.961334371638258744e-08
2.851300173745130451e-08
6.043067912742117187e-08
3.982713892014544399e-08
3.663461001224277425e-08
3.333070708322338760e-07
3.288505823206833156e-08
2.780070929020439507e-07
8.365073966842828668e-08
6.029804211493683397e-08
1.397588818008443923e-07
1.342611355426015507e-08
5.598033112619305030e-07
8.882366842044575606e-07
1.363374053653387818e-07
9.435736636476121930e-09
3.266445247618321446e-08
2.541669275046842813e-08
5.113307999238259072e-09
2.174947582034292282e-07
3.329404307805816643e-07
1.689092101742062368e-07
4.090090754971242859e-08
7.830530890373665898e-09
1.695220497310856445e-08
1.262116740008423221e-07
1.593730658555614355e-08
1.451404418872925817e-08
9.838885262070107274e-08
4.768594052961816487e-08
4.455258206803591747e-08
1.988027698018868250e-08
3.878015419900293637e-08
1.902859914082455361e-08
1.039370758348923118e-07
2.812089050507893262e-08
2.869548154649237404e-09
3.482762735984579194e-07
9.525830080292507773e-08
1.415739792065551228e-08
1.999950782760606671e-08
6.657547402255659108e-09
2.089615769307329174e-08
2.013130551148378800e-09
8.078744784256741696e-09
1.175315844648139318e-08
5.293758320590313815e-08
9.313008142441958626e-09
4.153343624579974858e-08
1.254732939770519806e-08
2.620785366502786928e-08
3.645128199281089110e-09
4.991735025328125630e-09
1.178125863532386575e-08
1.341054769454785855e-07
6.963051468744652084e-09
7.363501364210378597e-09
4.692155108898532490e-09
3.648731095040602668e-09
2.522273501170957388e-09
1.280581418683368611e-08
4.265326758456922107e-09
4.308072121261830034e-09
5.575516492939414093e-09
1.093355850301236387e-09
2.759949158104291200e-09
4.128076991349871605e-09
7.022037951109894038e-10
4.566524047788789176e-09
3.506916312900898447e-09
2.870128357201906510e-09
9.119214716690748901e-09
2.250814201687489913e-09
3.572777407256921833e-09
1.003943816968444480e-09
7.384965083900851823e-09
1.309504540358830127e-07
3.338812559761095144e-09
1.165535294944675115e-07
5.033469818727098755e-08
3.138099557986606669e-08
1.037857244590156824e-09
1.792425652347162668e-09
5.139218828276170825e-09
8.912041660202874027e-10
2.195205262012223102e-08
1.215794842579498436e-08
7.997075890386895480e-09
4.796001373819080982e-09
6.453488299307252873e-10
2.492217765492910075e-09
2.927607489766614890e-09
9.579502524559302401e-09
3.379697188776731309e-09
1.414942607524949381e-09
8.145275565141218976e-09
1.049712761158616559e-09
1.646378922082192275e-09
1.059452614526890102e-08
1.725920295569949303e-09
1.745482425263844561e-09
1.346277644920235161e-09
1.647453173880819577e-09
2.570568868875966473e-09
8.591560796133990152e-10
2.212189542660780717e-09
7.604430418695073968e-10
4.049189872290526182e-09
7.804611956707674381e-10
3.820802285670055198e-10
7.070568575073821194e-10
3.956243332936537627e-09
9.184849325549748755e-09
1.023576889913613286e-09
1.524422188481366902e-08
3.301817486089930753e-08
2.014498967639610782e-08
8.105261350976888934e-09
1.746658817580737377e-08
6.511765793248969203e-09
5.676359826622956462e-09
5.162278782222529117e-08
9.066443595884265960e-08
3.405996595873261867e-09
8.042261967489139352e-09
3.721625896346836271e-09
6.338104867609217763e-07
2.724375036677884054e-08
1.587968512239967822e-08
1.003909844143890950e-08
6.742014946325980418e-09
4.281539123240918343e-09
5.619061327344354595e-10
6.534755514486789707e-10
3.411549043264017200e-09
1.291390994140328985e-08
3.997135067379531392e-08
2.274646782041145343e-08
3.180849006412245217e-08
6.030252563959948020e-08
1.422997897293498681e-08
3.062727405023224492e-09
1.917547507446215604e-07
1.650702614597321372e-07
3.178271867909643333e-08
2.083105421490927256e-08
4.004942155688695493e-08
2.650313035701401532e-08
5.913527090228853922e-08
9.881552465174081590e-09
1.397616244958044263e-08
2.397537945952876726e-09
9.046936533252392110e-09
1.324537493019306567e-07
6.576851063755384530e-08
1.831317320011294214e-08
3.632844425283110468e-08
9.424040436911695906e-10
6.278305875184742035e-09
1.336772559312748854e-08
7.048597261416489346e-09
5.249246726179990219e-08
6.483571013404798578e-09
7.561016701629341696e-09
2.508015795044116203e-09
1.170690766549853379e-09
5.171473915766000573e-08
5.285008874977847881e-09
5.221793220044901318e-09
5.967699223674571840e-08
2.853106018108064745e-08
5.182036133533074462e-09
9.870795736333093373e-09
1.741913724373489458e-09
2.773605234374088013e-10
2.585765201956746751e-08
9.292763003543313971e-09
8.887936497892212628e-10
2.922435848873305986e-09
4.005431009090898442e-08
8.176817090088661644e-08
1.533480009641152719e-08
4.970768685552684474e-08
3.220290167860184738e-08
1.405065397364069213e-08
1.885270307866449002e-06
7.717803214291052427e-07
7.009637315036343352e-09
8.910538781492505223e-06
3.536251142577384599e-06
9.086599561669572722e-07
8.620931524205843743e-09
4.470603887085644601e-09
2.679341832845238969e-07
8.263562278898461955e-09
8.644531135360011831e-08
1.773910014435386984e-07
3.281932947629684350e-08
9.067161954590119421e-06
1.805171456759069315e-09
5.390675017480361930e-09
2.784134522926251520e-08
1.652630459147985675e-07
2.945032484547027707e-08
1.203341426503357070e-08
1.080793587959760771e-08
2.324601609871024266e-06
2.025193523991219990e-08
2.775866505544399843e-07
3.685778438011766411e-07
6.671720953477233707e-09
3.465261499968619319e-08
1.045646680353229385e-08
6.646040162650024286e-09
3.745188603687665818e-09
6.346463354844900095e-09
1.860674458953326393e-08
8.835094376991037279e-06
1.275343265660922043e-06
3.517655056128887736e-09
3.264354120346979471e-07
4.396088115754537284e-07
7.425391856941132573e-08
1.554424898131401278e-06
1.093543589014700501e-09
5.571851602326205466e-08
1.363369417362036984e-08
9.719103388761141105e-08
6.733982704787422335e-09
1.122786486007498752e-07
3.381668648216873407e-06
5.620092391467323978e-09
1.408800076596605777e-09
7.026275117283375948e-09
5.699262146663386375e-07
2.077670160360867158e-07
2.283484157317161589e-08
1.951610784090007655e-08
3.573651596866511682e-08
1.518328396343804343e-08
1.194869980736257276e-08
9.837815184710052563e-08
3.436996465211450413e-08
6.150444420427447767e-08
3.494459122066473356e-08
3.890741950840492791e-09
1.378096072812695638e-07
1.624728724891610909e-06
1.495196677581134281e-08
2.204558313678717241e-06
6.284464060257732854e-09
7.969880755354097346e-09
4.104487913991761161e-07
1.018522766571550164e-06
1.235579283331844636e-08
7.387317424445427605e-09
2.016072215837994008e-07
1.840387255924724741e-07
3.389582303725546808e-08
3.160524499890016159e-07
5.945706220700230915e-07
3.127415837411717803e-08
2.164847856533924642e-08
6.757750270480755717e-08
4.854188659919600468e-07
1.535860576495906571e-07
1.005935779119226936e-08
1.665687365814960685e-09
3.921767799397457566e-08
3.343237153785594273e-08
8.699163345227134414e-08
5.179674467115091829e-09
3.297512662925328186e-08
4.188729718634931487e-08
5.700902860894530022e-09
2.775682439448701189e-08
3.317635499655580134e-09
1.293881091157800256e-08
4.463664424747548765e-07
1.964160446732421406e-06
5.014895609889435946e-09
2.928008391300807034e-10
8.233453741013363469e-08
8.172228227465438977e-09
2.787800923442773637e-08
8.255122452283103485e-08
2.104141749725840782e-08
3.254790570395016402e-08
8.534271067617282824e-09
2.033624291186697519e-08
9.443806447961833328e-08
4.856957502852310427e-07
1.692740625003352761e-06
4.011178056373410072e-09
3.770700374161606305e-08
1.787847736522962805e-08
3.804872505952516804e-08
1.012789496712684922e-08
9.630080057831946760e-06
8.634972914478566963e-08
3.125747980448068120e-07
7.090563514111636323e-08
2.427136713833988324e-09
1.715670236990263220e-07
2.522776298974349629e-07
1.212104017156434566e-08
6.729466406341089169e-08
6.918692463386832969e-08
3.748692378735540842e-08
6.363688243027354474e-09
4.125040575786442787e-08
2.044331779416097561e-07
3.994862218803518772e-09
2.938589593881602013e-09
2.218375483309387164e-09
1.520510650721007551e-08
7.876548302476749086e-09
4.466613518161466345e-06
1.003827510004384749e-08
2.899176649862056365e-07
5.156610782819370797e-08
9.717712856627258589e-08
3.492927760362363188e-07
5.163783178829817189e-09
4.308607870484593150e-08
3.078280685908652003e-10
4.680786958033422707e-08
2.620241730255656876e-07
5.015640454075764865e-06
3.294966433031731867e-08
3.185449237719240045e-09
2.867591142319270148e-08
7.626701936658264458e-09
7.356626241517005838e-08
2.415194488847305365e-09
8.829000535115483217e-07
1.731071824906393886e-05
3.165476059052707569e-08
1.159477051260182634e-06
2.136835819399607317e-09
9.926397481763160613e-09
1.031064940093529003e-07
9.012242117023561150e-07
1.455047424769873032e-07
1.336854094091677325e-08
1.707984198517920049e-09
2.283909225297975354e-06
5.343116171729889174e-09
2.990592662399649271e-09
1.734107790696270968e-08
4.474983143154531717e-06
4.489533367291187460e-08
8.114990919239062350e-07
4.944658016370340192e-09
1.020313931121563655e-07
1.701109653140520095e-07
9.809882612898945808e-07
1.226363366413352196e-07
1.993476494988044578e-08
3.079276211792603135e-08
6.304210486973715888e-10
1.263912707827330451e-07
1.464058072997431736e-06
1.256049415587767726e-07
6.296345844702955219e-08
3.932274950102510047e-09
1.851674902297872904e-08
6.696926675431313924e-07
1.235803193111451037e-08
5.324651386473533421e-09
3.894166411555488594e-08
1.879382161007470131e-08
4.398549524609052241e-09
4.922140917074102617e-09
2.446962987789902400e-08
2.791440323335336871e-08
4.026423084724228829e-06
7.603158103108853538e-09
3.964045980353603227e-09
5.476195852338605619e-08
1.415402284266065180e-08
9.311597182204423007e-07
1.161565332807867890e-08
5.348979925656749401e-09
1.593978481650992762e-06
5.596519159212220984e-08
6.893348825087741716e-08
1.693662632362702425e-08
1.269036697948422443e-08
5.804660219155266532e-08
1.704088390397373587e-06
1.317373765630236448e-08
1.208644135886061122e-07
2.139005346180056222e-07
9.553500213144161535e-09
2.711356694717892424e-09
2.839581236813160103e-09
2.540772392478629627e-08
4.501211492424772587e-08
4.233871919723242172e-08
5.647378387152457435e-08
6.398268226348591270e-08
1.220151375491695944e-07
2.447602476252086490e-08
6.071285696407358046e-10
4.157011233019147767e-07
5.710159030059003271e-07
1.633612072282630834e-07
1.233758575835963711e-05
2.956314119728631340e-06
1.002283589457420021e-08
2.474758709070101759e-08
1.117401104977489013e-08
4.332971457188250497e-07
1.090030510297879118e-09
2.090057193981920136e-07
1.394466142556893828e-08
2.661411890869658237e-08
1.110046454755320156e-07
3.813416427078664128e-08
6.903806415436974930e-09
1.229077906117481689e-08
3.314877705662411245e-09
2.761546369356437935e-08
1.953305250879111554e-08
1.966249918439189059e-08
1.700839469265247317e-08
7.133973412010163884e-08
9.290635816228132171e-09
9.787052945853247365e-09
2.228448181540443329e-08
7.574069371685254737e-08
8.657430328185000690e-09
3.698884540881408611e-07
6.446437055274145678e-07
6.312134210020303726e-04
1.370280102719334536e-07
4.109550900466274470e-06
1.789121938600146677e-06
5.238852018862871773e-09
2.189621817194620235e-09
2.941829734481871128e-06
2.213385187133098952e-06
1.950331807165639475e-07
1.800950002461831900e-07
3.110617399215698242e-07
3.370756473941582954e-08
7.780626809505974961e-09
2.241697849569845857e-08
2.846982852133805864e-06
2.793885300889087375e-08
3.149006033709156327e-08
8.694834008338148124e-08
6.301500121708158986e-08
3.112182511699757015e-08
1.185128262193302362e-08
2.086337553919292986e-05
1.199766241910538156e-08
5.156896065727778478e-08
9.582229409943465726e-08
5.135032399294914285e-10
3.691313565923337592e-08
1.665564397512753203e-08
1.657694355117200757e-07
4.154665056432804704e-09
3.736818854349621688e-09
1.208622713022577955e-08
2.433248482702765614e-07
3.114035251883251476e-08
7.618142916498982231e-08
1.233198432259996480e-09
5.977585146865749266e-07
1.171517354237039399e-07
8.258378869641092024e-09
6.773196759013444535e-08
1.796309334167744964e-06
1.764942823001547367e-07
1.096783819320990006e-08
2.292648915158679301e-08
3.865494818455772474e-06
1.588474418667829013e-08
3.428183958931185771e-08
5.720864351133059245e-07
9.555778390790692356e-09
1.986357176519959467e-07
5.237395939161615388e-08
9.890186041593551636e-02
2.740629057029764226e-09
6.307872979505191324e-08
3.547072680021301494e-08
2.608366633793934852e-09
3.227029310437501408e-08
7.974594318227445910e-09
9.347634888356992633e-10
3.684172522611106615e-09
4.797236830000883856e-09
4.739113990126497811e-09
9.275277079723309726e-07
1.316011548624373972e-06
6.573525297426385805e-07
2.331010229283947410e-08
7.889603637067921227e-08
3.317344399178523418e-09
8.787477412397493026e-09
4.779910689478583663e-09
4.549115999452624237e-07
4.700180689098942821e-09
1.349174549858389582e-09
7.978131861818837933e-07
2.137444177208180918e-08
5.130639024741867615e-09
2.851207447918113758e-08
8.165127951542672236e-08
2.410584443168772850e-08
4.103723313164664432e-06
1.649884143262170255e-05
1.662568216431736801e-08
2.343497129686511471e-08
1.750326390492773498e-07
5.727576635194964183e-08
5.353795184959153630e-10
3.162621453611791367e-08
5.587826379382931918e-08
7.508146104839852342e-09
3.426294824748765677e-06
1.425917389497044496e-06
1.140929484222397150e-08
1.099446045316199161e-08
5.575526706991240644e-09
5.957926596522611362e-09
3.014124416722552269e-08
1.001853444648759250e-08
4.616325441020308062e-06
7.689587988579660305e-08
3.810275828186604485e-08
1.800360962533886777e-07
3.376124482201703358e-07
1.239043800893568914e-08
1.653914805501699448e-04
1.134036775596314328e-08
8.273580931472679367e-08
3.871511822239881440e-08
6.318252587789174868e-08
5.569293648477469105e-07
2.240563956590335692e-09
9.693272851052370243e-09
7.875140539681524388e-08
1.204625110773349661e-08
1.559394391392743273e-08
5.709198092063161312e-08
2.630641304790515278e-08
2.652919306456169579e-07
1.337083688213169808e-08
1.931579873826194671e-08
3.121407132766762516e-09
2.592273595780625328e-08
9.232993924968013744e-09
3.066627840553337592e-08
8.439667853465948610e-10
1.449833604283412569e-07
3.751944168470799923e-04
1.125203752394554613e-07
1.828924609981186222e-06
3.904117207298440917e-08
9.022673275183024089e-09
4.950360121824814996e-08
5.277815962045906417e-09
1.604622745787764870e-08
8.541339191481256421e-09
1.379167571258221869e-07
2.954287303680303012e-08
2.485857208966990584e-08
1.697398630540192244e-07
3.672408510624336486e-08
1.038022023891471690e-08
6.076374514663029913e-09
5.548054815562863951e-08
3.899852529798408796e-08
6.765321103330279584e-08
8.961854369715638313e-09
4.553534438400674844e-07
1.011590633481773693e-08
4.918339957526995931e-09
2.577409219384207972e-08
5.904637419007485732e-07
1.145552364079094332e-08
2.579312408101941401e-08
3.043278073988631149e-09
2.785442632102785865e-07
1.195540875187361962e-07
9.508176468386864144e-10
1.361719270676076121e-08
8.253595495943955029e-08
5.620543106488185003e-07
2.269631593776466616e-09
4.810711402569722850e-07
9.259729871757826913e-09
1.664598014983198482e-09
3.580892666832369287e-07
5.545856538446969353e-07
8.272098028783148038e-08
1.035852073982823640e-05
2.427963465834181989e-07
9.483192542347751441e-08
1.301787566632128801e-08
2.738550719527665933e-08
3.494277089899355815e-09
3.454608599184894047e-09
8.006828977613622556e-09
1.129785864861787559e-08
4.800269380211830139e-04
3.091324174420151394e-07
9.155568747587494727e-09
2.938316434608623240e-08
4.313955344059650088e-07
4.569802314335902338e-08
1.068793054059824499e-08
6.357588944183589774e-08
3.760795408425110509e-08
7.666913326431767928e-09
5.171680683702106762e-08
2.329832504699425044e-08
5.699482130694377702e-08
1.737799593115596508e-08
2.693533929232216906e-08
1.429693075039040195e-08
7.259967738093564549e-09
1.875575605936319334e-08
1.425975142410607077e-07
7.985252636899531353e-08
3.109285273694695206e-09
2.314250346913127032e-09
3.814231064325213083e-08
1.306573125248178258e-07
1.721775788610102609e-07
3.023601991003488365e-08
3.424080219360803312e-08
1.165091248367389198e-06
2.764854567516294992e-09
1.526115411820683221e-08
6.646119743436429417e-08
1.771298201447280007e-07
4.984171297905959364e-09
2.127892315684221103e-07
5.699800453839998227e-07
4.003787398687563837e-05
1.277983443515040562e-07
2.992771442222874612e-06
7.322968303924426436e-05
1.370753732743423825e-08
1.827479145788402093e-08
1.227467464559595101e-06
2.501343310257198027e-08
1.857068632205027825e-08
1.399336042595678009e-07
8.990430831909179688e-01
1.197304868583159987e-07
9.544593559951408679e-09
1.705908658777843812e-07
4.271465403604679523e-09
3.668643842047458747e-07
1.646928780019152327e-07
1.903386248613969656e-08
1.987141757808785769e-07
7.242789479278144427e-09
1.793701329688701662e-07
1.818751194093692902e-08
8.901331227662012680e-08
1.486401757233579701e-08
2.758243226708145812e-06
1.089473933291174035e-08
5.157486171469827241e-08
2.523047992752935897e-09
5.635154920469176432e-08
3.973729789663593692e-08
2.069048221642333374e-08
3.119107248039654223e-07
2.005377863767421331e-09
6.020576392984366976e-08
1.952660966253461083e-08
2.214913585874001001e-08
2.953943976535811089e-06
1.323746268155900907e-08
6.319659462405979866e-09
3.591321728890761733e-08
3.082796240505558671e-08
2.014072641998154722e-08
1.369557622865613666e-07
8.354756886319592013e-08
1.860377238926957943e-07
9.024045954930670632e-10
1.062832666320900898e-08
1.990330744661150675e-08
8.636175152787473053e-08
1.570457186517160153e-07
1.719002362676746998e-08
8.395303439101553522e-07
7.673471458247149712e-08
3.107838892901781946e-07
1.363522894592961165e-08
1.279231582884676754e-06
1.085286203306168318e-05
2.039712398982373998e-07
3.361413591917994381e-09
1.777734071062297971e-09
2.724903414019763659e-09
8.655807737234511023e-10
6.038118893769706119e-10
1.493183687806265425e-09
1.075709743503239224e-08
1.970123264527501306e-07
1.261111992612029553e-09
4.947412701739040131e-09
7.917279987168512889e-08
1.905205104790752557e-09
5.253473389643659175e-08
5.142883896525063392e-10
6.196803070679379744e-08
9.176688742229544005e-09
3.582776386679142888e-08
5.888817877774954468e-09
1.335502708421643092e-09
2.265449161598098726e-09
2.525937015107615480e-09
3.847843643711712502e-08
1.511682334864872246e-08
8.905860937602483318e-09
1.956694895000055112e-08
1.139322503007633713e-08
1.960471607276303985e-08
4.860893554337053502e-08
4.196422764835006092e-08
4.126840646989649031e-09
6.128823226703161708e-09
9.041847270907510392e-09
4.399533182208870130e-08
7.046863093052024851e-09
1.970349572388840897e-08
6.347262271333420358e-09
2.873346716114610899e-07
2.922146080663878820e-09
4.601655057001607929e-09
2.377129382225007248e-09
8.996393630056331858e-10
2.079083349926236224e-09
3.943975424025580878e-10
2.846044289128712990e-09
6.124222551306957030e-08
2.374491936407707726e-09
1.132361333588960406e-07
2.537903887045445117e-09
8.446362471659085713e-07
1.975161296741134720e-07
1.663745905489122379e-07
9.873884820876810409e-09
1.803317495330247766e-08
2.059773350993054919e-06
4.141288201253701118e-08
2.038417363792177639e-07
1.867120715814962750e-07
5.573562944505283667e-08
3.293741102083913574e-08
7.099644250274650403e-08
1.184282822919158207e-07
1.661702775379580999e-08
9.214683416303159902e-08
2.726900039107249540e-09
9.562921565731130613e-10
5.874730391042248812e-08
1.135240079719324058e-08
1.694201223756408581e-09
6.796850193779846450e-09
5.714225759234636826e-10
1.678633121393602323e-09
1.807004101905818061e-09
1.973383678688378495e-09
9.701152769991949754e-09
8.455041999866352853e-09
8.210330193492154649e-10
7.487427922114875400e-08
2.573253610194115026e-08
