4.788534511135367211e-07
1.746087008314134437e-07
1.614261968541086389e-08
3.249309088459995110e-07
4.502757278146418685e-08
1.416163968315231614e-06
7.219787789836118463e-08
7.037921534447377780e-08
8.658619599088979157e-09
4.707574134954484180e-07
1.326644337495963555e-06
4.028625539831409696e-07
3.055919705730048008e-06
2.953469504518579924e-07
1.205009084515040740e-06
1.668707056978746550e-07
8.025686071277959854e-08
1.946233112448680913e-07
5.517988199699175311e-08
7.115898625897898455e-08
2.530727094551821210e-08
1.305333796608465491e-07
5.799702762487868313e-08
3.217816356482217088e-06
4.947288744006073102e-06
9.000612521958828438e-07
9.427426448382902890e-07
1.865846428472650587e-07
3.335239284751878586e-07
3.795287511820788495e-06
6.076100817153928801e-06
1.143673898695851676e-06
7.704703421040903777e-06
1.140453264270036016e-06
2.643108564370777458e-05
3.496886165521573275e-06
4.040917701786383986e-06
4.131202331336680800e-06
8.120596612570807338e-05
2.464535355102270842e-04
5.371685347199672833e-06
1.351119226455921307e-05
2.795068894556607120e-06
1.996562932617962360e-04
1.385895302519202232e-06
1.365750540571752936e-05
1.610040158084302675e-06
2.370760217308998108e-02
1.063781473931157961e-05
7.426245929309516214e-07
2.455101082432520343e-07
9.582173228263854980e-01
5.492025252351595555e-07
2.566367207634812075e-08
1.553187622960194858e-08
1.983797801585751586e-07
2.104635576927194052e-08
9.006803303179822251e-09
1.391586046395332232e-08
5.757322014687815681e-07
2.589285656995343743e-07
1.917326244438299909e-07
7.854502541704277974e-07
2.356222807975427713e-07
1.417398948433401529e-06
1.380728349431592505e-07
7.453121497746906243e-07
4.751927065171912545e-07
1.165129219771188218e-06
1.195740605908213183e-05
3.218462154563894728e-07
9.392579727318661753e-07
2.545760651173623046e-07
4.285249087843112648e-05
3.126089268334908411e-06
3.032819506643136265e-07
6.567572654603281990e-07
2.402969130343990400e-06
1.079397115972824395e-04
5.462850936055474449e-07
8.100412742351181805e-06
4.375248607857429306e-08
4.939189238939434290e-06
9.747207059263018891e-07
1.438560559563484276e-07
4.180575103873707121e-07
8.214317858801223338e-06
5.091907837595499586e-07
4.543633622233755887e-06
2.069822926387132611e-07
9.623822734283749014e-07
7.103491128646055586e-08
2.601568894533556886e-06
2.755705708068489912e-08
2.969021579701802693e-07
3.931075127638905542e-07
1.422588979949068744e-07
1.337764743425395864e-08
2.989482439375024114e-08
1.323261074048787123e-07
1.031124057249144244e-07
1.586652615515049547e-05
8.355207796739705373e-07
1.382883738187956624e-06
2.880002466554287821e-05
1.000645738713501487e-06
8.589902336098020896e-07
1.452181948025099700e-07
1.257479880223399960e-06
4.128978616790845990e-07
1.786290226846176665e-08
9.926232991119832150e-08
7.929907951620407403e-06
2.037945341726299375e-05
3.154027012897131499e-07
8.790717487272559083e-08
4.280433074654865777e-07
4.752861059387214482e-05
2.385996538123436039e-07
3.262438667661626823e-06
1.562094666951452382e-06
2.168651178635627730e-07
1.493311401645769365e-06
1.214919961967098061e-06
6.400008260243339464e-06
1.391375917592085898e-05
9.301040336140431464e-06
1.590530018802382983e-08
8.230377090967522236e-08
2.205396185672725551e-07
1.470621047161557726e-08
6.750137515609822003e-08
5.825389948199699575e-08
3.360519542638940038e-07
1.468927166570210829e-07
1.113025263066447224e-07
5.536147455131867900e-06
6.379760861818795092e-07
1.021159903302759631e-07
1.466274852646165527e-07
1.121759041211589647e-07
2.922186759235501086e-08
1.061346281971964345e-07
9.864891836741662701e-08
7.540254642890431569e-08
1.677868368687995826e-07
1.038057728663943635e-08
1.272648475492133002e-08
2.743575144847909542e-08
1.467013532874261728e-07
1.672708549449453130e-06
5.167678409634390846e-06
2.612331627460662276e-06
1.531950317712471588e-07
1.848580950536415912e-07
3.712416400958318263e-07
1.207376953971106559e-07
7.542026878581964411e-07
8.582737223150616046e-07
1.724750654830131680e-05
2.244230927317403257e-06
2.092683416776708327e-06
7.455065542671945877e-08
2.736898522925912403e-06
3.536834356054896489e-06
4.058916601934470236e-06
1.629874191166891251e-07
5.672534939549223054e-07
1.905786848510615528e-05
2.174390829168260098e-06
2.369296635151840746e-05
4.761035938827262726e-07
4.457488103071227670e-05
4.614932720414799405e-07
1.018348484649322927e-05
1.001664884370256914e-07
3.567061526155157480e-07
9.675039109424687922e-06
4.868637461186153814e-06
1.049585334840230644e-04
3.634558743215166032e-05
1.265107840708878939e-07
2.419689508315059356e-06
8.235201676143333316e-07
7.686097802661606693e-08
7.830666390873375349e-07
4.006040512649633456e-07
2.366129592701327056e-06
2.444216988806147128e-07
2.782957437830191338e-07
1.910096436574804102e-08
5.351056984181923326e-07
2.892260454245842993e-06
3.166000226428877795e-07
5.649285128583869664e-08
3.068856312893331051e-05
4.124696602048061322e-07
9.242932605957321357e-07
5.873843065273831598e-07
4.647283731173956767e-07
3.128464811652520439e-07
3.931255321276694303e-07
5.986387918710533995e-07
3.334669997911987593e-07
1.820814645725477021e-06
6.803832548030186445e-06
6.694823696307139471e-06
2.599002300485153683e-06
7.081491639837622643e-05
8.240909664891660213e-06
3.723257577803451568e-06
1.771827373886480927e-05
2.149038778043177444e-07
3.327693605115200626e-07
8.161846949406026397e-07
5.719981004403962288e-07
4.506604796006286051e-07
7.134816826237511123e-08
8.280827756834696629e-08
3.475622918358567404e-07
2.786610593830118887e-06
6.095150979490426835e-07
3.562782922017504461e-06
9.598804354027379304e-06
7.725746399955824018e-06
8.082333806669339538e-06
3.909641179689060664e-07
2.159896894227131270e-06
1.780639138360129436e-07
1.821689181724650552e-07
6.931452389835612848e-08
7.127027288333920296e-07
4.357328862170106731e-07
6.213995220605283976e-06
1.411926859873346984e-06
5.153302936378167942e-06
5.479926130647072569e-06
1.144694124377565458e-06
1.591181728599622147e-07
4.257491923453926574e-07
3.757706963369855657e-07
9.809691192685932037e-08
3.369759360793977976e-05
2.507405588403344154e-04
2.498961748642614111e-06
3.380600173841230571e-05
9.195297752739861608e-05
4.837314008909743279e-06
1.211638505083101336e-06
2.559296717663528398e-06
1.488974248786689714e-06
1.252649099114933051e-06
2.562444706200039946e-06
5.698520908481441438e-06
1.701521250652149320e-04
1.750245587572862860e-06
3.771560159293585457e-06
7.280019076461030636e-07
2.347826011828146875e-06
4.941551878800964914e-07
9.565978871250990778e-06
2.763527618299121968e-06
6.541222774103516713e-06
1.121212491739242978e-07
1.599346205694018863e-06
4.115722163078316953e-07
3.791078313497564523e-07
8.409102179030014668e-07
1.541705569252371788e-05
4.748309947899542749e-06
2.315298161192913540e-06
4.824591451324522495e-05
4.068414909852435812e-06
4.688025001087225974e-06
2.869550144168897532e-06
3.651143924798816442e-05
1.297041035286383703e-05
2.271544872201047838e-06
1.934716920004575513e-07
2.327498805243521929e-06
2.446147846058011055e-05
5.712131969630718231e-03
4.670895577874034643e-04
2.891510348490555771e-06
1.566952050779946148e-05
4.552988335490226746e-03
2.046653571596834809e-05
3.216398908989503980e-06
5.787613645225064829e-06
8.863538596415310167e-07
1.417526709701633081e-05
1.905118188005872071e-05
1.551500026835128665e-04
5.100904445498599671e-07
4.027503734960191650e-07
2.996259809151524678e-07
3.713096248247893527e-07
4.490516403166111559e-07
1.827674509513599332e-06
2.449613248245441355e-06
1.871280574050615542e-06
5.802930900244973600e-07
2.211543232988333330e-06
3.873896639561280608e-05
1.596682886884082109e-05
2.042177811745204963e-06
4.515598448051605374e-06
2.165176556445658207e-04
5.192682692722883075e-07
9.505421985522843897e-06
4.637264794382645050e-07
1.249227170774247497e-05
1.923036325024440885e-05
3.789480729210481513e-07
3.632697200828260975e-07
6.792616602524503833e-08
2.802396920742467046e-05
3.272235062468098477e-06
2.772458174149505794e-06
3.845171931970980950e-07
1.785779168983481213e-08
4.539001281500532059e-07
1.231846340488118585e-06
2.609924649732420221e-07
9.337807682641141582e-08
9.399112741448334418e-07
8.759812772041186690e-06
1.076197236216103192e-06
1.538846390758408234e-06
8.743328550053774961e-08
6.751924956915900111e-07
6.982888862694380805e-07
1.846605783839549986e-07
4.557677257821524108e-08
3.135468773507454898e-07
6.259429596866539214e-08
3.743646281861856551e-09
1.007254013529745862e-06
4.400194484333042055e-07
6.560852483517010114e-08
7.605647260788828135e-05
5.685726137016899884e-06
7.577270480396691710e-06
4.016796538053313270e-06
4.046324647788424045e-06
4.069392616656841710e-06
7.383455795206828043e-06
4.177020116458152188e-07
1.688406143784959568e-07
3.396965837509924313e-07
1.586178950674366206e-05
1.325918447037111036e-06
4.966860160493524745e-06
1.220583840222388972e-06
2.668551360329729505e-06
2.612969041138057946e-08
5.140358894095697906e-08
7.976131541909126099e-07
3.186619892403541598e-07
7.446833478752523661e-07
2.886871470764162950e-07
5.264671472104964778e-07
6.155229925752792042e-07
1.717674240353517234e-05
6.344812391034793109e-07
1.639689912735775579e-07
5.329074070914430195e-08
2.491547945737693226e-07
3.698184869449505641e-08
3.373611150436772732e-07
2.683209686438203789e-06
4.752203324187576072e-07
8.920529580791480839e-06
4.349307971551752416e-07
2.524658668789925287e-07
5.867362418143784453e-08
1.469813582843926270e-06
2.863970166799845174e-06
1.884729954326758161e-07
1.070377265932620503e-06
4.063999483605584828e-07
1.527996289496513782e-07
1.941193886523251422e-06
2.501923518138937652e-06
8.309635290970618371e-07
1.573085755808278918e-04
4.402558261062949896e-05
8.711101884273375617e-08
2.119742958939241362e-08
5.329630994310718961e-07
2.939308885174796160e-08
9.043766624472482363e-08
9.133750040746235754e-07
1.003475347260973649e-08
1.009124446227360750e-07
4.029659521620487794e-07
9.649546655055019073e-07
8.184489530549399205e-09
1.556603592689498328e-07
3.940871010854607448e-06
4.485156296141212806e-06
8.177046879609406460e-07
9.303776664637553040e-07
2.869474826638906961e-07
3.666299264182271145e-08
2.761392181582777994e-07
4.107540917175356299e-06
9.140294423559680581e-07
1.671550876380933914e-06
7.505190069423406385e-07
3.021100525302244932e-08
9.192482934849977028e-07
6.394517640728736296e-06
7.688056939514353871e-06
6.932867108844220638e-06
2.583901625996531948e-08
2.569570597188430838e-06
2.503747055015992373e-06
2.957068261366657680e-07
1.901718036378952092e-07
1.344045017503958661e-06
6.758514814464433584e-07
1.193843900182400830e-06
1.958333228913033963e-07
9.520050525679835118e-09
1.829855307278194232e-07
1.652246851335803512e-06
4.151821849518455565e-05
1.830059591156896204e-05
7.514837534472462721e-07
2.568194759078323841e-07
4.359580543678021058e-06
6.776886948500759900e-06
2.224814181772671873e-07
4.891602429779595695e-07
1.623695061425678432e-05
3.230067022741422988e-07
3.446748678470612504e-06
1.886954805740970187e-07
1.962109490705188364e-05
2.705168640204647090e-07
8.745847424052044516e-08
9.180497499983175658e-07
1.161400007276824908e-07
4.774913122673751786e-07
7.825985335330187809e-07
2.298771590858450509e-07
1.449382978080393514e-07
2.870716116376570426e-06
6.341082325889146887e-08
3.920259530332259601e-07
9.409188351128250360e-06
1.956916275958064944e-05
3.574332367861643434e-05
6.812870623207345488e-08
7.854454509015340591e-08
1.588488885317929089e-05
4.068011094204848632e-06
2.365067075515980832e-06
1.041798782352998387e-06
2.264609122448746348e-07
1.639146603338303976e-06
4.763063770951703191e-06
3.077417204622179270e-05
5.569990389631129801e-05
1.175852503365604207e-05
2.390519853179284837e-07
2.230034468198027753e-08
1.265958644580678083e-07
2.679559293028432876e-05
5.128206339577445760e-06
6.677884084638208151e-05
5.775700628873892128e-07
1.486492692492902279e-06
1.511943310106289573e-06
1.182032889346373850e-07
7.900453965703491122e-06
3.334479288241709583e-07
1.857430220297828782e-06
3.200348714926803950e-07
7.391236067633144557e-07
6.925766342646966223e-07
2.804904681852349313e-07
1.574834413986536674e-06
6.858712708890379872e-08
6.121557589722215198e-07
1.501242081758391578e-06
1.117165766117977910e-06
7.629325438074374688e-08
2.844862834194827883e-08
7.260431971189973410e-07
3.064568545596557669e-07
2.525832542232819833e-06
2.407796819170471281e-05
1.192446143249981105e-05
2.724845671764342114e-06
9.357479484606301412e-07
1.426746365496001090e-07
3.809990687386743957e-07
2.633212034197640605e-06
3.190060127167271276e-08
8.651294592709746212e-06
1.113392045226646587e-06
5.956121071903908160e-07
3.147190227537066676e-06
7.216070571303134784e-06
3.068712976528331637e-05
2.992420178316024248e-08
2.548555585235590115e-06
2.737553472798026633e-08
1.400482219082732627e-08
5.762227033301314805e-07
1.067003836396906991e-06
1.344702127425989602e-07
6.760242854397802148e-07
4.907838501821970567e-06
1.335192337137414142e-05
4.242924092068278696e-07
9.171856618195306510e-06
5.360595878300955519e-06
1.341747520200442523e-06
6.287954192885081284e-07
1.032306272463756613e-06
1.109517825170769356e-06
3.614438173826783895e-05
1.835801697325223358e-07
6.752227636752650142e-05
7.986525815795175731e-06
4.774840363097609952e-07
1.182159735435561743e-06
7.962121344462502748e-06
4.924828900243483076e-08
3.522482802509330213e-05
2.182269156492111506e-07
2.172910853914800100e-06
1.029306076816283166e-06
2.980748448067060963e-08
2.128008134150149999e-07
8.189681466319598258e-07
6.693087016174104065e-06
1.290628404149174457e-07
2.760390543699031696e-06
1.936516724754255847e-07
5.127724307385506108e-07
1.435310110764476121e-07
3.162815119139850140e-06
1.268343083893341827e-07
3.125865788433657144e-08
1.837400191107008141e-06
3.097009084740420803e-06
2.181867699846407049e-07
4.197866019239882007e-07
7.690816232752695214e-07
1.703819543763529509e-05
6.063122270916210255e-08
1.613193205685092835e-07
1.658961264183744788e-05
1.635480316508619580e-06
5.466894776873232331e-07
1.639801780584093649e-06
1.660336579334398266e-07
7.003250175330322236e-07
4.146495848544873297e-05
1.030349423558618582e-07
6.427729658753378317e-06
2.841633886419003829e-06
9.930604392138775438e-07
1.961377904535765992e-07
4.231160346535034478e-06
6.982642162256524898e-07
1.716668703011237085e-05
3.652143050203449093e-07
3.826312877208692953e-06
5.678850723001005463e-09
3.158930894642253406e-07
6.318144585293339333e-08
3.447619789653799671e-08
1.710176729829981923e-05
1.426892708877858240e-06
9.824006156122777611e-06
1.344164815009207814e-07
7.320318928805136238e-08
1.672280376396884094e-07
2.126651907019549981e-06
4.410391193232499063e-05
4.743518786654021824e-07
2.985667606481001712e-06
1.301714519286178984e-06
3.570095714167109691e-06
2.683450247786822729e-06
1.796328916725542513e-07
4.627865564543753862e-06
8.722724231802203576e-08
5.419671538220427465e-07
2.534509576435084455e-06
8.154439683494274504e-07
2.953286184492753819e-07
3.104773327322618570e-07
2.780288639314676402e-07
3.998803492777369684e-07
2.875833524740301073e-05
6.078633759898366407e-06
1.875340416290782741e-07
1.781614855644875206e-06
5.304515866555448156e-07
2.544102017054683529e-06
4.272927071724552661e-06
6.656860023213084787e-06
5.960865792076219805e-07
4.421196990733733401e-07
6.855528226878959686e-06
5.877403964404948056e-06
2.514601192160625942e-06
2.622659565076901345e-07
2.992143890878651291e-06
7.003837936281342991e-07
4.083851308678276837e-06
2.610212277431855910e-06
9.625154007153469138e-07
1.067688390321563929e-05
5.054477242083521560e-06
4.620807203536969610e-07
3.009917861618305324e-07
2.118957127095200121e-06
7.766035196254961193e-06
4.093587335773918312e-08
6.151210527605144307e-07
7.957961400961721665e-08
4.634883765675112954e-08
1.609724620266206330e-07
5.366716209209698718e-07
7.527439720433903858e-07
2.776982910290826112e-06
3.619377082486607833e-07
5.062229035956988810e-08
2.941891807495267130e-06
8.815949854579230305e-07
3.410405724935117178e-06
5.803326530440244824e-06
2.144346495924764895e-07
2.570648938160502439e-08
6.633709290326805785e-06
1.135106003857799806e-06
8.033417543629184365e-05
3.343414221035345690e-07
1.166232408422729350e-07
5.570739176619099453e-07
2.894698241107107606e-07
5.508952654054155573e-07
5.675879037880804390e-07
7.283074410224799067e-07
4.007186760190961650e-07
3.575351729523390532e-05
2.317201222012954531e-07
4.467067071800556732e-07
3.530966978360083885e-06
5.134413640917045996e-07
1.386680537507345434e-06
9.350386562800849788e-07
1.084502514459018130e-06
1.772619953044340946e-07
1.670081672955348040e-08
6.653810373791202437e-07
4.128351065446622670e-06
2.277574458275921643e-05
1.455756091672810726e-06
1.748762315401108935e-06
2.607793703646166250e-06
1.440841970179462805e-06
6.890539907544734888e-07
2.873157711746898713e-07
3.874538947457040194e-07
4.208328050481213722e-07
2.737039494604687206e-06
5.243503892415901646e-06
2.466715898208349245e-07
4.341758176451548934e-05
3.125399598502553999e-05
4.555383384285960346e-06
9.205299988934712019e-07
3.700811248563695699e-07
6.837318778707413003e-06
1.420885268998972606e-06
2.307163811110513052e-07
2.283915819134563208e-06
2.391446685123810312e-08
1.530764563995035132e-07
2.435849069115647580e-07
9.490426577940525021e-07
1.140413587563671172e-05
1.502386567153735086e-06
1.531034649815410376e-05
6.716589382449456025e-07
4.429297462138492847e-08
4.574147851599263959e-07
9.699898839699017117e-08
9.171536134999769274e-07
1.750758201524149626e-06
6.177603609103243798e-06
1.223630306412815116e-06
2.459286588418763131e-05
7.570322395622497424e-06
3.797175054387480486e-07
4.624984740075888112e-06
4.388604679661511909e-08
6.868999147258136873e-09
1.669042859475666774e-07
2.193013699525181437e-07
9.317398653365671635e-04
7.774538062221836299e-07
3.254332909818913322e-07
2.658724440607329598e-07
5.334178965199498634e-08
5.470240466820541769e-06
4.123308485759480391e-07
2.839447688529617153e-06
2.662411304754641606e-07
8.596995826337661128e-08
8.767195254222315270e-07
5.256379154161550105e-05
8.726484423959846026e-08
1.450160880267503671e-06
4.381253347673919052e-06
7.971705144882434979e-07
1.897149672913656104e-07
6.969532932998845354e-06
1.109996716763816949e-07
3.742482590496365447e-07
7.124706826289184391e-06
1.591783529875101522e-06
6.461717930505983531e-06
3.449780706432648003e-06
1.064620278157235589e-06
6.226829896149865817e-07
1.962339553074343712e-07
1.136895807576365769e-04
1.684934090917522553e-06
9.616560703307186486e-08
1.334303233306854963e-04
2.442216782583273016e-06
2.751026606517825712e-08
1.476820557400060352e-06
5.314417649060487747e-06
4.930485033582954202e-07
2.063479769276455045e-06
3.472009893812355585e-06
8.006237806057470152e-08
1.535523779239156283e-07
2.627557933010393754e-06
6.614807716687209904e-06
5.146790044818772003e-06
9.670416289964123280e-08
2.900975687225582078e-06
2.807195414789021015e-05
4.528775434664567001e-07
4.076074731074186275e-07
3.690064659167546779e-06
1.294460162171162665e-06
1.438797312403039541e-06
1.184057509817648679e-06
8.398254976782482117e-06
8.436401003564242274e-06
6.474776625964295818e-08
1.309903012725044391e-07
8.093270480458159000e-06
4.939853624819079414e-06
7.900825949036516249e-07
3.502618426409753738e-07
1.460607137460101512e-07
1.154933124780654907e-05
1.924531289887454477e-07
8.563833944208454341e-07
1.401596705363772344e-06
8.212845159505377524e-08
9.695244216345599853e-07
9.610098459233995527e-06
3.743174943338090088e-07
5.082444658910389990e-06
9.478451374889118597e-07
4.943859011063977960e-08
7.052901764836860821e-07
1.495936317041923758e-07
1.573258850839920342e-05
2.522152271922095679e-06
2.736210547027440043e-07
3.706282427629048470e-07
1.116797193390084431e-06
6.936008048796793446e-06
1.671371592237846926e-07
3.173182267346419394e-05
7.161198482208419591e-06
4.223964822358539095e-07
5.336591584637062624e-06
4.820367394131608307e-06
5.457373117678798735e-05
2.219006063342021662e-07
3.723090685525676236e-06
4.470130932077154284e-07
7.350721631382839405e-08
4.239856480126036331e-06
5.841334171918788343e-08
2.935238626378122717e-06
5.245141778686956968e-07
1.046357454015378607e-07
2.626152536322479136e-06
2.327287802472710609e-06
1.436492652828746941e-06
1.501176257079350762e-06
2.244667484774254262e-06
1.487957064227884985e-07
1.469662151976081077e-06
3.119881148450076580e-05
1.847727872927862336e-07
1.223923931092940620e-07
1.248000529585624463e-07
9.000243039736233186e-07
1.061428861248714384e-06
7.241080623998641386e-08
3.455775731708854437e-05
2.994334522554709110e-07
5.420164939096139278e-08
5.103891567159735132e-07
2.456798029015772045e-06
6.592705403818399645e-07
3.619025301304645836e-05
3.092972633567114826e-07
7.437468951820846996e-08
2.907953330577583984e-06
1.359394218525267206e-06
1.115184176114780712e-07
8.656757927383296192e-06
7.208745046227704734e-06
3.312291482870932668e-06
7.763776466163108125e-08
3.798408670263597742e-06
3.816968273895327002e-06
6.142698794064926915e-07
2.158838469767943025e-06
1.207093731636632583e-07
1.181722186771594352e-08
6.082681466068606824e-06
3.599053570724208839e-06
4.965664288647531066e-07
7.844756169106403831e-07
1.074378019438881893e-06
2.166728592101208051e-07
1.990527562156785280e-05
2.175469262510887347e-06
1.158646369958660216e-07
4.152698693360434845e-06
4.741818315778800752e-07
2.996162766066845506e-05
2.398302240180782974e-05
7.065929139571380801e-07
2.099810217259800993e-06
1.676349597801163327e-06
1.901949531202262733e-06
1.243876340595306829e-05
1.366011588288529310e-06
1.090451178242801689e-06
1.181231681357530761e-07
1.731613519950769842e-05
2.866531758627388626e-07
2.991662881868251134e-07
7.545433788891386939e-08
2.133142658067299635e-07
4.634594574781658594e-07
5.013786790186713915e-07
1.813638164094300009e-06
7.526714966843428556e-07
1.380469825562613551e-06
3.493661040465667611e-07
3.895574991474859416e-06
5.836100172018632293e-06
3.717165597549865197e-08
5.788869543721375521e-07
2.212227809650357813e-05
7.625092024454716011e-08
6.145651241240557283e-07
3.630863602666067891e-06
2.583021228019788396e-07
6.315415703284088522e-06
5.422947197075700387e-06
3.307255610707215965e-05
2.070122036457178183e-06
6.864331226097419858e-05
5.166879546436575765e-08
5.608568244497291744e-06
4.438354750391226844e-08
7.120932536963664461e-07
6.884717151933728019e-08
9.858803196038934402e-07
1.419871387042803690e-05
1.803975493430698407e-07
2.250391662528272718e-05
8.641490239824634045e-06
7.652483873243909329e-06
1.501857809671491850e-06
5.639228106701921206e-07
4.853403879678808153e-06
8.323951874444901478e-07
3.746935988147015451e-07
6.848291036476439331e-07
1.154620349552715197e-05
4.867873940384015441e-05
1.818415876186918467e-05
1.117584957910366938e-07
3.740173895039333729e-07
1.786968262251775741e-08
7.913128996506202384e-08
6.090153874538373202e-07
3.740523970918729901e-05
1.072831423698517028e-07
2.637924808368552476e-06
3.949806526293286879e-08
1.366580306694231695e-07
7.685703167226165533e-06
1.514656446488515940e-06
4.059753848650871078e-07
9.957631164070335217e-07
8.035243581616668962e-08
2.530434176151175052e-05
2.852068803349538939e-07
8.531688763468991965e-06
1.743351418781458051e-07
1.065327595028975338e-07
3.942220061503576289e-08
5.817317827450096956e-08
4.786345186857943190e-08
4.741791030937747564e-07
1.385742507409304380e-07
3.938567161299033614e-08
4.472311943004569912e-08
7.261394152635602950e-09
3.149847316308296286e-08
5.084979903813291457e-08
1.398090353177394718e-05
6.167819719848921522e-06
6.379673322953749448e-06
1.066776917468814645e-06
6.034490525053115562e-07
4.057252226630225778e-06
1.083072106666804757e-06
8.099620458779099863e-07
5.943025826127268374e-05
1.227090592692547943e-06
3.925931741832755506e-05
4.510517328526475467e-07
2.451211912557482719e-06
8.219556093536084518e-07
1.064596858668664936e-06
4.006277549706283025e-07
1.169617917184950784e-06
8.853355211613234133e-06
9.024339306051842868e-06
1.467784471742561436e-07
2.232561564596835524e-05
2.593728368083247915e-06
4.103634978491754737e-07
1.129016382606096158e-07
1.668840781121616601e-07
2.776079632837991085e-08
1.117931489602597139e-07
8.468605017242225586e-08
1.811778957971910131e-07
5.978724626487519345e-09
2.674448182915512007e-07
3.439357243451013346e-08
2.309938736289041117e-06
1.347202527313129394e-07
6.356289077302790247e-07
6.799496645726321731e-07
3.129722699668491259e-06
1.584536221344023943e-06
4.735159109259257093e-08
2.798282594085321762e-06
7.075267944856022950e-07
6.977040811761980876e-06
2.455223147990182042e-05
1.024584548758866731e-06
8.477557855712802848e-08
6.851848155520201544e-08
2.452648857342865085e-07
4.978870720151462592e-07
1.325958152165185311e-07
7.088377174113702495e-07
1.208821771570001147e-07
1.376134605379775167e-06
2.124217644450254738e-06
2.906810777858481742e-06
1.749474677126272582e-06
1.825334123850552714e-07
3.702165329855233722e-08
2.664825515807933698e-08
3.130428751774161356e-07
2.054884362223674543e-06
8.421011443715542555e-07
2.330068049616329517e-08
2.350019030927796848e-06
7.863774271754664369e-07
