1.218192410306073725e-04
1.154070923803374171e-04
1.396804291289299726e-04
1.629118341952562332e-04
2.076485980069264770e-04
4.656054370570927858e-04
5.064766810392029583e-05
1.181535844807513058e-04
6.241234950721263885e-05
1.574630150571465492e-04
1.269477506866678596e-04
1.432789576938375831e-05
6.910344836796866730e-06
9.487753231951501220e-06
2.466195146553218365e-04
7.075507892295718193e-05
3.116000516456551850e-05
6.965353350096847862e-06
2.811433841998223215e-05
5.025848622608464211e-06
8.845076808938756585e-05
6.405849126167595387e-05
6.941451283637434244e-05
1.375876854581292719e-05
5.080387345515191555e-04
4.027928807772696018e-04
4.497297108173370361e-03
9.899443248286843300e-04
9.745849820319563150e-05
2.766452089417725801e-04
2.833522157743573189e-04
5.110152997076511383e-04
5.245149368420243263e-04
1.154095225501805544e-04
1.089614001102745533e-03
2.392158494330942631e-04
4.634974757209420204e-04
1.345133059658110142e-04
3.365885838866233826e-02
4.817899689078330994e-02
3.906594589352607727e-02
4.507473669946193695e-03
1.578982174396514893e-02
1.223260629922151566e-02
4.538760520517826080e-03
1.664750016061589122e-04
2.056528329849243164e-01
6.340216100215911865e-02
2.757779322564601898e-03
2.526118420064449310e-03
4.427092615514993668e-03
1.323850825428962708e-02
9.721705282572656870e-05
9.513439181318972260e-06
1.369833353237481788e-05
3.977628366556018591e-04
4.358767546364106238e-05
2.403630242042709142e-05
5.453647463582456112e-05
1.368556288070976734e-03
3.552420093910768628e-05
2.891809344873763621e-05
2.114444505423307419e-04
1.700032298685982823e-04
2.390378620475530624e-03
4.963079118169844151e-05
2.445577410981059074e-04
1.497656485298648477e-04
1.901768118841573596e-04
1.332940337306354195e-05
1.311461892328225076e-05
3.025026060640811920e-03
1.957218773895874619e-04
6.852332153357565403e-04
3.256878990214318037e-04
2.961033351311925799e-05
5.265404251986183226e-05
2.684877254068851471e-04
3.544372884789481759e-05
1.286066544707864523e-04
6.156759918667376041e-04
7.304969039978459477e-05
1.328337821178138256e-03
1.145798363722860813e-03
1.307132840156555176e-02
1.224208244821056724e-04
1.549711567349731922e-03
1.277089468203485012e-04
2.379990182816982269e-03
2.912420313805341721e-05
2.948539098724722862e-03
5.412623868323862553e-04
8.411461021751165390e-04
4.075033939443528652e-05
1.750834169797599316e-03
6.256912369281053543e-03
6.182209472171962261e-05
4.251742939231917262e-05
6.534106069011613727e-05
1.232416252605617046e-04
9.581043559592217207e-05
6.741919060004875064e-05
4.164759502600645646e-06
2.164873149013146758e-04
1.255439856322482228e-04
2.224658383056521416e-04
2.830042376444907859e-06
2.415386188658885658e-05
9.239614882972091436e-05
2.509485420887358487e-05
4.217796231387183070e-06
3.271185560151934624e-04
5.496570956893265247e-04
8.063355926424264908e-04
2.299820916960015893e-04
4.942146479152143002e-04
1.766408240655437112e-05
2.849340671673417091e-04
5.120184505358338356e-05
2.026433590799570084e-03
2.592962700873613358e-04
1.762808533385396004e-04
5.960880662314593792e-04
1.959157234523445368e-04
1.822087215259671211e-03
1.313240209128707647e-04
4.419475153554230928e-04
5.248922207101713866e-06
1.059988353517837822e-04
1.181585539598017931e-04
1.245445491804275662e-05
2.826539821398910135e-05
3.227662455174140632e-05
6.696729542454704642e-05
3.439834836171939969e-05
2.779550268314778805e-04
3.227982379030436277e-04
1.045657845679670572e-04
4.523443058133125305e-04
1.756413257680833340e-04
7.902925062808208168e-06
1.766222121659666300e-04
7.453271537087857723e-04
1.368869561702013016e-05
1.035230980050982907e-05
6.694197963952319697e-06
2.662794759089592844e-05
1.340279959549661726e-05
8.488867933920118958e-06
3.915596607839688659e-05
3.294387133792042732e-04
1.022954529616981745e-04
2.417677169432863593e-04
1.041286304825916886e-04
8.958723810792434961e-06
3.093373743467964232e-05
3.472866228548809886e-05
8.366032125195488334e-05
1.855837617767974734e-04
6.079303420847281814e-05
1.047216137521900237e-04
4.397329757921397686e-05
5.802563009638106450e-06
2.871478791348636150e-04
1.214500050991773605e-03
1.921449671499431133e-03
8.762327342992648482e-05
2.094564260914921761e-04
2.488546306267380714e-03
1.444105728296563029e-04
7.632375345565378666e-04
1.739288854878395796e-04
4.057573387399315834e-04
5.603965255431830883e-04
2.411887544440105557e-05
2.615601115394383669e-04
5.528373294509947300e-04
4.122742451727390289e-03
1.850646920502185822e-03
4.381276812637224793e-05
1.698947198747191578e-05
4.755161935463547707e-04
3.296564973425120115e-04
7.543372921645641327e-04
1.678718253970146179e-04
1.397944924974581227e-05
2.864102680177893490e-05
4.651598574128001928e-04
1.725606271065771580e-04
1.031541149131953716e-03
4.695302777690812945e-05
2.767216064967215061e-04
3.291874600108712912e-05
1.989753218367695808e-05
1.180048857349902391e-04
3.325038414914160967e-04
9.402783325640484691e-05
2.217260189354419708e-04
1.693702506599947810e-04
3.179844134137965739e-05
2.896142359531950206e-05
6.984810624999227002e-06
1.498656638432294130e-04
2.187428617617115378e-05
3.128760363324545324e-05
5.546076572500169277e-04
1.510404981672763824e-03
8.325560338562354445e-05
2.730672713369131088e-04
3.025067853741347790e-04
4.815931024495512247e-04
3.030242223758250475e-04
7.291185320354998112e-04
5.289573455229401588e-04
1.565333805046975613e-03
5.509693801286630332e-05
7.458831532858312130e-05
2.438477895339019597e-05
8.759452612139284611e-06
1.860448537627235055e-05
9.688177669886499643e-05
4.884170484729111195e-04
1.948698918567970395e-04
2.769716229522600770e-05
4.585222050081938505e-04
4.034691373817622662e-04
3.947771256207488477e-05
6.287111900746822357e-04
3.049830411328002810e-05
1.735568948788568377e-04
1.009408078971318901e-04
1.008964900393038988e-04
3.181163629051297903e-05
3.815594391198828816e-05
8.142869046423584223e-05
4.536148044280707836e-04
3.695720515679568052e-04
2.057779784081503749e-04
1.824531209422275424e-04
1.787563232937827706e-04
6.661982479272410274e-05
7.829726382624357939e-05
1.307713246205821633e-04
2.278471401950810105e-05
7.517780613852664828e-05
1.706222974462434649e-05
2.835637424141168594e-04
7.218731479952111840e-05
4.853601058130152524e-05
1.207302775583229959e-04
4.400736361276358366e-05
3.861160439555533230e-05
1.183526910608634353e-04
2.357789635425433517e-04
7.173686753958463669e-06
1.603910823178011924e-05
1.949177385540679097e-05
2.014168057939969003e-05
1.973167672986164689e-05
1.862418866949155927e-05
3.023191857209894806e-05
2.227172808488830924e-05
7.195445505203679204e-05
4.570770670397905633e-06
2.515909909561742097e-05
2.503482101019471884e-04
4.368563895695842803e-05
5.957862595096230507e-04
7.394779822789132595e-04
2.059523249045014381e-03
5.619389121420681477e-04
4.934949800372123718e-03
1.488097012042999268e-02
2.844728995114564896e-03
3.998533356934785843e-03
1.075888401828706264e-03
7.945460674818605185e-05
3.300829557701945305e-04
5.373924504965543747e-04
9.033389505930244923e-05
1.301613403484225273e-03
5.705024232156574726e-04
3.744541027117520571e-04
4.311118027544580400e-05
7.237702084239572287e-05
6.010337383486330509e-04
5.524294465431012213e-05
1.750033843563869596e-04
1.758919388521462679e-04
7.229109905892983079e-05
3.670114165288396180e-05
4.534160689217969775e-05
2.419967677269596606e-05
5.712155834771692753e-04
2.371844311710447073e-05
1.443739347450900823e-05
1.814024835766758770e-05
5.088179386802949011e-05
1.694641250651329756e-04
8.798757335171103477e-05
4.676928219851106405e-04
1.129174197558313608e-04
4.078044730704277754e-04
2.757045331236440688e-05
5.382074741646647453e-04
3.591635686461813748e-05
4.109063229407183826e-05
1.041021663695573807e-02
5.207913272897712886e-05
1.955510670086368918e-04
2.263004280393943191e-04
8.624000474810600281e-03
1.650436781346797943e-02
2.243137685582041740e-03
8.121425344143062830e-05
1.268696971237659454e-02
3.204319364158436656e-05
1.051680810633115470e-04
1.870671520009636879e-03
3.644348180387169123e-04
1.968654760275967419e-05
5.638633865601150319e-06
1.603507189429365098e-05
4.976126729161478579e-05
3.508442023303359747e-05
5.552589209401048720e-05
8.967502799350768328e-05
4.414172377437353134e-03
8.129287016345188022e-05
4.628508031601086259e-05
6.934728298801928759e-05
7.557046483270823956e-04
4.320481821196153760e-05
7.698268746025860310e-06
3.947974619222804904e-05
8.696589065948501229e-05
1.296088271374173928e-06
3.478829603409394622e-05
1.766450259310659021e-05
3.761680272873491049e-05
3.446689806878566742e-04
4.054892087879125029e-06
1.773536314431112260e-05
6.028235020494321361e-06
2.264544673380441964e-05
3.970955731347203255e-05
1.582625009177718312e-05
6.113899871706962585e-06
5.302040335664059967e-06
1.976546445803251117e-05
1.128115036408416927e-04
7.692934013903141022e-05
1.466012909077107906e-04
3.141161578241735697e-04
3.410528006497770548e-04
3.683839167933911085e-05
3.232392191421240568e-04
1.647381286602467299e-04
7.999640365596860647e-05
4.150635795667767525e-04
5.600638905889354646e-05
1.902157237054780126e-05
6.389747431967407465e-05
1.654085208429023623e-04
4.192341657471843064e-05
7.324868784053251147e-05
9.709090591059066355e-06
6.480672891484573483e-05
1.716832593956496567e-05
1.497432240284979343e-04
1.304170582443475723e-04
2.571383629401680082e-05
8.392707241000607610e-05
8.174026334017980844e-06
1.690079370746389031e-04
1.037222136801574379e-05
2.806098018481861800e-05
2.214954438386484981e-04
1.064935131580568850e-04
1.217557019117521122e-05
2.110754430759698153e-04
5.282777419779449701e-05
8.631186938146129251e-05
5.797504491056315601e-05
3.207128975191153586e-05
2.079945552395656705e-04
3.436589031480252743e-05
1.508300374553073198e-05
2.980913222927483730e-06
5.994174280203878880e-04
1.878618204500526190e-04
1.991763747355435044e-05
7.878160977270454168e-05
1.605023135198280215e-05
2.131342334905639291e-04
6.364605505950748920e-04
5.987255644868128002e-05
1.671534300839994103e-05
1.643696487008128315e-05
3.662423987407237291e-04
5.817698547616600990e-05
1.889876148197799921e-05
8.362550579477101564e-05
1.436944148736074567e-04
3.123412025161087513e-04
2.946493623312562704e-06
1.397411833750084043e-04
2.729169136728160083e-05
4.602338322001742199e-06
3.341984702274203300e-04
2.998548097821185365e-06
2.635869197547435760e-03
5.829900692333467305e-05
3.255493938922882080e-04
1.270519715035334229e-04
1.105224509956315160e-05
2.588058996479958296e-04
8.592484664404764771e-05
7.182182162068784237e-05
1.742861059028655291e-05
1.241136778844520450e-04
1.628838799661025405e-04
1.114321003115037456e-05
3.526701402734033763e-05
1.304321585848811083e-06
8.113962394418194890e-05
1.268846390303224325e-04
2.584720205049961805e-04
4.399880417622625828e-04
2.058129211945924908e-05
1.795096177374944091e-04
4.061415893374942243e-05
8.788698323769494891e-05
2.066909837594721466e-05
6.646057590842247009e-03
1.101196091622114182e-02
1.538068136142101139e-05
2.050950133707374334e-04
1.525633851997554302e-03
2.796819317154586315e-04
3.474418190307915211e-04
8.550210623070597649e-04
1.331876846961677074e-04
3.290507593192160130e-04
1.136537503043655306e-05
6.043688626959919930e-04
3.070072561968117952e-04
1.215838528878521174e-05
4.614811332430690527e-04
2.016170583374332637e-05
1.491423518018564209e-05
1.417672727257013321e-03
6.895687547512352467e-04
2.890396572183817625e-04
2.237323133158497512e-05
1.029954637488117442e-05
1.049527665600180626e-03
1.287061459152027965e-04
3.913438922609202564e-05
5.257604643702507019e-04
1.283353776670992374e-05
1.937297492986544967e-04
3.546553780324757099e-04
6.161152850836515427e-04
4.749013896798714995e-05
1.166949630714952946e-03
7.222126441774889827e-05
1.076665921573294327e-05
1.345695181953487918e-05
6.021745502948760986e-04
1.233672839589416981e-03
5.134693128638900816e-05
1.237188462255289778e-05
1.932178158313035965e-03
6.108599336585029960e-05
1.865015838120598346e-05
3.459389336057938635e-05
2.919213693530764431e-05
3.569886612240225077e-04
9.495302037976216525e-06
5.050401086919009686e-04
3.471394593361765146e-04
3.827920954790897667e-05
1.052410734700970352e-04
9.363955541630275548e-06
1.303064072999404743e-05
1.691160287009552121e-05
1.675316452747210860e-04
6.803699943702667952e-05
5.455192513181827962e-05
1.859713229350745678e-04
1.067452612915076315e-04
4.568114673020318151e-05
1.005544690997339785e-04
3.322087868582457304e-04
1.239775156136602163e-04
2.395809395238757133e-03
1.434996647731168196e-05
2.459992538206279278e-05
8.578675915487110615e-04
6.610033778997603804e-06
1.256360410479828715e-04
9.444457100471481681e-05
2.401558915153145790e-03
3.739760955795645714e-03
2.150203566998243332e-03
1.327734789811074734e-04
1.390691340930061415e-05
1.544650513096712530e-05
3.838787506538210437e-06
1.449499177397228777e-05
6.517216388601809740e-05
3.018710413016378880e-04
1.573229674249887466e-04
1.659869740251451731e-04
4.993642796762287617e-04
1.199543912662193179e-04
5.213051554164849222e-05
4.236083623254671693e-05
8.414610056206583977e-05
1.189164104289375246e-04
6.946099892957136035e-05
3.186103422194719315e-04
1.307062339037656784e-04
1.706441107671707869e-04
4.692632646765559912e-04
3.052456595469266176e-04
2.052758100035134703e-05
1.492476440034806728e-04
3.744946661754511297e-05
4.605198773788288236e-05
2.631749703141395003e-05
1.412617275491356850e-03
1.471486029913648963e-04
1.334558910457417369e-04
9.406174285686574876e-06
2.773105961750843562e-06
1.382968821417307481e-05
4.534320760285481811e-05
6.080561433918774128e-04
1.434445312042953447e-05
1.696635008556768298e-04
1.495502692705485970e-05
1.095054394681937993e-04
1.124492519011255354e-05
2.850964665412902832e-05
6.273064354900270700e-05
2.013773155340459198e-06
7.630839536432176828e-05
1.675177481956779957e-03
8.267461089417338371e-05
8.692526171216741204e-05
1.748474023770540953e-04
1.634127256693318486e-04
4.827948941965587437e-06
1.460703333577839658e-05
2.416122442809864879e-04
1.764026965247467160e-04
3.037546230189036578e-05
2.050236216746270657e-04
3.865991311613470316e-05
6.049801231711171567e-05
6.558845052495598793e-04
1.040761490003205836e-04
2.067763489321805537e-05
4.273591002856846899e-06
4.466914106160402298e-05
2.535539679229259491e-04
1.825170693336986005e-05
1.233048169524408877e-05
7.788924267515540123e-05
8.172120578819885850e-05
1.809522160328924656e-03
1.818749524318263866e-06
7.457259926013648510e-05
1.099697328754700720e-05
1.177367357740877196e-05
1.854237489169463515e-04
1.303408993408083916e-03
7.923679368104785681e-05
3.383077273610979319e-05
8.694643838680349290e-06
5.144098759046755731e-05
2.255935396533459425e-04
1.207534805871546268e-03
2.042191481450572610e-04
2.680957732081878930e-05
1.268942578462883830e-04
1.584982819622382522e-04
1.167743830592371523e-04
1.870687447080854326e-05
3.640943672508001328e-03
2.351484181417617947e-05
1.027118833007989451e-05
4.565353447105735540e-04
3.260235098423436284e-05
2.306114620296284556e-04
2.164838952012360096e-05
2.209255035268142819e-05
1.429304029443301260e-05
2.313073724508285522e-03
1.769156224327161908e-04
5.058578608441166580e-05
4.923545202473178506e-05
1.911155959533061832e-05
1.663890361669473350e-05
1.616884401300922036e-04
4.906492904410697520e-05
2.355011965846642852e-04
3.477771679172292352e-05
5.620562937110662460e-03
6.636129546677693725e-05
1.116920757340267301e-04
3.077384826610796154e-05
1.319506554864346981e-04
2.821105590555816889e-05
3.195605240762233734e-04
1.220087520778179169e-03
6.511932238936424255e-03
4.211281484458595514e-04
5.009354790672659874e-04
1.082069065887480974e-04
4.109086512471549213e-05
2.523508388549089432e-03
5.329712803359143436e-05
1.433749844181875233e-06
2.901478146668523550e-04
1.589699786563869566e-05
1.273995894734980538e-05
7.230124174384400249e-05
6.293563637882471085e-05
6.154528819024562836e-04
1.007100763672497123e-05
4.447550163604319096e-04
2.015800191657035612e-06
7.466422539437189698e-05
2.014586789300665259e-05
1.025979290716350079e-04
2.502384129911661148e-03
4.605530411936342716e-04
1.743235770845785737e-06
1.486604101955890656e-03
1.004425648716278374e-04
4.761875970871187747e-05
1.580141950398683548e-03
4.467391045182012022e-05
3.413147351238876581e-04
2.766508841887116432e-04
1.733550889184698462e-04
4.899411123915342614e-06
1.174708668258972466e-04
1.160911051556468010e-04
1.018221228150650859e-04
1.976566272787749767e-04
9.179512744594831020e-06
9.895185939967632294e-05
7.103125972207635641e-05
1.520376645203214139e-05
1.113522230298258364e-04
8.744596270844340324e-04
2.905501241912133992e-05
4.787975285580614582e-06
7.668809121241793036e-05
3.552321868482977152e-05
3.346989105921238661e-04
3.917251160601153970e-05
5.222667823545634747e-04
1.196917946799658239e-04
3.260194716858677566e-05
5.015731439925730228e-04
2.541745925555005670e-05
1.479765051044523716e-04
1.191586670756805688e-05
2.542708352848421782e-05
1.381053734803572297e-04
1.086832635337486863e-04
2.088125096634030342e-03
7.133195176720619202e-04
3.394488521735183895e-05
7.213573553599417210e-05
1.854889269452542067e-04
1.424234214937314391e-04
2.129161293851211667e-05
2.925760636571794748e-04
2.294485457241535187e-04
1.226355948347190861e-06
1.036592311720596626e-05
1.008221261145081371e-05
4.999911470804363489e-05
2.308533876203000546e-04
3.870925411320058629e-06
1.404192880727350712e-04
1.300863921642303467e-03
2.192940701206680387e-05
7.229212769743753597e-06
1.533341855974867940e-05
1.899503258755430579e-04
2.206646022386848927e-04
1.270912907784804702e-04
2.136604161933064461e-04
5.506479064933955669e-04
3.438682178966701031e-04
2.132850022462662309e-05
6.638890044996514916e-05
6.238687637960538268e-05
2.481927822373108938e-06
9.659186616772785783e-05
4.559422814054414630e-05
2.595564350485801697e-03
1.327596874034497887e-05
2.830850826285313815e-05
2.779237693175673485e-04
1.923792005982249975e-04
7.679508998990058899e-04
7.191448821686208248e-05
1.358580339001491666e-04
8.220034942496567965e-05
2.106735337292775512e-05
3.627878686529584229e-05
1.358356821583583951e-04
4.378477751743048429e-05
1.749505754560232162e-03
5.537821562029421329e-04
2.572449157014489174e-04
2.093424882332328707e-05
9.940818883478641510e-03
2.129736094502732158e-05
8.575759420637041330e-05
1.372058613924309611e-04
3.324125427752733231e-04
1.068036217475309968e-04
8.023257250897586346e-04
1.141956236097030342e-04
6.697636854369193316e-05
4.011039436591090634e-06
3.839527198579162359e-04
1.554056070744991302e-04
7.172804907895624638e-05
3.287842962890863419e-03
8.533226355211809278e-05
5.394553591031581163e-05
1.565892162034288049e-04
3.815694362856447697e-04
3.061551251448690891e-05
1.307075399381574243e-05
3.294977432233281434e-05
9.497402970737311989e-06
6.163794751046225429e-05
6.867840420454740524e-05
5.808166461065411568e-04
2.653835399542003870e-04
1.945470648934133351e-05
1.430647389497607946e-04
1.613841159269213676e-04
2.281506931467447430e-05
5.818713543703779578e-05
2.564237802289426327e-04
3.221465885872021317e-05
1.617438101675361395e-04
1.307878410443663597e-04
1.229779911227524281e-03
7.915612513897940516e-05
3.138759711873717606e-05
5.297539246384985745e-05
5.545598469325341284e-05
1.926628756336867809e-04
9.315945135313086212e-06
7.794921839376911521e-05
6.657619087491184473e-05
6.248998688533902168e-04
1.856122435128781945e-05
3.574153233785182238e-04
1.270844513783231378e-04
1.363242336083203554e-04
2.069936599582433701e-04
2.408754517091438174e-04
1.180551553261466324e-04
2.149736043065786362e-03
1.145164278568699956e-04
2.817958147716126405e-06
3.481348539935424924e-05
2.004416273848619312e-05
1.144121706602163613e-04
1.568711159052327275e-04
1.288026669499231502e-05
1.832211091823410243e-05
5.566700710915029049e-04
1.222760183736681938e-04
1.683022310317028314e-05
7.561253150925040245e-04
1.818935270421206951e-04
7.382870535366237164e-05
1.088288845494389534e-04
2.406471030553802848e-04
6.122279167175292969e-02
2.151369553757831454e-04
2.134738460881635547e-04
1.817670272430405021e-05
1.872675966296810657e-05
5.999204586260020733e-04
1.886175778054166585e-05
6.508911610580980778e-05
2.269082142447587103e-05
8.756036550039425492e-06
6.297628860920667648e-03
3.838526026811450720e-05
2.455737267155200243e-04
5.380748189054429531e-05
6.882747402414679527e-04
2.881469670683145523e-03
4.807602090295404196e-05
2.476309055055025965e-05
5.034797868574969471e-05
6.575331644853577018e-05
1.612836422282271087e-05
3.418551641516387463e-04
3.411939906072802842e-05
1.277983665204374120e-05
2.600465086288750172e-04
1.427229562978027388e-05
2.775637767626903951e-06
4.335145786171779037e-05
8.134901872836053371e-05
6.851982470834627748e-05
4.273145168554037809e-04
6.555108120664954185e-05
3.176767495460808277e-05
9.829086047830060124e-05
5.534062511287629604e-04
8.878518201527185738e-06
9.746872092364355922e-05
1.968752476386725903e-04
1.156472862930968404e-04
9.104855053010396659e-06
1.206129527417942882e-04
5.868148946319706738e-05
6.394794763764366508e-05
6.573074642801657319e-05
9.178851905744522810e-05
1.027752750815125182e-05
3.396877145860344172e-04
2.369946334511041641e-03
1.860581542132422328e-04
5.204517219681292772e-05
1.304310426348820329e-04
1.119218650273978710e-04
2.433875575661659241e-03
1.503536714153597131e-05
4.126497060497058555e-06
2.783427480608224869e-03
1.812548180168960243e-05
4.984547849744558334e-04
7.149683660827577114e-04
7.880557677708566189e-05
4.369768139440566301e-04
3.648439596872776747e-04
2.429858432151377201e-05
3.297874936833977699e-04
3.837771873804740608e-05
4.252059079590253532e-05
3.245315610911347903e-06
9.478537831455469131e-04
4.743324825540184975e-05
4.741447628475725651e-05
8.847674507705960423e-06
1.257528492715209723e-05
7.579980774607975036e-06
2.468794082233216614e-05
1.591989304870367050e-03
9.508999937679618597e-05
8.191064989659935236e-05
2.025248977588489652e-05
7.918961637187749147e-05
4.526349584921263158e-05
1.037585775520710740e-06
3.426005787332542241e-05
1.088582561351358891e-03
2.300247615494299680e-05
6.584644143003970385e-05
4.866973176831379533e-05
1.144230773206800222e-04
2.941368438769131899e-04
9.124004463956225663e-06
2.834941260516643524e-03
3.012226807186380029e-05
7.401256589218974113e-04
7.418021414196118712e-05
3.800811246037483215e-04
1.574031921336427331e-05
1.242138387169688940e-05
1.369441451970487833e-04
1.119188236771151423e-04
2.543465234339237213e-04
6.062090687919408083e-05
1.541255769552662969e-04
1.828017993830144405e-04
1.249591703526675701e-03
2.163008321076631546e-04
3.341799892950803041e-04
1.650007907301187515e-03
1.359173165838001296e-05
8.912413613870739937e-04
2.369310095673426986e-04
1.473887678002938628e-04
6.126133957877755165e-04
1.819445315049961209e-04
3.208898706361651421e-04
4.604131681844592094e-04
1.893218723125755787e-05
1.188188034575432539e-04
6.618549814447760582e-04
3.295872011221945286e-04
1.191682094940915704e-04
3.238572680857032537e-04
2.023385150096146390e-06
1.511037316959118471e-05
1.540675410069525242e-03
1.162735512480139732e-03
5.760243948316201568e-05
1.330703671555966139e-04
1.336750483460491523e-05
8.433056063950061798e-03
2.513057552278041840e-04
3.941092581953853369e-04
3.793910582317039371e-05
3.357236739248037338e-03
4.241379429004155099e-05
8.848269499139860272e-05
9.860025602392852306e-05
3.546800871845334768e-05
2.137659794243518263e-05
4.325548434280790389e-05
1.273867110285209492e-05
5.372351552068721503e-06
1.638138019188772887e-05
4.013199359178543091e-04
3.593780798837542534e-03
3.376546874642372131e-02
3.199168248102068901e-03
3.532533301040530205e-04
9.536776342429220676e-04
2.216195716755464673e-04
2.860335865989327431e-03
3.220227779820561409e-03
1.454393495805561543e-03
6.896249833516776562e-04
1.031607040204107761e-03
2.930398659373167902e-05
1.364476047456264496e-04
7.907656254246830940e-04
1.051363942679017782e-04
1.418031053617596626e-03
2.855956845451146364e-04
5.770685384050011635e-04
1.765680615790188313e-03
6.696365744573995471e-05
1.794539857655763626e-04
1.013675355352461338e-04
2.556736399128567427e-05
1.344786141999065876e-04
1.928520214278250933e-05
4.339650695328600705e-05
3.025656333193182945e-04
5.833195245941169560e-06
2.257970627397298813e-04
8.807862286630552262e-06
5.415003979578614235e-04
1.799262827262282372e-04
1.242190017364919186e-03
2.166161546483635902e-03
2.038214588537812233e-04
7.961088704178109765e-05
1.879748888313770294e-04
3.321238546050153673e-05
1.938183413585647941e-05
2.479188551660627127e-04
4.087506113137351349e-06
3.057049179915338755e-04
9.958548471331596375e-04
1.817197917262092233e-04
1.922702540468890220e-05
1.746683301462326199e-05
3.360881964908912778e-05
1.521714148111641407e-04
4.728794738184660673e-05
4.485672106966376305e-04
1.255577080883085728e-04
8.271771366707980633e-04
2.910908369813114405e-04
2.796667395159602165e-03
2.269056130899116397e-05
8.783595148997846991e-06
1.687057374510914087e-05
4.992537924408679828e-06
3.311115506221540272e-05
1.262978912563994527e-04
3.838332122541032732e-05
1.118107502406928688e-05
1.203250372782349586e-03
2.824942115694284439e-03
