1.439288297433449770e-07
3.460693562828964787e-07
1.553416268507135101e-06
3.323481223560520448e-06
2.568375748523976654e-06
5.362643150874646381e-06
3.985084617852407973e-07
2.524931369407568127e-05
2.398805918346624821e-05
2.127511834260076284e-05
2.605692679935600609e-05
1.220176727656507865e-06
3.192629719706019387e-06
1.221622824232326820e-06
5.768736173195065930e-06
4.212433123029768467e-05
2.545980169088579714e-05
1.553314064040023368e-06
8.156896910804789513e-06
1.491292437094671186e-06
2.270652294100727886e-05
1.297053768212208524e-05
2.090295492962468415e-05
3.528086836013244465e-06
3.980116744060069323e-04
2.182631287723779678e-04
2.483053132891654968e-03
2.013172925217077136e-04
3.238519639126025140e-05
6.994001159910112619e-05
4.167319566477090120e-04
6.623284571105614305e-05
6.936208810657262802e-04
2.794126203298219480e-06
3.845892206300050020e-05
1.770003837009426206e-05
6.244148244149982929e-05
1.313144275627564639e-05
6.940811406821012497e-03
4.198000300675630569e-03
1.752614974975585938e-02
4.883100837469100952e-02
6.451406329870223999e-02
6.837115883827209473e-01
3.996249288320541382e-02
1.225105515914037824e-04
3.011993831023573875e-03
1.121994340792298317e-03
2.357285557081922889e-04
1.408037263900041580e-03
4.181428346782922745e-03
1.220771664520725608e-04
1.084227278624894097e-05
3.069827243962208740e-06
2.197941284975968301e-05
1.138812422141199932e-06
3.226565922886948101e-06
2.101948666677344590e-06
1.171921121567720547e-05
1.525315601611509919e-04
5.560915815294720232e-05
3.156879529342404567e-06
3.735313293873332441e-05
6.347798625938594341e-05
3.896131602232344449e-05
4.240444013703381643e-06
1.296904065384296700e-05
1.474167220294475555e-04
5.382068411563523114e-05
2.670581352504086681e-06
1.310945094701310154e-06
2.244057031930424273e-05
3.601460412028245628e-05
6.113875861046835780e-05
1.102996793633792549e-05
1.067322614289878402e-06
2.726218781390343793e-06
1.247523869096767157e-05
7.927732440293766558e-06
1.106862441702105571e-06
1.836602023104205728e-04
5.797232915938366205e-06
7.793719414621591568e-04
1.002161763608455658e-03
6.606579700019210577e-05
4.294209429644979537e-05
2.448964805807918310e-04
3.223236853955313563e-05
7.792638643877580762e-05
3.638386715465458110e-06
9.438643246539868414e-06
9.517376747680827975e-05
1.016639998852042481e-05
2.041953666775953025e-05
3.167762042721733451e-05
1.392175272485474125e-05
3.420540224396972917e-06
1.248299668077379465e-07
2.177319402107968926e-06
4.703817467088811100e-06
2.266534011141629890e-06
1.680620812294364441e-06
4.557337547339557204e-07
1.557139171382004861e-06
5.414685347204795107e-06
1.450012059649452567e-04
1.645054936716405791e-07
3.736895166639442323e-07
8.091756171779707074e-07
1.116133674372576934e-07
2.554913578478590352e-07
3.594794634409481660e-06
1.913558662636205554e-05
1.482702373323263600e-05
1.828220661082013976e-06
2.191874045820441097e-06
2.799683329612889793e-07
5.940310074947774410e-06
4.676811329318297794e-07
3.405968891456723213e-05
2.218154259026050568e-05
9.674295142758637667e-06
2.833613507391419262e-06
1.055968459695577621e-05
8.979014637588988990e-06
1.445531552235479467e-06
1.455508663639193401e-05
7.217290232119921711e-08
1.546877683722414076e-06
2.270201912324409932e-05
9.690592150946031325e-08
4.619421076768048806e-07
8.173579999493085779e-07
3.581852297429577447e-06
1.160227384389145300e-06
3.340037437737919390e-05
3.503139168969937600e-06
3.589590960473287851e-06
7.912064029369503260e-05
4.788004389411071315e-06
3.278977601439692080e-06
8.641806743980851024e-06
1.879282499430701137e-04
1.019083271103227162e-07
1.243600308953318745e-05
1.491417606303002685e-06
2.585815536804147996e-06
1.115803229367884342e-06
3.234003713714628248e-07
1.691346369625534862e-07
6.375770226441090927e-06
1.193189291370799765e-05
9.221359505318105221e-06
1.628225618333090097e-06
2.563551220191584434e-07
1.401777581122587435e-06
1.516507154519786127e-06
1.203836632157617714e-06
3.608449696912430227e-05
5.173945100978016853e-04
1.373100385535508394e-04
5.744706413679523394e-06
2.573415258666500449e-07
1.350917318632127717e-05
5.402674898505210876e-03
7.200849358923733234e-05
2.508563920855522156e-04
1.056699402397498488e-04
4.955728654749691486e-04
1.030772909871302545e-04
1.815879251807928085e-03
1.185700893984176219e-04
2.893694618251174688e-04
2.235185820609331131e-04
1.215579686686396599e-06
1.816345138649921864e-05
5.956384120509028435e-04
3.699653968214988708e-02
4.518414789345115423e-05
6.504175416921498254e-06
2.988239430123940110e-05
9.331006003776565194e-05
9.532972762826830149e-05
7.697878754697740078e-05
3.299352829344570637e-05
8.164698783730273135e-07
2.295763351867208257e-06
2.033913187915459275e-05
1.035269633575808257e-05
2.509957812435459346e-05
1.271084101972519420e-06
1.093890386982820928e-05
3.436588258409756236e-06
9.067912856153270695e-07
2.205413011324708350e-06
8.734610310057178140e-05
1.886897916847374290e-05
2.389342262176796794e-05
2.993122325278818607e-05
1.643057601086184150e-07
2.947287157439859584e-06
2.334612076992925722e-07
2.207922443631105125e-05
4.468427619030990172e-07
3.273631591582670808e-06
1.075069230864755809e-04
3.060218004975467920e-04
3.382989461897523142e-06
4.371857357909902930e-05
1.417331950506195426e-04
6.101466249674558640e-03
1.101437446777708828e-04
1.879684132291004062e-04
2.841107743734028190e-05
1.327862555626779795e-04
1.986185634450521320e-05
1.774277052390971221e-06
4.676367552747251466e-06
6.380900572366954293e-07
1.898007099043752532e-06
1.401452777827216778e-06
6.789668987039476633e-05
4.017060200567357242e-05
8.750263077672570944e-06
2.561259316280484200e-05
1.703292946331202984e-04
3.633268761404906400e-06
4.041878855787217617e-04
5.894835339859127998e-06
3.539999306667596102e-05
2.006358954531606287e-06
4.963702849636320025e-06
4.122955942875705659e-05
1.412647270626621321e-05
5.151564437255728990e-06
5.041012191213667393e-04
2.808725366776343435e-05
6.077075795474229380e-06
1.073494058800861239e-05
7.481557076971512288e-06
1.418360170646337792e-05
4.878878371528116986e-06
1.627845995244570076e-05
1.111391156882746145e-05
1.214274652738822624e-05
5.809499725728528574e-07
3.984809445682913065e-04
8.371086551051121205e-06
4.816651198780164123e-06
2.709392219912842847e-06
1.910547098304959945e-06
2.391487578279338777e-05
7.008392913121497259e-06
9.877850061457138509e-06
3.807019538726308383e-06
4.072717274539172649e-06
1.734657644192338921e-06
5.306523235049098730e-06
1.449413275622646324e-06
1.452584797334566247e-06
3.241275123855302809e-07
2.006395334319677204e-06
3.538731562002794817e-06
7.389190415096891229e-08
1.418405304320913274e-06
3.479573933873325586e-05
4.208905465930001810e-06
9.815258090384304523e-05
2.625374472700059414e-04
2.603808534331619740e-04
2.518563451303634793e-05
1.001502969302237034e-03
1.885934616439044476e-03
2.381737111136317253e-03
1.571068132761865854e-04
1.064325188053771853e-04
2.432548899378161877e-05
3.113833008683286607e-05
4.144022386753931642e-05
1.183712902275146917e-05
4.330352239776402712e-04
7.871483103372156620e-05
8.721533231437206268e-05
8.044704600251861848e-07
3.343257503729546443e-06
4.568281583487987518e-04
2.058012069028336555e-05
6.096966899349354208e-05
2.079686382785439491e-04
1.338333822786808014e-05
1.691251236479729414e-05
7.332848781516076997e-06
4.510895450948737562e-06
2.136713737854734063e-04
2.615011908346787095e-06
1.095866423383995425e-06
4.853606583310465794e-07
1.793199999156058766e-06
3.040648334717843682e-05
2.823071008606348187e-05
5.741885161114623770e-06
5.225026143307331949e-06
5.003132537240162492e-05
2.783671079669147730e-04
3.189171548001468182e-05
5.674265594279859215e-06
3.136898158118128777e-04
2.072410471737384796e-02
1.032999352901242673e-05
4.818610614165663719e-05
9.671794032328762114e-06
6.645204499363899231e-03
4.612843971699476242e-03
1.350118254777044058e-04
1.882982724055182189e-05
1.559735828777775168e-04
2.682585000002291054e-05
7.938778253446798772e-06
2.757965412456542253e-04
2.992086228914558887e-05
1.260081717191496864e-06
6.051977265997265931e-07
8.760604259805404581e-07
4.554459337668959051e-06
9.971774943551281467e-07
5.224694064054347109e-07
1.916527253342792392e-06
1.593156230228487402e-05
3.697580837069835979e-07
3.312313197056937497e-07
4.429552518558921292e-06
1.128313379012979567e-04
6.244439418878755532e-07
6.811501407355535775e-08
6.272632617765339091e-06
1.169786773971281946e-04
3.899569946952397004e-07
1.502107465967128519e-06
2.609838247735751793e-07
7.024113983788993210e-07
3.106714211753569543e-05
2.886511651922774035e-07
7.669380579500284512e-07
5.684675670636352152e-06
4.746217143747344380e-07
1.413730046806449536e-06
1.519525426374457311e-06
1.304821353187435307e-07
6.350243779706943315e-07
5.333089916348399129e-07
6.121247224655235186e-06
5.692425020242808387e-07
5.377627985581057146e-06
4.292655830795411021e-06
8.036740837269462645e-06
2.324635488548665307e-06
1.131218159571290016e-04
5.901633630855940282e-05
4.003649337391834706e-06
1.239120683749206364e-05
3.366952660144306719e-05
4.174110586063761730e-07
8.951970812631770968e-06
9.641679753258358687e-06
1.632882049307227135e-05
1.289267515858227853e-06
3.328602247165690642e-07
3.472430034889839590e-05
1.043502834363607690e-05
1.768625406839419156e-05
1.291617081733420491e-04
1.463891094317659736e-04
3.200646315235644579e-04
1.427752795279957354e-05
7.915422611404210329e-05
1.731007978378329426e-05
4.943797830492258072e-05
2.943019208032637835e-04
2.337619662284851074e-05
2.229530400654766709e-05
1.401213667122647166e-04
7.521615771111100912e-05
1.836975934565998614e-05
8.117378456518054008e-05
4.288991112844087183e-05
1.102291116694686934e-05
1.168775270343758166e-06
3.250072211358201457e-07
6.377076999797282042e-08
2.074562689813319594e-05
9.446206604479812086e-06
1.627823394301231019e-06
8.335902066392009147e-07
5.887178033958662127e-08
2.672145456017460674e-06
4.059837010572664440e-05
1.814386109799670521e-06
2.141414796597018722e-07
4.867308689426863566e-07
4.908930350211448967e-06
4.692935817729448900e-07
1.228994051416520961e-06
8.693618838151451200e-06
2.472051846780232154e-06
4.106629603484179825e-06
1.113845300437787955e-07
1.984032223845133558e-06
1.752900629981013481e-06
1.283790993511502165e-07
5.325113761500688270e-06
3.824885652647935785e-07
1.270951452170265839e-05
5.248077741271117702e-06
2.924210275523364544e-05
9.083678378374315798e-06
3.838329121208516881e-07
2.811553940773592331e-06
3.920643848687177524e-06
1.050084165399312042e-06
6.495283173535426613e-07
6.076977570046437904e-06
9.051449524122290313e-06
2.538207581892493181e-07
1.746256430124049075e-06
7.919751965346222278e-08
1.050973764904483687e-06
3.396398142285761423e-06
7.483811714337207377e-06
1.943848474184051156e-05
2.238635261164745316e-06
1.328201324213296175e-05
7.546299457317218184e-06
6.964933709241449833e-05
9.011819912529972498e-08
2.117081312462687492e-04
5.461949040181934834e-04
2.018133216097339755e-07
5.180929292691871524e-06
3.488711445243097842e-05
2.232085353170987219e-05
3.265736040702904575e-06
6.751064211130142212e-05
7.340339038819365669e-07
3.700406807638501050e-07
2.961063955808640458e-06
1.565972524986136705e-05
2.312404831172898412e-05
4.819012701773317531e-06
1.450575564376777038e-05
1.550675676753598964e-07
4.696042594787286362e-07
5.436481660581193864e-05
1.178098864329513162e-05
2.794292595353908837e-05
3.258767264924244955e-06
6.172813868943194393e-07
2.264660870423540473e-04
4.207568963465746492e-06
1.150604589383874554e-06
7.547199402324622497e-06
1.135609863922582008e-06
1.625091317691840231e-05
1.074326701200334355e-05
6.719314114889129996e-05
4.140752935199998319e-06
1.069869904313236475e-05
1.258568431694584433e-06
1.047401724463270511e-06
1.388838768434652593e-07
8.031032848521135747e-06
1.915564353112131357e-04
2.708203965084976517e-06
1.365752723359037191e-06
9.409173799213021994e-06
5.066353310212434735e-07
5.026389544582343660e-07
1.286918745790899266e-06
8.602161187809542753e-07
4.384636667964514345e-06
3.958448928642610554e-07
9.132225386565551162e-06
4.825232826988212764e-05
1.249561137228738517e-05
1.229845224770542700e-06
9.009349355437734630e-07
1.199057578560314141e-06
1.200065412376716267e-06
5.193637662159744650e-06
1.217029648614698090e-06
1.315750978392316028e-06
3.794601070694625378e-06
9.122488791035721079e-07
4.480014922592090443e-06
3.978526729042641819e-05
1.198316294903634116e-05
1.757635254762135446e-05
1.092010006686905399e-05
8.539089435544156004e-08
6.569760557795234490e-07
5.891935416002525017e-06
9.211154861077375244e-08
1.635190164961386472e-05
7.614564765390241519e-06
1.275352951779495925e-05
1.125204107665922493e-05
1.004939986160025001e-04
4.894784524367423728e-06
3.002490416292857844e-07
1.243982751475414261e-06
7.266726953503166442e-08
1.059745571296843991e-07
6.421959369617979974e-06
4.081759834662079811e-05
5.278244316286873072e-06
5.669754045811714604e-06
2.362830309721175581e-05
2.736270289460662752e-06
5.799781774840084836e-06
1.210581558552803472e-05
3.683128852571826428e-06
4.074547177879139781e-06
2.853856813089805655e-07
1.522031016065739095e-05
1.269512449653120711e-05
1.806336513254791498e-05
1.768723905115621164e-06
5.534314914257265627e-05
2.081600996461929753e-06
1.222775154019473121e-05
4.313598935823392821e-07
1.527446670479548629e-06
9.741623898662510328e-07
5.162234447197988629e-05
5.008541279494238552e-07
4.196913323539774865e-06
4.164881488577520940e-07
1.363313373303753906e-07
8.136114047374576330e-06
5.656206099047267344e-07
1.336358309345087036e-05
4.690103594384709140e-07
4.610550149664049968e-06
1.567481433539796853e-07
8.897417842490540352e-07
3.344863159782107687e-07
1.747305987009895034e-06
8.704195352038368583e-06
1.386956540727624088e-07
1.164583500212756917e-05
1.253043228643946350e-05
1.017041449813405052e-05
1.367471782032225747e-06
2.046793497356702574e-06
2.151670742023270577e-05
1.965228193512302823e-07
1.335873434982204344e-06
7.691406644880771637e-04
4.228559191687963903e-06
5.268226686894195154e-06
3.937073870474705473e-06
3.852337897569668712e-07
1.830659812185331248e-06
2.314787707291543484e-05
9.248026799468789250e-06
7.002620804996695369e-06
7.541270008459832752e-08
1.111862820835085586e-05
4.614513727574376389e-06
9.990355920308502391e-07
2.075880587426581769e-07
2.759448034339584410e-05
6.719563998558442108e-07
2.304734516656026244e-05
2.592168435455732833e-08
3.726904935774655314e-07
3.025620856078603538e-07
3.697764441312756389e-07
7.632879714947193861e-06
2.940575723187066615e-05
1.583480116096325219e-05
5.775862064183456823e-07
3.207591419140953803e-07
1.231722080774488859e-06
2.496795968909282237e-05
1.946977363331825472e-06
2.815444531734101474e-06
1.983279389605741017e-06
9.060599950316827744e-07
2.903819222410675138e-06
3.055351044167764485e-05
2.293228220651144511e-07
6.974622010602615774e-06
1.033391541227501875e-07
1.296746290790906642e-06
1.070800281013362110e-04
1.075316276910598390e-06
3.794773147092200816e-05
1.200493079522857442e-05
1.201858935928612482e-06
6.057547125237761065e-06
4.550137236947193742e-05
1.140545464295428246e-05
1.439727043361926917e-06
3.325707211843109690e-06
1.499050767961307429e-06
2.005351831257939921e-07
1.650638660066761076e-05
9.471523867432551924e-07
4.221946710458723828e-06
4.739530140795977786e-06
1.414193229720694944e-05
5.206233709031948820e-06
8.526330930180847645e-06
3.036343741769087501e-06
5.546286843127745669e-07
7.247891744555090554e-07
1.063578338289516978e-06
5.421335117716807872e-06
2.910496914410032332e-05
2.842343383235856891e-05
2.578428166088997386e-06
2.385547759331529960e-06
1.026582026497635525e-06
6.392863724613562226e-05
1.485248958488227800e-06
1.221120271566178417e-07
2.471676089044194669e-05
1.313269990532717202e-06
1.559746749535406707e-07
5.943687483522808179e-06
6.865099066999391653e-07
3.814836873061722144e-06
4.228424188568169484e-07
9.637809853302314878e-06
2.403349128599074902e-07
9.760790362633997574e-07
2.417827431600017007e-07
3.895732334058266133e-06
1.310761435888707638e-04
8.174051799869630486e-06
1.126163837739113660e-07
8.203152788155421149e-07
6.560900942531588953e-07
1.531204543425701559e-05
7.219353574328124523e-05
3.469784815024468116e-07
1.140268750532413833e-06
3.087163577220053412e-06
1.110648895519261714e-06
9.950471024922080687e-08
3.478842245385749266e-06
1.308593709836713970e-05
8.842447641654871404e-06
7.874647053540684283e-06
2.786346442462672712e-07
3.055230081372428685e-06
3.471544232525047846e-06
6.441083399977287627e-08
1.429114377060614061e-06
4.801021532330196351e-06
7.807113320268399548e-07
4.104340689536911668e-07
1.576394538460590411e-06
8.056788942667481024e-07
1.636889282963238657e-05
2.754041133812279440e-06
2.444589426886523142e-06
3.877066774293780327e-06
2.195636596979966271e-07
1.660104499023873359e-05
2.074223402814823203e-06
2.881915497709996998e-05
2.435431838421209250e-07
1.591342311257903930e-06
1.662637223489582539e-04
1.249386514245998114e-06
3.066053148359060287e-03
1.905593126139137894e-05
3.795169277509558015e-06
1.980431079573463649e-06
2.076206556012039073e-06
3.878878942487062886e-06
4.646513787065487122e-07
1.748220347508322448e-05
2.955418494821060449e-06
5.855530105236539384e-08
5.823889068778953515e-07
1.970727083744350239e-07
2.874459141821716912e-06
5.273197530186735094e-06
3.955060208227223484e-07
2.805150415952084586e-06
3.057101139347651042e-06
4.392368282424286008e-07
2.494480213499628007e-07
9.132411378232063726e-07
9.135461027653946076e-07
1.927708035509567708e-05
2.985585751957842149e-06
5.331282409315463156e-06
4.695904135587625206e-05
3.522390034049749374e-05
4.126775650092895376e-07
1.870172491180710495e-05
3.916927084901544731e-07
8.692009600963501725e-08
6.253229685171390884e-07
4.527501005213707685e-06
1.739194849506020546e-04
2.607255851216905285e-07
9.934125955624040216e-06
6.512343588838120922e-06
3.701363198160834145e-07
1.100657664210302755e-05
4.881838322035036981e-06
2.339214370294939727e-05
2.381821786912041716e-06
7.010589229139441159e-07
1.546864268675562926e-06
6.139542847449774854e-07
6.227876383491093293e-07
3.215880133211612701e-05
1.500278722232906148e-05
7.783301612107607070e-07
2.004224825213896111e-06
2.498991379979997873e-04
9.903558293444802985e-07
4.870684620073006954e-07
8.101206958599505015e-07
3.280460077803581953e-06
1.662692511672503315e-06
1.177031936094863340e-05
3.206436986147309653e-06
1.297914968745317310e-05
3.552779901383473771e-07
2.348473572055809200e-06
1.321593117609154433e-05
1.768323301121199620e-07
5.523279105545952916e-05
9.079131814360152930e-06
2.142909124813741073e-06
1.149008085121749900e-06
3.464449946477543563e-06
1.427963184141844977e-06
8.349766034143613069e-08
5.007593244954477996e-06
5.100868747831555083e-06
2.107586851707310416e-06
5.105799118609866127e-06
8.120588063320610672e-06
2.071259223157539964e-05
3.218211475086718565e-07
4.781442385137779638e-06
7.726094736426603049e-06
3.001484628839534707e-06
1.883538516267435625e-06
4.978342076356057078e-06
2.605527242849348113e-06
2.693901114980690181e-05
2.969649585793376900e-06
4.780410017701797187e-05
1.763201566973293666e-06
7.467118621207191609e-07
3.128761090920306742e-05
1.916345354402437806e-05
8.509287908964324743e-06
7.661142262804787606e-07
6.439622211473761126e-06
3.428026502660941333e-07
1.516344491392374039e-05
5.935244189458899200e-07
2.832931386365089566e-05
4.047541096952045336e-06
1.455390020055347122e-06
1.419054206053260714e-05
8.798604540061205626e-06
2.998662057507317513e-05
4.868042597081512213e-04
2.244194183731451631e-05
1.879846394103878993e-07
8.589233289058029186e-07
1.616118652236764319e-06
3.532305299813742749e-06
5.242172846919856966e-07
2.304985002865578281e-07
6.422776550607522950e-07
5.667913355864584446e-04
4.805744993063854054e-06
2.248123792014666833e-06
6.960428891034098342e-06
1.444245867787685711e-06
5.627067366731353104e-05
1.506656985839072149e-06
1.956228516064584255e-05
4.864914517384022474e-04
1.515849817224079743e-05
5.715811857953667641e-05
1.119200760513194837e-06
7.857149739720625803e-07
1.529518885945435613e-05
1.484921767769264989e-06
7.075303756209905259e-07
5.725077244278509170e-06
1.661281174847317743e-07
6.741805555066093802e-05
9.171600936497270595e-07
2.819335350068286061e-06
9.497418886894593015e-07
6.383302206813823432e-06
9.734148989082314074e-07
3.532285063556628302e-06
6.614043377339839935e-05
1.228123437613248825e-06
2.834827000697259791e-06
1.439822341353647062e-07
2.701946687011513859e-05
1.219322939505218528e-06
2.000141563485158258e-07
1.062125375028699636e-05
6.594210617549833842e-07
2.741596105693133723e-08
5.880620506104605738e-07
1.601981352905568201e-06
8.046791322158242110e-07
7.195573743956629187e-06
1.334919488726882264e-06
8.051351301219256129e-07
8.581022120779380202e-05
2.473426548021961935e-06
2.660731581727304729e-07
4.695602001447696239e-06
4.898499537375755608e-05
5.439051165012642741e-06
1.437185517261241330e-07
6.980377747822785750e-06
7.692249255342176184e-07
2.335163117095362395e-06
2.123045760527020320e-06
4.171939963271142915e-06
1.622272947088276851e-07
1.607704689376987517e-05
2.863154350052354857e-06
6.404030159501417074e-07
2.321484998901723884e-06
4.624394932761788368e-06
1.032599016070889775e-06
2.389858564129099250e-04
5.986252062939456664e-07
2.135637942046741955e-06
6.407381079043261707e-06
3.717919980772421695e-07
5.516456803889013827e-05
2.531808422645553946e-05
1.432820795344014186e-06
6.905076133989496157e-06
5.562942169490270317e-05
7.208750503195915371e-07
1.807054068194702268e-04
6.612009201489854604e-06
3.021663587787770666e-06
4.378750588784896536e-07
2.598136961751151830e-05
1.911212166305631399e-06
1.752875391503039282e-06
1.447257091058418155e-06
4.751865105845354265e-07
3.820884231231502781e-08
7.103943744368734770e-07
1.935487307491712272e-05
1.679938236520683859e-06
3.024451189048704691e-06
7.837866888849021052e-08
5.952026185696013272e-06
1.029068812385958154e-06
8.426240327708001132e-08
3.691399797389749438e-06
1.466704125050455332e-04
3.525596241615858162e-07
1.632712519494816661e-05
8.731270213502284605e-07
4.357095804152777418e-06
4.129547596676275134e-05
1.952814500327804126e-06
1.700793218333274126e-04
4.892499987363407854e-07
1.031629926728783175e-05
1.854052356975444127e-06
2.502771167200990021e-06
1.603582262532654568e-07
1.398791482642991468e-06
4.271872967365197837e-06
1.376074692416295875e-06
1.878486182249616832e-05
4.941039719597029034e-07
4.457096565602114424e-06
1.006706838779791724e-06
2.942048377008177340e-05
1.584084202477242798e-05
1.176623982246383093e-06
7.552091847173869610e-05
6.339602975913294358e-08
5.473375858855433762e-05
1.868539402494207025e-05
1.768594074746943079e-06
4.202506170258857310e-05
8.426015483564697206e-06
2.498776439097127877e-06
4.124353836232330650e-06
2.591704912902059732e-07
1.483235365640211967e-07
6.397971901606069878e-06
3.145657501590903848e-06
8.461987818009220064e-06
7.873423783166799694e-06
3.377202872911766462e-08
6.273131702982936986e-07
1.025926758302375674e-05
2.681786827452015132e-05
3.586427226309751859e-07
3.207804411431425251e-06
1.388794430567941163e-06
5.517333047464489937e-04
2.585851461844868027e-07
2.828700758072955068e-07
1.855963773778057657e-07
4.407291726238327101e-06
6.102577287947497098e-08
1.260395265489933081e-06
1.512172218554042047e-07
4.821966399504162837e-07
1.196963353322644252e-06
1.790367605281062424e-07
1.796348527705049491e-07
3.185115104997748858e-08
3.126437491118849721e-07
8.294590969626369770e-08
2.422698798909550533e-06
6.465476189987384714e-07
1.040195684254285879e-06
1.371318489873374347e-07
3.573975106974103255e-07
2.464518047418096103e-07
8.473454727209173143e-06
8.025577358239388559e-07
6.868723630759632215e-06
7.095616183505626395e-07
7.794046723574865609e-06
8.232443349243112607e-08
1.396786728946608491e-06
2.953747753053903580e-06
3.011841499755973928e-06
2.297736727996380068e-06
6.647859208896989003e-06
3.185959712936892174e-06
4.317019556765444577e-05
3.174641847181192134e-07
7.509623856094549410e-07
9.705991942610125989e-06
1.817958263927721418e-07
5.734724481953890063e-07
7.417846177304454613e-07
2.217312271568516735e-07
7.674970561311056372e-07
1.398978781708137831e-07
3.520569578085996909e-07
1.790106409771397011e-07
5.988408247503684834e-06
8.808221423350914847e-07
1.736247395456302911e-05
1.913543928822036833e-05
1.840137338149361312e-05
9.649724006521864794e-07
1.618545684323180467e-05
5.505088438439997844e-07
2.261295009020614089e-07
6.781149750167969614e-06
3.276225299941870617e-07
1.231714486493729055e-05
1.465317836846224964e-05
1.329478095613012556e-06
6.499930691461486276e-07
1.882667675090488046e-06
1.036601929627067875e-06
8.833387255435809493e-06
6.863599537609843537e-07
1.709670868876855820e-06
1.343996154901105911e-05
7.739708962617442012e-06
9.255253644369076937e-06
1.053877989761531353e-03
7.893718816376349423e-07
4.195542260276852176e-07
6.162021009004092775e-07
2.939504213372856611e-07
7.128708716663822997e-07
7.242968877108069137e-06
1.993751311601954512e-06
4.975378260496654548e-07
9.877971933747176081e-06
1.199441903736442327e-04
