4.804410309589002281e-07
1.146469003288075328e-06
3.205637995051802136e-07
1.847226030804449692e-06
5.154807354301738087e-07
5.271368536341469735e-06
2.106591807660151972e-07
1.107473963202210143e-06
2.708608519697008887e-07
9.181181667372584343e-06
1.135445586442074273e-06
2.073609692843092489e-07
8.257328545369091444e-07
7.772366217295711976e-08
1.311125402025936637e-06
5.146925559529336169e-06
9.907859066515811719e-07
2.462136592384922551e-07
1.152502591139636934e-06
3.690370817821531091e-07
2.040411345660686493e-06
1.672152848186669871e-06
2.701412540773162618e-06
1.222655373567249626e-05
3.690286772325634956e-03
3.472594698905595578e-06
4.373726915218867362e-05
3.988368462159996852e-06
6.931171810720115900e-06
3.375618325662799180e-05
3.417578773223794997e-05
1.783793777576647699e-06
2.660504105733707547e-05
7.989044206624384969e-06
3.795370867010205984e-04
4.079793143318966031e-06
1.641015260247513652e-04
1.402391603733121883e-06
4.353554395493119955e-04
7.332116947509348392e-04
6.209756975295022130e-06
7.749079668428748846e-05
3.882484634232241660e-06
2.773022861219942570e-04
3.163385190418921411e-05
1.493238960392773151e-05
7.672389870094775688e-07
1.276516588404774666e-03
7.261309074237942696e-04
5.976329339318908751e-05
4.181283657089807093e-05
7.237541079521179199e-01
6.840863534307572991e-06
7.286732852662680671e-07
1.648748707339109387e-06
7.901252843112160917e-07
1.885559072434261907e-06
1.333968526751050376e-07
2.099070570693584159e-06
3.192614167346619070e-05
7.185968115663854405e-06
1.539739059808198363e-05
1.208505454997066408e-05
2.252927743029431440e-06
4.876525963481981307e-06
1.603588088983087800e-06
1.536337549623567611e-05
1.667416290729306638e-05
2.510944796085823327e-05
1.652738683333154768e-05
4.174382581823010696e-07
3.304177516838535666e-05
3.675270136227481999e-06
9.266670531360432506e-05
1.915667962748557329e-05
1.986132247111527249e-06
1.399192842654883862e-05
3.980322799179702997e-05
3.862963785650208592e-05
1.162004991783760488e-06
4.958190402248874307e-05
7.630454206264403183e-07
3.758924503927119076e-05
1.916150358738377690e-05
3.164014515277813189e-06
2.616883421069360338e-06
1.400065866619115695e-05
1.470100396545603871e-04
3.506464054225943983e-05
1.978432464966317639e-06
4.750864661673404044e-07
1.177059857582207769e-06
2.276583046523228404e-07
3.134373116608912824e-07
1.897915353765711188e-06
1.180213871521118563e-06
5.072363933322776575e-07
2.187217873483859876e-08
2.188266279290473904e-07
8.217049071390647441e-06
1.391601690556854010e-04
5.073178908787667751e-04
4.503385184762009885e-07
4.121657639188924804e-06
6.254400796024128795e-05
1.118605650844983757e-04
3.955519787268713117e-06
5.281062271933478769e-07
2.233430450360174291e-06
5.665158369083655998e-07
7.899918728071497753e-07
3.907757491106167436e-05
2.336470242880750448e-05
1.353872448817128316e-05
5.041777694714255631e-05
2.372828703300911002e-06
1.375426791128120385e-06
8.277105735032819211e-06
4.081056204086053185e-07
1.401505960529902950e-05
1.109737058868631721e-05
3.369669457242707722e-06
4.709514541900716722e-06
1.606782279850449413e-05
3.926405770471319556e-05
1.821440127969253808e-05
3.991989433416165411e-05
7.488853270842810161e-08
3.325124225739273243e-06
3.586080993045470677e-06
8.086730929335317342e-08
7.411243245769583154e-07
6.033820341144746635e-07
7.398962793558894191e-07
4.028839271086326335e-07
1.233685088664060459e-05
2.117206804541638121e-06
5.517499062079878058e-07
9.201398825098294765e-07
3.858594936900772154e-06
7.108615136530715972e-07
1.162368448603956494e-06
3.238083081669174135e-06
3.925658020875744114e-08
4.308598818170139566e-06
6.900733296788530424e-06
3.216447908016561996e-07
1.349681951978709549e-06
3.506960638333112001e-06
2.146423412341391668e-06
9.725447307573631406e-05
1.430274369340622798e-05
1.568012703501153737e-05
1.041229211296013091e-06
3.420728376113402192e-07
4.405519575811922550e-06
2.110351857709247270e-07
1.453277945984154940e-06
5.417981810751371086e-06
9.383453289046883583e-04
2.660606987774372101e-04
4.239889312884770334e-05
3.512015780415822519e-07
1.552979811094701290e-04
1.450184546411037445e-02
1.767493668012320995e-03
3.074804772040806711e-05
1.240199635503813624e-04
4.155270289629697800e-03
3.936799112125299871e-05
9.716891683638095856e-03
1.456321388104697689e-05
1.068881945684552193e-03
2.267030868097208440e-05
7.248671863635536283e-06
7.041436674626311287e-06
3.251628368161618710e-04
2.436021342873573303e-02
3.189613344147801399e-04
6.839422276243567467e-04
3.736828512046486139e-04
2.586719056125730276e-04
3.871306034852750599e-05
2.031980082392692566e-03
4.002335481345653534e-05
2.151372655134764500e-06
2.380278601776808500e-06
1.122523826779797673e-05
1.497804350947262719e-05
4.694414383266121149e-05
7.406132226606132463e-06
1.018851253320463002e-05
6.514133929158560932e-06
1.925938022395712323e-06
2.853832029359182343e-06
3.173936274833977222e-04
4.277318294043652713e-05
1.436590682715177536e-03
5.166562623344361782e-04
2.360349981245235540e-06
5.550275545829208568e-06
4.367387020920432406e-07
1.966938725672662258e-05
4.081494353158632293e-06
6.469249910878716037e-06
1.169835100881755352e-03
3.721199231222271919e-03
9.775666512723546475e-06
4.370241425931453705e-03
6.641467916779220104e-04
2.893489785492420197e-02
3.812272334471344948e-04
4.049745257361792028e-05
1.607145532034337521e-05
3.094477578997612000e-04
4.333620836405316368e-06
1.504072406532941386e-05
9.197683539241552353e-06
3.668328076855686959e-07
6.378077159752137959e-06
2.631312054290901870e-05
1.456267928006127477e-04
1.781757164280861616e-04
7.104315045580733567e-06
4.504372918745502830e-05
1.503506791777908802e-04
5.765690730186179280e-06
1.043112715706229210e-03
6.718793429172364995e-06
1.791659451555460691e-05
2.841156856447923928e-07
2.288985706400126219e-05
2.698833668546285480e-05
5.509749098564498127e-05
1.248488115379586816e-05
2.869694144465029240e-04
8.559945126762613654e-05
3.106239546468714252e-06
1.244050145032815635e-05
4.864328730036504567e-06
1.260009321413235739e-05
2.693946498766308650e-06
8.547285106033086777e-04
1.439183834008872509e-03
1.698992564342916012e-04
1.609517639735713601e-04
8.718779683113098145e-02
2.194222179241478443e-05
5.894561581953894347e-06
2.677328484423924237e-05
5.336029062164016068e-06
1.637060486245900393e-04
3.728808223968371749e-05
6.010692595737054944e-05
1.679930719546973705e-04
1.012085886031854898e-05
2.945757660199888051e-05
2.473100721545051783e-05
7.541251306975027546e-06
2.972167294501559809e-07
9.230979230778757483e-06
8.653853456053184345e-07
1.688800148258451372e-05
1.718137099260275136e-07
2.470159051881637424e-05
9.851107279246207327e-06
2.926392426161328331e-07
8.606980554759502411e-05
2.089362096739932895e-04
1.148978844867087901e-04
1.043301108438754454e-05
1.078772591426968575e-03
3.437195555306971073e-04
2.792194427456706762e-04
2.189678634749725461e-04
7.137625361792743206e-04
2.416632923996075988e-04
3.548920722096227109e-05
7.154424110922263935e-06
1.245914245373569429e-05
1.356793101876974106e-03
2.791293198242783546e-03
1.523140119388699532e-03
1.581392552907345816e-06
2.350752220081631094e-05
3.481191350147128105e-03
4.083631793037056923e-04
7.609961176058277488e-05
4.237787507008761168e-04
6.207184196682646871e-05
2.343445230508223176e-04
5.353357119020074606e-05
5.373202657210640609e-05
2.872893674066290259e-05
2.265057628392241895e-05
1.344773977507429663e-06
8.454148883174639195e-06
1.214053213516308460e-06
3.614743400248698890e-05
4.375577191240154207e-06
1.631053783057723194e-05
1.221571892529027537e-06
7.723352609900757670e-05
5.930819315835833549e-04
4.016230013803578913e-05
1.029912891681306064e-05
1.594589266460388899e-04
1.114204898476600647e-02
1.436585193914652336e-06
2.650288479344453663e-05
1.692350451776292175e-05
6.366924935718998313e-06
4.714976967079564929e-05
1.431251916983455885e-06
1.160316713821885060e-07
3.779163080253056251e-06
1.120879642257932574e-05
2.363057319598738104e-06
1.653290564718190581e-05
5.338833489076932892e-06
1.023384328391330200e-07
2.375703047619026620e-07
3.424095439186203294e-06
7.523253202634805348e-07
1.194304672935686540e-06
5.548758963414002210e-07
2.772560037556104362e-06
1.510011043137637898e-05
1.394237187923863530e-06
1.486580731580033898e-05
3.829242814390454441e-06
1.698254709481261671e-05
1.040675215335795656e-06
4.648055096367897931e-08
8.822136692288040649e-07
3.249103247071616352e-05
2.044438360826461576e-07
3.391417976672528312e-06
8.607185009168460965e-07
2.544986500652157702e-06
5.122072761878371239e-04
6.456977644120343029e-06
4.405469098855974153e-06
3.603512232075445354e-05
9.405425771547015756e-06
1.909447455545887351e-04
3.776426819968037307e-05
2.939156502179685049e-06
2.633258418427431025e-06
1.157389306172262877e-05
1.439395127817988396e-04
4.323762823332799599e-06
1.428848372597713023e-05
3.799852947850013152e-06
5.439371670945547521e-05
4.978676315658958629e-06
1.485809661971870810e-05
1.393477396050002426e-05
1.237774995388463140e-06
1.809263494578772224e-06
7.918327355582732707e-06
2.475789642630843446e-06
2.082140599668491632e-05
1.363064257020596415e-05
2.660854261193890125e-05
4.215436035792663461e-07
1.162531475529249292e-06
2.348017687836545520e-06
2.260613428006763570e-06
5.848293767485301942e-06
1.977165993594098836e-05
2.782339379336917773e-06
2.239706918771844357e-05
3.249335236432671081e-07
1.462767340854043141e-05
2.012372988247079775e-06
1.505667023593559861e-05
5.784336462966166437e-05
2.872511458917870186e-06
4.968539997207699344e-06
5.446589511848287657e-06
1.553987090119335335e-06
9.759573913470376283e-07
3.509747784846695140e-06
4.778712991537759081e-06
1.241656020283699036e-02
6.132137496024370193e-04
1.514354579512655619e-07
4.818953769358813588e-08
1.313753841714060400e-06
8.751541827223263681e-06
4.566866778077383060e-07
7.645830919500440359e-07
4.558327404424744600e-08
2.617292693685158156e-06
4.191909738437971100e-06
3.008486373801133595e-06
7.928292689030058682e-08
3.565121744486532407e-07
7.117129280231893063e-05
3.453775661910185590e-06
5.418126420408952981e-06
2.253819502584519796e-06
1.805312990654783789e-06
3.785726221394725144e-07
2.370633467307925457e-07
8.054428690229542553e-06
2.608083605082356371e-06
1.183183371722407173e-06
1.542496283946093172e-05
1.744919941870648472e-08
9.638280971557833254e-06
6.393795501935528591e-06
1.548453656141646206e-05
1.004705063678557053e-05
5.492703394338604994e-07
1.508743025624426082e-05
1.083895199371909257e-06
1.264963088942749891e-06
1.931177848746301606e-06
1.581079777679406106e-05
1.961519410542678088e-05
8.928352031034592073e-07
1.780447405508311931e-06
6.773504424018028658e-08
1.121676859838771634e-06
2.838027739926474169e-06
4.286087005311856046e-06
7.026943058008328080e-05
5.632786610476614442e-07
8.891490779205923900e-07
2.606714951980393380e-05
4.773984983330592513e-06
1.693947098146963981e-07
2.786435288726352155e-05
1.355381449684500694e-03
4.790894081452279352e-07
4.302259185351431370e-06
1.532824398964294232e-06
1.621166120457928628e-05
7.173386507020040881e-07
2.986395429616095498e-06
5.573933322011725977e-06
2.487352730895509012e-06
3.467683427516021766e-06
1.649082150834146887e-06
4.915642784908413887e-05
1.611421248526312411e-05
1.002821136353304610e-05
1.371603985944602755e-07
1.137203184953250457e-06
2.086904860334470868e-04
5.895171489100903273e-05
1.315925765084102750e-04
1.238335812558943871e-06
2.275845076837867964e-07
1.553655310999602079e-04
1.056616474670590833e-05
1.932155282702296972e-05
6.382473657140508294e-05
1.710317064862465486e-06
4.620276740752160549e-05
4.956089014740427956e-06
1.330343511654064059e-04
5.797356134280562401e-04
4.742277815239503980e-05
1.735750174702843651e-06
5.395600624069629703e-07
3.421550616167223779e-07
7.546024426119402051e-05
1.853647991083562374e-04
6.053682591300457716e-05
1.298672373195586260e-06
9.556774784869048744e-06
9.600924386177212000e-06
9.720477009977912530e-07
2.486808625690173358e-05
3.403944901947397739e-06
6.907891020091483369e-06
1.804478074518556241e-06
9.682705240265931934e-06
1.193080242956057191e-05
9.045432989296386950e-07
2.806814154610037804e-05
4.737571828172804089e-07
1.375076635667937808e-06
1.299369728258170653e-06
5.226980647421441972e-06
4.990127308701630682e-06
7.972546995915763546e-07
2.217655492131598294e-05
3.547375854395795614e-06
1.725223773973993957e-05
9.207719995174556971e-05
4.304124740883708000e-04
4.863876165472902358e-05
1.586057260283268988e-05
1.179153485963979620e-07
7.697101978010323364e-07
4.390464164316654205e-05
2.186178420515716425e-07
6.327618757495656610e-05
5.479529500007629395e-05
5.066028279543388635e-06
1.757335849106311798e-05
2.869845957320649177e-05
3.332454525661887601e-06
6.239583285605476703e-07
1.087727582671504933e-06
2.124438509554238408e-07
9.387663624238484772e-08
3.406422820262378082e-06
7.479068699467461556e-06
2.705604856600984931e-06
9.268115718441549689e-06
3.787185414694249630e-05
3.636328983702696860e-05
1.946127667906694114e-06
1.314808177994564176e-04
2.123511876561678946e-06
1.755235462042037398e-05
9.690127171779749915e-07
5.637948561343364418e-06
3.988033768109744415e-06
9.555302676744759083e-05
1.519792476756265387e-06
7.317213749047368765e-05
6.755216418241616338e-06
3.828100034297676757e-06
1.168676362794940360e-06
2.898314278354519047e-06
1.327260065409063827e-06
1.296309055760502815e-04
8.935583650782064069e-07
1.542862628411967307e-05
2.993660928041208535e-06
2.989431209243775811e-07
9.802664862945675850e-06
1.523500259281718172e-06
1.620203984202817082e-04
7.827705985619104467e-07
5.501885880221379921e-06
1.214842342278643628e-07
2.550511680965428241e-06
5.614846259049954824e-07
1.353285188088193536e-05
2.317292000952875242e-06
1.048272793013893533e-07
5.091883849672740325e-06
3.463695975369773805e-05
3.709458269440801814e-06
6.583074537047650665e-06
7.119494057405972853e-06
7.084191020112484694e-05
3.543566720054514008e-07
6.543212975884671323e-07
1.854598303907550871e-05
2.142240555258467793e-05
1.975538452825276181e-06
2.930913069576490670e-06
9.049311302078422159e-06
9.282024961976276245e-07
6.455506663769483566e-04
1.077048978004313540e-06
9.338014933746308088e-05
1.603256350790616125e-06
7.662690222787205130e-06
3.811804617726011202e-06
1.119605167332338169e-05
1.208465732815966476e-06
3.800550621235743165e-05
5.638273137265059631e-07
1.720815089356619865e-05
5.009705716929602204e-08
1.600042651261901483e-06
3.030463403774774633e-06
1.017487420540419407e-06
2.932452298409771174e-05
4.101407466805540025e-05
3.563935388228856027e-05
7.852200383240415249e-07
5.616838052446837537e-07
2.676250971944682533e-07
1.711065124254673719e-05
1.539622317068278790e-04
3.215649257981567644e-06
3.294244379503652453e-05
5.949927981419023126e-06
1.845119550125673413e-05
6.275948635448003188e-06
1.451521711715031415e-06
2.878460873034782708e-05
3.553878968887147494e-07
8.987100272861425765e-07
7.074792665662243962e-05
3.170059130752633791e-07
1.280241704080253839e-04
6.842844595666974783e-05
1.243347355739388149e-06
1.633169858905603178e-06
5.438010557554662228e-04
1.298348615819122642e-05
5.138624601386254653e-07
4.787204306921921670e-05
4.719473508885130286e-06
1.094803337764460593e-06
7.274436939042061567e-05
5.639265964418882504e-06
2.531987775000743568e-05
5.873418103874428198e-06
1.841653720475733280e-04
2.727619903453160077e-05
2.919811049650888890e-05
2.174997689508018084e-06
4.163113771937787533e-06
4.392970822664210573e-06
1.033640182868111879e-05
7.867601198086049408e-06
1.341858296655118465e-04
2.682513877516612411e-05
9.104096534429118037e-06
1.523628156974154990e-06
2.089770759994280525e-06
3.766765585169196129e-04
1.003730085358256474e-05
1.013144270700649940e-07
2.455315734550822526e-05
1.404490262757462915e-06
6.474415670254529687e-08
3.307751057946006767e-06
2.077533963529276662e-06
1.056883593264501542e-05
2.210509137512417510e-06
5.017877811042126268e-06
1.062557188902246708e-07
4.830646048503695056e-06
1.135247930506011471e-05
1.634772524994332343e-05
6.217576446942985058e-05
2.901890638895565644e-06
1.791319306221339502e-07
2.216406983279739507e-06
1.884527137008262798e-06
1.478178455727174878e-04
2.657195000210776925e-05
5.905975513087469153e-07
2.699398692129761912e-06
2.735464704528567381e-06
4.191358129901345819e-06
2.692929456316051073e-06
1.413569975738937501e-06
7.732222002232447267e-06
2.603802931844256818e-05
7.125336196622811258e-06
1.396462039338075556e-06
1.718828752927947789e-05
1.114160681936482433e-06
7.932664658483190578e-08
4.968937901139725000e-06
6.939049399079522118e-06
7.419857297463750001e-07
6.066107403057685588e-07
8.758054718782659620e-06
9.960985153156798333e-06
1.727199196466244757e-05
2.968308308481937274e-06
6.008408945490373299e-06
2.561059591243974864e-05
8.373120294891123194e-07
2.846297547876019962e-06
2.106209194607799873e-06
3.073913467233069241e-05
8.808761435830092523e-07
1.293669697588484269e-06
2.289688563905656338e-05
1.003838224278297275e-05
1.065141428261995316e-02
5.567629705183207989e-05
1.774366501194890589e-05
2.174396058762795292e-06
1.880036870716139674e-05
1.222325408889446408e-05
3.877748440572759137e-06
2.804709765769075602e-06
1.878302100521977991e-05
2.153461196030548308e-07
2.288775959868871723e-07
7.287727044058556203e-07
1.904929263218946289e-06
3.355352964717894793e-05
1.005543799692532048e-05
4.008118412457406521e-05
3.396898136998061091e-06
4.391868557718225929e-08
1.560488840368634555e-06
1.010915730148553848e-05
1.239138600794831291e-05
2.018659324676264077e-05
2.910553121182601899e-05
1.005162175715668127e-05
6.515355198644101620e-05
1.390101988363312557e-05
4.520545076047710609e-07
2.046448644250631332e-04
2.602149606900638901e-07
4.371685591308960284e-08
6.968224397496669553e-07
4.517203251452883705e-06
6.594901205971837044e-04
1.932148734340444207e-06
6.584657057828735560e-06
1.222623905050568283e-05
3.995714337179379072e-07
1.987687028304208070e-05
2.785086962830973789e-06
1.614293068996630609e-05
7.398719390039332211e-06
5.204755780141567811e-06
1.249916476808721200e-05
4.471046486287377775e-05
7.817657206032890826e-07
2.366298940614797175e-05
1.543516009405720979e-05
1.424321999365929514e-05
1.850179160101106390e-06
9.042724559549242258e-05
5.028639407100854442e-07
1.135555976361501962e-06
1.119022363127442077e-05
4.637988604372367263e-05
4.548222932498902082e-06
1.058201723935781047e-05
3.644666321633849293e-06
3.054866738239070401e-06
4.980506673746276647e-07
4.188734965282492340e-05
6.348726310534402728e-05
4.942923936823717668e-08
1.214131916640326381e-04
1.410636286891531199e-05
3.214234141069027828e-07
1.607779381629370619e-06
3.936936082027386874e-06
2.214359938079724088e-06
1.307175807596649975e-07
5.208767561271088198e-06
1.158338250206725206e-06
3.558789956059627002e-07
3.931985338567756116e-05
4.089734829904045910e-06
4.186395017313770950e-05
2.286884352997731185e-07
2.925593207692145370e-06
4.679386984207667410e-05
3.671652848424855620e-07
7.893649126344826072e-06
6.176257556944619864e-06
6.484784535132348537e-06
3.237912096665240824e-05
7.421418104058830068e-06
9.400919225299730897e-05
5.611658707493916154e-06
4.243857461005973164e-07
1.903012889670208097e-05
2.239897003164514899e-05
3.835403185803443193e-05
2.101726522596436553e-06
1.140081531048053876e-05
3.690325343086442444e-07
1.378146262140944600e-04
3.787941750488243997e-06
1.650549347687046975e-05
3.154714795527979732e-05
5.344302849152882118e-07
5.270592373562976718e-05
2.074274379992857575e-05
3.311030013719573617e-06
7.078842609189450741e-04
2.338823378522647545e-06
1.432314888916152995e-07
4.996391567146929447e-07
6.680288606730755419e-07
3.617735046645975672e-06
7.724092938588000834e-06
6.626096933359804098e-07
8.528243597538676113e-06
4.343731416156515479e-05
2.735664384090341628e-05
3.228505875085829757e-06
2.039828723354730755e-05
5.238178346189670265e-06
2.093707371386699378e-05
2.936995997515623458e-06
5.291533670970238745e-05
9.200991480611264706e-04
2.179497187171364203e-06
8.973351214081048965e-06
4.257275065810972592e-07
1.320274918725772295e-06
2.174714609282091260e-05
9.966967127184034325e-07
1.082304970623226836e-05
5.040159976488212124e-06
6.917135806361329742e-07
5.659445741912350059e-05
5.276171577861532569e-06
9.852121365838684142e-06
3.267769557169231120e-07
1.106536001316271722e-05
4.119512141187442467e-06
3.352795374667039141e-06
2.123217382177244872e-05
1.937551587616326287e-06
6.434162855839531403e-07
5.245274792287091259e-07
1.062642331817187369e-05
1.083516417565988377e-05
4.495047960517695174e-07
3.473411197774112225e-05
3.489324456040776568e-07
2.039381143958962639e-07
4.120019184483680874e-06
8.639344741823151708e-06
9.442786904401145875e-06
1.139803644036874175e-04
1.409580022482259665e-06
1.549817966406408232e-06
1.054953190759988502e-05
2.019233033934142441e-05
1.234774344993638806e-06
5.620292540697846562e-06
1.707427582005038857e-04
3.051439534829114564e-06
1.460281993104217690e-07
2.929402762674726546e-05
1.159415387519402429e-05
1.047704154188977554e-05
7.684131560381501913e-06
1.414608391314686742e-06
1.257373298813035944e-07
1.439098014088813215e-05
6.285074778134003282e-05
9.229003126165480353e-07
3.715112370628048666e-06
6.636801117565482855e-06
4.971798261976800859e-07
1.515618350822478533e-04
6.364035016304114833e-06
8.672657259012339637e-07
1.258427801076322794e-05
7.837271368771325797e-06
4.392235496197827160e-05
1.597802620381116867e-04
2.970730929519049823e-05
4.110051122552249581e-06
1.468642403779085726e-05
1.453222694181022234e-06
4.448589752428233624e-04
1.592934859218075871e-05
3.734482561412733048e-06
7.086380264809122309e-07
1.291236094402847812e-05
1.709123466753226239e-06
4.465504389372654259e-06
2.030526957241818309e-06
8.325930139108095318e-06
3.592939492591540329e-07
2.879483645301661454e-06
8.207838618545792997e-06
4.858672127738827839e-06
5.855074050487019122e-06
7.191565600805915892e-07
1.201045233756303787e-05
3.148159885313361883e-05
1.539141294415458106e-07
2.531012341933092102e-07
4.663847212214022875e-04
1.436567913515318651e-07
8.258450179710052907e-06
1.240020992554491386e-06
2.111337380483746529e-06
4.011200508102774620e-05
1.145261421697796322e-06
4.275511309970170259e-05
2.894563294830732048e-06
1.179405488073825836e-03
1.061995476447918918e-06
4.999167686037253588e-06
3.705507083395787049e-07
2.123451167790335603e-06
1.427859217528748559e-07
6.998322987783467397e-06
1.480201317463070154e-04
8.559467460145242512e-06
2.588534152891952544e-05
1.074910642273607664e-06
5.035242793383076787e-05
8.242124749813228846e-06
1.752967932588944677e-06
5.437200798041885719e-06
4.721199502455419861e-07
2.906016788983833976e-06
2.744401572272181511e-04
1.127091400121571496e-05
7.241690036607906222e-05
5.624043114949017763e-05
5.442378096631728113e-06
1.150180423792335205e-06
2.713887248262381036e-08
2.679259125670796493e-07
8.456664545519743115e-06
1.585297432029619813e-04
1.186473309644497931e-05
8.031012839637696743e-06
3.000723580726116779e-08
1.628336235626193229e-06
6.067994036129675806e-05
8.806334517430514097e-05
1.671875338615791406e-06
2.142187440767884254e-05
3.247232029934821185e-07
2.408148429822176695e-04
1.645997713239921723e-06
4.738934421766316518e-06
1.537417006147734355e-06
6.833437055320246145e-06
6.576937039426411502e-08
1.635242711017781403e-06
6.243255938898073509e-07
3.014074763996177353e-06
2.919590826877538348e-07
4.614622639564913698e-07
9.194986319016607013e-07
1.204470834181847749e-08
1.362912058766596601e-07
1.226892862860040623e-07
3.406161340535618365e-05
3.120297833447693847e-06
9.280330232286360115e-06
3.086897777393460274e-07
1.685613995050516678e-07
1.976281538418334094e-07
9.779073479876387864e-07
4.493584583542542532e-06
4.620168965630000457e-06
8.700762009539175779e-06
6.975575161050073802e-06
1.534251850898726843e-06
1.177412832475965843e-05
9.492980098002590239e-06
3.762911092053400353e-06
3.686911213662824593e-06
1.890032876872282941e-06
7.037405111987027340e-07
1.748909380694385618e-05
4.698731856933591189e-07
2.436815748296794482e-06
4.313450062909396365e-06
7.269193815773178358e-07
8.067201520134403836e-07
3.996673058281885460e-06
1.156368654164907639e-07
3.150039447064045817e-07
4.500343209201673744e-08
3.134648238756199135e-07
5.772804101411566080e-08
2.478073838574346155e-06
1.926273114349896787e-07
3.738857049029320478e-05
1.064630964719981421e-06
2.159598261641804129e-05
2.608976728879497387e-06
7.724549504928290844e-06
1.758869075274560601e-06
2.073251721412816551e-07
2.656326068972703069e-05
1.857987513176340144e-06
2.759966992016416043e-05
6.516044959425926208e-05
4.014952537545468658e-06
2.084114385070279241e-06
1.736300703214510577e-07
8.863121365720871836e-07
8.107063877105247229e-06
4.869524445894057862e-07
4.156272268573957263e-07
2.304363624716643244e-05
4.877921128354500979e-06
6.134169325378024951e-06
1.228414330398663878e-04
3.192691565345739946e-06
9.521490937913767993e-07
1.432518388355674688e-07
6.571322614945529494e-07
1.161078898803680204e-06
1.394848095515044406e-05
7.694412488490343094e-06
3.812976956396596506e-07
1.717410668788943440e-06
2.437300463498104364e-05
