1.232797188777112751e-07
3.473509195828228258e-06
5.491926458489615470e-06
1.440228061255766079e-05
3.495234750516829081e-06
5.481521293404512107e-05
5.933650299994042143e-07
5.132486112415790558e-04
1.820290708565153182e-05
3.361158014740794897e-04
7.177777297329157591e-05
7.303636266442481428e-06
4.788432852365076542e-05
9.551084758641081862e-07
4.626579993782797828e-06
1.718245403026230633e-05
1.646529381105210632e-05
9.851003596850205213e-06
4.876953880739165470e-06
1.486130713601596653e-06
7.101024039002368227e-06
1.001494238153100014e-03
1.593370870978105813e-05
5.650779348798096180e-05
1.510971342213451862e-04
5.811513619846664369e-05
3.195285389665514231e-04
6.438116542994976044e-05
1.234638602909399197e-05
5.475131911225616932e-05
2.505383417883422226e-05
7.080891919031273574e-06
2.449416497256606817e-04
1.717013583402149379e-05
2.026514848694205284e-04
3.372058245076914318e-06
1.735648584144655615e-05
2.607564056233968586e-06
5.176782608032226562e-02
1.534021645784378052e-02
2.508259611204266548e-03
3.251092042773962021e-03
3.125147894024848938e-02
1.129351109266281128e-01
5.086259334348142147e-04
6.754940375685691833e-03
6.640850915573537350e-04
2.925166860222816467e-03
2.139934513252228498e-04
1.252047950401902199e-04
2.500110131222754717e-04
2.988947369158267975e-02
1.364961576655332465e-06
4.829464614886092022e-07
9.619566299079451710e-06
3.766420775264123222e-07
8.078396263044851366e-07
8.761889347397300298e-08
1.110023390538117383e-06
1.117708325182320550e-05
1.770839276105107274e-06
2.287675215484341606e-06
5.360537670640042052e-06
7.279555575223639607e-06
3.522231509123230353e-06
1.088583758246386424e-06
9.984667485696263611e-06
6.175687303766608238e-05
1.377889384457375854e-05
9.593474715074989945e-06
1.450109039069502614e-06
7.952363375807181001e-05
1.855344066825637128e-06
1.120288798119872808e-04
5.438698281068354845e-05
9.657239843363640830e-07
3.112040940322913229e-05
9.594884613761678338e-05
4.941034712828695774e-04
5.322257038642419502e-06
5.232766852714121342e-04
4.925401299260556698e-05
2.387570915743708611e-03
6.250558421015739441e-03
3.108533273916691542e-04
4.315513797337189317e-05
1.535398187115788460e-03
9.768174095370341092e-06
3.788919711951166391e-04
1.092695356419426389e-06
1.660268026171252131e-05
3.984704089816659689e-04
4.422551719471812248e-04
4.872405042988248169e-05
4.259314300725236535e-05
3.858679974655387923e-06
6.847136774013051763e-06
2.663840064087708015e-07
3.406686118978541344e-06
2.702403799048624933e-05
7.268064337040414102e-07
5.163164678378961980e-05
1.425256868969881907e-05
2.660275822563562542e-05
2.887902082875370979e-04
3.191646101186051965e-05
2.804692371682904195e-07
7.479375653929309919e-06
1.320486171607626602e-05
3.421660494495881721e-06
7.385209528365521692e-07
5.349807452148525044e-06
8.595936378696933389e-05
5.844313636771403253e-05
1.433996203559217975e-05
8.563975279685109854e-05
9.390297236677724868e-06
3.244132676627486944e-04
3.452845703577622771e-05
7.829451351426541805e-04
4.187539452686905861e-04
8.965994929894804955e-04
5.263000730337807909e-06
7.408191595459356904e-05
4.053889715578407049e-04
8.176744449883699417e-05
1.020834461087360978e-04
2.022778517130063847e-06
3.461927917669527233e-06
4.979393634130246937e-05
1.453175514143367764e-06
3.649619657153380103e-06
9.112483212447841652e-07
1.884710800368338823e-04
1.057199697243049741e-04
8.062818233156576753e-05
3.067845682380720973e-05
1.796391075004066806e-06
1.774118718458339572e-04
4.666234235628508031e-05
2.084767402266152203e-05
4.731404624180868268e-05
2.950626367237418890e-04
7.569467925350181758e-06
3.383764806130784564e-06
1.049872753355884925e-05
5.420669822342460975e-06
1.018215471049188636e-06
5.280573986965464428e-07
3.490504468572908081e-06
2.786554978229105473e-05
1.901170035125687718e-04
2.106240390276070684e-05
3.667196779133519158e-06
2.630340816267562332e-07
6.796994966862257570e-06
4.441205237526446581e-05
8.688333764439448714e-06
1.437428145436570048e-04
2.050101757049560547e-03
1.131782337324693799e-04
1.863894976850133389e-05
2.213933385064592585e-06
3.646448312792927027e-04
1.259775126527529210e-05
3.318138260510750115e-05
1.370839891023933887e-04
4.759193398058414459e-04
2.978806849569082260e-03
1.508133136667311192e-03
7.167274598032236099e-03
4.387360822875052691e-04
2.954185474663972855e-03
3.405063878744840622e-03
8.147289918269962072e-06
2.482682175468653440e-04
3.671586979180574417e-03
3.053030744194984436e-02
1.376346335746347904e-03
1.391060959576861933e-05
7.610869215568527579e-05
1.891203428385779262e-04
1.437623635865747929e-03
4.090864240424707532e-05
1.030992995947599411e-02
2.826921809173654765e-05
2.138407398888375610e-05
1.919414353324100375e-04
1.987902360269799829e-04
6.684958352707326412e-04
3.284934791736304760e-06
9.311145986430346966e-04
1.453830554964952171e-05
2.633255280670709908e-05
8.161669029504992068e-06
1.753912802087143064e-04
6.857831613160669804e-05
1.501613132859347388e-05
4.144936247030273080e-05
2.445639665893395431e-06
1.910994978970848024e-05
2.918704467447241768e-06
9.180832421407103539e-04
7.619383723067585379e-06
6.768939783796668053e-06
1.337885158136487007e-03
7.220351137220859528e-03
4.449553322046995163e-03
7.727059419266879559e-04
1.361369043588638306e-01
1.109670498408377171e-03
8.525886572897434235e-03
8.617605199106037617e-04
9.783347137272357941e-03
4.610743199009448290e-04
1.190859242342412472e-03
6.096832657931372523e-05
5.230873284745030105e-05
1.379797467961907387e-04
7.972938874445389956e-06
1.751003146637231112e-04
5.656227585859596729e-04
9.033679380081593990e-04
1.585609606991056353e-05
1.580699172336608171e-04
8.641035296022891998e-03
2.351936200284399092e-05
1.707816263660788536e-03
1.026172685669735074e-04
3.273905895184725523e-05
9.641623910283669829e-05
3.142046043649315834e-04
1.212646238855086267e-04
2.796935950755141675e-05
8.171100489562377334e-06
2.808644669130444527e-03
1.368499652016907930e-04
6.482275057351216674e-05
4.686327156377956271e-05
2.011907781707122922e-05
2.404143015155568719e-05
2.126300387317314744e-06
1.196419398183934391e-04
1.930158177856355906e-04
9.503316505288239568e-06
5.526729182747658342e-06
8.104470907710492611e-04
1.697421772405505180e-03
2.791028600768186152e-05
7.368153546849498525e-06
6.283848779276013374e-05
5.513844371307641268e-05
2.651734939718153328e-05
1.481270446674898267e-04
1.225521373271476477e-05
2.297992905369028449e-04
1.430685097147943452e-05
2.524193405406549573e-05
3.968134114984422922e-05
9.382518328493461013e-06
1.129558859247481450e-05
7.108063527994090691e-06
5.335246169124729931e-05
5.392718321672873572e-06
7.128150173230096698e-06
5.032998742535710335e-04
1.555762428324669600e-04
6.207922473549842834e-03
2.503462135791778564e-03
9.053102112375199795e-04
4.291822260711342096e-04
2.182473987340927124e-02
1.389418393373489380e-01
4.279644787311553955e-02
1.615329645574092865e-02
3.438015468418598175e-03
4.156453534960746765e-03
1.046656724065542221e-02
1.976591069251298904e-03
1.680888526607304811e-04
6.230653729289770126e-03
6.807874306105077267e-04
7.066890597343444824e-03
1.603388773219194263e-05
4.098868230357766151e-04
2.985609695315361023e-03
1.204312546178698540e-03
3.744509594980627298e-04
1.012391061522066593e-03
1.431888904335210100e-05
2.309854462509974837e-04
8.610023069195449352e-04
3.042918106075376272e-04
7.785940542817115784e-03
8.414202602580189705e-05
4.837397682422306389e-07
1.540488938189810142e-06
3.565727411114494316e-07
1.091445519705303013e-04
5.476897058542817831e-05
1.535100750515994150e-06
5.059302566223777831e-06
1.265124410565476865e-05
1.892147702164947987e-05
2.263896021759137511e-05
8.186669219867326319e-06
3.572116111172363162e-05
1.226535718888044357e-02
7.965593977132812142e-05
9.216449107043445110e-04
1.680397872405592352e-05
7.469938136637210846e-04
8.065287256613373756e-04
2.993705493281595409e-05
1.004440673568751663e-05
1.862146564235445112e-05
5.348532340576639399e-06
8.094432814687024802e-06
6.420844001695513725e-04
1.473341253586113453e-03
6.574373401235789061e-06
1.819123554014367983e-06
3.002448829647619277e-05
2.262091948068700731e-05
1.672920234341290779e-06
4.443927537067793310e-06
9.296903954236768186e-06
5.316618364304304123e-03
2.458026574458926916e-05
6.303625923465006053e-06
5.100301677884999663e-06
9.269226575270295143e-04
1.939675939865992405e-06
4.592986329043924343e-07
4.591648121277103201e-06
1.518690714874537662e-05
1.029918280437414069e-06
3.419882432353915647e-06
1.284713224691813593e-08
1.792039838619530201e-04
2.234222134575247765e-03
6.408336957974825054e-06
3.201506387995323166e-06
9.879784556687809527e-06
1.784020241757389158e-06
6.660229246335802600e-06
9.085319106816314161e-06
2.937143290182575583e-05
3.874636022374033928e-04
2.056832454400137067e-04
9.866758249700069427e-03
4.103426763322204351e-04
9.572396986186504364e-03
8.949191542342305183e-04
6.181296706199645996e-02
2.750961808487772942e-03
5.453248159028589725e-04
1.478119374951347709e-04
1.968813558050896972e-05
2.319530904060229659e-04
5.297633470036089420e-05
8.292755069305712823e-07
2.901373136410256848e-06
3.961632319260388613e-04
3.177779944962821901e-06
7.879863005655352026e-06
2.017999065628828248e-07
7.882339900788792875e-07
1.022407013806514442e-05
1.675578801041410770e-06
1.971837082237470895e-05
3.070248567382805049e-05
9.627005783841013908e-05
1.981673813133966178e-05
1.237913875229423866e-05
3.438995690885349177e-06
2.035857469309121370e-04
9.840515303949359804e-06
7.899245247244834900e-06
1.805986357794608921e-06
1.128829899244010448e-05
1.403966143698198721e-05
1.226898984896251932e-05
2.899162063840776682e-05
1.447532940801465884e-05
1.471557188779115677e-04
3.209888018318451941e-05
1.528247958049178123e-05
1.453601754519695533e-07
1.499417976447148249e-05
1.324446884609642439e-06
5.446974228107137606e-06
1.069923769136948977e-06
8.108606834866805002e-07
2.358085657760966569e-05
1.879558294604066759e-05
4.202315540169365704e-05
2.372926019234000705e-06
4.585163424053462222e-06
2.384917388553731143e-05
1.775434611772652715e-05
2.891450094466563314e-05
1.739955951052252203e-05
6.472094810305861756e-06
5.783589131169719622e-06
1.855862592492485419e-06
2.142553239536937326e-05
2.916403445851756260e-06
4.207648487408732763e-07
8.407339919358491898e-05
2.764420287348912098e-06
2.166701051464769989e-05
7.743631613266188651e-06
3.272354661021381617e-05
5.509625680133467540e-06
3.093303348578047007e-06
4.526330667431466281e-05
9.829967893892899156e-05
1.633689498703461140e-05
6.644851055170875043e-06
5.501618943526409566e-05
2.072315146506298333e-05
4.771226485900115222e-06
3.450569465712760575e-06
3.115509059625765076e-07
1.497967332397820428e-05
2.309053888893686235e-05
1.216131058754399419e-04
1.895642526505980641e-05
1.176818022941006348e-05
7.373745756922289729e-05
2.544303606555331498e-05
2.685716390260495245e-05
4.432662308317958377e-07
3.277799987699836493e-04
4.824831848964095116e-04
8.327601790369953960e-07
3.421136716497130692e-05
3.636410610852180980e-06
2.164821489714086056e-05
1.944230007211444899e-06
2.369317144257365726e-06
2.956980097224004567e-05
3.042724756596726365e-06
1.003486067929770797e-05
8.791809523245319724e-05
8.341902139363810420e-05
2.716323933782405220e-06
3.911963722202926874e-05
8.549118888367956970e-07
1.581944729878159706e-06
6.149577675387263298e-04
3.591292188502848148e-04
1.465572713641449809e-04
9.649078492657281458e-06
1.599269239704881329e-06
4.168936720816418529e-05
1.581850483489688486e-05
2.951892838609637693e-06
8.522150892531499267e-05
1.075729073818365578e-06
2.407345891697332263e-05
4.592866462189704180e-04
1.188440946862101555e-04
1.473281463404418901e-05
5.271261397865600884e-05
1.202359271701425314e-06
2.876186226785648614e-05
3.965432711083849426e-07
1.828745371312834322e-05
1.483688683947548270e-04
1.871506697170843836e-06
4.540370809991145507e-06
1.815148971218150109e-05
9.460616638534702361e-06
8.046702077990630642e-07
7.763008034089580178e-05
1.841409698499774095e-06
8.074425750237423927e-06
5.123084179103898350e-07
7.898511830717325211e-05
4.734083631774410605e-06
1.719952933854074217e-06
6.257727363845333457e-06
9.816009196583763696e-07
3.130038066956331022e-06
3.315881031085154973e-06
8.274162610177882016e-06
2.160093799830065109e-06
1.570909830661548767e-06
6.710725756420288235e-06
2.497455170669127256e-06
1.307203365286113694e-05
1.281580043723806739e-04
6.757862138329073787e-05
1.285049074795097113e-04
5.426856296253390610e-05
7.915908213362854440e-07
1.262117712030885741e-05
5.585475719271926209e-06
1.090857608687656466e-06
1.478436606703326106e-04
3.249738801969215274e-05
6.266016043809941038e-06
1.611730294825974852e-05
6.050211595720611513e-05
1.983173024200368673e-05
1.038280174725514371e-06
3.966595613746903837e-06
7.720679491285409313e-07
4.521080256836285116e-07
7.975866537890397012e-06
6.840025889687240124e-05
5.189456260268343613e-06
2.241586480522528291e-04
6.282782414928078651e-04
2.931275412265677005e-05
5.949626938672736287e-06
2.137388037226628512e-05
2.484867400198709220e-05
1.966882518900092691e-05
3.261998926973319612e-06
3.182285217917524278e-05
2.773796586552634835e-05
4.694669769378378987e-05
3.569788077584234998e-06
6.568015669472515583e-05
2.397184289293363690e-06
1.603797136340290308e-05
2.917730398621642962e-06
1.123477068176725879e-05
3.229417416150681674e-06
1.100342633435502648e-04
1.966956688193022273e-06
4.587527655530720949e-05
2.908924159328307724e-07
7.210128387669101357e-07
6.655277502431999892e-06
1.893151238618884236e-05
1.712757511995732784e-04
7.091694556038419250e-07
4.839862231165170670e-05
1.087147893485962413e-06
5.362659521779278293e-06
3.402304287192237098e-07
6.184008270793128759e-06
1.123385936807608232e-05
4.548160177364479750e-07
6.738471711287274957e-05
2.268544812977779657e-05
2.350202066736528650e-06
5.236346169112948701e-06
6.491848762379959226e-05
4.879959669779054821e-05
5.510411824616312515e-07
5.943961241428041831e-06
1.090392819605767727e-03
2.791848419292364269e-05
3.824299710686318576e-05
4.929662736685713753e-06
1.214326402987353504e-06
5.252701157587580383e-06
9.010938083520159125e-05
1.025118217512499541e-05
1.796210381144192070e-05
6.127775691311398987e-07
4.852795882470672950e-06
4.548444394458783790e-06
1.705956383375450969e-04
6.875971507724898402e-07
9.762958143255673349e-06
5.580095603363588452e-05
4.692577203968539834e-05
1.875458721656286798e-08
6.113527319939748850e-07
2.595244041003752500e-06
1.558394956191477831e-06
6.754227797500789165e-05
7.885944796726107597e-05
2.678792043298017234e-05
3.193057182215852663e-06
1.338456172561564017e-06
8.094394615909550339e-06
1.136374612542567775e-05
7.958471542224287987e-05
1.353604056930635124e-05
1.880089826045150403e-06
4.465952315513277426e-06
5.581101504503749311e-05
1.519294164609164000e-04
1.277662022403092124e-06
1.927370431076269597e-05
3.318549488540156744e-07
6.502881205960875377e-06
7.646240555914118886e-05
1.100229269468400162e-06
1.576353861310053617e-05
7.331949291256023571e-06
7.846972039260435849e-06
1.539894765301141888e-05
1.326969795627519488e-04
7.093192834872752428e-05
9.124653843173291534e-06
8.619688742328435183e-05
5.041145868744933978e-06
1.075042860065877903e-06
1.237766264239326119e-05
3.332276492074015550e-06
7.604704933328321204e-06
1.595189314684830606e-05
2.300135020050220191e-05
4.967469430994242430e-05
4.088738933205604553e-05
9.262011190003249794e-06
7.039288448140723631e-06
3.286351102360640652e-06
1.775300734152551740e-05
4.630616967915557325e-05
1.911802428367082030e-05
2.593812860141042620e-05
1.753793185343965888e-05
2.941565071523655206e-06
3.639459919213550165e-06
1.590808824403211474e-04
1.650038598199898843e-06
1.350423644908005372e-06
1.304474881180794910e-05
9.976733963412698358e-07
4.913336510981025640e-07
2.141052027582190931e-05
2.010948446695692837e-05
4.692219226853922009e-05
2.047112502623349428e-06
9.218627383233979344e-06
7.564679549432185013e-07
1.039585072248883080e-06
2.474696884746663272e-06
2.983686863444745541e-05
3.656212647911161184e-04
1.689723285380750895e-05
1.743503759144005016e-07
5.750645068474113941e-04
8.927258022595196962e-06
1.674383966019377112e-04
4.692532456829212606e-05
5.447550847748061642e-06
5.484431312652304769e-06
1.259728378499858081e-05
8.559483831049874425e-06
4.061611775796336588e-07
4.159526270086644217e-06
2.391958150838036090e-05
2.228268385806586593e-05
6.643374490522546694e-06
4.363509560789680108e-06
3.785889202845282853e-05
1.699457061477005482e-05
1.396636548633978236e-06
5.994309685775078833e-05
4.061410436406731606e-05
9.290434718423057348e-06
5.520805643755011261e-07
2.464531917212298140e-06
1.978691943804733455e-05
1.675581188465002924e-05
2.413630863884463906e-05
2.755923105723923072e-06
9.212150871462654322e-06
5.176574632059782743e-06
1.028923452395247295e-05
7.309635748242726550e-06
1.583824814588297158e-05
1.300649387303565163e-06
3.688022843562066555e-06
1.897438596643041819e-05
1.419825480297731701e-06
1.879769191145896912e-02
1.098345965147018433e-04
4.653770520235411823e-05
9.414176020072773099e-06
3.435868393353302963e-06
1.886862628452945501e-05
5.587452051258878782e-06
2.808086355798877776e-05
2.563076577644096687e-06
2.117300823556433897e-07
4.386848218018712942e-07
8.186516993191617075e-07
3.139178079436533153e-05
1.166656511486507952e-04
1.050009905156912282e-05
4.006584276794455945e-06
6.135193871159572154e-06
7.544081768173782621e-07
1.619878048586542718e-06
1.836017418099800125e-06
7.324108537432039157e-06
1.025704550556838512e-04
2.957013748527970165e-05
4.900222847936674953e-05
3.278151780250482261e-05
5.115624298923648894e-05
3.035950840057921596e-06
7.644931429240386933e-06
3.961182301281951368e-06
2.798728928610216826e-07
1.475279350415803492e-05
1.836581418501737062e-06
2.076641889289021492e-03
9.115881880461529363e-07
8.641355634608771652e-06
2.096900789183564484e-05
5.270028964332595933e-07
2.432482324365992099e-05
3.700293291331036016e-06
3.875317634083330631e-05
9.582958227838389575e-06
2.174728024328942411e-06
5.307613264449173585e-06
5.188461364014074206e-05
3.836595681150356540e-07
4.481439245864748955e-04
4.656507826439337805e-06
2.588198731245938689e-05
1.318503564107231796e-06
2.731264430622104555e-05
2.579739884822629392e-06
4.166657163295894861e-06
2.511456159481895156e-06
3.616341473389184102e-06
6.242033578018890694e-06
1.321207964792847633e-03
5.317735940479906276e-06
1.364336931146681309e-04
5.867553340976883192e-07
2.786822151392698288e-04
3.912672400474548340e-05
6.526461788780579809e-07
1.760406303219497204e-04
1.303057433688081801e-05
3.257171556469984353e-06
9.677250091044697911e-06
3.154775185976177454e-05
2.785597189358668402e-06
3.111208570771850646e-06
1.294920912187080830e-05
3.154645753511431394e-07
3.435942198848351836e-05
3.624892633524723351e-05
4.216868182993493974e-05
6.751136970706284046e-05
3.895775932960532373e-07
9.761934052221477032e-06
2.853330079233273864e-05
1.710333435767097399e-06
3.292570545454509556e-05
3.014174217241816223e-05
1.015740053844638169e-05
5.552467428060481325e-06
4.341774911154061556e-06
2.295557351317256689e-04
6.802552434237441048e-06
4.670793259720085189e-06
2.063781175820622593e-05
8.465279825031757355e-05
1.381455149385146797e-05
4.636504854715894908e-06
1.336268269369611517e-05
1.375267675030045211e-05
7.148514850996434689e-05
1.615550559108669404e-06
4.121898091398179531e-04
4.908660412183962762e-05
8.594898872615885921e-07
2.142947778338566422e-05
8.235414861701428890e-05
1.839255128288641572e-05
8.813951862975955009e-04
2.790344660752452910e-05
5.055456426816817839e-07
3.894815563398879021e-06
7.313394235097803175e-06
2.132489134964998811e-05
6.845824373158393428e-06
1.963942622751346789e-06
8.430623893218580633e-06
1.734111538098659366e-05
1.054418171406723559e-04
9.644119927543215454e-06
1.493607123848050833e-04
1.485159555159043521e-05
1.967163916560821235e-05
1.099165365303633735e-05
2.287866300321184099e-05
1.624962431378662586e-03
1.042164512909948826e-05
7.116087363101541996e-05
9.436198524781502783e-06
7.648843620700063184e-07
1.625286415219306946e-03
5.204512945056194440e-06
1.803341910999733955e-05
2.780734575935639441e-06
3.729515754002932226e-07
1.463737226004013792e-05
1.955053994606714696e-05
8.457447620457969606e-06
8.184490980056580156e-06
5.227609653957188129e-04
2.989373115269700065e-06
2.726014145082444884e-06
3.218087076675146818e-04
1.574685256855445914e-06
3.362584720889572054e-06
6.559498189062651363e-08
2.952899558295030147e-05
1.422649529558839276e-05
3.407623410112137208e-07
4.944480315316468477e-05
1.043528118316316977e-05
2.380878925123397494e-07
7.445397613992099650e-07
1.578121191414538771e-05
9.130085345532279462e-06
2.377612981945276260e-04
2.460879841237328947e-06
4.491014351515332237e-06
6.362427666317671537e-05
6.882869911351008341e-06
2.851991496299888240e-07
1.299577616009628400e-05
1.328615471720695496e-04
7.381766772596165538e-05
1.967758578302891692e-07
4.940339931636117399e-05
3.986505817010765895e-06
8.932189302868209779e-06
1.820401848817709833e-05
3.468046270427294075e-05
2.355938732989670825e-07
1.539836812298744917e-04
3.713166006491519511e-05
4.798212557943770662e-06
8.496648661093786359e-06
1.182033611257793382e-05
1.227900270350801293e-06
8.020423701964318752e-04
3.736659436981426552e-06
2.096691787301097065e-06
5.219392187427729368e-05
4.111394082428887486e-05
1.071105070877820253e-04
1.375859283143654466e-04
6.388587644323706627e-05
2.848356380127370358e-04
1.345790951745584607e-05
3.224077227059751749e-05
9.043277823366224766e-04
4.385237843962386250e-05
1.971212805074173957e-05
2.216690518253017217e-06
1.483622909290716052e-04
1.281980985368136317e-05
1.139861888077575713e-05
1.118404156841279473e-06
9.696715096652042121e-06
2.228565847417485202e-07
8.448503763247572351e-07
3.315522189950570464e-05
4.599184103426523507e-05
1.807982880563940853e-05
1.830933484825436608e-07
4.002816422143951058e-05
3.989190645370399579e-06
1.989109250644105487e-07
6.765035777789307758e-06
6.732077599735930562e-05
4.688537956099025905e-06
9.591928574081975967e-06
1.015616999211488292e-05
1.257571857422590256e-04
1.269890635740011930e-04
2.087700158881489187e-05
1.603498240001499653e-04
5.228032932791393250e-06
4.442647914402186871e-04
5.940000392001820728e-06
1.302160526392981410e-04
1.756477985281890142e-07
7.408350938931107521e-06
7.811774594301823527e-06
5.461497039505047724e-06
1.132750403485260904e-04
4.899030955130001530e-06
2.467213926138356328e-05
9.187321666104253381e-06
4.096259726793505251e-05
7.938935596030205488e-05
4.744537363876588643e-06
7.827696208551060408e-06
2.787667199299903587e-06
9.693359061202500015e-06
2.574452446424402297e-05
1.217271055793389678e-04
4.270558711141347885e-04
3.245529660489410162e-05
5.638597212964668870e-05
1.362926650472218171e-05
1.294446065003285185e-06
6.831896257608605083e-07
1.582356781000271440e-04
1.742688473314046860e-04
3.460416110101505183e-06
2.220889655291102827e-05
1.002893839086027583e-07
8.222175893024541438e-06
1.256832183571532369e-04
2.447624137857928872e-05
1.461104716327099595e-06
7.379517683148151264e-06
4.540502516192645999e-07
5.238067242316901684e-04
9.914986094372579828e-07
1.775147552507405635e-06
2.039148967014625669e-06
1.897873858069942798e-06
1.806376417334831785e-07
2.617669906612718478e-06
5.922753189224749804e-06
2.534027998990495689e-06
7.846051630622241646e-06
1.060494582816318143e-06
5.395938387664500624e-06
1.214694123063964071e-07
3.350898225562559674e-07
8.524442591806291603e-07
3.910801751771941781e-06
1.994352714973501861e-06
1.102744590752990916e-05
5.383286634241812862e-07
1.132055899688566569e-06
2.090131374643533491e-06
1.887352823359833565e-06
4.179695224593160674e-06
7.429442484863102436e-05
6.250441515476268250e-07
7.021494675427675247e-04
4.802232069778256118e-06
1.475798671890515834e-05
2.166559625038644299e-06
1.412697565683629364e-05
1.944687937793787569e-06
1.788869849406182766e-05
5.587883606494870037e-06
2.633208641782402992e-04
1.333595264441100881e-06
1.099064206755429041e-06
1.979507505893707275e-04
4.652707957575330511e-06
1.664431806602806319e-06
5.091441835247678682e-06
1.637610239413334057e-06
2.575177859398536384e-06
3.098677098023472354e-06
2.357872108404990286e-05
1.557545147079508752e-06
1.832175621530041099e-05
2.207702891610097140e-06
3.070023012696765363e-05
1.407411400577984750e-05
8.785242243902757764e-06
2.672871596587356180e-05
6.969155947444960475e-05
5.903405508433934301e-06
1.034924935083836317e-06
3.368145189597271383e-05
1.423315097781596705e-06
6.212094740476459265e-05
2.311838943569455296e-05
3.212072670066845603e-06
1.529900828245445155e-06
3.312385388198890723e-06
6.932263204362243414e-06
2.413472066109534353e-05
2.202302994191995822e-06
2.239471905340906233e-05
1.145171427197055891e-05
1.079149660654366016e-04
2.162574492103885859e-05
8.126037195324897766e-03
5.151952427695505321e-05
9.859467127171228640e-07
1.217087628901936114e-05
1.974971382878720760e-06
1.101100042433245108e-05
2.237120934296399355e-04
1.423803314537508413e-05
1.970591483768657781e-06
7.567511784145608544e-05
2.168581413570791483e-04
