7.215528174953078633e-10
1.349489076041265889e-09
3.456026576031945297e-09
4.909793904772641326e-09
9.444616644316283782e-09
3.659614122852872242e-08
7.582895977797932119e-10
6.579376332638275926e-08
2.498405926587565773e-09
8.954703645258632605e-08
2.494144668574449497e-09
1.784192127374240044e-09
4.471484071899567425e-09
2.449348723843058906e-09
9.336964534867320253e-10
6.800613405744115880e-09
1.047287767619309307e-08
8.968304321399500623e-09
4.470068315498565426e-09
1.803516669340865519e-09
3.471212761674280500e-10
5.106829235046461690e-07
1.608847242096089758e-07
1.414734924765070900e-06
7.759880986668576952e-07
6.802974894526414573e-07
8.839028282636718359e-07
2.372211582724048640e-07
2.262041221001709346e-07
1.117192823585355654e-06
1.602957127033732831e-07
1.799572757477108098e-08
2.901411107814055867e-06
7.744873187220946420e-09
2.624548045560004539e-08
3.000363735239375274e-09
1.341718380842849001e-08
4.355766236585623119e-08
2.167098427889868617e-04
9.899517893791198730e-01
9.744593626237474382e-06
3.982656926382333040e-05
8.959380647866055369e-05
2.944277366623282433e-03
1.654627885727677494e-05
9.950510502676479518e-06
1.080335641745477915e-04
2.253645070595666766e-04
1.700387770142697264e-06
9.044159014592878520e-06
1.577263788021809887e-06
6.211251951754093170e-03
3.136936543857160586e-10
2.032630314063865740e-10
3.524282810030143764e-10
9.653045029978102320e-11
3.130021797304038955e-10
8.853690003363112737e-11
5.332507213573478566e-10
2.169775026317211086e-09
9.010157064892609924e-09
1.457506615398784788e-10
1.090627810285127453e-09
6.201362756641515261e-10
1.897419776852871109e-09
8.205464085975222588e-10
1.974703245366526971e-08
7.897084763897055382e-09
1.227585944008069418e-08
4.152180821392903454e-08
1.920734682414604322e-09
1.778815175157433259e-07
1.402102256520265655e-08
7.523129283981688786e-07
4.061724467874228139e-08
4.673388898090991006e-10
5.647617129511672829e-08
8.360468228829631698e-08
1.415267263382702367e-07
1.585141973237114144e-07
4.650161997687973781e-07
1.717098996323329629e-08
1.497056473453994840e-06
1.187811676572891884e-06
1.306703634185168994e-08
6.672071606317331316e-08
4.755732163630455034e-07
1.663222271020003973e-08
6.993494139351241756e-07
2.003673449380016791e-09
1.693395113022688747e-08
2.185296068546449533e-07
2.789158060068075429e-08
3.209920107494212971e-09
2.491820438876857224e-08
2.274823246439794389e-10
2.128428766567935781e-09
6.391490808832500647e-11
1.503303970196157024e-08
1.192554854867466929e-08
3.699706097037847030e-10
6.634014937390020350e-08
6.547969064740755130e-07
1.585515434499029652e-07
1.390634736253559822e-07
2.807261800796823081e-08
6.325196810763600297e-09
2.564698009521748645e-09
2.004194143978565990e-08
8.095710768429853488e-10
1.610872102375537906e-09
2.043036406718101716e-09
2.456133252337622253e-08
1.463402377055444958e-08
3.416811722445345367e-09
2.770167029098047351e-08
5.597511343324867994e-09
4.328609293224872090e-08
5.816074288844674811e-09
7.666452717103311443e-08
3.735974019036802929e-08
1.734655086238490185e-07
1.636727375853297417e-08
5.016363857635042223e-08
5.952839998712988745e-09
8.371489279568322672e-09
3.773221521896630293e-07
5.839770333970761840e-10
3.263584402724006850e-10
2.410902588678709435e-08
1.265651750070873049e-10
9.220338936799521434e-10
3.159335237867821888e-09
1.048406961245973434e-08
4.853056339015893172e-07
4.084043325747188646e-08
2.369855200967663222e-09
1.145889250153686589e-08
5.242924672188564728e-08
1.545253369705790192e-09
2.170710722282365168e-09
1.580001351975113266e-09
3.983338459079277527e-08
2.237067642241186149e-09
4.234535566638442106e-08
1.313300046490439854e-08
2.534522314245890584e-10
6.788156148296309311e-10
2.768041351686179041e-10
2.413230504316743463e-08
5.729544838573019661e-08
1.790558101788519707e-08
1.174097441491994687e-08
1.198702581639565778e-09
2.758187234164211077e-09
3.800389780650448301e-09
6.170441491093470177e-09
2.731658899080002811e-09
2.838656198989042423e-09
3.406746529321935668e-08
7.279039238028417458e-08
6.521031536976806819e-08
7.678458979754054781e-10
2.392341436063816218e-08
9.621787810942805663e-09
1.727947562812914839e-08
1.731496501733431614e-09
2.454653369454717904e-08
6.301680173237400595e-07
5.659737922769636498e-08
3.894682265581650427e-07
1.446678110639254555e-09
5.311203477020853825e-09
1.565095431033114437e-08
1.886496514558189119e-09
5.789715373794024345e-07
5.450021944852778688e-08
3.898576892424898688e-07
1.217811700371385086e-07
2.398857290586420277e-08
2.936887177895641798e-09
1.933478976923197479e-08
8.148359853521469631e-08
4.690599908485637570e-09
3.675479476328291639e-08
1.598084153897616488e-08
5.538002056937330053e-08
5.983338979831387405e-08
3.204145615498532607e-09
2.392994069566611870e-08
1.083633849319198816e-09
1.936136051483572373e-08
2.427499978807645675e-08
4.083139870658669679e-08
7.025062132015591487e-08
1.073089634928692249e-07
2.501266749277419876e-09
5.297899008382955799e-09
2.979764213151270269e-09
1.774644875496278473e-09
1.085419487623084933e-08
2.025544842965132375e-09
1.208004505315329880e-06
4.306405898546472599e-09
1.594470155907856679e-08
6.634897431467834394e-07
2.474930909102113219e-07
4.482833162455790443e-07
1.084823892938402423e-07
6.505530336653464474e-07
6.363354287941547227e-08
1.304926087186686345e-07
2.516892152470973087e-07
2.830608707427018089e-07
1.460089578131373855e-07
1.336627093451170367e-07
3.146839944179191662e-08
5.171571615392167587e-09
6.482163694698783729e-09
1.718900355385244438e-09
5.755382659344832064e-08
2.271936523356998805e-07
4.746249260279000737e-07
6.719781175945627183e-09
7.025744963584656944e-08
4.578598478133244498e-08
3.487541988533848780e-08
2.368346940784249455e-08
1.067604031845803547e-07
2.846616986573735630e-08
5.282370096892918809e-09
1.442276840180056752e-07
9.663560263106774073e-08
2.755738215398650937e-08
1.576843211559264546e-09
1.477479543154913699e-07
3.123892033940478541e-09
1.175602726277702459e-09
5.598087771119253375e-09
4.811958476125255402e-08
1.393875570521174723e-09
3.670902470886971969e-09
2.115188024731651240e-08
2.149874767098935990e-08
6.134676766578195384e-08
6.727244983295577185e-09
5.545718195776316861e-08
3.540853299455193337e-07
5.537502900665458583e-09
2.259762155176758824e-09
3.699785811051015116e-09
2.472182458745919575e-09
3.336180043334024958e-08
3.982925989021168789e-09
1.101677771231379666e-08
3.315125809422170278e-07
2.115653074952206225e-07
1.231204205254243789e-08
6.193410673205335115e-09
2.496329143397701955e-09
1.330690579948168306e-08
1.845641639519612909e-09
3.381557078796504356e-08
1.621105250038112899e-09
6.137927055505087992e-09
3.468648657189987716e-08
7.177496819110729120e-09
5.143940384755296691e-08
2.967674959108990151e-07
1.087867303795064799e-06
2.509237333470082376e-07
2.506920736777829006e-06
3.234093674109317362e-05
2.070705477308365516e-06
2.024299448066813056e-07
2.654951231306768022e-06
2.687170854187570512e-05
3.371227421666844748e-06
6.430450412153732032e-07
1.612247046978154685e-08
5.585292910836869851e-06
2.578039811851340346e-06
4.049537437822436914e-06
3.724093033952158294e-08
3.723503283481477411e-08
5.097747362015070394e-06
1.335354227194329724e-07
8.103509117063367739e-07
7.210940822233169456e-08
5.578350581458835222e-08
3.040897809114539996e-07
6.758548920515750069e-07
2.177099304390139878e-06
2.639833155626547523e-06
3.424590744316446944e-08
1.655022008328899119e-09
6.795608076259895824e-09
2.033333057482877848e-09
4.531213448899507057e-07
1.728749481344493688e-07
1.659387183217120310e-09
2.365614593102804974e-09
3.143568738650515115e-09
6.775805694303471682e-09
4.623201821374323117e-09
6.501356342170083735e-09
2.661869835662855621e-08
3.816707305759337032e-08
7.555271963610721286e-08
2.939302703452995047e-07
1.051555198472442498e-08
4.702415310475771548e-07
1.450496029065106995e-06
6.716209810520012979e-08
3.420367278295088909e-08
5.840965044967560971e-09
1.083090395148644802e-09
5.081731035971870369e-09
1.729462610455811955e-06
8.424464681411336642e-08
4.502232808789585761e-09
2.875631066601158636e-09
1.555067541403332143e-08
6.126569918052382491e-09
2.052288783360722846e-09
1.349536216110891473e-08
4.169370271256411797e-08
7.328287665586685762e-07
2.943123149634629954e-07
8.498036052628776815e-09
7.708353955138136371e-09
1.094578010452096350e-07
6.788793971423956464e-09
7.954328307135938303e-10
2.877537781387218274e-07
1.858118992004165193e-07
1.830391616053361759e-09
4.024869326713087503e-08
1.074216410268391542e-10
6.934597340801929022e-09
5.325774054654175416e-06
4.358600236287202279e-08
3.587304675534142007e-08
1.248565126843459439e-07
4.527397123865739559e-08
2.849076086164359367e-09
2.149079314506252558e-08
2.909507301751546038e-08
5.058550911485326651e-09
6.694209186974831027e-09
1.301145289289706852e-06
8.628666670063012134e-09
5.574021955112584692e-08
9.339271400676807389e-08
3.418881817651708843e-07
1.220598733198130503e-07
3.798828061007952783e-07
9.001731200442009140e-07
8.603707613019651035e-08
4.545223077911941800e-07
5.218850063215541013e-08
2.981789748446317390e-08
4.015751997599181777e-08
3.368196985320537351e-06
2.921261010868647645e-09
1.951704753366811929e-08
9.375654697052482334e-10
1.491625312155520078e-08
1.424872309030433826e-08
2.133034371354369796e-08
2.761225736946926190e-08
2.847844271514077263e-08
1.317432776204441325e-07
3.921388014305193792e-08
3.419295735440641693e-09
2.832668766217238954e-09
1.350635692176638258e-08
1.747675071328558261e-07
2.202576183663040865e-07
9.165763970031548524e-08
1.319488660556089599e-07
8.588165201217634603e-08
1.267253963987968746e-07
3.047415191304025939e-07
1.000324871824886941e-07
8.056116485022357665e-08
7.946390923052604194e-08
1.388500425747452027e-08
8.635033799109237407e-10
5.410023717900003248e-08
2.050155462063329992e-10
4.442851420094484638e-09
5.267057900937288650e-09
5.221085785933610168e-10
1.144104988526351008e-08
1.068161559203417710e-08
1.080341149872765527e-07
1.717917896826293145e-08
8.317910804578332318e-10
3.875013199206023273e-09
2.433613754959651487e-09
2.683309929807364824e-08
2.404788590482098698e-09
1.431084939440552262e-08
5.373666844832314382e-09
9.723603033862104894e-10
8.141520346782726847e-09
9.546855750386384898e-09
9.053494620658852909e-10
2.444220115194184473e-07
1.053600540146248932e-09
4.180142010312692946e-09
3.079165722397192440e-08
4.686023657995974645e-08
1.047884667926268776e-09
8.032878251462705066e-10
2.991283887254780893e-09
3.059682285311282612e-08
8.583787902693984506e-09
3.262652370494834031e-09
2.513044883301063237e-09
3.922560498637039927e-09
1.222051015936642671e-09
4.278525866929783206e-10
1.409469208013547359e-10
8.631596770669602847e-09
2.014165545460855355e-08
1.096948025747224165e-07
2.374968444129876843e-09
1.042891000224699383e-07
3.268353054863837315e-08
3.227945910566631937e-09
1.314322428669356668e-08
2.192195591721457504e-10
9.252516974811442196e-08
5.102722511196589039e-08
7.428503367989947037e-10
9.933068589873528254e-09
1.335477728403589026e-09
1.290803481879265746e-07
2.319386016580438081e-09
5.894764676384056656e-09
2.224130568606597080e-08
5.873718178506237564e-10
2.088603512362396941e-09
1.785275571819511242e-08
3.017956728967874369e-08
3.728277242487365584e-09
1.070086597110275761e-08
5.475064290827447167e-10
2.810131682906558126e-09
2.645748153895510768e-08
2.117658581823889108e-08
4.518537366493546870e-08
3.334098108709326880e-09
8.127222506093545462e-11
4.508660822466481477e-07
1.940464455785217979e-09
5.036693839777228732e-10
5.116578716268804783e-09
1.936237420396835773e-10
1.097068835775871776e-08
3.594467159473424545e-07
6.435993782361038029e-08
3.174540452732799167e-08
1.168209173840750736e-08
1.747188282941181114e-09
1.612513678139748663e-09
6.921763162637262212e-10
1.126393112116375050e-08
9.776240261771818041e-08
3.247076163503948010e-09
1.289447038033131321e-08
4.940813980169878050e-09
7.687133707356963441e-10
1.097855473197739684e-09
1.361122414778037637e-08
3.017264438298639107e-09
4.577985102116599592e-09
2.542067711885920289e-08
5.225892607541027246e-08
1.817343964205520024e-08
3.173431073477672726e-09
1.328531729072324197e-09
4.113788421022945840e-09
4.454108470941520181e-10
1.984818531752807758e-09
7.665819090618697373e-09
2.125499776184369694e-09
7.285935188505732185e-10
1.758448275879231915e-09
1.550816897122331284e-08
2.616121541620941571e-08
2.333177384628015716e-08
1.081924239088039030e-08
1.083731415718602875e-08
2.420089373345035710e-08
1.165450375095744562e-10
4.995527547180245165e-09
1.563865836828881584e-08
1.295757834363087113e-09
3.081827415485349775e-08
8.707557452858338820e-10
8.246324512128921924e-09
1.840309948875074042e-08
1.003326399739989938e-08
1.473327948531277798e-08
4.565121336508326522e-10
6.841334165841317372e-09
2.999956116855884147e-10
1.863322690587310149e-10
6.152812925819262091e-09
1.840029284494448802e-08
1.428436258166243533e-09
5.089619392606437032e-08
8.816663665811574901e-08
3.107247126266088344e-09
2.991597858326144888e-09
7.640594823499213817e-09
1.762401247162870277e-08
1.139524474780273522e-09
2.688190559041458982e-09
1.436171004343123059e-08
6.409810016094752427e-09
2.963097678332360374e-08
5.395841107258547709e-09
6.075905645275270217e-08
1.946365513205705611e-09
4.153882127155839044e-09
3.156203298715354322e-09
1.771763606939202873e-07
3.749862920177093883e-10
5.796040536409918786e-09
9.758830410433461111e-10
1.069900967820558435e-08
1.754116962793261791e-09
2.542714927500355770e-10
1.459752430044147786e-09
4.403226672167193101e-09
2.895252571022410848e-08
6.366855931361214971e-10
2.508534713285826001e-08
2.006365740214732796e-09
4.636253603251816457e-09
1.700553031724894026e-10
7.533180301777520071e-09
4.544611797996367386e-09
3.170471107871719596e-10
8.609809754034358775e-09
4.703439770992190461e-08
9.720135807356200530e-10
2.192192649630442247e-09
5.491604326834931271e-08
1.083696830050939752e-07
4.381425500188385058e-10
9.499230735343644483e-09
1.181953166451421566e-07
1.478620603734270844e-08
6.841386568368079679e-09
7.158329040635180718e-09
6.756203152491480068e-09
3.536587245278610681e-09
2.505828256005315779e-08
6.541770236623278834e-09
5.267027702871018846e-09
1.579941066864876120e-09
1.241747815683424960e-09
1.367272850494316572e-09
3.320392139016803412e-08
1.073502065018772100e-09
2.698167556047792459e-08
1.817139505533305055e-08
1.620425926773805259e-08
2.569185142409224909e-11
1.830716356288064617e-09
8.757825575855804345e-10
1.329722582044112755e-10
7.697495973957302340e-09
1.311479480570199030e-09
3.400845116630080156e-08
2.130223997198754660e-09
5.869429386962110584e-10
1.086508438774558272e-09
6.597794754981123333e-09
2.373140084444003151e-08
1.087590795201265337e-09
3.950182847489713822e-09
2.614385863353163586e-08
3.782363577897740470e-08
2.904117195612343494e-07
3.418791638676310640e-10
3.126801040309601376e-09
3.489228073139116759e-10
3.659800684729930254e-09
5.063949615191631892e-08
6.962332932403114683e-10
4.616143911562176072e-09
8.892535041660210027e-10
1.397429394422999849e-09
4.364463013217800835e-09
9.634113951051404001e-08
1.047971132095426583e-08
1.102827273946616060e-09
2.074086857817292184e-08
5.045715401053030291e-09
1.007353223059226366e-08
2.789433350969261483e-09
9.659815169982266525e-09
5.339104713897313559e-09
2.206536109383705480e-08
1.384153236472229764e-08
1.771956981144739984e-08
5.425149218751812441e-09
5.802577973668121558e-09
9.254837451955211236e-10
1.199674581897625103e-09
1.001042093662363186e-08
1.396747872917103450e-08
6.536307051163703363e-09
1.734465726599410118e-08
6.460464607727089970e-09
9.865110950357802722e-10
3.983944285579354982e-09
1.933393178887854447e-07
8.320798494665382350e-10
3.187456298903157403e-09
5.474255004855876905e-08
2.113243358081717815e-09
1.102776869821298078e-09
6.981631717195568854e-09
5.229100707992984098e-09
5.212938525289700920e-09
1.498996926585505207e-09
8.596551914763495006e-09
2.095039031146939124e-09
1.549196104733141510e-09
1.447125197451271106e-09
2.652062347507921913e-09
6.064963287144564674e-08
5.147775539171561832e-09
4.197340530698312477e-10
2.042037152705233893e-07
1.934046034435255024e-09
5.703365957288042409e-08
1.342199595910642529e-08
5.973628813826792339e-10
2.374189511655799834e-09
4.214004256652970071e-09
1.028172125216997301e-08
2.660014708499858216e-10
4.813002885128980779e-09
1.711452313202244113e-08
1.638517233004677109e-08
5.964796212509781981e-09
9.825474656111055083e-09
2.566484358368370522e-09
9.679180124066988355e-09
2.426883138895163938e-09
5.354113263855708738e-10
2.559040801486389682e-08
5.260030633280621259e-09
2.219551487048221361e-10
2.337684268383100061e-09
4.041645240704383468e-09
1.793511295034022623e-08
5.948469716798854279e-09
8.975726273341422257e-10
4.730455582802051140e-09
1.747218258962845994e-09
9.051163707418652393e-10
2.551816313811627879e-09
1.174661878877714116e-08
5.180404993865295182e-10
1.235699986779081883e-08
2.083999390833923826e-07
1.127875903783603917e-09
3.678395046335936058e-07
4.680568110870808596e-07
1.959137074791783562e-09
1.690650952568262255e-09
7.758370834665129223e-09
7.180646299786985765e-09
6.422561593666387125e-09
6.564368160155709120e-09
3.425496997166987967e-09
7.799317303103237009e-10
7.576693716870863682e-10
8.066687318120102645e-10
7.083050945766444784e-08
4.947791953924252084e-09
6.834174559600114662e-09
5.313665951689472422e-09
4.377076479045172164e-09
6.056553591982094531e-10
2.442211544106953625e-09
2.296469459039940375e-09
1.671697980043518328e-08
2.635442086784678395e-09
2.346163441302451247e-08
2.300398449506246834e-08
2.410217447845752758e-08
3.037429863184115675e-08
3.454805608260613781e-10
1.300576979446077530e-08
7.120401490645633658e-10
7.628923187619207624e-11
2.270671650705935463e-09
2.638605778315650241e-09
1.061243395383826282e-07
9.844772774769694479e-10
3.095872713743119675e-08
6.397546936653952798e-09
2.611771632299308976e-10
1.785340408844149351e-08
2.537324128581985860e-09
4.653833229895099066e-08
1.086599699107182460e-09
3.702849582509770698e-09
1.776056968161299210e-09
1.247360756906346069e-07
5.832990757070888321e-10
8.002282392283177614e-09
9.738832318362256046e-08
7.469536100757068198e-10
1.457082809963594627e-08
8.817819363571288704e-09
1.376827429844240669e-09
4.900232219995359628e-09
4.037731482497974866e-09
5.557511340015253154e-09
1.710045793856806995e-08
1.548540353724092711e-07
5.454074969435396270e-09
1.232338942003252669e-08
7.664762713410766537e-10
7.290400727555379490e-09
3.807828719004646700e-08
2.612628446918563441e-10
1.463637744336665492e-07
5.196515995287143141e-10
4.477953563508663137e-09
2.332918302982989189e-09
4.528165931105831987e-08
1.100780355756114659e-09
5.006993930578573782e-09
2.937587506579575347e-09
3.272630610950955088e-09
3.617231625341332801e-09
4.060062841482192653e-10
3.811066108028171584e-06
2.525822440091474164e-09
3.270846038461172611e-09
9.678963408532581525e-08
1.243400404860039998e-08
4.614216120302216950e-09
2.283693945059894759e-08
5.698894245398378189e-09
1.416826211908528421e-08
1.219597312029918612e-08
5.004788139473248521e-09
2.985807867617040756e-08
2.628554485184508849e-09
1.436348373573537174e-09
1.495638390913711646e-09
3.192457711520546582e-07
2.427240630709093239e-08
6.034370780838571591e-09
9.147700374967371317e-09
9.809913770197908889e-09
1.375677811665809713e-07
3.050921959513175352e-09
3.316334939995613240e-08
2.353132266819102369e-08
1.046003617055646373e-09
2.564717549446982048e-09
6.812725938942776338e-09
3.955294314295088043e-09
9.059446881565236254e-08
5.262900337754672364e-09
3.641492940520407728e-10
4.617024540465308746e-09
4.614559845350640899e-09
2.107424101893684565e-08
2.939909471422197385e-08
2.362255724364104026e-09
3.908847912015289694e-09
1.360035106756640744e-08
1.078442934954182419e-07
8.177652999208362417e-10
4.739380443652407848e-08
4.215989779510209701e-09
2.286870692813636197e-09
4.782648499457309299e-09
3.216827471064220845e-09
5.913912559663003776e-08
7.053105210985677331e-09
7.654263001199979044e-09
2.453686975822932936e-10
7.771948640211689963e-10
2.821329587732179789e-07
1.372917446396115793e-09
9.511069265499827452e-09
1.326506127163895599e-09
5.581612394500723440e-10
4.045488211090741970e-08
1.512369074418984383e-08
4.220261917708967303e-09
4.666381503426464405e-09
1.721673044130511698e-07
5.934437941057524313e-10
1.417604034159580806e-09
9.904355380285778665e-08
5.262516533655059447e-10
2.200789550599324684e-09
1.555359591121074914e-10
4.037207457230351793e-09
2.616298844237974208e-10
3.640472090449264897e-10
2.767626838817704993e-08
2.164673995608268342e-09
1.762698598195555633e-10
1.370387470167599986e-09
3.449546426281813183e-09
3.449447616432621544e-09
2.744790350561743253e-08
1.680180883312232254e-09
1.091797541263872517e-09
1.719143760681163258e-08
1.862326293178284686e-08
9.905757464290232406e-11
5.802016644906871079e-08
3.740314724609561381e-09
5.078264919688990631e-08
1.244697789282156464e-09
1.926579340505440996e-09
2.461535864028974174e-08
3.456824160252836009e-09
2.804573462356074742e-09
3.405882509355251386e-08
4.286931643004976422e-10
1.466287926632503513e-07
1.377382297107487830e-08
4.596244718158004616e-09
8.273043583528760792e-09
3.681862370541466589e-09
1.877858979426605401e-09
1.991655977917616838e-07
6.628243287565283026e-09
2.045723146437694595e-09
4.016783794469347413e-09
7.057074480343317191e-09
8.522436445446146536e-08
2.419632316730258026e-08
4.486376425916205335e-08
6.359834969771327451e-08
3.387270197663383442e-08
6.188403567364275659e-09
4.580257950692612212e-08
9.942527690043334587e-09
2.475447846705947086e-09
1.686341066786667398e-10
2.105695244836169877e-07
3.051084718208585400e-09
6.165347343767280108e-09
1.100904256645662826e-09
2.886159311543678996e-09
9.870400052847116967e-10
2.223544237622832043e-09
3.513807023125536944e-09
5.372191136387982624e-09
2.230344575693266052e-09
1.669908378243434299e-10
2.400106779987254413e-08
1.356949042019550689e-08
2.139000920831080066e-10
4.798327513100275610e-09
6.220003001544682775e-08
1.890909429036469191e-09
2.757434947042725071e-09
7.839664917241861986e-09
5.748887588197248988e-08
4.304032756863307441e-07
3.292423400580446469e-08
2.506219942688403535e-08
2.703879564691646920e-09
1.034251795317686629e-08
7.770970533726995200e-10
2.879983806991504025e-09
6.444806910366196462e-10
3.199089437799784719e-09
1.413379457915198145e-08
6.974763877565237635e-09
2.074945371077774325e-08
5.054847207475177129e-09
3.628425782054023330e-09
6.784163275597165921e-08
1.857776932290278182e-09
2.134458831903884857e-08
7.122180623042595471e-10
2.771064044893023492e-09
2.243220276199053842e-09
9.679045342991798861e-10
2.265043930194110544e-09
3.039458107423342881e-08
2.087127910499475547e-07
1.132293014904917072e-08
6.083915149446283976e-09
1.803533877797747209e-09
2.586066027987499183e-09
1.342415900662530248e-10
1.910909652735881537e-08
2.482705818707131584e-09
6.361308702018675376e-10
1.794593487147722044e-07
4.989621493756146720e-10
3.403873849450178568e-09
1.488340615196648287e-07
1.515988543587809545e-07
1.417604034159580806e-09
6.833349441848213246e-10
6.895632398418172215e-10
7.054912032344873296e-08
1.102673161113010281e-10
1.019444750838260916e-09
1.894135542857000587e-10
1.330461518733727644e-09
8.268885576256934655e-11
4.136477826932605240e-10
1.305614283353406790e-09
3.224241540422667640e-09
4.171587519863351190e-09
3.737046228025064920e-10
6.045960621037238525e-09
3.069397860877565165e-11
3.359669487057459492e-10
2.094130979735098208e-10
2.807351240363686884e-09
2.408593990921303885e-09
1.083495781983856432e-08
2.206820004513332378e-10
6.337777525011745183e-10
9.719004490094107496e-10
8.668041395765158086e-09
5.944908565425066627e-09
3.580790064461325528e-08
1.202257737809020455e-10
6.559318421750504058e-07
3.409891258243646917e-09
2.795563780466636672e-09
5.673753467050346444e-09
2.116216091252454135e-09
2.122800407677871704e-10
6.779783956467611006e-10
3.760001021646530717e-08
4.186756719093409629e-09
1.107268765565549984e-08
1.369290236752362944e-09
1.565557994354094262e-08
2.941085819330169215e-09
7.839616178451080941e-10
3.855748609282727557e-09
7.902745680077316592e-10
1.115690873021435436e-09
3.214274402196792835e-10
7.562866777277577057e-09
1.224596646309805692e-09
3.320168806553169816e-09
4.316889068434193177e-10
3.590391983721019642e-08
7.714883842879771692e-09
1.230785695582881090e-09
2.454432213028212573e-09
2.794984155229940370e-08
3.295053785379309375e-09
1.116768233444531688e-09
5.958201487743508551e-09
3.105842694139937521e-09
9.360314834339078516e-08
2.383902426572603872e-07
2.630821782645398343e-09
4.425410038422228354e-10
2.798435438933211117e-08
1.831128360052503012e-09
7.372343180378493344e-09
3.698527595297207426e-10
3.240074519794688968e-08
1.165053276075411759e-09
4.506410533622329240e-08
5.415957904375545695e-09
1.208289575060916832e-07
3.014579874616174493e-08
2.687319033967128235e-09
3.448105800885059580e-09
4.045399015772943585e-10
2.517455861827944119e-11
3.454677610648104746e-08
1.161598484067383197e-09
5.324112817284287758e-10
2.865875003976725566e-08
2.367267626368629863e-08
