5.047977538197301328e-07
1.409027163390419446e-06
1.336473474111699034e-06
7.748880307190120220e-06
9.537741789245046675e-06
4.146010178374126554e-05
6.078984711166413035e-07
1.263678714167326689e-04
1.147124385170172900e-05
2.397209755145013332e-04
5.529589998332085088e-06
1.554500954625837039e-06
1.437179435015423223e-06
3.945197875054873293e-07
7.017481493676314130e-06
2.517656639611232094e-06
4.767832251673098654e-06
4.008444193459581584e-06
1.500588382441492286e-06
1.433881493539956864e-06
6.206706075317924842e-06
9.783310815691947937e-06
8.998079465527553111e-06
1.195425647892989218e-04
1.298637926083756611e-05
7.051585707813501358e-04
2.104698680341243744e-03
1.067902543582022190e-03
4.238228430040180683e-04
1.222066202899441123e-04
2.595249388832598925e-04
1.272713270736858249e-04
2.760112471878528595e-02
2.776783730951137841e-05
2.084931766148656607e-04
1.180097024189308286e-05
3.100063986494205892e-05
1.822774174797814339e-05
8.012099564075469971e-02
5.737802013754844666e-03
2.935320953838527203e-04
1.587281120009720325e-03
3.031579963862895966e-02
6.307346373796463013e-02
6.214542780071496964e-03
1.623845659196376801e-02
1.030655912472866476e-04
1.011549159884452820e-01
1.877009490272030234e-04
5.337473936378955841e-03
4.054646124131977558e-04
3.570691347122192383e-01
1.264643742615589872e-05
1.468201389798196033e-06
3.218985148123465478e-05
6.251959234759851824e-07
1.214715757669182494e-05
5.370531539483636152e-07
2.865363967430312186e-06
2.194420267187524587e-05
6.560313340742141008e-05
5.826575488754315302e-06
1.097280801332090050e-05
5.976743341307155788e-05
3.021749762410763651e-06
1.773744952515698969e-05
1.604950230102986097e-04
2.952267641376238316e-05
1.434343867003917694e-04
5.124910239828750491e-05
2.344346285099163651e-05
3.135102102532982826e-03
2.623101636345381849e-06
1.274439273402094841e-03
8.424420229857787490e-05
8.195532245736103505e-06
5.473012606671545655e-06
7.639932300662621856e-05
4.335899837315082550e-03
1.838265598053112626e-04
2.866735216230154037e-03
2.752188884187489748e-04
3.806297027040272951e-04
1.961619826033711433e-03
2.707737621676642448e-05
4.618195816874504089e-05
1.018236624076962471e-03
6.612362085434142500e-06
3.113969432888552547e-05
2.855506409105146304e-07
2.643644620548002422e-06
2.044162974925711751e-04
6.982361810514703393e-06
5.982340098853455856e-06
7.751253178867045790e-06
2.404904535069363192e-06
2.132648205588338897e-06
5.674595016103012313e-08
3.735268592208740301e-06
1.981796913241851144e-06
2.135375325451605022e-06
5.876613067812286317e-05
6.474411202361807227e-05
6.395476702891755849e-06
8.811360203253570944e-06
4.212407020531827584e-06
6.427040943890460767e-07
1.062805222318274900e-05
5.621290256385691464e-05
1.140231688623316586e-06
9.810540859689353965e-07
5.091617640573531389e-05
1.425624068360775709e-04
3.657138950075022876e-05
4.849225297220982611e-05
3.283951809862628579e-05
1.154491837951354682e-05
1.501798833487555385e-04
9.323613630840554833e-05
4.005625844001770020e-03
2.178266644477844238e-02
3.246979089453816414e-03
2.811795275192707777e-04
1.814669114537537098e-03
8.924722787924110889e-04
5.341310315998271108e-05
7.452054414898157120e-04
5.932392355134652462e-07
3.434160134929697961e-06
9.250258699466940016e-06
5.619644412035995629e-07
2.006521754083223641e-06
1.540851371828466654e-06
2.467503691150341183e-06
2.850311375368619338e-06
9.750565513968467712e-04
9.317848707723896950e-06
5.151068307895911857e-06
9.423374285688623786e-05
2.962677899631671607e-05
2.136409875674871728e-06
2.565977774793282151e-05
1.120551751228049397e-04
6.585716164408950135e-06
7.209297564259031788e-06
1.660034649830777198e-05
3.290508402642444707e-06
1.058988891600165516e-05
1.252849597221938893e-05
6.409201887436211109e-06
1.096704945666715503e-04
1.067278863047249615e-04
1.367545628454536200e-04
7.334289421123685315e-06
3.279368456787778996e-06
1.385383620799984783e-05
1.939348840096499771e-05
4.651721155823906884e-06
7.587045547552406788e-05
4.136525676585733891e-04
1.961162488441914320e-04
1.339387199550401419e-05
2.776422434180858545e-06
4.568006988847628236e-05
8.719694596948102117e-05
1.081712835002690554e-04
4.126401836401782930e-05
5.316621536621823907e-05
2.280787564814090729e-03
8.098893449641764164e-04
2.621460240334272385e-03
1.188439346151426435e-04
4.988679429516196251e-04
4.083003441337496042e-04
1.863156649051234126e-05
3.492036557872779667e-05
1.014925801428034902e-04
7.292943075299263000e-03
8.488793537253513932e-05
6.349202885758131742e-05
1.359479483653558418e-05
2.418103103991597891e-04
6.036593185854144394e-05
5.580897050094790757e-05
4.152125329710543156e-04
8.930661351769231260e-06
1.306370359088759869e-05
8.688351226737722754e-05
4.149894812144339085e-05
1.095248881028965116e-04
1.134766989707713947e-05
3.712070974870584905e-05
1.331485964328749105e-05
1.016851365420734510e-05
2.739112096605822444e-05
2.511242346372455359e-04
4.275854735169559717e-06
2.057360325125046074e-05
2.484198375896085054e-05
1.173392320197308436e-06
3.539409817676641978e-06
5.550826926992158405e-07
1.730854419292882085e-04
7.264745818247320130e-06
2.725891135924030095e-06
5.143372109159827232e-04
3.038229420781135559e-03
4.406495281727984548e-05
7.106281700544059277e-04
2.466131001710891724e-03
6.995732546783983707e-04
5.238472367636859417e-04
1.057354602380655706e-04
6.782902055419981480e-04
7.644028664799407125e-05
9.159031469607725739e-05
1.374557723465841264e-05
2.844680784619413316e-05
1.632886778679676354e-05
1.681286107668711338e-06
1.213522118632681668e-04
2.685819345060735941e-04
5.470761680044233799e-04
2.548695920268073678e-05
9.910879452945664525e-05
3.105310024693608284e-04
1.024984976538689807e-05
4.397077136673033237e-04
2.025948924710974097e-05
1.926243203342892230e-05
6.184849553392268717e-06
8.243376214522868395e-05
1.487275876570492983e-04
1.416446048096986488e-05
1.138330844696611166e-05
2.259614702779799700e-04
5.200212035560980439e-05
3.999808177468366921e-05
1.729983159748371691e-05
1.543225698696915060e-05
1.024169068841729313e-05
9.887367923511192203e-06
4.054848977830260992e-05
4.163217818131670356e-05
2.188113467127550393e-05
7.673525033169426024e-06
2.133649977622553706e-04
3.429612479521892965e-05
1.093584614864084870e-05
8.446514584647957236e-06
1.317131227551726624e-05
5.149401113158091903e-05
7.263772567966952920e-05
1.529779910924844444e-05
4.942910891259089112e-05
2.214398409705609083e-05
4.650140181183815002e-05
5.695721483789384365e-05
2.504489020793698728e-05
3.940822807635413483e-06
6.140992354630725458e-06
1.781796527211554348e-05
9.121218317886814475e-05
4.833420916838804260e-07
9.985701581172179431e-06
4.847236778005026281e-05
5.248425804893486202e-05
1.783672632882371545e-04
3.920776769518852234e-03
4.161731339991092682e-04
1.770715316524729133e-04
1.172723947092890739e-03
2.376056276261806488e-03
2.357340650632977486e-03
6.463580648414790630e-04
4.351467359811067581e-03
1.762922503985464573e-03
1.054475578712299466e-04
5.579720891546458006e-05
6.839071284048259258e-05
5.276150768622756004e-04
4.287028059479780495e-05
1.455586334486724809e-05
5.107722699904115871e-06
7.676164386793971062e-05
4.675993113778531551e-04
6.724035301886033267e-06
5.827336735819699243e-06
8.581103611504659057e-05
7.223343345685862005e-06
1.616819281480275095e-05
1.874557892733719200e-05
2.863265990526997484e-06
3.824346233159303665e-03
9.873582712316419929e-06
7.141405262700573076e-07
2.167362708860309795e-06
3.231178425266989507e-06
1.239293051185086370e-04
4.556829298962838948e-05
5.858487929799593985e-05
7.025155355222523212e-06
5.486119189299643040e-04
1.099928515031933784e-03
1.138447085395455360e-03
2.742148062679916620e-04
1.493576099164783955e-03
9.268263727426528931e-02
5.347908427211223170e-06
9.703700925456359982e-05
1.271735964110121131e-04
2.951528585981577635e-04
8.324622176587581635e-04
4.322650784160941839e-05
1.999440719373524189e-04
2.021708496613427997e-05
1.410555159964133054e-05
1.711678305582609028e-05
1.325262128375470638e-03
8.000417437870055437e-06
2.115918505296576768e-06
5.820449132443172857e-06
6.886826668051071465e-06
5.736617458751425147e-05
6.092020043979573529e-07
6.225308425200637430e-06
5.590371074504218996e-06
2.154163317754864693e-03
3.873575769830495119e-05
7.593291957164183259e-05
7.659180482733063400e-06
8.129416528390720487e-05
1.301441670875647105e-06
2.984203320011147298e-07
1.598897506482899189e-05
3.258593096688855439e-06
1.085388475985382684e-06
5.184230303711956367e-06
2.167492993976338767e-06
9.992312698159366846e-06
6.544010830111801624e-04
3.864959944621659815e-05
2.856653554772492498e-05
7.687328616157174110e-05
5.429025986813940108e-05
4.236093081999570131e-05
1.748456816130783409e-05
2.743729237408842891e-05
2.664911698957439512e-05
3.193328666384331882e-05
3.700938075780868530e-03
1.690204589976929128e-05
8.605726761743426323e-04
2.454172645229846239e-04
2.914723195135593414e-02
1.821659388951957226e-04
3.475758130662143230e-04
8.185284677892923355e-04
5.083820360596291721e-05
1.709925272734835744e-04
7.456402090610936284e-05
1.140531276178080589e-05
4.892425204161554575e-05
5.839080549776554108e-04
7.420502697641495615e-06
2.436882596157374792e-06
2.618546659505227581e-07
5.383851657825289294e-06
2.745033953033271246e-06
3.535904397722333670e-06
8.453389455098658800e-06
2.854836930055171251e-05
1.230021152878180146e-04
5.005811999581055716e-06
2.312179822183679789e-05
2.426703758828807622e-06
7.287763310159789398e-06
1.143205827247584239e-05
6.686868800898082554e-06
3.165742782584857196e-06
1.054511267284397036e-05
1.128402163885766640e-05
2.478148871887242422e-06
2.583901550679001957e-05
5.114778468851000071e-05
8.368261042051017284e-04
2.305444468220230192e-05
1.174558860839169938e-06
2.531417067075381055e-07
9.121170478465501219e-06
5.048519142292207107e-06
5.692435820492391940e-07
8.187666026060469449e-06
3.195412148215837078e-07
8.257802619482390583e-06
2.672794107638765126e-05
7.274666586454259232e-06
2.535075964260613546e-06
1.246394504050840624e-06
8.808557322481647134e-05
4.465077381610171869e-06
1.087071268557338044e-05
2.884563218685798347e-05
5.659940507030114532e-05
1.192622585222125053e-05
1.098768825613660738e-05
3.041700983885675669e-05
1.368709399685030803e-05
6.868015589134301990e-06
9.722885442897677422e-05
5.505382887349696830e-07
1.965406227100174874e-05
2.494020918675232679e-05
8.840368536766618490e-05
2.005319402087479830e-05
1.916587279993109405e-06
1.922774572449270636e-05
4.404814535519108176e-05
9.659137504058890045e-06
1.805658598641457502e-06
1.691725265118293464e-05
2.082900755340233445e-05
1.555502785777207464e-05
1.048443482432048768e-05
3.549501741417770972e-07
6.771939752070466056e-06
1.158155191660625860e-05
1.268944033654406667e-04
1.467350375605747104e-04
3.072174513363279402e-05
3.371978164068423212e-05
2.302827124367468059e-05
2.601149026304483414e-05
1.887958774204889778e-06
2.447830956953112036e-05
2.062591083813458681e-04
2.972213678731350228e-06
2.328992559341713786e-05
3.540029501891694963e-05
1.918814086820930243e-05
6.200742063811048865e-06
1.302715281781274825e-05
1.510111360403243452e-05
5.059306204202584922e-06
2.283808680658694357e-05
5.866024366696365178e-05
8.498732495354488492e-05
1.136743685492547229e-05
2.058367135759908706e-05
1.792505827324930578e-06
1.964523471542634070e-05
6.501716416096314788e-05
1.487563858972862363e-04
2.336213510716333985e-04
1.750534920574864373e-06
2.859227834051125683e-06
1.305142068304121494e-04
1.614691245777066797e-05
1.488093062107509468e-06
4.408161912579089403e-04
2.577060968178557232e-06
6.185633992572547868e-06
6.653393211308866739e-05
7.001428457442671061e-05
1.980144006665796041e-04
1.888345104816835374e-05
2.489281541784293950e-06
3.158237404932151549e-06
1.174669819192786235e-06
2.269047108711674809e-04
2.721244527492672205e-04
1.926002732943743467e-05
7.886648745625279844e-06
2.202471296186558902e-05
1.451821731279778760e-06
2.367001343372976407e-06
2.676833537407219410e-04
3.936446773877833039e-06
1.375972260575508699e-06
4.988336968381190673e-06
3.046045094379223883e-06
7.623047713423147798e-05
3.523979103192687035e-05
9.439479981665499508e-06
5.575946943281451240e-06
2.413570109638385475e-05
4.501247531152330339e-06
3.383097282494418323e-05
2.429750384180806577e-05
1.528761117697285954e-06
8.735987648833543062e-06
3.335819201311096549e-05
1.062946612364612520e-04
7.478745537810027599e-04
1.197102610603906214e-04
3.524381027091294527e-04
1.465268906031269580e-05
2.886434344873123337e-07
9.722824870550539345e-06
3.360168193466961384e-05
7.608622922816721257e-07
4.206808807794004679e-05
2.202275936724618077e-05
4.154246562393382192e-05
1.118771760957315564e-04
1.110179815441370010e-02
1.014481676975265145e-04
3.611440888562356122e-07
2.120303861374850385e-06
4.277618756987067172e-07
1.087825808099296410e-06
5.451392280519939959e-05
8.203981997212395072e-05
1.294184676225995645e-05
3.987544187111780047e-05
1.720287109492346644e-04
2.709107939153909683e-04
6.204048986546695232e-06
1.327584504906553775e-05
6.135407602414488792e-06
3.511670365696772933e-05
8.673502634337637573e-06
2.618014696054160595e-05
2.415354720142204314e-05
3.352594649186357856e-05
8.637488463136833161e-06
6.829558988101780415e-04
5.660283022734802216e-06
3.026600752491503954e-04
7.874587026890367270e-06
3.195049794157966971e-05
1.922557203215546906e-06
1.254049828276038170e-03
3.102469690929865465e-06
3.558590378816006705e-06
6.144565759313991293e-06
3.940512556255271193e-07
7.705431926297023892e-06
1.489076112193288282e-05
5.018414594815112650e-05
8.658313163323327899e-06
2.740440831985324621e-04
2.114405560860177502e-06
1.034690285450778902e-05
3.228551122447242960e-06
2.299801735716755502e-06
1.156783037004061043e-05
6.841602271379088052e-07
1.851658817031420767e-05
9.672823216533288360e-05
1.749349212332163006e-05
1.558625626785214990e-05
1.914148015202954412e-05
8.071262709563598037e-05
1.735445152917236555e-06
4.347723461251007393e-06
8.544593001715838909e-04
3.481711246422491968e-05
5.558370685321278870e-05
5.047819286119192839e-05
4.904208708467194811e-06
9.976763976737856865e-06
4.371932300273329020e-05
2.760577899607596919e-06
9.373200737172737718e-05
2.601343567221192643e-06
2.506443524907808751e-05
5.524108473764499649e-06
6.451030003518098965e-06
9.088730621442664415e-06
3.418634150875732303e-05
1.037889342114794999e-05
1.270542561542242765e-04
3.456369483956223121e-07
3.617568381741875783e-06
4.897249709756579250e-06
3.076471330132335424e-06
9.438907727599143982e-05
1.236906791746150702e-05
1.294863031944260001e-04
6.975961923672002740e-07
2.163729959647753276e-06
6.669449703622376546e-06
2.297924220329150558e-05
2.584664325695484877e-04
2.678413920875755139e-06
3.062138785026036203e-05
1.015692214423324913e-05
5.611237065750174224e-05
3.728515366674400866e-05
3.202464085916290060e-06
3.545080107869580388e-05
2.672113339485804318e-07
8.279598660010378808e-06
3.165779169648885727e-03
2.820593635988188908e-06
1.128134135797154158e-05
1.613122913113329560e-05
1.070646612788550556e-05
6.250143997021950781e-06
5.341822397895157337e-04
7.194705540314316750e-05
2.115773213517968543e-06
4.704783714259974658e-05
1.158684244728647172e-05
4.146466835663886741e-06
1.722616580082103610e-04
1.367552067677024752e-05
8.047431947488803416e-06
7.725199975538998842e-05
3.643134550657123327e-05
7.987091521499678493e-06
4.892569631920196116e-05
1.465373588871443644e-05
1.024354219225642737e-06
9.698566145743825473e-07
2.237530679849442095e-05
2.424808008072432131e-05
6.825671880505979061e-04
6.098205267335288227e-05
3.340041757837752812e-06
1.496822164881450590e-06
1.287983923248248175e-05
3.195217286702245474e-04
8.921425433072727174e-06
5.139047061675228179e-06
2.831145866366568953e-05
4.494028871704358608e-06
2.940655576821882278e-06
6.324696732917800546e-05
7.011213710939045995e-06
1.692533805908169597e-05
2.510992999305017292e-06
5.090938066132366657e-05
5.396651886258041486e-06
6.576207852049265057e-06
1.600497853360138834e-05
6.601801487704506144e-06
8.332564175361767411e-05
1.064854586729779840e-05
3.803493484610953601e-07
1.654387800954282284e-03
6.602403300348669291e-05
1.110234807129018009e-04
6.828227196820080280e-05
5.351902927941409871e-06
6.371843028318835422e-06
3.334492794238030910e-05
9.736325409903656691e-06
4.431331490195589140e-06
3.816004664258798584e-06
1.396009611198678613e-05
2.048292299150489271e-05
3.603432196541689336e-05
8.336907740158494562e-06
1.176942078018328175e-05
4.673525472753681242e-05
3.179206260028877296e-06
1.563835394335910678e-05
7.255603559315204620e-04
5.332070031727198511e-06
2.664325620571617037e-06
9.333635716757271439e-06
1.583564517204649746e-05
4.082528448634548113e-06
2.357329140068031847e-05
1.941975096997339278e-05
2.287645111209712923e-05
5.873489044461166486e-06
1.137167691922513768e-05
8.953525139077100903e-06
1.118489017244428396e-04
2.693565420486265793e-06
8.587050615460611880e-06
2.334363962290808558e-04
4.187485501461196691e-06
2.798918867483735085e-04
2.503431460354477167e-04
9.126321856456343085e-06
1.285081089008599520e-05
3.647932317107915878e-05
6.215490429894998670e-06
9.933850378729403019e-06
1.015841917251236737e-04
5.811400478705763817e-05
1.247561158379539847e-06
5.331696684152120724e-07
2.739540468610357493e-05
9.396421773999463767e-06
3.167046088492497802e-05
9.805995068745687604e-05
1.011542281048605219e-05
1.788812915037851781e-05
3.564517328413785435e-06
8.073776371020358056e-06
6.727851996402023360e-06
6.398044661182211712e-06
1.063534182321745902e-05
6.792971544200554490e-05
4.753800749313086271e-05
3.341725823702290654e-05
6.572148413397371769e-05
2.240260528196813539e-06
1.371133548673242331e-04
5.535401896850089543e-07
8.043614911912300158e-07
7.953555723361205310e-06
1.345143755315802991e-05
8.186951745301485062e-04
4.549188815872184932e-06
3.442375964368693531e-05
1.213381983689032495e-04
7.849831717976485379e-07
2.009753552556503564e-05
9.236859114025719464e-06
2.565877366578206420e-05
3.054673243241268210e-06
1.929657628352288157e-05
2.117146868840791285e-05
2.046412118943408132e-04
5.545456929212377872e-07
1.745945046423003078e-04
2.004237285291310400e-05
1.002516728476621211e-05
9.907615094562061131e-06
1.414871774613857269e-03
2.917572237493004650e-05
6.028081770637072623e-06
7.882889804022852331e-06
7.079414353938773274e-05
1.456350037187803537e-05
1.031796709867194295e-04
2.612268690427299589e-05
8.370810974156484008e-05
1.719947249512188137e-06
7.233936048578470945e-05
2.542343099776189774e-05
2.664795829332433641e-06
5.403228569775819778e-04
6.222729280125349760e-05
5.585012559095048346e-07
5.460333795781480148e-06
8.329278898600023240e-06
3.950538484787102789e-06
3.232565404687193222e-06
5.631815383821958676e-06
3.495206783554749563e-06
1.703374982753302902e-05
3.135984297841787338e-05
1.220703416038304567e-04
4.087817069375887513e-05
9.091157153306994587e-06
2.210001730418298393e-05
2.114273593178950250e-05
4.688657099904958159e-06
1.546174826216883957e-05
3.473567630862817168e-06
1.549137232359498739e-05
5.330415660864673555e-05
1.262474779650801793e-05
7.411326805595308542e-05
1.079641788237495348e-05
3.735845666597015224e-06
7.210679541458375752e-06
1.700788270682096481e-04
1.238775672391057014e-03
2.917154961323831230e-05
1.214185340359108523e-05
5.309626430971547961e-06
2.045849978458136320e-04
1.013590917864348739e-06
1.479698948969598860e-05
3.828360058832913637e-05
2.961142854474019259e-06
7.227819878607988358e-05
2.656266951817087829e-05
2.949062582047190517e-05
6.587858661077916622e-04
2.808841827572905459e-06
4.114636453778075520e-07
5.875046554137952626e-06
1.157576480181887746e-05
2.732486564127611928e-06
6.675176791759440675e-06
4.968654820913798176e-07
8.359686034964397550e-06
3.022353666892740875e-05
3.365816155564971268e-05
6.724118520651245490e-06
5.182587119634263217e-05
3.752422708203084767e-05
3.295025817351415753e-05
2.474815300956834108e-05
1.190708917420124635e-05
7.117961649782955647e-05
7.767422175675164908e-06
3.652506711659952998e-05
4.839126290789863560e-07
2.469634182489244267e-06
2.037578633462544531e-05
1.947084911080310121e-06
1.528598659206181765e-05
4.349969094619154930e-05
3.453952558629680425e-06
3.830514469882473350e-05
8.976479875855147839e-06
8.024804287742881570e-07
2.894639692385680974e-06
5.369623540900647640e-04
2.321537067473400384e-05
8.269094905699603260e-06
5.526692984858527780e-05
3.634720769696286879e-06
1.592888656887225807e-05
1.411137077411694918e-06
3.521983671816997230e-05
4.475991772778797895e-06
1.478600779591943137e-06
7.675083907088264823e-06
4.500118848227430135e-06
2.345798748137895018e-06
2.363641578995157033e-05
4.829265526495873928e-05
7.519804057665169239e-06
5.711206904379650950e-05
5.578904165304265916e-06
1.290381442231591791e-05
2.345003740629181266e-04
2.256617008242756128e-04
6.617449344048509374e-07
1.365320986224105582e-05
2.156925183953717351e-04
4.684391024056822062e-05
9.385454973198648077e-07
5.939698439760832116e-06
1.252014772035181522e-05
1.759407859935890883e-05
4.801692557521164417e-05
1.628925383556634188e-05
3.042327421098889317e-07
3.955264037358574569e-05
8.556551620131358504e-06
9.213447810907382518e-06
9.041674275067634881e-06
2.246510848635807633e-05
1.509455614723265171e-06
5.553162191063165665e-04
5.829312431160360575e-05
8.115051969070918858e-06
4.608369781635701656e-04
1.198883182951249182e-05
8.871220779838040471e-05
3.618094342527911067e-05
1.045121280185412616e-05
2.612184107420034707e-05
1.907693149405531585e-05
7.784616173012182117e-05
1.012438908219337463e-03
9.056430826603900641e-06
1.084916038962546736e-05
2.301980657648527995e-06
2.911376759584527463e-05
1.628487370908260345e-05
5.416647582023870200e-06
6.502376891148742288e-06
2.128231017195503227e-06
3.198608965249150060e-06
3.244544495828449726e-05
1.904750824905931950e-04
8.590597644797526300e-06
1.300942967645823956e-04
1.240384904122038279e-06
3.971134719904512167e-05
3.003681922564283013e-05
1.290511136176064610e-06
6.030594704498071223e-06
6.643109372816979885e-05
1.864421278696681838e-06
3.444507092353887856e-05
3.546319476299686357e-06
5.360016803024336696e-05
1.190346083603799343e-03
1.537955540698021650e-05
3.569048421923071146e-04
1.279673051612917334e-05
1.975589548237621784e-04
1.068353185473824851e-06
1.282462289964314550e-05
6.632505460402171593e-07
9.773863894224632531e-06
3.471881655059405603e-06
1.500848156865686178e-05
1.351811079075559974e-04
5.718360171158565208e-06
6.457392009906470776e-05
3.075188215007074177e-05
1.740061452437657863e-05
9.530659554002340883e-06
1.367945287711336277e-06
4.312585515435785055e-04
1.956641426659189165e-06
2.450722677167505026e-04
2.305997477378696203e-04
2.388802204222884029e-05
4.572387115331366658e-05
1.123558104154653847e-05
7.607436600665096194e-06
5.064010110800154507e-05
6.117350608292326797e-07
2.517733491913531907e-06
2.262034977320581675e-04
1.809314708225429058e-04
4.759858711622655392e-06
2.371742157265543938e-04
4.733280434265907388e-07
2.777702866296749562e-05
2.945678352261893451e-05
2.139179559890180826e-05
2.297625087521737441e-06
7.138678483897820115e-06
3.933093921659747139e-07
2.060287952190265059e-04
1.709168600427801721e-06
2.159191899409051985e-05
1.045734848048596177e-06
1.456483369111083448e-05
2.415406470390735194e-06
5.793562195322010666e-06
4.421541689225705341e-06
1.492761566623812541e-05
1.463873559259809554e-05
9.653276720200665295e-07
1.686317955318372697e-05
2.913987486863334198e-07
2.016148755501490086e-06
1.152037498286517803e-06
1.500091093475930393e-05
1.142625933425733820e-05
1.656713357078842819e-05
1.894125603030261118e-07
4.010944394394755363e-06
1.866933530436654110e-06
3.544446371961385012e-06
5.336470621841726825e-06
2.302208122273441404e-05
3.316531092423247173e-06
9.878287528408691287e-05
3.839542841888032854e-06
5.045087618782417849e-06
6.195434252731502056e-06
2.069218680844642222e-06
8.955475436778215226e-07
2.963459337479434907e-06
4.748270384880015627e-06
6.463109457399696112e-05
2.597055299702333286e-06
2.499005404388299212e-06
1.456551399314776063e-05
9.228577368958212901e-07
3.899869170709280297e-06
1.731090378598310053e-05
1.969101049326127395e-06
5.086543296783929691e-06
1.676857692700650659e-07
4.745649221149506047e-06
3.931200183160399320e-07
2.605001827760133892e-05
1.282876928598852828e-05
8.792112348601222038e-04
2.105245584971271455e-05
2.437476359773427248e-05
1.100295594369526953e-05
2.039052014879416674e-05
1.879638330137822777e-05
3.297890998510411009e-06
7.293328962987288833e-05
1.657894927120651118e-06
1.663211151026189327e-04
1.086514239432290196e-04
7.158128028095234185e-06
9.074989293367252685e-07
3.065719738515326753e-06
3.166956730638048612e-06
1.868197250587400049e-05
1.833801434258930385e-06
1.852801688073668629e-05
7.804072083672508597e-06
2.470622348482720554e-05
9.485412192589137703e-06
1.423700246959924698e-03
1.483371124777477235e-05
4.834958417632151395e-06
4.902506589132826775e-06
2.400386165390955284e-06
3.493926897135679610e-06
1.314271794399246573e-04
3.650156213552691042e-05
2.842947424142039381e-07
9.059441799763590097e-05
2.836594285327009857e-05
