2.299579016096231499e-08
1.694928919437899140e-10
1.233241841980259323e-09
4.660166474934612779e-09
6.192595325416050400e-10
1.736879795544155058e-08
4.884219695355795920e-10
6.633178895043556622e-09
9.940535061758737356e-10
6.728191124238946941e-07
1.148238309989224604e-10
1.115931902440081558e-09
2.572114743415454541e-10
6.004836905493249333e-11
1.348915146248685915e-10
1.088408918548111615e-09
4.544923604132833361e-10
1.498960622292599965e-09
2.389993802864864847e-08
9.215433277587337102e-11
5.382211343274434512e-10
3.520776203913555946e-07
2.092612838566765276e-08
2.717937377383350395e-07
1.165689544890824436e-09
2.730514481186219200e-09
1.503321134244117729e-09
2.524569997497394525e-10
1.819527861712799677e-10
3.845297136262360027e-10
9.850219251372749341e-11
2.717226964266128419e-11
1.566982238410119521e-10
7.447733985088689224e-09
6.893035031652061662e-09
2.064550752578497850e-09
3.040194096470827390e-09
3.058221731411236988e-10
3.814188964668119297e-09
2.331599269211892533e-08
3.033224782456045432e-10
3.236763523872809856e-09
5.216352239045818351e-09
3.607045684361764870e-08
1.265966775854110438e-09
3.577540041987958830e-09
4.796522207195508258e-11
5.458605123465076758e-09
1.132804996473169012e-07
1.092861179330384402e-08
1.243791736271759873e-09
1.075188606591837015e-06
8.393856720800840776e-10
2.042939817314959328e-09
3.878956267300281979e-09
3.105943557901724716e-10
3.350112409705729988e-09
3.327032399580431843e-11
6.241188676980868877e-10
9.348640750417303025e-10
1.259379933671311846e-09
4.512999307593190679e-09
7.996487916273053997e-09
2.598434001299665397e-08
2.829263046066898823e-09
1.978952557379898280e-09
2.683029798333791405e-08
4.591605318182701012e-08
2.859546599509599218e-09
2.215739591804322117e-08
4.220501031992895946e-11
5.597938224077836367e-10
2.281420052874238991e-10
1.351233458457556935e-09
9.566248904135932207e-10
3.496663028568214315e-11
1.101656765811753758e-09
1.985071967913754065e-10
8.701965814594814219e-10
4.031389666536711047e-10
1.542092718409548979e-06
1.533070892456578349e-09
6.035262600789792486e-08
2.280209940863642260e-07
1.837858931708069576e-08
1.351514988812141382e-08
7.795982526204170426e-08
2.036218660350641585e-08
1.856148457157758003e-09
4.157979516250520646e-10
2.440171675832658593e-10
8.084759173243583064e-08
9.958829316758510686e-10
5.418556270342378411e-08
3.000500958805218943e-10
8.241209104031810284e-11
5.459560026288556855e-10
2.785027541918339011e-09
4.053419822014348028e-09
1.482150082665611990e-07
8.607580426200911461e-09
3.952800631523132324e-01
1.148066619549581446e-08
3.591458241913869642e-10
1.292722817680669323e-08
1.666663473898211123e-10
8.818697772028372128e-09
1.103568458837855815e-09
2.424560274771891955e-10
1.061476240238334867e-08
3.620178601337897817e-10
1.042486652558238802e-09
2.255943210016653211e-09
1.093277579578000314e-09
6.827659548847009319e-10
8.690272390587949758e-10
3.566331119309040787e-10
2.242971919308445194e-10
1.235758828599387016e-09
5.667794011898763529e-10
2.347121164092413892e-09
4.278454257544694883e-10
2.886885730468691236e-10
1.387946868547373924e-09
3.002037729515905085e-08
3.211340637854220859e-10
2.010089650283930496e-09
1.238473572584553040e-07
2.342141698363775504e-07
4.208605686173427785e-10
9.768555964129177482e-10
1.226530343956255820e-07
7.465710716303419758e-09
1.159534335215539613e-08
7.793023826252465369e-08
1.819873318709142040e-08
2.209119571716655628e-07
6.438058619551156880e-08
3.057621597690740600e-06
3.127401809743801664e-11
4.424761945731603419e-10
9.198035111346314352e-10
5.210303855029962961e-10
2.359941797536180275e-09
5.409745096329743319e-09
1.759016932112444920e-08
3.236468870682074339e-08
1.053962694896881658e-09
4.259062436062777124e-09
2.393091058650043124e-08
3.264438719341455908e-10
6.911805572329399183e-10
1.691738860110092446e-09
1.105890490293859330e-09
2.998481463123425783e-10
1.031287055752727611e-09
2.051385505907887818e-09
1.438624774863228595e-09
9.347214113830659699e-10
3.000011616904885159e-08
4.253469132464715585e-09
3.509408319501972073e-09
3.390740799247282666e-09
3.510372437176556559e-09
1.175097175121209148e-08
8.671749540667406109e-09
1.111263792097361147e-08
2.607574067781115446e-08
3.920123781142592634e-09
1.582406383704437758e-08
1.306664376699018248e-08
2.621871386665475256e-09
2.057098527075140737e-07
7.866119311472630216e-09
1.751924272319627107e-09
3.910221479941355938e-09
4.548249776803459099e-08
7.459025397338336916e-08
1.007457939294909011e-07
5.544332992712952546e-09
2.229432105593787128e-08
1.006606993314562715e-07
1.582773911934509670e-09
5.239998657202704635e-08
1.322770604161860319e-08
1.299024998679954024e-09
9.469819595153694536e-09
7.799677570474727872e-10
8.870623346979300550e-09
1.334857557822033414e-08
5.124980884119167968e-09
1.203475541444731789e-08
4.260224173435744888e-09
1.015404871296254896e-09
4.527250130337279188e-09
8.707782050976220489e-09
9.924129296123851418e-10
2.345315408547321567e-07
5.268590186346955306e-08
7.184622230482773375e-09
3.887889121756415989e-09
4.707359502198471546e-10
3.494406319859422183e-09
2.022570377846477641e-08
1.295416690583195418e-10
8.902297565782646416e-08
9.651738963611933286e-08
4.776399364914141188e-08
7.928181844363280106e-08
1.521047749974968610e-07
5.376840306325902930e-08
2.317328693379749893e-07
2.291343648153087997e-08
5.723919560551848917e-09
5.708135120130464202e-08
1.606856692148994625e-08
2.294571110894594312e-08
9.652769961121521192e-08
6.631888371799732340e-09
1.733198806697089367e-09
3.013069260759948520e-08
4.315314683367432735e-08
2.094201967395292741e-08
1.753462042231035412e-09
2.322633108065019769e-08
8.363050696402751782e-09
4.089119087780090922e-08
1.618082379195584508e-08
2.673665733254892984e-08
1.754510137175202544e-08
2.479999983151515153e-09
2.380471819662943744e-08
3.772393952772290504e-08
1.831898899240513856e-08
9.425652258698846708e-09
2.799316112245264776e-09
1.351968204055253864e-09
1.285665018890824740e-09
6.361438664725937997e-08
2.749705352300679806e-09
1.948068195645191736e-08
3.111293001012427339e-09
5.391893154182980652e-09
1.382863512588983212e-08
5.342856379542126888e-09
2.057682912948166631e-09
1.074878497320241877e-07
4.525998242854711862e-09
4.615283710762696501e-09
1.380520675553498222e-08
3.201637710503746348e-08
3.631764666778281025e-09
5.078467868457892109e-09
1.153551254517992675e-09
7.747697594595592818e-09
5.096810795635065006e-08
1.281267145714082289e-07
9.855566140970495326e-09
4.228750682955251250e-08
2.214525895993801896e-09
6.237954597310135796e-09
1.567108443012443786e-09
3.123261871351701302e-09
1.328981036330389998e-09
1.057736676024489952e-09
4.868510594668862268e-10
5.832147542683685515e-10
5.161692939736894914e-08
4.595556646336262929e-08
1.238525015878622071e-08
4.246246465555714167e-09
1.243362923730728653e-08
3.761214628639208968e-08
5.135578184933820012e-09
5.506603173444091226e-09
5.754704446303549048e-08
8.188278854959207820e-08
6.256327900189262436e-09
1.645504399405695040e-09
7.891783893043680109e-10
5.713698847387149726e-09
3.194632058889368409e-10
3.721018160263156460e-09
5.154003890339708960e-10
4.815867149510211220e-10
3.262691228300695911e-09
4.866658542823643074e-08
4.725461355548077336e-09
2.246570751651688624e-08
6.696478094259106228e-11
3.142299087599553786e-09
1.461703647009926499e-07
5.902710764615903827e-09
7.074027763565027271e-08
3.624550686254224274e-07
1.066258406012821069e-07
1.408530625468529252e-08
2.095792339673607785e-08
9.353640528786399955e-09
7.864394468981572572e-09
7.584736727572760628e-10
2.889651296023032501e-10
5.286633353307479410e-10
1.379842629045668900e-10
8.391355665882116455e-11
5.499431465771920102e-10
7.696523279809852625e-11
9.550856633344650959e-11
1.079995884389894911e-10
2.408552524091334135e-10
3.683506277774029058e-10
3.315030472350599666e-10
1.793541010153276716e-10
1.972067370514807294e-10
8.213139612855968608e-10
5.731247143536677413e-10
3.605828829966739590e-11
1.520695930290472120e-10
3.890587296773162507e-10
9.185271987455223552e-10
3.883032784202100629e-10
1.638629565370308683e-09
4.096532890685011807e-09
2.805087273571871265e-10
4.483668297750043052e-11
3.817389182536601311e-10
1.232251245486537528e-10
2.026422085688039942e-10
7.056952799899818274e-10
1.175026465016770771e-10
1.333030241745802869e-09
6.358182313981330935e-10
4.673393672049996894e-09
1.842219293779479017e-10
6.383167328039007771e-09
7.534717294532811138e-10
3.561194006351797725e-09
1.525760739973236468e-09
3.236167930853461883e-11
1.608053423751698574e-07
8.316250386997126043e-06
5.614282372334855609e-08
7.029146331660740543e-08
9.899865290208254009e-06
6.930346785338770133e-08
5.273201963973406237e-07
1.903200995911902282e-06
6.074338216421892866e-06
5.000978262614808045e-07
4.103599451354966732e-07
1.818409067766424414e-08
1.942553126355051063e-06
3.605152301133784931e-07
1.752303688817846705e-07
2.822796432155882940e-06
9.301996328758832533e-08
5.578137507455949162e-09
1.714853481438183280e-09
2.079719507719346439e-09
5.922917156730989063e-10
1.008495065235592847e-09
2.530048526239170315e-08
1.924355785831721732e-08
9.360770150124153588e-07
2.669450438474996190e-09
1.759351553332066942e-09
5.407148151448382123e-08
1.506042579535460391e-08
1.226790113939557614e-09
4.474514980756794102e-09
6.083299974868339177e-10
3.306262996716213820e-08
3.007975735158652242e-08
4.030574762836636182e-10
5.581852313696344936e-09
1.934194360231344945e-09
4.464997815922799873e-10
1.122776038808837029e-10
1.220889056519069982e-09
9.959071761711513204e-11
1.796921389463079777e-09
5.340143327536850393e-10
5.415699555477715421e-10
6.994307355512319191e-10
4.590035462825881041e-09
2.417947724461555481e-02
5.804862380027770996e-01
6.326669188538858180e-10
3.956163396878764615e-09
4.386834007163997740e-08
4.333574388226679730e-09
1.122154191790514233e-08
2.390302622501394580e-09
1.108548738915082765e-10
2.672192422892294417e-08
1.718656932325757225e-07
8.797306771946011850e-10
4.176754220264200512e-10
4.582247914441950343e-10
2.528726561479288648e-08
5.966548366487245403e-10
1.889490874873445136e-08
4.412224363647965220e-09
4.694553079609420365e-11
1.710205421723287600e-09
1.237984204038866665e-08
1.284323619676897010e-10
5.062983365888840126e-09
6.252675044393640746e-10
2.643105290189851075e-09
3.668881198848339409e-09
4.168342337962371857e-10
2.419747735515898057e-09
1.486408596207411392e-08
1.525600645813085521e-09
3.347766786010453188e-10
4.095423999928016201e-09
9.156140379218413727e-08
4.410227738560479338e-10
1.092525070411909383e-09
2.676874277796059687e-09
1.873856181333621862e-09
3.570816420328526419e-10
1.646831837565088108e-10
1.481883643572601272e-10
1.354912342321767937e-07
9.786477184192676759e-10
5.608692621450472870e-09
8.718667565688065224e-09
1.474635191733852935e-09
1.112312325579623007e-10
4.683715637554541900e-10
4.567503708585718414e-09
2.013924493837748741e-08
1.002807836769648020e-09
7.199959295434155138e-09
7.027268766890415463e-10
2.125007370068487944e-08
4.955432175712815024e-10
1.948308847588009485e-09
3.237564660807379369e-10
9.222945740461341302e-10
3.885005206427649682e-09
3.637549636503756290e-11
3.296414519127210951e-08
2.222657752293244471e-10
2.602811299823315494e-10
1.998540666292569767e-09
3.889290667302702786e-09
5.343161912918503731e-09
1.138347527351868393e-09
9.522746147183624998e-09
1.604730348603311541e-09
9.757122887421587620e-10
4.178507262420083634e-10
3.383213154073416717e-10
7.045878192002419382e-08
1.082595613155490355e-08
2.831460177432632008e-09
4.234177730655375171e-10
4.479422388570242219e-10
8.898953240965568057e-10
2.249034736223620712e-09
2.492919648489078099e-08
6.872382107836472187e-10
3.646855262218196003e-09
8.658918582149510712e-10
8.088089642477314101e-10
8.535917528362801932e-10
1.066644772507174821e-09
1.199846777488744465e-09
1.828706963635795546e-09
1.534042759487874719e-08
2.099592277815531816e-09
3.429618899986053293e-08
2.457379855158592363e-09
1.771918861637189480e-10
3.082925026376415190e-10
7.865290641007049999e-10
4.258055241734837182e-09
2.896583417566489516e-09
7.149473235656955694e-10
6.894347315267168597e-10
5.693876925505492181e-09
1.860462006675334123e-09
7.702999349490369241e-11
1.089173196078263572e-09
2.789174002870709046e-09
7.583308203606975439e-09
2.434459744904415857e-09
4.472699544066927047e-08
3.058637565445110340e-09
1.543064981346375930e-10
1.971601076844464728e-10
2.680116684139477456e-10
1.010231065468047973e-10
2.220656818152644263e-11
4.115140228577729431e-09
8.087766012465635868e-10
1.281571404554426863e-09
3.093275413590390599e-09
9.402310041650707717e-09
6.519448314534770361e-10
7.157701098492452729e-10
4.938677022892079549e-09
4.203864478746766054e-10
3.256721003985774132e-10
2.073160115800831704e-10
2.027130463488902024e-09
1.941959926199388065e-10
2.853203784347613237e-10
4.271639930664150597e-09
8.861621991762547168e-10
2.633790074924036162e-09
2.592403234302764758e-07
2.531008824746550090e-08
6.917226236247131510e-10
2.469864979204317024e-09
4.689206800634337924e-09
2.603115500932062787e-09
7.394223427992230313e-11
4.090136840328995049e-10
3.029832162937395879e-09
1.067512389596458888e-08
1.054184473048280779e-08
1.975283270283512138e-09
1.340007438344059665e-09
1.512256431190905914e-09
4.865883251881086835e-10
9.363737563106155903e-10
3.298417650121621136e-10
5.472487463187292178e-10
2.193398129790580242e-09
1.331278837168881068e-10
3.870772591341165025e-10
2.656537489986732226e-10
7.256588385740059266e-11
7.834432547149106085e-10
4.696833144635093049e-09
1.011673855799699595e-09
8.864999012647700738e-11
4.081564253244351903e-10
2.130432052993569414e-09
6.864459223265839682e-09
1.246346914562934671e-09
2.138166532716923030e-09
2.900586215659473055e-09
1.084328959954916627e-09
1.266295179824794559e-09
2.046120911591842173e-10
1.335240806810134018e-10
8.238855153663848796e-10
4.872219516727227528e-09
3.456924746458867048e-09
4.278691290160452354e-10
1.369397928385751584e-09
3.128693526477377418e-09
5.068316877299139378e-09
7.749146213598123722e-09
1.600710564098051236e-09
2.990001801705943762e-09
4.138452636137657237e-10
1.010431960324353895e-09
1.629140267134232545e-09
6.369916399906472293e-11
3.932292713670904050e-09
2.606094784418644394e-10
1.679562461331940426e-10
4.881791859645545628e-09
4.127445954460462474e-11
4.804648678913281401e-09
7.141391478171499330e-08
6.926917373029084501e-10
3.215588351146436707e-10
7.676635327413805499e-09
9.827891833680268974e-10
7.270331559006137923e-11
1.581271225070679520e-09
6.964012921883977469e-09
4.198127123711259401e-10
4.297218136883884654e-09
1.114551340108960176e-09
4.363313876876162567e-10
1.107784197706962459e-09
1.841994612394870501e-10
1.203032007346394039e-09
1.030793450595979266e-09
1.172902219792604228e-09
3.562518724464780462e-09
3.154373706681923295e-10
9.726426331013726667e-10
7.876579943832950903e-10
4.817747936702865275e-11
4.425085187165223033e-09
3.793786174099977870e-09
4.113800500249453762e-08
5.057453567047787146e-09
2.886914707289633952e-09
6.017911724498503645e-10
4.421693233780388255e-09
5.314519935240014092e-09
1.813306504949707687e-09
8.564587372639209661e-10
2.169293011888839828e-08
6.254487483481341314e-10
7.297454307497730497e-10
7.627456999337312027e-11
9.931911959526473765e-10
1.124830628640438590e-08
6.228897575510927709e-08
1.074420907798412372e-08
2.051647740586304280e-09
2.149882716295792306e-09
6.032080945850282205e-10
2.051960823479248575e-09
2.455931902289876234e-09
1.195392340669343412e-09
6.165841726080145691e-10
2.142492849799282340e-10
2.853901559518590147e-09
4.865261526987296747e-10
8.076301405424146651e-09
1.208014688280911741e-09
4.460367353242844501e-10
8.167134746273063683e-10
1.869043669833203580e-10
7.387347955578604797e-10
6.689664933112737799e-10
2.032425616693700476e-10
7.323203848885739831e-11
9.157231084522265974e-10
7.126628176479243848e-10
4.246236418037341309e-10
1.003217175998827315e-09
8.423391761880338890e-08
5.278210646331160660e-10
1.920791348197781190e-08
1.070158628380113441e-08
4.961118627022642613e-09
2.458110825998005566e-09
4.786042673288193328e-10
1.481949341020083466e-09
6.577439704003040788e-10
1.131507776364060192e-08
2.202330262601748245e-10
8.038276710919944890e-10
1.127984639026635705e-08
2.267122739540994303e-10
7.126315093586299554e-10
1.260093682731167064e-07
7.047648686864249612e-09
8.610564483646498957e-10
3.030681927640443973e-09
3.117762270576918127e-09
3.312623952922422177e-09
4.543383447241922113e-09
1.598961962834266615e-09
6.371174254837796980e-09
2.673882226744694890e-10
5.087675836179528233e-10
1.663009396857262345e-09
1.135318394851481116e-09
3.249926439075068174e-10
8.972842024945748562e-09
7.311668603904308839e-09
1.468281762839751536e-08
1.599764321014163215e-09
2.339160254383187976e-10
1.510794822578986896e-09
3.786842020514491480e-11
3.802276271613891367e-09
2.823232314597134973e-08
1.456386033993339879e-08
9.228752761991643183e-10
3.802397841035087822e-10
2.728899051174238366e-10
1.587083460208305041e-07
1.884105982341566232e-09
2.999323678309906427e-09
1.105092822806241770e-10
6.714899747350955295e-10
3.002666559837052773e-09
1.138047989179824526e-09
2.935503784495807622e-10
2.414094479874506760e-10
2.665094256393274463e-10
8.006006968486190090e-10
3.836226128428599225e-11
4.335167225200109442e-10
6.991549117429940452e-09
1.024893521162084653e-07
2.903552953625876398e-09
3.525079339539161083e-09
4.531889974401792642e-09
3.561335115698227582e-10
2.685183631001564208e-09
8.048770538948701869e-10
1.719838160774145308e-10
9.722628924180298782e-09
6.391533968752582950e-10
4.112927332045046569e-09
5.225464061453521936e-09
8.891538616495608949e-10
1.639458879765243182e-08
2.368350238146632591e-10
9.000502565470469563e-10
7.810500579630286211e-10
1.662718496220350062e-08
2.406537857879698095e-09
1.000033875153683027e-10
8.251248018176227106e-10
7.390448253374870546e-10
2.735037196721634700e-10
3.076787935540892249e-09
6.414592190751022827e-10
9.904632669588409044e-10
4.809104670044916929e-09
4.965928113165318791e-09
1.009671546370327633e-08
5.660393265216612235e-10
1.357256251832694716e-10
3.205631038394329835e-10
6.477170466645532088e-10
5.458778984390733058e-10
5.131893798804298967e-10
1.767727075829839123e-09
1.132590479735462452e-10
2.465788684347103299e-09
7.178280192476904631e-09
8.808153095785087316e-10
5.378514629228448030e-07
2.306417279385186703e-09
1.685104833448747286e-09
2.950961253134209983e-08
1.081334244368292730e-09
6.753748493792954832e-08
6.047298772848819226e-10
1.782856084986406131e-09
4.610110515557153121e-09
2.146891553422847210e-09
4.907506345741552423e-11
3.461120723358135365e-09
2.028506390638895596e-10
5.991720897213781427e-09
2.247629460327971174e-08
5.838347583164704702e-10
3.661210778993506665e-10
6.408281683079053437e-10
9.181921889478417143e-11
4.455617208520834538e-09
3.474932119829077237e-09
1.399006244184874959e-09
1.755496636945963473e-09
3.237774770514789680e-10
7.847832939056331725e-10
5.140438741335628947e-09
3.110582724730193149e-08
2.224648021353914373e-09
1.266401539190553649e-09
4.154477650786247978e-09
1.135074256808366044e-08
9.432086223171154415e-10
4.890353122455337598e-10
2.430112555629193594e-09
1.726653309219727817e-08
3.901157796804000100e-08
2.109984825748867365e-10
1.767571977673298989e-09
2.689749534212637627e-10
4.406250642130515871e-10
1.986936615239187631e-09
3.520918556709773384e-10
9.343618323498503742e-09
5.112049325517453724e-11
7.870317730862552708e-10
9.319608196278750256e-09
1.061589571804688603e-08
5.411086689832700358e-09
1.124878402231077601e-11
1.948130545770254685e-09
8.999541112331144177e-10
3.952322358280468961e-10
1.796270354681439585e-09
7.034269278172189388e-10
4.046573631732997001e-10
9.524065980315299385e-10
9.816614188196126634e-10
1.445463038152183799e-08
6.385973694289504010e-11
3.934806258598655404e-09
1.214615519273820610e-09
2.919569253023723832e-09
3.003525650413507719e-09
1.169196628403312843e-09
6.944617658710683372e-10
1.323552267784577907e-09
3.734840881008949509e-09
1.742357036427222283e-09
1.070733224306508191e-10
1.828958096083965756e-09
6.212929476445694377e-11
1.294076512614594776e-09
4.584581603239712422e-10
9.414700963272792933e-11
1.191910736775270152e-10
2.951822430929951224e-08
1.694209106339883419e-09
2.470440740864887630e-08
3.410525195590707881e-08
7.588669276303861011e-11
3.954644944847984789e-10
3.316447116930021366e-10
7.272474178421362012e-09
4.864138536397888402e-10
2.062601617280890309e-10
1.368150659430966698e-08
5.352172871564420120e-11
4.234920747414605557e-10
4.716592005848951885e-09
8.769195924962502886e-10
6.142532260611233141e-09
2.068310855918298330e-09
2.726902259553298791e-09
5.050490581304245552e-10
1.754553657917767850e-08
8.745815627264619252e-09
3.031223883009914744e-10
2.418211408894421766e-09
9.863421190914323233e-10
9.777354481599331848e-10
3.542887982987963369e-09
8.034781728838424897e-10
2.290848621910868133e-09
2.707183588412931385e-09
2.791330722118345875e-08
1.396524118568720496e-09
3.255008707014894753e-09
3.469567966263298331e-09
1.301179830548448990e-09
1.252416392816257940e-09
8.223254965855630871e-09
5.219437326786646736e-09
9.083513496932482667e-09
1.050439113470247321e-08
1.015066031229139298e-09
1.920514580699972385e-10
1.119741854793687708e-09
6.233184635107136273e-09
1.226405782484008000e-10
2.234615270602091641e-10
3.474998511165949822e-09
2.736798521141281526e-08
9.100659670302491122e-10
9.685610535825617262e-09
3.430321859898555203e-10
9.444075521614081481e-10
5.209206221934437053e-08
2.289986950065880933e-10
4.530947617098490809e-09
1.419588002704585961e-09
3.105617707443997233e-10
4.895579497343760522e-10
2.944230415025117509e-09
5.977407013801894209e-09
9.420956237349287221e-10
1.127068482986715026e-08
1.258972215367748504e-08
2.788211217463754110e-09
5.784995815716342804e-10
9.473921203095869714e-09
4.929169294953794633e-10
1.167458463235959698e-09
5.445201178844172318e-09
1.549063766148606192e-09
2.621254602264144751e-10
1.598891796739110305e-09
2.141354205065226779e-09
9.276419632442411967e-10
1.781148978308166875e-10
6.751890158085416260e-09
1.132859583918843782e-08
1.686046746662839269e-09
3.030283135529998617e-09
6.794506623997165207e-10
5.519810830634241938e-09
5.024685112431370726e-09
2.543163679646909259e-09
1.163674018256344311e-10
3.391581460121528835e-09
5.540936598436019267e-10
3.788411806482372413e-10
3.052243180423630520e-10
2.521169051306060283e-09
2.848152269585568774e-10
1.648017167177329156e-09
1.366564306160000797e-09
3.639022971846372911e-10
6.873483449076900342e-10
3.648378932297191568e-09
1.365793611540766506e-08
6.428459986551615657e-09
1.513110525763750047e-09
2.200373633298724485e-10
1.533331128733550486e-09
3.997776776287764733e-09
3.729466513391344051e-09
1.596546184146063752e-08
2.294233247823740385e-09
4.581347523568979341e-10
7.054221096147728076e-10
1.107670066780030993e-09
5.229085786595533136e-08
1.538645051368803252e-06
7.432209514490750735e-09
3.507920898204730520e-10
1.577106267802719231e-08
7.891802766835098737e-09
4.896002714360747632e-09
7.366228738092672756e-10
1.507011049284301407e-08
2.671613763549629539e-10
4.482681337236726904e-09
6.926542672758273511e-11
4.655375251960691685e-10
2.453870162621996087e-10
9.215525009764746756e-10
1.061313051331502777e-10
3.615959962011139339e-11
6.270717278766824165e-11
6.791111561987861478e-10
1.081773670641439367e-09
1.723493014971211323e-10
3.057440411957657034e-10
1.255644199726901888e-11
2.682377375773370431e-10
1.817127975867194323e-10
2.236211216199990304e-09
1.408144989500925703e-10
2.033927248845657232e-09
2.564575496410981259e-10
3.846610252544735431e-10
1.252508929905360446e-10
1.617207756599015056e-10
1.019682449587833162e-09
9.272475010035918785e-10
1.380664055306013438e-10
1.312749020598857896e-09
3.422202254910189367e-08
5.510183420653902431e-10
1.619881173642312433e-10
5.650189760508794734e-10
3.220805566694906474e-10
1.785465247872153327e-10
5.103157341146413728e-10
6.815731534715041562e-09
4.144948384521285334e-09
5.252810963973786329e-10
4.063659131414709691e-10
1.944827410227389919e-08
6.445277089817125216e-10
1.084588946431708223e-10
3.976792228854719724e-10
1.164884300131063810e-10
1.359496803327031600e-11
1.817294370543010018e-10
9.393141819913353174e-11
4.148475785115124381e-09
9.701241893145251538e-11
9.153005575690542628e-10
7.241475474817349323e-11
4.998973324177313771e-08
3.793207525859543239e-09
2.644761707415455021e-07
3.525377323398970475e-08
8.296258791062882665e-09
2.228233419998559839e-08
2.342940419453043432e-08
4.338811621096283488e-08
5.600741559419475379e-08
6.015208953158435179e-08
3.169091300492254959e-08
1.378156616604897522e-10
7.814050739796130074e-09
3.630649558772347518e-09
2.295521284167989506e-08
2.091449513574872299e-10
1.449810410614205125e-10
1.988662745588953840e-08
1.519252224024825182e-10
2.873214555165759521e-09
2.069032944973514532e-09
3.854565999716896840e-09
3.393476055713051664e-10
1.769076218849363613e-09
1.121578052654115254e-09
1.477321553977617441e-08
4.177552970219267081e-09
1.161784488057371334e-10
2.435292145719358814e-08
2.761650907956436640e-10
