3.073361654060136061e-08
1.975717506264018652e-10
3.389662439623464252e-10
1.926479198388619807e-09
4.544174203591211381e-10
8.550812680141461897e-08
7.873553475867822726e-10
2.089080686218380833e-09
3.227148825946102306e-10
2.539087518016458489e-07
5.144979928206616648e-11
5.125928501104048962e-11
3.033441831057359650e-10
2.467387925919606317e-11
1.130487231604249132e-10
1.260467397123932187e-09
2.414438093900628246e-10
1.218772305300319658e-10
1.531059057313655103e-09
3.942611861984524069e-11
2.388020892141184959e-10
1.017168926864542300e-07
1.107616753870388493e-08
1.903597564023584710e-07
1.435029872709492338e-10
1.304963914705581374e-09
2.648254726622667476e-09
4.027228273084659804e-10
1.881112210444513266e-10
7.498252019288997872e-10
1.139199568012116970e-10
1.855638732950470882e-11
2.851525404690136156e-10
1.480889189053868904e-08
6.527558049640447280e-09
4.383198248802955277e-09
7.917064337448209699e-09
3.052350872057019160e-10
2.212459326855764630e-09
4.717838564261001011e-09
1.653735308415615890e-11
5.452717721787792016e-10
1.657918469177843690e-09
3.126258718566532480e-08
4.394655750417086892e-10
3.137032411615336969e-09
1.129064550187131033e-11
1.253672499146318842e-09
1.139287597595739499e-08
2.459868753135197039e-08
5.929083335409757183e-10
1.423226478891592706e-07
2.541414301227007400e-10
4.744166726133869361e-10
1.292496554228250716e-09
1.861133747116383574e-10
1.178978858984436329e-10
2.696896525544723033e-11
7.825136094652407337e-10
1.985510422741754155e-09
1.227692503213972941e-09
1.082111067418622952e-09
8.166259668485054135e-09
8.548497021365619730e-08
1.872482613407555618e-09
2.361592255084588032e-09
2.528049058980741393e-08
3.767910428109644272e-08
2.219352701615662227e-09
1.855566478248249496e-09
1.941838703722886805e-11
2.990168945782301080e-10
6.990416578922520330e-11
1.867086707463272433e-09
2.080843553020628178e-10
2.197111936830253853e-11
9.218188989912334819e-10
4.404244677291835330e-11
6.224895043871470079e-10
3.293058603581755506e-10
8.027942755006733933e-08
1.575873598280708165e-10
1.762547330308450455e-09
1.727953247154800920e-08
8.885139290981669546e-10
2.107293450848146676e-09
4.128730246577561047e-09
5.603982167201593256e-09
5.651156875785545708e-09
1.842439978361198882e-09
9.252268395876228624e-11
1.108407143846079634e-08
8.404951179485919965e-10
3.903728007514928322e-09
1.961995704791164030e-10
3.769861645075422985e-10
1.808820176973924276e-10
1.367253255057931938e-10
6.567414667646431781e-11
1.167279783942376525e-08
3.953437133219495081e-09
4.851166605949401855e-01
4.966406841333537159e-09
5.881664044693479809e-10
9.126538635939596134e-09
1.031252638838964231e-09
6.597363988447568772e-09
1.307199148925519694e-08
2.152879263750406835e-10
7.388726075419072004e-09
2.092796352881620692e-10
1.131743587734490575e-09
2.396668863369200153e-09
3.907897339061605635e-10
2.724756531513605751e-10
1.962167789359980929e-10
2.277661809158004758e-10
2.026926543274853998e-10
8.673125551084126528e-10
5.763712285222766241e-10
6.687961850992962809e-10
3.937894177408196583e-10
2.086694012026768519e-10
3.070821374961951733e-10
3.275177018480235347e-09
5.241114833798299344e-11
6.165589150342043467e-10
2.020304146199691786e-09
2.282299504940965562e-08
3.499999623457483722e-09
1.166934215923731699e-09
1.575244112927975948e-08
6.814230513185748350e-09
5.608812858604039775e-10
1.264132443168364262e-08
2.652482322673677118e-08
6.497051341369797228e-09
5.108385270347071128e-09
9.162761216430226341e-08
1.769484558877820746e-11
1.729692500340718198e-10
1.376146002707301363e-10
3.171727880335595273e-10
2.521406139432968985e-10
8.473586832202784080e-10
2.639873208920562320e-09
1.335286103909538724e-09
8.495688874621265541e-11
1.868704080365546361e-09
8.981344556957537861e-09
1.002418703599516903e-09
8.238911219926592366e-10
7.696592807526769775e-10
1.097547164263801278e-09
5.659686053149926011e-10
3.537745874027109494e-09
2.437626323015251728e-09
8.855007282981830485e-10
2.018786693369634122e-09
1.112597303176698915e-07
5.524060320283297187e-09
4.089222738201669927e-09
2.632195572616069512e-09
5.704861916200343330e-09
9.052493865624455793e-09
6.058024126787131536e-08
8.505133486380600516e-09
3.786194469057591050e-08
3.227182787668425590e-08
3.573056517325312598e-09
8.835463205514315632e-08
2.425720513343776474e-09
3.570456286183798511e-08
7.303007087955393217e-09
1.759584811189540687e-09
7.656712597281511989e-09
5.970837602120582233e-09
5.401350122724579705e-08
1.105173623727750964e-07
1.210320466071834744e-08
9.003040091215552820e-09
6.365347360315354308e-08
1.575997554681407564e-09
9.481328788751852699e-08
4.143223719665911631e-08
2.547827282484149691e-09
7.592361406238978816e-09
6.068391344982160263e-10
5.313301087994659611e-08
8.203492996017303085e-09
1.831111084982239845e-08
1.221293217668062425e-07
5.351520115937091759e-09
1.200967547632103560e-09
1.942996652459783036e-09
2.007590715891183208e-08
8.635194226336295742e-10
8.051731015257246327e-07
1.497826076501951320e-07
4.098569483801384195e-09
6.590157752839331806e-09
1.646971586888312800e-10
5.513460354933386043e-09
1.919690717500088795e-08
1.104481284208702618e-09
1.968505927152364166e-07
4.900347221337142400e-07
2.002427912373150320e-08
1.147157675518428732e-07
3.771823742226843024e-07
1.241648988070664927e-07
3.273050879215588793e-07
2.595315962139466137e-08
6.679219843874761864e-09
5.468074348868867673e-08
5.603917774266164997e-09
2.717985303490877413e-08
5.954918336215087038e-08
4.189358637773921146e-09
4.299952838238141339e-09
1.319863116577835171e-07
1.120332626669551246e-07
5.082894105612467683e-08
4.951330012659127533e-09
1.601926271632692078e-07
1.469146226895645668e-08
8.388792593905236572e-08
1.859931728631636361e-07
1.874671369250791031e-07
7.240444688250136096e-08
5.557516669085771355e-10
3.004675974693782337e-08
2.414288147178922372e-08
3.767012302091643505e-08
1.940823324275697814e-08
4.565809508250140425e-09
7.102917365386929305e-09
4.994744173814069654e-09
2.907481011504842172e-08
3.404132087325706379e-09
7.631401288676897821e-09
1.027793139485311258e-08
7.056371043034914692e-09
3.423818739634043595e-08
3.784404256634843478e-08
1.918785574872572397e-09
9.062695198736037128e-07
2.926529685254308788e-09
2.184094682888826355e-09
2.664874543256701145e-09
3.347905952466589952e-09
1.349418909946109579e-09
1.608707655975649686e-08
1.665560134256338642e-09
7.988538719416737877e-09
8.754123115295442403e-08
3.146422784539026907e-07
5.529117785840753641e-08
3.280342752987053245e-08
1.726272347291057940e-09
3.364108636105811456e-08
7.561026804658865785e-10
1.291565698835484000e-08
1.109557334899591297e-09
1.664077320384649283e-09
1.786016334826001639e-09
6.743952063459346391e-10
4.432079379057540791e-07
3.715518630542646861e-07
4.498662065088865347e-08
6.290099552330730148e-09
1.602124939381610602e-07
1.536433913429391396e-08
1.382134495742093350e-08
4.046790280654022354e-08
1.652956598263699561e-07
5.335626269697968382e-07
9.097826492165950185e-09
3.648160218361340412e-09
1.168892316272263088e-09
4.830474242822901942e-09
1.601114241189804943e-10
1.360757617696606303e-09
8.530098849490741486e-10
7.831317816453520209e-10
2.184411540540054375e-09
3.162150719049350300e-08
2.691010747568611805e-09
2.240299856737237860e-08
6.328023521851022792e-11
6.260989504625058544e-09
5.098612518850131892e-07
5.623254750730666274e-09
3.724488806255976669e-08
3.843433376005123137e-07
1.272118623774076696e-07
1.759303813742008060e-08
3.271751225497609994e-08
6.137268471206880349e-09
2.355352801686194653e-09
2.870635951168765132e-10
3.304899409695138957e-11
3.319405583734891252e-10
5.588126142375138272e-11
5.000438951796581932e-11
2.368448770440068074e-09
1.272037891686395028e-10
2.832372704431040944e-11
8.156272879311643464e-11
1.141624780820471585e-10
4.188645541525204408e-10
4.561234723254870005e-11
6.163504429057553580e-11
8.074237112243309866e-11
3.783555690972661978e-10
1.169612046103551961e-10
2.914532113915124789e-12
3.261154540856736617e-11
4.848505624766019650e-11
2.359321904510380818e-10
8.801775974731640417e-11
1.069544314225012727e-10
6.449353273652036478e-10
2.384184238923836574e-10
1.469836058420881386e-11
2.574340740579827980e-10
3.391394109986123340e-11
1.232654395222354538e-10
7.150841030423293887e-11
2.039109159301943919e-11
2.133922344382810365e-10
7.371084853602383191e-10
1.371457081233984354e-08
3.817238192205252290e-11
2.212741989637834195e-09
8.628625036699588691e-10
3.714595298021095005e-10
2.507781315941315370e-09
2.204857303678142699e-11
5.411706638369651046e-07
2.828115611919201910e-06
4.147328809267492034e-07
1.293216087105975021e-06
1.554175833007320762e-04
3.555439320734876674e-07
3.080357146245660260e-06
5.227513247518800199e-05
7.571812602691352367e-05
5.611774440694716759e-07
2.481495471329253633e-07
2.492822304134278966e-08
8.974679076345637441e-06
4.500732586620870279e-07
1.030487766229271074e-07
7.399656897177919745e-05
4.609894688201165991e-07
1.420960127340720192e-09
1.344276134851440929e-09
2.504525919988509486e-09
3.041239482470814437e-10
9.445724202805649838e-10
9.951681700925973928e-10
2.101597562642609773e-09
1.514121095169684850e-07
7.035067528526894876e-10
2.585345626471280411e-08
2.414275854789593723e-07
1.182136415422974096e-07
1.877994204591004745e-09
5.021569293717220717e-08
1.190594733913030723e-09
3.397316561404295499e-08
2.696141052638267865e-07
1.386635806177594077e-09
2.513039909501912916e-08
1.128316551302077642e-09
1.232344226664849884e-10
9.756829372209452345e-11
3.562250494582031024e-09
9.832945568888362686e-10
3.249676971961434901e-09
5.183716123013937249e-09
3.683895966055672488e-10
4.751166682304130973e-10
3.729256903284294822e-09
6.574399769306182861e-02
4.486972391605377197e-01
4.089158178732787974e-10
9.480541907080919373e-10
8.888945757234978373e-08
2.672280396964765714e-09
4.874148196165606350e-09
1.210495481629436654e-09
3.006345172806845767e-11
1.391540749295927526e-08
4.201308101414724661e-08
1.183405873295129140e-10
1.799086296605523216e-10
9.097180231343315882e-10
1.014632111662194802e-08
6.366489002651576357e-10
5.129386249080880589e-09
8.855379207695079913e-10
1.089686813005030785e-10
2.992816550140275922e-10
1.056020781931010788e-08
4.311719037364269980e-10
9.058106265058540885e-09
9.484905305612301163e-09
1.824729922716983310e-09
4.119937102586845867e-08
2.143799027187753836e-10
9.648375431936528912e-09
8.480608215677420958e-09
1.840051888635230171e-09
4.892383165255864697e-10
1.349460809763058933e-08
3.283129785813798662e-07
1.112733585828529215e-10
1.061385646039525454e-09
5.477184483737573828e-09
5.200779806813216055e-09
1.504076863056980073e-09
6.477852976249920403e-11
1.360261348004598858e-10
3.766482450373587199e-07
8.032307041716535423e-10
1.890924039571473259e-08
2.490612338590381114e-08
1.405155658495971238e-09
7.672891211285559621e-10
1.722157277894709182e-10
1.760195655897689448e-09
7.738475638063846418e-09
7.616332564630567958e-10
3.303219919814637251e-09
6.024026832918139007e-10
4.327878500021142827e-09
1.094601520534865813e-09
2.232956930470209045e-09
4.587823454471617879e-10
1.484508183047239527e-09
5.068515385175942356e-09
6.764806770309661488e-11
9.930184674544761947e-09
2.665454079675555477e-09
4.948672027715872446e-11
3.957503214024882254e-09
2.073234472987905974e-09
4.928211083665701153e-08
2.396100817758650692e-10
1.296304930065161898e-07
8.397451622954577033e-10
1.554131823233717569e-09
8.846056526179424395e-11
1.522650616703202786e-10
2.811800641211448237e-07
6.850784828316136554e-09
2.467494208957532464e-09
3.883732779819126790e-10
1.223736889599535971e-09
1.911356184436385774e-09
2.681557642603138447e-09
8.512117233294702601e-08
1.667157939477803552e-10
1.801928206646152830e-08
4.735903891273096633e-10
4.138480391713272866e-10
7.083066910773538893e-10
3.554601279986968621e-09
1.071460142831881512e-09
7.893270925762863044e-09
1.324551419656927465e-07
1.437995056363661206e-09
4.348332804937626861e-09
2.422026357251638728e-09
1.207806299419189600e-09
2.734403814486086048e-10
6.101922300771889240e-10
1.440688235376796911e-09
4.039470091754537862e-09
8.251129779424104527e-10
1.486891276769597425e-09
1.052282971869544781e-08
1.253679604573676443e-09
9.486958441051740465e-11
1.664413717961110706e-09
1.601252574978673238e-09
6.106125738369883038e-08
6.097620630640676609e-09
1.689203799060123856e-08
5.950226089623811276e-09
4.778048512399379888e-10
1.680455663510826980e-09
3.128815873054691110e-09
4.307606701892119361e-11
1.364605563963783297e-11
5.657034396477911287e-09
8.896484104958801709e-10
1.170797903071729706e-09
4.329183234119682311e-09
1.746955113901549339e-08
3.613022103721164058e-10
2.492577533264039857e-10
2.140555954710521291e-09
1.343304689704893917e-09
1.907098090558889680e-10
2.298531226463396138e-10
5.818254766865038619e-10
5.559085969331079014e-10
3.031423168042834959e-10
1.788214798459364374e-09
8.020932251717738382e-10
7.449361572042789703e-09
2.819176643242826685e-07
5.637487276999308961e-08
3.944682080980754790e-10
1.417157946548286418e-08
3.656694058662424140e-09
9.221201580089655181e-09
3.853779795282008536e-11
2.214357863739024879e-10
5.877954567523602236e-09
1.693636697552847181e-08
2.635934848171928024e-08
8.140863982930568454e-09
1.347582601063379570e-09
6.677127184495645906e-10
1.722605880161154346e-08
4.415334764473755058e-09
7.349745256846063057e-10
4.916339557681226324e-10
2.394110465431253942e-09
1.400029259190915809e-10
1.887531242417139765e-10
1.638417873595088281e-10
2.480691763118159088e-10
1.431932794559998001e-09
7.930484713369878591e-09
3.926384106733848967e-09
4.004838405347044272e-10
7.899607079586701275e-10
1.756034206934486974e-09
1.763752344174918107e-08
1.747690769882126460e-09
1.804496441160097220e-09
7.020644066102477154e-10
1.695976026283574356e-09
5.324750085300422597e-10
1.967309370964898108e-10
4.198219272222303289e-10
4.537366871115722233e-10
2.195220893952409824e-09
7.590493567022349453e-09
8.291849429298281393e-10
2.901513251885035061e-09
1.539827376717539664e-09
2.686749045466285679e-09
1.023489382134812331e-08
7.774035304386472944e-10
1.212022593399808557e-09
3.585235219816240715e-09
2.829715128882526187e-08
3.912961898944189443e-10
9.147075458182385432e-11
1.936744631336750899e-08
1.863161847026617579e-10
3.115932789565789562e-10
4.675377418550397124e-09
3.279425897506627052e-10
6.935745311409391434e-09
1.332742982640411356e-07
2.756727623953736384e-10
9.536654799191524035e-10
1.018257478335726773e-08
1.915260838813992450e-09
2.695811456010499541e-11
3.988658292541913397e-08
6.831342602708900813e-09
9.956560020896176866e-10
3.058004738321074001e-09
1.845535169131551356e-09
5.258049551315480130e-10
3.009503979356509262e-09
9.154162150526445885e-11
3.250549274191882887e-10
4.210049642239255263e-09
1.748060807216234025e-09
2.828310696756375364e-09
2.998444548207856997e-10
1.383246628350320862e-09
3.934680636863419068e-10
1.861921207491068486e-11
2.540998744748890203e-09
3.907035139860681738e-09
1.257891710793046514e-07
1.087246470632408091e-08
7.837762439066864317e-09
1.894741585850567844e-10
2.874599935864807776e-08
2.723522385394971934e-08
2.612748017938315570e-09
6.474376146314853031e-09
4.894266112387413159e-07
1.057693377326529571e-09
4.295040156865326253e-10
3.699928557976406296e-11
6.851826883647049726e-10
1.974923780068138512e-09
6.409749886415738729e-08
1.197932242291699367e-08
1.206045152635226714e-09
1.363743873383782557e-08
6.888688508510654174e-10
1.178102726484553386e-09
5.855851359370944920e-10
1.632358026526503636e-09
5.966566130055639405e-10
4.732246816629981367e-10
4.570070100129441926e-09
7.919778166609603431e-10
6.414075048866152429e-09
1.928481818680438664e-10
9.094954650512576677e-11
1.020621365199758657e-09
1.399505927812683126e-10
2.466933046729735679e-10
6.153170750700098779e-10
1.992079418089431897e-10
3.304143070259613069e-11
3.298672723861528766e-10
6.977631250570937027e-10
3.888231958626420237e-10
3.112404778349286971e-10
4.135259530357870972e-07
7.538850099741978283e-10
2.511051633291572216e-08
1.986181707991363510e-08
2.570284429737057508e-09
1.527666437795005550e-09
1.099938251591936478e-09
5.427565619164909094e-10
1.356888157388880245e-09
1.823362572039854967e-09
7.098580057096626206e-10
4.541594655904646061e-09
1.217173632994672516e-07
8.057456923893369094e-10
1.356173506827929032e-10
2.912605907567922259e-07
2.489224604218520653e-09
2.531916898362851498e-10
4.292470823230587484e-09
7.358376130639499024e-09
2.127986320488162164e-08
7.305737792506761252e-09
8.795100758796081664e-10
2.452114733486610021e-09
9.726375954643984301e-11
1.074816347035323361e-10
1.129277293898667267e-08
1.183133369053734896e-09
7.603646046128176295e-10
7.592404926981544122e-09
1.447383990438311230e-09
3.278852300780954465e-09
2.844991131567553566e-09
6.249378237122016344e-10
7.767547494097470917e-09
5.359925281389621432e-10
3.229699618856329835e-09
3.265323655909924128e-08
6.172604649634649832e-09
1.437684554739249165e-10
3.818696470148097433e-10
1.932839222007487479e-09
2.155963407801664289e-08
8.780121518725536589e-09
4.415730892048941314e-09
4.291868943573362571e-11
1.433186902488614578e-09
1.475686128848963108e-09
4.568832423501589801e-09
2.590037073701978443e-10
7.690473813326548225e-10
2.370797724804418749e-10
4.557506871893934886e-10
1.862091557336409409e-11
3.849902341368505176e-10
3.028870265708860643e-09
3.185490413670777343e-06
6.009934216955059583e-10
2.076820271312840305e-09
1.072317257211352626e-08
1.677115113452032347e-10
4.063332781356621126e-09
5.090864951817763995e-10
1.288287393430564975e-10
5.140593373198498739e-08
1.005283079003049806e-09
2.596909132179803237e-09
1.675486238639223302e-08
2.411719046691018775e-09
7.376436883532733191e-08
7.612498409415024980e-10
8.747758961646923126e-09
1.793639348157682889e-09
6.414907716134621296e-07
5.855786966435516661e-09
7.190078393781718091e-11
2.074776045413173620e-10
5.713146067343188861e-10
2.322460418424654449e-10
7.058064133147468056e-10
5.773658773300383018e-10
2.899615436646740818e-09
6.659452100876706027e-09
1.859092080280788650e-08
7.920522016036102286e-09
3.123401759452804072e-09
8.634119114114824356e-11
4.090718042082386319e-10
1.215555323064165805e-09
4.281642540515662176e-10
3.569512463386104173e-10
9.708810422281999308e-10
9.484135005122240614e-11
8.474043688977417332e-09
7.612927532818503096e-08
1.249649828061194512e-09
4.078736310475505888e-06
1.658452930541898240e-09
3.804977166677048217e-10
8.250446370539066265e-08
3.927222547162045885e-09
1.534354687748873403e-08
5.674733460914183070e-10
2.854474712155052885e-10
4.835719380480441032e-09
4.421411237132133465e-09
8.543202256738879896e-11
3.841601259324534112e-09
3.245587132383320750e-10
1.221573331378067451e-08
9.699911984739628679e-09
1.230296281518050705e-10
4.008244777753411370e-11
4.784863616436041411e-09
1.207999256180869452e-10
1.359973522685464786e-10
3.916264201819785740e-09
2.102379381696550809e-09
1.314341191438472833e-09
1.071357377813164646e-10
4.890229998721906668e-09
1.192229071023120923e-08
6.072588831784742069e-08
7.283267766666767784e-09
9.403587908352051272e-10
7.900842757813109074e-10
4.716623980272061090e-09
7.692996795150008893e-10
6.141375741286481116e-10
7.306072191681778349e-09
1.987106479361955280e-08
1.950654215931990620e-08
1.987219278021257196e-09
4.977243617254600849e-10
1.974244656643975304e-10
1.355607737174580052e-09
5.605914621398255804e-10
4.006412146484450432e-10
9.005169943065993721e-09
1.023468879091105066e-10
5.202632769041315441e-10
3.470312703868216886e-09
2.706888047043776169e-08
8.413162944087559936e-10
6.976004496284105016e-11
1.146483352698624003e-08
4.339440196066135513e-10
6.146754771840789999e-10
1.811711114463321337e-09
4.957980692665842071e-10
7.382393307775458879e-11
1.086176482090195350e-09
1.022716134002621402e-09
9.505153109046204918e-09
3.372069637408436904e-11
6.726818657654121125e-09
4.047450152810938562e-10
5.440991213134793725e-09
7.592767303776781773e-09
2.789559694349463825e-09
1.846355512924446884e-09
1.986289605016011706e-10
1.888749379119758487e-09
2.082945149695092368e-09
1.651639797151105427e-10
5.007812831081537297e-09
2.096259971162695024e-10
3.184240204845423250e-09
3.047394558919336305e-10
1.136655769506944580e-10
1.091704782130165086e-10
7.399317603073995997e-09
4.575317902322240116e-10
5.329022201294719707e-08
1.762944989991410694e-08
2.089253596515572298e-11
5.980352324463922287e-10
7.229590259782980866e-10
1.253670056655664666e-09
4.264006647769491565e-10
2.293766010463826888e-10
1.708049035542558158e-09
2.120075122402642620e-11
7.917875244345395913e-10
7.065920293314320588e-09
1.715803193969023255e-10
7.067554719242252759e-08
8.614388313787912921e-09
9.811762069489304849e-09
7.377511934691938222e-10
6.099106220069927531e-10
1.450596265328840673e-08
3.757679445381967298e-10
9.626074382040883393e-10
2.214819438961512788e-09
1.281340478165304830e-09
7.283476488595397313e-09
6.771949112582831276e-10
2.640010343668564019e-08
2.136579979605812696e-08
3.159829731202989933e-08
1.571701879754527909e-09
9.785652288485380268e-09
1.718276632090010025e-09
1.518715486703570150e-09
2.320969416658158480e-09
3.226639400111253053e-09
1.081349787490637482e-09
5.491127552659236244e-09
6.546625996861621388e-08
1.293095741594640913e-09
8.506195053881171475e-11
6.158866194816425832e-10
3.481770960434005246e-08
1.453408504659137179e-10
1.212257794147575396e-10
4.388593488613423688e-09
2.114102137795725866e-08
2.171358509661658331e-10
4.741150405607186258e-08
4.394379027328199072e-10
3.533138503986066326e-10
8.658989827381446958e-07
1.393372528468717064e-09
8.515549931864541122e-10
1.184994324887611583e-09
1.412504890829779924e-09
1.167591023865099942e-09
6.331603241704897300e-09
5.910332223635350601e-09
2.687917444177401194e-09
1.287506656844072950e-09
5.835035921109010815e-08
1.817062234010791144e-08
5.043795381354243546e-10
4.084039328944299996e-09
3.650065250049294718e-10
6.880625513794313974e-10
3.972500106641518869e-09
1.537145188912347749e-09
6.774273919596396354e-10
1.638625013455907720e-09
5.034676675563787285e-09
2.315172720201985612e-09
1.039465180596721439e-10
8.140666096778659266e-08
3.023434658189216862e-08
1.796666149189718453e-09
2.502982265895070668e-10
1.245644698499859260e-09
8.695590913987416570e-09
1.733842069917557183e-09
2.184690650608445139e-09
4.194121439038411836e-10
1.080222666871577530e-08
6.673804286982942813e-10
9.913734277944286077e-10
2.886833549986533853e-10
2.843949520325850244e-09
2.595897663493218488e-10
2.278992328186291161e-09
1.827485895944391814e-08
2.868840720537946254e-10
3.468212939061743327e-10
2.490758488349342770e-09
2.357650608075800847e-08
2.316154379400359176e-08
2.182999558897336101e-09
4.014124588280765238e-09
9.584724125488719437e-10
6.447385403340888388e-10
9.078633400605440329e-10
3.148753435766593611e-08
2.720233482911282863e-10
3.660165573404761119e-11
4.801747333083028479e-10
1.308191110993561779e-09
2.988568059691942835e-09
3.648097845143638551e-05
1.629577717210395349e-08
1.247374981083737566e-10
9.683039081664901460e-08
8.485414149106418336e-09
2.346993710489186924e-09
4.623364746603186859e-10
4.190447810969999409e-08
7.590011397162754747e-10
2.412271049578862403e-09
1.145843836480864297e-10
4.457480495823062938e-10
7.034916399417667776e-11
2.312273483795479478e-09
6.451174039412421735e-10
5.061950164586548340e-11
1.206209611359643219e-11
2.354688222183654034e-09
3.086383149053517627e-09
1.877789035376054017e-10
2.479618177453346561e-10
6.182563575679589363e-12
7.516953726138808634e-10
7.352476266708762864e-11
6.358082060842207284e-09
8.985069632760911418e-11
7.922799638571120795e-10
1.983242181591293729e-10
1.546971994947909934e-09
2.134032395240126334e-10
4.320280244662910718e-10
2.176761687566752812e-10
6.040491440373330079e-10
1.641808911045927744e-10
1.369718005683751016e-09
1.495707024901093973e-08
8.290584330161721027e-10
1.756867568092346232e-10
2.152338529626263153e-09
1.230961110820771864e-09
2.282079802906622490e-10
1.453137499218826179e-09
3.421211980381144713e-09
7.645632393860068987e-08
1.081143508052662128e-09
8.877905632864724339e-10
8.436085607854693080e-08
1.053192089095489337e-09
1.189486426023123045e-10
6.922353801286362796e-10
2.099801443833371195e-10
3.113275609534227328e-11
2.273304045008472940e-10
5.760983010083542410e-11
1.855941511585967874e-09
7.246709343711188467e-10
8.118359873243718994e-10
1.649901881783932822e-10
1.276553263096502633e-07
2.755384542751926347e-08
1.401289750901923981e-07
3.634202627722515899e-08
1.007664494068194472e-07
2.499837137293070555e-07
2.849152380690611608e-08
1.893713061917878804e-07
2.353478123495733598e-07
2.134100611783651402e-07
1.079732303566061091e-08
1.404589500264563640e-10
1.207192497076903237e-07
3.044317020695075371e-09
4.712821777275166824e-08
1.875233579529123062e-10
5.419248938487442047e-10
8.287901032133504486e-09
8.846566812437117733e-10
4.874083359140968241e-09
6.200109314846713460e-09
2.031366852506266696e-09
3.137808901598759803e-10
7.842039018157720420e-09
1.122007042830830414e-09
2.234837204184714210e-08
8.531161554969912686e-09
3.411696480881687421e-10
1.609450350770202931e-08
1.959381545901806021e-10
