1.903993851470886511e-09
4.228616415358210645e-11
8.159056763545891044e-10
1.081466582952828048e-09
1.538307953241613291e-10
1.545196326446784951e-08
2.215988281761838152e-09
1.793549198048083326e-09
1.491863715896712961e-10
3.737765652545022022e-08
4.564809294449467814e-11
4.297838127054198765e-11
5.591353074985150329e-11
5.108795678165911625e-11
7.904918386536508024e-11
2.593045500542956461e-10
2.805387588900032370e-10
4.297329853075737560e-11
2.953825517515440424e-10
6.128435866420423039e-12
3.016396576960289622e-10
1.553358153216777282e-08
4.462013425410304990e-09
6.720815548533209949e-08
9.424495905907548376e-11
1.058951745736003147e-10
4.985362678233684619e-10
1.832767687615088903e-10
6.255369139340771767e-11
3.947547289051556163e-10
2.621159365945313624e-11
4.143141125317884033e-12
9.357577213098267066e-11
1.654064796241527802e-08
3.399899028977415583e-09
4.597797420569094129e-10
3.134129844539756959e-09
2.045294489327886822e-10
6.248325190583159383e-10
3.368361367606098611e-09
9.349905571998107234e-11
5.108749534521450641e-10
1.594023468776128993e-09
2.490629924523091177e-08
6.377106065436066729e-10
7.069053120645207855e-10
2.186546256555121914e-11
1.037856356411737124e-09
3.300492323887738166e-08
2.585862013404494064e-08
2.143985822211647019e-10
3.158349954901495948e-07
1.173958291689203293e-10
9.421781410612339869e-11
2.257497744295733355e-09
7.762824411061686192e-11
3.012353214093543841e-11
9.103865231119279144e-12
5.553292894977523986e-11
2.908025209524822685e-10
3.191636399613173580e-10
9.392338295999280717e-11
1.062677168484071899e-09
1.600287369285524619e-08
1.243811165174690814e-09
2.251190123203627991e-09
7.554235459394931240e-09
1.144044192713522534e-09
4.168208278532148370e-10
3.441202878207150206e-09
1.435331974802833699e-11
3.296010131492721484e-10
3.777948093253158390e-11
6.564745413939476748e-10
1.107688871182510582e-10
2.221835215809875308e-11
2.117948871838137848e-10
1.487261147570251296e-10
5.185846196908983075e-10
2.331327575433306265e-09
8.521101046987666905e-10
2.008080160487146770e-11
1.005345695581638665e-09
1.248343539650420553e-09
4.336938586035898879e-10
4.906724471176460156e-10
3.401066317465506472e-09
6.051757761582621242e-09
2.468443449643586973e-09
2.131943788175050258e-10
9.777557929968594408e-11
8.830832176620617702e-10
2.821884392822937571e-10
4.417165799797118098e-10
1.399392147299893807e-11
1.163046395302735903e-10
2.722181681458213376e-11
9.637195208522797429e-11
8.793581141031125981e-11
5.767656352517747109e-10
1.688885420403352100e-10
3.161032199859619141e-01
7.301929283443087115e-09
7.679017144379685078e-11
7.917628774833929128e-10
7.427744530552615743e-10
1.375479996568174101e-08
1.563732032749953760e-09
2.571850510335593754e-10
3.369730272595461429e-09
6.562614340843708760e-11
1.766002122316479017e-09
3.805709525295242202e-09
2.325264425451223360e-10
3.396954662004958436e-10
9.066509348842899385e-11
2.563103201902450223e-11
2.051651348811134312e-10
1.476878341843956832e-10
7.373705118718376639e-11
2.481945537979868277e-09
1.525681803116185620e-10
1.006634567368713817e-10
3.233227852117437351e-10
2.332243731473226944e-09
3.307207008251822344e-10
1.222187129279461715e-09
2.344780480889596674e-10
9.245832544024779054e-09
4.232556249927910130e-10
3.909035872773358733e-10
1.030365748277972671e-08
2.116831154808096471e-09
9.209110557462096835e-11
3.428787476167372006e-09
1.811537031493060113e-09
9.478183793376615540e-10
1.374207525550730224e-09
5.293590454868990491e-09
9.473312759245011705e-12
3.519380273320216190e-11
2.116566644172479528e-11
2.939443410898689990e-10
6.233620564177755341e-11
1.279974348733503575e-09
1.363207147164757771e-08
3.384480695700631259e-09
3.135066928283691823e-10
2.008491151173075195e-10
5.530322155777867010e-08
1.694080431491329364e-09
1.651717651540707266e-10
2.493112938317665339e-10
3.581062391067035833e-10
2.873438431638675183e-10
2.702081058902905397e-10
2.977191826403213781e-10
1.925305193051229935e-10
8.659120087628480178e-10
3.407613391459562990e-08
2.807610588462239321e-09
7.279439828700162707e-10
5.878295072925254772e-10
4.642123130338404735e-09
2.987688541011834786e-09
3.727895769856104380e-09
2.458735437471659679e-09
1.112941405700951236e-09
1.546549732722724002e-08
4.034885758841255665e-09
1.917781711213706330e-09
1.138043992376935876e-09
4.105467077408775367e-09
5.385273338376350694e-10
3.073280241405740298e-10
1.605248267644299176e-09
2.952683653134613451e-09
2.472010152132497751e-09
1.430204665808787468e-08
7.990205164176700237e-10
1.834517315835171303e-09
9.018983782027589768e-09
1.495340073986994867e-09
3.338383569584379984e-09
2.403075738399707006e-09
5.657491697341754389e-10
2.147404032371014182e-09
3.106270518582476825e-10
7.323628925526293187e-10
2.775986107650396661e-09
5.807410108360500089e-09
4.595940961138467173e-09
6.118736073368324924e-10
6.061123269951451675e-10
1.517170417075774935e-10
2.627208450789453309e-09
2.723149206129704680e-10
7.713521377183951699e-09
4.049148127904800276e-09
4.936293040991301950e-10
1.182417386225154132e-09
2.045856123400469073e-10
4.961650645896042988e-09
1.512632019640136605e-09
3.195864128890946176e-10
6.906750726898280845e-09
1.546794692330877297e-08
3.876272636205158051e-09
1.273577421301297363e-08
2.592588188576883113e-08
1.920746894867875199e-09
1.235752833395054040e-08
1.028898188870641661e-09
1.300713758922711349e-09
1.518057124449967432e-09
2.060629222810916872e-09
1.915694269882806111e-09
1.335555221970707862e-09
3.985146102003511714e-10
1.575496816341726003e-10
2.566838741557830872e-09
5.782309298041354850e-09
8.905293391592294938e-09
1.784139058713662962e-09
4.745732251620893294e-09
4.269806452850133383e-10
4.331575098603934748e-09
1.059480609910679050e-07
1.194764287504312961e-08
7.688037761965915706e-09
1.816817474242782282e-09
2.128236786802517599e-08
5.438455907835759717e-09
6.424723419939937230e-09
1.352881806582217905e-09
5.691378479610875729e-10
4.710902334892352883e-09
1.012399941657804447e-09
4.925884145023928795e-09
7.665909573795204324e-10
1.460767506955562567e-09
2.842147406312278690e-09
1.751781053549450462e-09
5.648610024167055599e-09
6.104459160383157723e-09
4.068546888280621943e-10
1.833447882404470874e-08
5.974248318274533176e-10
5.816086501297945688e-10
3.477366838922080206e-09
5.576860084843815457e-10
8.712713883696210360e-10
5.544839032367576692e-10
7.826191361637313548e-10
1.030807439406089543e-09
7.301995119668447387e-10
1.138824146096339973e-08
1.148987038845916686e-08
9.333930961474834476e-09
1.528317750132401898e-10
2.889692263252641169e-09
2.094963508225688997e-10
1.283369743809714691e-09
1.853279196772916748e-10
3.642502965917060465e-10
4.060234093383741083e-11
9.875675277548623399e-11
1.482447276046627849e-09
3.476083918485528557e-07
4.039113044029818411e-09
5.646487721833182150e-09
3.094598577391138861e-09
1.633257085131845088e-09
2.727839509830687348e-09
3.631516642954579766e-09
1.335296140325681336e-08
5.287981963419952081e-08
1.648837455459073453e-10
1.604978094871256644e-10
1.893234041761004960e-10
1.029065055391242822e-09
8.773912846260500942e-11
2.867738824186005786e-10
4.721890586867338868e-11
4.255860247548426400e-11
9.640546139166872308e-10
5.750816489680232735e-10
1.511016450850277693e-10
6.773029914697303866e-10
2.235458866628459162e-11
2.047930269810649406e-09
2.758643269373806106e-08
8.518289962289316009e-10
1.056488896367113739e-09
2.202813362828237587e-07
6.929528950649910257e-08
1.325271181684684052e-08
1.044855011400613876e-07
9.046790871991561289e-09
1.308170349823001288e-09
7.492643727680103893e-10
1.752758528594799969e-11
3.965682227047295783e-10
1.446532199578243194e-10
3.138990109508021931e-11
2.761711304088976249e-09
1.553164125089878667e-10
1.362186231868012243e-11
6.297940641220023394e-11
8.649145288863735459e-11
6.944778641049254020e-10
5.094238919589599845e-11
1.075927333338277947e-10
2.177461960739535130e-10
4.882321213983686903e-10
1.180782832621574130e-10
9.231299752388011370e-12
1.326266180212698487e-10
8.124392131270141704e-11
1.008119837608845160e-10
7.214869673921597837e-11
5.417950463271203887e-11
6.798449581069121450e-10
2.602393994743934513e-11
1.114178541095078856e-11
9.308730175572321741e-11
3.443490978471963615e-11
1.523494941313430218e-10
2.517228647747060677e-10
1.941074384559371424e-11
5.180821396888468655e-11
4.553078747360217449e-11
5.943901482119429147e-10
6.661829421439335874e-11
5.660548918484664682e-09
3.932089653879700109e-10
5.273100289748811065e-10
2.035259072385997570e-09
5.273640552028169282e-11
4.209015287415240891e-07
2.194786219433808583e-07
1.531597035864251666e-07
9.240853273695393000e-07
3.511850809445604682e-05
2.199297455263149459e-07
5.249280548014212400e-07
4.547401658783201128e-06
2.033822738667367958e-06
6.886404690931158257e-08
4.335520387144242704e-08
1.755873135778074356e-08
1.830684794867920573e-07
2.714911140344611340e-08
4.387429441976564704e-08
5.308091658662306145e-06
7.693318870849452651e-09
4.140736087343555027e-10
7.818805602965994694e-10
7.432520154893040853e-10
4.332085246083750008e-10
1.916961728243293805e-10
1.141430838735857378e-09
2.126693710025051587e-09
4.090948095836210996e-07
2.570747226204872504e-10
1.752724543280237413e-08
2.661004039339331939e-08
1.059884269238864363e-08
4.220415683597877887e-10
5.408908321236083339e-10
2.787249764324428725e-09
1.756101042360569409e-08
3.235772538801029441e-08
1.480791378405399428e-09
6.712433719968657897e-09
6.132405694359022164e-10
6.943758901201135814e-10
8.648536053978972404e-11
5.597000085622028109e-10
2.948382371581459438e-10
1.568502550064465595e-09
4.187412361300602015e-10
2.031825541148890579e-10
8.317103949995185985e-11
1.816196498749533816e-10
4.883216321468353271e-02
6.350104808807373047e-01
1.111385983243451392e-10
8.673848306273157505e-10
2.415506017428015184e-09
1.470913724155309410e-09
3.223891986703364410e-10
1.148563577579864159e-09
5.445217887700692927e-11
6.637670968423492468e-10
2.439244539687024371e-08
1.176733571695010028e-10
1.996437182238963715e-10
1.925738596364467980e-10
4.924588292709586312e-09
1.133744972903194537e-10
1.060947663056310830e-09
2.043941266238746834e-10
2.552443499614920341e-11
2.467825388485778149e-10
1.982042974191244866e-09
1.331210697230744699e-10
5.963444738021905778e-10
9.532173939064136903e-10
7.787328004660309944e-10
1.173830754819249478e-10
2.485406151719882217e-11
6.926351159286525672e-10
3.485122190838296774e-09
2.053033160143158398e-10
2.492954974397942891e-11
5.412985060182506913e-10
4.178590362613476827e-09
1.778084485204445286e-10
1.159764173586097513e-09
6.336597913048080954e-10
2.495020579029727514e-10
3.515383539820504666e-10
3.494512457180576348e-10
4.301136669049299144e-10
8.053261169038705702e-09
6.574945587978220374e-10
3.402214954206783659e-09
4.573711631650212439e-09
1.357164269855104521e-09
2.094775880534527346e-10
2.766132600751092241e-10
7.108035049441241426e-09
4.373607698227033325e-09
6.968037813415151049e-10
2.065713600174490239e-09
1.867654503273641353e-10
7.807494650791113600e-10
2.415901090291328046e-10
3.009978488677234054e-09
1.634562069030565112e-10
2.882908356482971612e-10
1.897130785799561181e-10
3.005087845231457777e-11
1.101522650870379039e-09
1.621403344920224754e-09
1.315041825433738154e-10
5.421840199026917162e-10
8.984365473807542912e-10
1.133992122426263904e-09
4.561815161729931845e-11
3.077176291554906129e-09
8.121979200303997004e-10
3.734598186255766450e-10
6.793079293521131490e-11
5.732962368720784241e-11
1.268125373599104933e-07
2.754046990460778943e-09
2.364816675815006874e-10
2.092938600206650790e-10
3.119052516264986252e-10
2.391825348890819214e-10
5.339890196687235857e-10
8.190272637875750661e-08
4.640862000249157404e-11
6.598250279488127035e-10
1.264388316268849621e-10
9.220081920169320711e-10
1.983452846410216353e-10
1.376526559404567251e-09
1.110060376952048955e-09
1.245061942434233515e-09
1.185500408951156714e-08
2.210756577802897027e-10
1.306312835680500939e-09
2.364032025692353045e-10
1.843751540331339811e-11
5.666098146228648602e-10
6.365925564466579090e-10
3.902615564044253915e-09
4.981361434452935555e-10
7.935558876681625406e-10
2.740317139870995788e-10
4.227811711832174524e-10
5.881547471275894168e-10
3.484520311181071861e-11
6.919129158511339028e-10
4.023647803830243674e-10
4.679020504383402113e-10
1.185460757335832227e-10
2.100126650361744396e-08
1.007353422899370798e-09
2.276700217240801294e-10
2.878144667040061222e-10
1.897130785799561181e-10
4.457390012646555988e-11
1.091439005146410679e-11
2.480694816231476807e-10
1.386076253773182998e-10
1.622127210332280356e-09
2.590020420356609065e-10
3.367121692576802161e-09
6.269248314927367005e-11
1.325439202837230823e-10
1.111085556892987825e-09
3.037017581863921123e-10
1.040795782891734689e-10
2.564863772758219085e-11
3.048607477573739288e-10
5.295695479357043212e-11
1.146341493951652524e-10
9.764031805303829969e-10
1.664773735532421028e-10
8.528954764663865262e-10
9.202079098713511485e-09
4.136366982265826664e-08
9.444997006724520361e-10
5.720709461698447740e-10
1.197617893744507001e-09
6.893126069940080924e-10
4.808303755154952341e-11
2.396327858367186536e-10
2.359469730706109658e-09
1.745903754901689808e-09
4.338760906108518611e-09
2.964052336906775054e-10
8.474405621683445133e-10
9.835898068244475212e-11
3.460664532717316888e-10
1.006832839323124063e-09
5.542470371544538921e-10
3.766946130023818284e-11
1.064117238769313190e-09
6.202949265343704610e-11
2.668635312730316400e-10
1.127013898871709330e-10
2.846397596789618234e-11
1.530838233954057159e-10
8.000468620927847496e-10
5.722007867525746860e-10
2.108344193674227540e-10
4.086192773034014181e-10
1.370838331737900262e-09
1.131967297673952544e-09
1.079910272316908504e-09
6.588591894285400485e-10
7.184165068396808351e-11
4.561936939317945416e-11
9.775058540384407024e-11
8.472219453770080122e-11
2.638405327548554169e-10
4.552186683159931135e-10
4.753801241541566469e-10
1.293497087218042907e-09
9.215506135973328128e-11
3.227349776313559460e-10
4.938666697817950535e-10
4.760687954963316315e-10
6.751660563963923778e-09
1.021085993535564285e-09
2.239616825328027971e-10
1.205310157237349244e-10
2.470076365668205653e-10
6.945189423568365328e-10
2.528974425708430118e-11
2.868822124302283783e-10
5.884386311549860693e-10
1.957160648824451954e-11
5.894473797951604865e-10
8.936116430158236312e-11
8.293884468102419305e-10
5.108605982684366609e-09
6.765550619736160343e-11
3.651098520740525544e-11
5.785979473316160693e-10
7.081978059542137771e-11
4.473479225941545678e-11
1.819699391170104263e-09
4.016172394649686339e-10
1.971447449733432222e-10
1.820306128053061911e-10
1.934806759251728181e-10
3.891650057763484938e-10
8.308403964818467102e-10
4.292259603300152548e-11
3.820748717409117035e-10
1.845012059797923598e-10
1.387172043898488027e-09
1.259488513483120187e-09
1.205475719245896471e-10
1.638198049436212500e-10
2.386907893558998239e-10
1.930179453768499087e-11
8.202185042271992188e-10
3.349174271249921730e-09
4.283477461619611404e-10
2.313909774898093019e-08
9.025965530540247528e-10
3.408136550753226857e-10
3.469198261996098154e-09
3.008709947849297350e-09
2.418750477684028510e-10
6.250649997596724461e-10
2.426608602945634630e-08
1.701514623642097490e-10
1.941482946632433482e-10
1.615931832787964595e-10
9.650203969258086545e-10
7.439625582250641855e-10
1.479840516793728966e-08
7.860299078288335295e-10
1.149470241212924293e-10
2.784226404983769498e-09
1.725434101151890331e-10
1.121064421849560233e-10
2.570448021099736025e-10
1.184366910100820292e-10
1.955885592375139481e-10
1.486778894443929744e-10
1.411017636065992065e-09
1.387306103328711515e-10
7.670677426574457058e-10
7.950933661460268809e-11
2.101755297578833392e-10
1.189710135962585014e-10
1.626032503088126191e-10
2.262583315149058194e-10
2.429758998168107809e-11
5.787742854423960637e-11
6.318141149153078118e-11
1.109287176004336573e-10
3.440072948723837953e-10
2.338380322708388803e-10
2.084310085637142151e-10
1.917859648870035016e-08
1.517509173876163686e-10
1.992603415601479355e-09
1.096186474924820686e-09
2.633228302073575833e-09
2.303327528707654892e-09
2.040929786284451097e-10
9.870440575987515786e-11
1.145775918587332853e-09
7.583972339020306208e-10
2.666432352693703933e-10
1.257557807887721424e-10
4.426012611968843657e-10
2.367118168145054824e-10
2.496662876438904277e-10
6.531626794981093553e-09
6.920553574651933104e-10
1.463563992221139642e-10
2.721598058030849643e-09
1.842400121354614839e-09
1.710199426518954624e-09
3.775385837290201607e-10
2.211697075482632613e-10
9.654935739789038962e-10
3.578240481694194841e-11
8.303825405064912957e-10
1.440901731264432328e-09
1.171200636473912482e-10
3.440249751740509510e-10
3.723168717773006620e-10
4.716069201826655899e-10
6.383117923114411951e-10
1.464885657220804660e-09
3.225995859335029081e-10
9.915845922137123125e-10
7.360553139212910878e-11
1.031625271319391857e-10
9.315430649081690717e-10
3.632001366327131109e-09
1.305266034146157494e-10
6.421743692364145772e-10
1.659970216838502211e-10
2.455043990323702019e-08
1.180328612626624363e-09
7.998348094950813447e-10
2.465279022589861313e-11
2.722084502249089155e-10
4.826766208942956382e-10
3.819131400017994338e-10
8.910436832820778363e-10
5.289267357433402594e-10
8.071367879614044227e-11
4.906274830851486968e-10
2.721003457273329929e-11
4.108857420970224439e-10
9.829582703346773087e-10
6.444732036925415741e-08
4.405243392291424698e-10
5.571916261715159635e-10
7.852656858098328030e-10
1.096700300018405017e-10
3.241724388924893674e-10
5.990177243120342609e-10
2.006320248826298780e-10
1.994512333070019849e-09
2.152751754636028636e-09
8.345154567379609034e-10
4.414976162436801133e-10
2.606383997516559248e-10
3.121976677178395221e-09
1.269291061145594313e-10
4.267713960004471119e-10
2.114659003460417352e-10
1.123902393374009989e-08
1.046050246422680630e-09
8.882976992863333976e-11
2.223735501294399342e-10
1.402971350206172474e-10
7.700151627432205714e-11
6.049722944823088255e-10
1.762464757470993959e-10
1.883000200209039576e-09
2.594267578537312602e-10
1.050432851812388435e-09
8.738894052839896176e-10
3.893700917245723758e-09
8.716417171372725647e-11
2.087815337281639927e-10
4.916307916325024507e-10
2.602264757844974241e-11
1.502973856482014980e-10
5.923043722155796331e-10
1.774747016014543988e-10
5.987744189361876579e-10
9.906625741962216125e-09
7.592670936418244310e-10
2.474956488640600583e-07
3.333164577679070817e-10
5.596925145567865911e-10
6.289711862450531044e-09
5.031454697324022618e-10
2.918423058773100820e-09
3.197449527370110900e-10
1.336716570765617007e-10
1.364140245208034230e-09
1.250078041081792435e-09
2.039202140480256276e-10
1.814119965359850539e-09
6.475143338180444630e-11
3.394812431167792965e-09
1.467682420042137892e-09
1.178404596124948966e-10
2.771693985437195806e-10
1.848865921472153673e-10
5.430779784210137962e-11
7.298305848557617992e-10
1.293509410693616246e-09
5.618991938405315523e-10
4.098291150889110668e-10
9.912966281167001625e-11
6.066802060722409351e-10
4.841028689028803456e-10
4.368407857668898941e-08
1.268979477053733262e-09
1.151737316629208863e-10
5.767623045827008355e-10
4.717097379369761256e-09
2.486322259187545569e-10
1.015704950702023268e-10
9.063557127042543016e-10
1.456355924744912045e-08
3.538533244196173655e-09
1.873745186786734962e-10
1.345827338461447198e-09
7.851693600846587628e-11
3.097295475651407060e-10
3.377488844158449410e-10
1.237223101746565135e-10
3.390307201645015311e-10
5.394018565141323052e-11
2.474867533130975517e-10
2.116879782576575053e-09
2.356218331556192425e-09
1.995855702929816289e-09
4.284922069941465850e-11
1.470870786279832032e-10
1.509616182060469214e-10
2.723636073620472331e-11
7.354943876158870353e-10
2.967457390923300409e-10
3.354805599986576681e-10
9.186724991838701726e-11
7.561338777328785454e-10
3.382764068859955842e-09
2.232267669322052228e-11
7.578882521563912178e-10
3.375286161677593100e-10
7.813856228722215747e-10
5.217249299249715477e-09
8.733478384925774662e-10
8.159146275277251448e-11
1.035682650751823530e-10
3.704496431833348424e-10
1.102125127272479688e-10
9.180559784605080154e-11
6.529667362364932615e-10
2.317996662670740449e-11
8.681577123859085532e-10
7.554659675612640513e-11
1.938325541739338576e-11
7.275396257666599809e-11
2.371209006923891138e-09
1.054766898822556698e-10
6.340083125166984246e-09
1.144821926146732949e-08
6.859272178028064104e-11
4.011647680712826514e-10
4.807590436861630678e-10
1.209729955098381993e-10
2.740087046149142225e-10
7.683206848518864263e-11
4.853603075005707979e-10
1.390399514272777637e-11
1.849966430045313359e-10
2.513933505809973212e-09
2.184154662687731729e-10
5.992897289530674243e-10
4.093994032672298999e-10
1.180288089486225545e-09
5.785041889971864748e-10
1.080076653114936391e-10
1.233267377109825702e-10
1.166489960180427943e-10
1.200481269947317742e-09
2.513094621292566444e-09
4.029459405030522134e-11
6.386783879541724218e-10
3.349498733928868432e-10
1.257783988073413184e-09
2.188822456616890122e-09
6.785627171268515667e-09
3.412039262240540438e-10
1.253375070398021762e-09
3.132706039021826427e-10
9.863424521583397109e-10
6.831683135866128964e-11
2.671865839687370681e-09
8.748449742412844898e-10
3.030574546869502228e-08
1.004565430839932105e-09
3.235314460781069101e-09
3.605734114064951257e-11
1.890654743874620181e-09
1.215610168081582287e-09
9.881478968409851404e-11
4.519197863150914429e-11
6.953393971720345235e-10
5.148172554925167788e-09
1.449622782923043474e-10
4.851615997836233873e-09
1.210660183215139796e-10
5.916698242458551249e-10
2.000680732194837219e-09
1.655114101328791776e-10
2.322728953618735659e-10
6.821505027509999763e-10
3.620083122157780053e-10
8.565374520763668897e-10
1.732515353403130121e-09
8.804157958230973691e-10
9.716041859952895265e-11
2.378736374542000931e-10
2.548661504064853034e-09
2.218097511219596640e-10
5.244811529525605920e-11
1.038301888911519200e-09
1.215737094328872558e-10
4.565438305181857004e-10
4.501512496091208959e-10
1.793667991911718218e-10
1.188229376003491211e-10
6.796556650812135558e-10
5.870242958394555899e-09
8.354674591037891673e-11
1.852526465562220892e-10
9.695318325952939631e-09
9.141197243600629463e-10
1.856198528216168597e-09
6.726503243292825118e-10
3.525018332783957931e-10
2.827187151055454706e-09
7.674101354382401041e-10
2.838905777124978158e-10
1.334156674026587552e-10
1.788683645642663578e-10
9.750870250124776817e-11
6.018625597903337621e-10
1.043073197259936080e-10
3.306626361609943388e-10
4.209048387604497066e-10
4.535691267015806716e-11
1.519783854320166938e-09
5.235958333571488765e-10
2.082219952015407216e-10
3.577130258669569685e-10
6.029647003913396475e-09
1.242492775332948440e-09
1.135457283751861723e-09
1.071606470226527108e-09
4.659934105255558734e-10
5.248436685256763212e-10
2.778876850850764413e-10
2.358907291721834554e-09
4.572061063079502219e-10
3.565949271977508772e-11
4.664511832341844411e-11
2.084306949257097585e-09
2.270283516736526508e-09
3.831202377568843076e-08
3.078726162897282848e-09
1.155640930172729952e-10
1.822940576268194945e-09
1.129627058560345176e-09
5.266627689515246402e-10
2.996138337429954390e-10
1.932730864240284063e-09
3.632870740344351645e-11
1.148556916241716408e-09
1.461869687802153095e-11
1.823934336897536923e-10
3.816521751409673868e-11
6.373495065048473407e-10
1.389461740108899335e-10
3.752876134854865597e-11
4.933768324444365305e-11
1.665714677301366464e-09
3.840834594814879210e-10
1.139605146360800347e-10
6.205115588020504447e-11
7.693438767997218264e-12
5.508605377402275849e-11
5.355432070031085345e-11
8.733311851472080889e-10
1.459797421832220721e-10
5.561648364071913875e-10
2.376945029691768241e-10
1.476574001957331461e-10
5.090353832892802188e-11
9.813055923402203007e-11
2.482299366057816314e-10
3.674742454773394229e-10
1.445966679725074755e-10
1.188003362351253145e-09
1.509559588441788947e-09
1.509826569323635681e-10
5.383722356810949350e-10
1.040046160305507783e-09
9.015591051486637753e-10
2.130358528473763613e-10
1.585590658770286154e-09
4.171344158976353356e-09
7.630988285711737262e-09
3.898581735217732103e-10
6.505401772827212881e-10
1.039344166287037297e-09
2.254647996080549888e-10
1.309919950287508073e-10
3.807152648693801211e-10
3.746010099336949395e-11
1.473995751843926172e-11
1.441101543653289241e-10
1.562153358058981922e-11
5.308602446518762008e-10
1.974507085611421076e-10
5.853546536371823095e-10
1.680620365096530122e-10
4.005907161541699679e-09
6.077642278334849379e-10
1.017063055996914045e-08
4.393699182259069858e-09
5.463877350564416702e-09
5.892813792485185331e-09
9.941922840539518802e-10
8.089790526355500333e-08
3.847517859867366496e-08
9.916771848139660506e-10
7.301479976185021314e-10
2.543022459278176939e-10
2.389533015900724422e-09
7.288484260570271545e-10
8.352208924478077279e-10
5.864662921961638631e-11
3.152021352259559706e-11
9.543816847923380919e-10
1.303144120390342664e-10
7.750579067433704950e-10
1.411475158974440092e-09
4.402715414464353216e-10
5.709369782502804469e-11
6.591633905372873414e-10
6.242119043875504758e-10
1.871403032538410116e-09
5.617609710739657203e-10
5.140994227548212336e-11
2.546348465415348983e-09
2.392359366165663914e-10
