2.019003773057193030e-07
4.915677109806892986e-08
1.909105833419744158e-07
4.238635824549419340e-07
6.592761536694524693e-08
4.437009124558244366e-07
1.682547257075839298e-08
3.169042429362889379e-06
3.982908367561321938e-07
1.543250400573015213e-04
4.619860050070201396e-08
5.327791896547751094e-08
1.184241540386210545e-07
4.546249243730926537e-08
8.536445506024392671e-08
5.386164403375914844e-08
8.510758675583929289e-08
2.598901716055479483e-08
1.585405442483533989e-07
4.615782245309674181e-08
9.035659331857459620e-08
6.141987250884994864e-05
1.402650468662614003e-05
3.599442308768630028e-03
8.920530376599344891e-07
1.597375245410148636e-07
5.366526778516345075e-08
2.068822624323729542e-08
4.652747165323489753e-08
1.550813664152883575e-07
3.089794375910059898e-08
1.644728087057956145e-08
5.464539043487093295e-08
3.199070761183975264e-06
1.261273496311332565e-06
4.679306186972098658e-07
8.075391519923869055e-07
4.393100283550666063e-08
2.461688097810110776e-07
6.966954515519319102e-07
1.647679681582303601e-08
1.740561401675222442e-07
4.352339715296693612e-07
2.264987415401265025e-06
6.760506465752769145e-08
7.544153390881547239e-07
6.152714782103885227e-09
4.223850851303723175e-07
3.163154588037286885e-06
6.184798166941618547e-06
3.505117973645610618e-08
1.943629176821559668e-04
4.535907649483306159e-08
1.199553594233293552e-07
2.118991488941901480e-07
5.728437102447969664e-08
1.989073972197274998e-08
2.929222198133629718e-08
7.049532513292433578e-08
2.426812102385156322e-07
2.319901994951578672e-07
7.541739677208170178e-08
3.909684096470300574e-07
1.111257233787910081e-06
3.096359080245747464e-07
3.432024584526516264e-07
5.914982921240152791e-07
9.356332952847878914e-07
1.036036323398548120e-07
2.393223212493467145e-06
5.434704242190946388e-09
4.706999590098348563e-08
1.854165887493763876e-08
7.922927380832334165e-08
4.204112258321401896e-08
7.125589451817404552e-09
1.864963223852100782e-07
1.523974617612111615e-07
9.065563517651753500e-07
1.266379570097342366e-07
3.711018734975368716e-06
4.347521098679862916e-08
4.651675737932237098e-07
2.726656020968221128e-06
5.822935236210469157e-07
1.062308342625328805e-06
1.944914174600853585e-06
2.132286454070708714e-06
2.155245510948589072e-06
1.069959353117155842e-06
3.869428866210000706e-08
1.157780928906504414e-07
2.276307213833206333e-07
3.295783983503497439e-07
1.643282665497736161e-08
2.529876574897116370e-08
1.941763549950792367e-08
7.255241030179604422e-08
7.897369158627043362e-08
7.630497407262737397e-07
8.088988465715374332e-07
2.391162216663360596e-01
1.934067768161185086e-06
5.393576429923996329e-08
7.995938062776986044e-07
3.251502391776739387e-07
2.459186703163140919e-07
1.162679473054595292e-05
3.063743179154698737e-07
3.143367166558164172e-06
6.432220800434151897e-08
4.074114769991865614e-07
1.275153181268251501e-06
1.981431694275670452e-07
1.181977040687343106e-07
2.208213345511467196e-07
1.112601282216019172e-07
1.910991187514810008e-07
2.830790037933184067e-07
5.698512239860065165e-08
3.850259986393211875e-07
9.069432849173608702e-08
3.613011045899838791e-08
9.608022821794293122e-08
1.073988300959172193e-06
1.000372904513824324e-07
9.581829090166138485e-07
5.177764251129701734e-06
4.519835783867165446e-06
4.610971018337295391e-07
6.106447472120635211e-07
7.493147677450906485e-06
1.125753328778955620e-06
1.595615231053670868e-07
5.329428404365899041e-06
1.109481331695860717e-06
2.636859790072776377e-06
2.877863835237803869e-06
4.797096153197344393e-06
3.299732398431842739e-08
6.403490715456428006e-08
7.324295836497185519e-08
5.375962430775871326e-08
1.532760904865426710e-07
6.439175194827839732e-06
5.842482642037793994e-05
8.054156523940037005e-07
4.723342783563566627e-07
3.443098819388978882e-07
2.522964450690778904e-06
4.351341431174660102e-06
3.345280219946289435e-06
1.863529519141593482e-06
4.137293956318899291e-07
3.813504747540719109e-07
8.633575134808779694e-07
3.150528073092573322e-06
2.652777766343206167e-06
1.735495942511988687e-07
2.140755714208353311e-05
2.946413815152482130e-06
8.069240493568941019e-07
1.792691790569733712e-07
4.631517731468193233e-05
1.036575031321262941e-05
2.890453060899744742e-06
1.900213646877091378e-06
2.717861752898897976e-05
1.136760238296119496e-05
4.644833552447380498e-06
1.567154686199501157e-05
3.985745024692732841e-06
4.217659807181917131e-05
4.512979103310499340e-06
2.569621074144379236e-06
3.583072839319356717e-06
1.230233283422421664e-05
3.372572564330766909e-06
1.449804840376600623e-04
1.063384843291714787e-06
9.671358611740288325e-07
5.173691988602513447e-06
2.644704636622918770e-06
2.686403831830830313e-06
1.675717612670268863e-06
1.495805236118030734e-06
4.863381946051958948e-06
8.617279831923951861e-07
1.540208131700637750e-06
1.796506552409482538e-07
1.321227273365366273e-06
4.003459252999164164e-06
1.066614572664548177e-06
4.059191383021243382e-07
2.869415993700386025e-07
7.220356565085239708e-06
1.652131942364576389e-07
9.127908015216235071e-06
3.823411589110037312e-06
6.688792950626520906e-07
2.883587876567617059e-05
1.343398707831511274e-06
4.464537596504669636e-06
2.359105565119534731e-06
4.857057547269505449e-07
7.938530870887916535e-06
7.073878350638551638e-06
3.312590479254140519e-06
1.166086349257966504e-05
1.219817022501956671e-05
7.635495421709492803e-06
1.285732378164539114e-05
4.628168426279444247e-06
1.915221218951046467e-06
9.290230082115158439e-06
3.279974407632835209e-07
1.083036022464511916e-05
3.475165613053832203e-06
1.200228211928333621e-06
2.625949377943470608e-07
1.115567829401697963e-05
5.977266482659615576e-06
3.455368641880340874e-05
2.559193035267526284e-06
8.637573046144098043e-06
2.392474470980232581e-06
3.839657438220456243e-06
1.554799528094008565e-04
5.191403906792402267e-04
2.297028731845784932e-05
1.134931267188221682e-06
4.931364856020081788e-06
1.176923433376941830e-05
1.548736463519162498e-06
3.250192548875929788e-06
2.191272415075218305e-06
5.515597877092659473e-06
7.097167440406337846e-07
2.332530857529491186e-04
6.974490133870858699e-06
6.639472758251940832e-06
2.771836989268194884e-05
5.055680503573967144e-06
3.324377394164912403e-05
1.814140159694943577e-05
3.880374606524128467e-06
3.970347825088538229e-05
5.359410124583519064e-07
4.025584530609194189e-06
1.136879564000992104e-05
6.246350494620855898e-06
5.288266947900410742e-06
1.153779408014088403e-06
4.297034593037096784e-06
2.097728611261118203e-05
1.071300630428595468e-05
1.377444568788632751e-04
6.011730511090718210e-05
1.024123412207700312e-05
6.611181220250728074e-07
5.289139153319410980e-06
1.386977601214312017e-06
2.577954091975698248e-06
2.276383099797385512e-07
1.616215286048827693e-07
5.772416784566303249e-07
3.311385512461129110e-07
1.476837587688351050e-05
8.254703061538748443e-06
2.554382263042498380e-06
8.243279808084480464e-06
1.417610519638401456e-06
1.750257433741353452e-05
9.819581464398652315e-06
3.796163582592271268e-05
4.284299211576581001e-05
7.198523962870240211e-05
2.888412211632385151e-07
4.763313086186826695e-07
4.537688198524847394e-07
8.815879937174031511e-07
9.487350638437419548e-08
1.144727434621017892e-06
1.181787681048263039e-07
3.932896106562111527e-07
4.667259361212927615e-07
1.341395091003505513e-06
2.059643975371727720e-07
5.377651746130140964e-07
6.619562498144659912e-08
3.006333884059131378e-07
8.520947449142113328e-05
1.174831959360744804e-05
3.101550419160048477e-06
3.996568193542771041e-05
3.143319418086321093e-06
2.032804331975057721e-05
1.944646101037506014e-05
1.068218534783227369e-05
8.598854037700220942e-06
1.647264156190431095e-07
6.524435036681097699e-08
1.882866342839406570e-07
9.623860108831649995e-08
2.586800107451381336e-08
6.943202492948330473e-07
4.196781588916564942e-08
3.788129276927065803e-08
1.331239900537184440e-07
1.247791630021310993e-07
1.860525742358731804e-07
1.045639947960808058e-07
8.429987730096399901e-08
4.560918753782061685e-08
5.727595819848829706e-08
7.321320794062557979e-08
4.387512575476648635e-09
2.018309785967176140e-08
1.504065849644575792e-08
5.743359565713035408e-08
1.481162659189294573e-08
7.726000461616422399e-08
3.077761903114151210e-07
7.943278745869974955e-08
2.263277210090564040e-08
5.133322034112097754e-08
2.500288154294594278e-08
3.139456055123446276e-07
1.728613057139227749e-07
6.670119034879462561e-08
1.025416338507056935e-07
1.136893530429006205e-07
3.778728512315865373e-07
3.512057489274411637e-08
5.169221140022273175e-07
1.568278946706413990e-07
2.608724116726079956e-07
2.768198896774265449e-07
3.365487444284553931e-08
2.872819823096506298e-05
7.096704212017357349e-04
2.326819812878966331e-04
2.371596929151564837e-04
9.547250811010599136e-04
3.703737456817179918e-05
9.295011986978352070e-04
1.908191363327205181e-03
8.581057190895080566e-03
6.530889077112078667e-04
1.256301184184849262e-03
1.817886004573665559e-05
1.778248260961845517e-04
6.423033191822469234e-04
7.247361645568162203e-05
2.267516218125820160e-02
1.803464838303625584e-04
4.147941012888622936e-07
7.157928507695032749e-07
9.028781846609490458e-07
1.800576683308463544e-07
3.498574301374901552e-07
6.048044838280475233e-07
1.037717879626143258e-06
5.300536486174678430e-06
1.402307958642268204e-07
3.960732556151924655e-06
1.650017293286509812e-05
8.882846032065572217e-07
2.842299181793350726e-06
3.306981398054631427e-06
1.974191718545625918e-06
5.236930064711486921e-06
3.011104126926511526e-04
1.093821197173383553e-06
5.521026469068601727e-05
3.349823145981645212e-06
6.243446364351257216e-07
4.864267921789178217e-08
3.786180968745611608e-07
8.452758493149303831e-07
1.315637177867756691e-06
5.282618076307699084e-07
3.303726714420918142e-07
4.317007835652475478e-07
2.616702374780288665e-07
1.179076060652732849e-01
5.899035930633544922e-01
1.330974583879651618e-07
4.990005777472106274e-07
6.194440516082977410e-07
1.270766176730830921e-07
6.204414262356294785e-07
8.289591164611920249e-07
9.334901562851882773e-08
2.286425342390430160e-06
1.156554503722873051e-06
1.469747701321466593e-07
3.635275902524881531e-08
5.900205337638908532e-07
3.748382005142048001e-05
1.325903895121882670e-06
8.411994372181652579e-07
1.073415418773038255e-07
1.700061460496726795e-07
2.664157534582045628e-07
7.137121883715735748e-06
8.036018925849930383e-07
9.402649538969853893e-07
2.329363042008480988e-06
1.476128545618848875e-06
3.023883891728473827e-06
2.067252680149067601e-08
2.274479982133925660e-07
4.757874307870224584e-07
1.700044435892777983e-06
2.463519876982900314e-07
1.751829813656513579e-06
3.574603397282771766e-05
4.494252792142106046e-08
7.310461000997747760e-07
5.037471169089258183e-07
4.855142833548597991e-06
3.373281742824474350e-07
2.932447706882612692e-08
1.369648430227243807e-07
3.154508704028557986e-06
7.655155513930367306e-07
1.409012111253105104e-05
4.522094968706369400e-06
4.797436190528969746e-07
7.255708851516828872e-07
1.256694588391837897e-07
2.725282115534355398e-07
1.472556596127105877e-05
4.734432650366215967e-07
4.684212910888163606e-07
4.599516785219748272e-07
4.341144631325732917e-06
5.992619378503150074e-08
1.688560223556123674e-05
8.733491085877176374e-08
8.052934958868718240e-07
3.230535412512836047e-06
1.209270834579001530e-07
7.303761321963975206e-06
1.070539747161092237e-05
8.096176884464512113e-08
9.850679134615347721e-07
1.378661522721813526e-06
1.848449073804658838e-06
4.612474810983258067e-07
2.701763150980696082e-06
5.546875172512955032e-07
1.653580454785696929e-07
1.521487007494215504e-07
7.065868601330294041e-08
5.417775355454068631e-06
4.617287686414783821e-06
1.942127528309356421e-05
4.802117473445832729e-06
3.623145175879471935e-06
2.242558821308193728e-06
7.174522238528879825e-07
8.305714800371788442e-06
3.843285867333179340e-07
1.490591148467501625e-05
1.071140118824587262e-07
1.174783278656832408e-06
3.327098738736822270e-07
3.840733825200004503e-06
3.043913068268011557e-07
1.082889320969115943e-05
2.556226945671369322e-06
7.289662562470766716e-08
8.038962278078543022e-07
6.736151476616214495e-07
1.742781478242250159e-06
5.930561428613145836e-07
2.652748491982492851e-07
1.579543095431290567e-06
3.598987404984654859e-06
1.429828273558086948e-07
2.486061418949248036e-07
5.077389687357936054e-06
2.614608263229456497e-08
2.859735559468390420e-08
1.389289536746218801e-07
3.679273277157335542e-07
1.064596926880767569e-05
2.863738188807474216e-07
8.401744707953184843e-06
1.292447677769814618e-06
1.426684690386537113e-07
9.234430109472668846e-08
1.363515167440709774e-07
3.025210304485881352e-08
7.662670498120860429e-09
7.265295607794541866e-06
1.872779535005975049e-06
1.260202225239481777e-06
1.978473846975248307e-06
9.773149031389039010e-06
4.430704620972392149e-07
4.384637009025027510e-08
4.526990267095243325e-07
9.210445739427086664e-08
5.459394856188737322e-07
1.274901961778596160e-07
2.038471080823001103e-07
1.006075081022572704e-07
4.150695360749523388e-07
1.329744691247469746e-06
6.234408829186577350e-07
2.528492359488154761e-06
1.138641709985677153e-05
3.947306686313822865e-05
3.316748973247740651e-07
3.045732228201813996e-06
2.954793671960942447e-06
3.311473903977457667e-07
2.685822053649644658e-08
8.870769363511499250e-08
1.255343022421584465e-06
8.538669135305099189e-06
2.070933805953245610e-05
7.858754997869255021e-07
1.457006106875269325e-07
2.611571687793912133e-07
5.366086597291541693e-08
6.035696742401341908e-07
2.177993820851042983e-07
1.940775717912401888e-07
8.379798828173079528e-07
7.202990559562749695e-08
1.116680010682102875e-07
9.269723477700608782e-08
7.089996074682858307e-07
7.348654617089778185e-05
1.842568053689319640e-05
8.414698413616861217e-07
5.177413342494219251e-08
5.596866685664281249e-07
4.130887418796191923e-07
1.959895371328457259e-06
6.581043408004916273e-07
3.651445297236932674e-07
1.241569407284259796e-07
2.052984342526542605e-07
1.534485107868022169e-07
1.167856851225224091e-07
1.562299445367898443e-08
3.401963510896166554e-07
3.704249138536397368e-07
1.126325855693721678e-06
2.301584117958554998e-06
3.764486791624221951e-06
1.522056663816329092e-06
8.440035344392526895e-06
5.830770533066242933e-07
8.858482374307641294e-07
2.425920001769554801e-06
1.429086751159047708e-07
7.771770469844341278e-05
3.642105284029639733e-08
9.376493359525284177e-09
2.551438683440210298e-06
1.067632879880875407e-07
4.943630926845798967e-08
2.011750257224775851e-05
7.429778179357526824e-07
1.711787263047881424e-06
1.415418068972940091e-06
1.222405643375168438e-07
2.948707411576378945e-08
7.723551220806257334e-07
9.724143978928623255e-08
4.413929843849473400e-08
4.546693901374965208e-07
7.219925919343950227e-07
4.358657292868883815e-07
4.452663802112510893e-07
9.833202057052403688e-07
4.748420906253159046e-06
5.803612111776601523e-06
2.916665948760055471e-07
1.492824566184935975e-07
1.634762384128407575e-06
4.084307079210702796e-07
4.724126938526751474e-07
1.876615272067283513e-07
3.692057077842036961e-07
2.683191553387587192e-07
5.033619299155134286e-09
4.072673505106649827e-07
5.284009034767223056e-07
7.045524057502916548e-07
2.764583541647880338e-06
4.176274046585604083e-07
2.058353913980681682e-07
3.027409775313572027e-06
4.766273832501610741e-06
4.609256052390264813e-07
3.313226955015124986e-07
6.177280010888352990e-05
2.039398765418809489e-07
2.723652983149804641e-07
6.682942199631725089e-08
1.003539978228218388e-06
1.618985265849914867e-06
1.930885991896502674e-05
5.238458470557816327e-06
1.082350763681461103e-06
1.418470674252603203e-06
2.537878742714383407e-07
8.960595891949196812e-07
1.625315576347929891e-06
1.493269451202650089e-06
3.888455637479637517e-07
1.187256373214040650e-07
6.038857804924191441e-07
4.089436345111607807e-07
6.221490593816270120e-07
1.175733075342577649e-07
8.786103933289268753e-08
3.593045505567715736e-07
4.676919331814133329e-07
5.810971970277023502e-08
2.369175575722692884e-07
4.227473766604816774e-07
6.174867195340993931e-08
3.686766802957208711e-08
1.558206861318467418e-07
2.393328031757846475e-06
1.126251021332791424e-07
1.942372000485192984e-05
3.342618981605482986e-07
1.262734599549730774e-06
1.395469553244765848e-05
2.081845650536706671e-06
3.466672069407650270e-06
1.663336064439135953e-07
1.923996535424521426e-07
1.619244585526757874e-06
2.058005293292808346e-06
1.296461533684123424e-07
6.362421117955818772e-06
2.059392863884568214e-05
8.856373767684999621e-08
4.440783385462054866e-08
8.771901775617152452e-05
4.392653920604061568e-07
2.061378090445487032e-08
6.313679023151053116e-06
1.340296057605883107e-05
7.304548489628359675e-06
9.347859872832486872e-07
7.581152203783858567e-07
7.292579766726703383e-07
2.899855644500348717e-07
2.159548699864899390e-07
5.869724759577366058e-07
1.145024910442771215e-07
3.000390336183045292e-07
5.975983640382764861e-06
2.191172143284347840e-06
2.846421125468623359e-07
5.112875442137010396e-06
7.047055987641215324e-07
1.411485391145106405e-05
2.876771354465290642e-08
2.340086950880504446e-07
1.100202462112065405e-05
1.849466457315429579e-06
1.077479936384406756e-07
1.153357374050756334e-07
4.887110094387026038e-07
2.545706411183346063e-05
1.927529183376464061e-06
1.852303057603421621e-06
1.132899782874119410e-07
8.712677157518555759e-08
4.265012591986305779e-07
5.100483758724294603e-05
1.584986648595076986e-07
1.383110515007501817e-07
1.119290047313370451e-07
6.678329356191170518e-08
5.554299065124723711e-08
2.785863557619450148e-07
4.893205414191470481e-07
8.768493426032364368e-04
6.756939683327800594e-07
2.546993016494525364e-07
6.996497745603846852e-07
1.192008767247898504e-07
8.599735110692563467e-07
7.397869694614200853e-07
2.186658036862354493e-07
7.893172005424275994e-05
1.516407564849941991e-06
7.334224960686697159e-07
1.605034071872069035e-06
2.406433168289368041e-06
1.258287375094369054e-05
7.554851890745339915e-07
8.291576136798539665e-07
2.762488293228670955e-06
1.058254611052689143e-06
2.462223710608668625e-05
1.168539753848563123e-07
9.637434317255610949e-08
2.952271245248994092e-07
3.752117549993272405e-08
4.598874170369526837e-08
5.977436501325428253e-08
3.757456852326868102e-06
1.062273531715618446e-05
4.184796125628054142e-06
1.091282501874957234e-05
5.370748112909495831e-07
1.623189547217407380e-07
5.933729880780447274e-07
9.843442683177272556e-08
1.495243964200199116e-07
1.310584138991544023e-06
2.565877821325557306e-07
1.924038883771572728e-07
6.374817530740983784e-06
1.045435601554345340e-05
5.305383297127264086e-07
2.463435521349310875e-03
2.336723952112151892e-07
1.128268891648076533e-07
1.818303826439660043e-05
1.049086336024629418e-06
4.685593739850446582e-05
2.852087455096352642e-08
2.784510400033468613e-08
1.425642153662920464e-06
5.287648718876880594e-07
1.955444339785117336e-08
7.636932650711969472e-07
2.254943787249885645e-08
5.207009508012561128e-06
3.830252524039678974e-07
8.111784950415312778e-07
2.149631228576254216e-08
1.071945376907024183e-07
1.920284518064363510e-07
1.480991045355040114e-07
6.226850928214844316e-07
5.174123316464829259e-07
6.932281593208244885e-08
3.738043972134619253e-07
6.241672849682800006e-07
1.113974576583132148e-06
6.834870418970240280e-06
1.070715279638534412e-05
2.108961609792459058e-07
1.049298475663817953e-06
1.717736608952691313e-06
1.032985821325382858e-07
5.478348157339496538e-07
2.770071318991540466e-07
9.464414688409306109e-06
5.306213211042631883e-07
1.236120539260809892e-07
4.339127315233781701e-07
9.517346200027532177e-08
1.257138109167499351e-07
2.212115987276774831e-06
1.379973468829120975e-07
8.158120181178674102e-06
6.953191444836193114e-08
5.581057962444901932e-07
4.346240075392415747e-06
2.522711838537361473e-06
4.146035053054220043e-07
2.216375172281459527e-08
6.657418794020486530e-07
4.107787674456631066e-07
1.692187225899033365e-07
2.475086148479022086e-06
2.990623215737286955e-07
2.629823825373023283e-07
1.366362027965806192e-07
1.181862671728595160e-06
4.138247277296613902e-06
1.476026483260284294e-07
1.255473534911288880e-06
1.330421213197041652e-07
6.854362254671286792e-06
7.541610557382227853e-06
1.904315467982087284e-06
2.127989091604831629e-07
2.316817671044191229e-07
3.937394012609729543e-06
6.750357215423719026e-07
3.062529074782105454e-08
8.104771040962077677e-07
7.937825330373016186e-08
7.836176791897742078e-07
4.114037039926188299e-07
1.748434073078897200e-07
4.856554980392502330e-08
1.927093762787990272e-06
1.963508822200310533e-07
5.231418981566093862e-06
1.520361547591164708e-05
2.988779712609357375e-08
8.922172014536045026e-07
1.265519955495619797e-07
2.957148979021440027e-07
2.074234686233467073e-07
3.984481224961200496e-07
8.522641081754045445e-08
1.809311456213436031e-08
6.530570999530027620e-07
5.128781594976317137e-06
2.560744292168237735e-07
9.513498298474587500e-06
5.105081868350680452e-07
1.955287871169275604e-06
1.467477375172165921e-07
8.672012086208269466e-07
1.274124224437400699e-05
1.580378494736578432e-07
2.041210223069356289e-07
4.102518005311139859e-07
7.096105036907829344e-07
8.419250434599234723e-07
3.605426570629788330e-07
9.530525858281180263e-06
1.841056473494973034e-06
3.331599600642221048e-06
2.763950760709121823e-06
6.229253358469577506e-06
6.090567239880328998e-06
1.942728431458817795e-06
4.386383238852431532e-07
4.449972766451537609e-05
7.175038717832649127e-06
2.419678094156552106e-05
1.113927851292828564e-06
1.839231458689027932e-06
8.873147550048088306e-08
1.879565303397612297e-07
1.461735428165411577e-05
1.510362466206061072e-07
1.712356123562130961e-07
1.509337948846223298e-06
3.937653218599734828e-06
1.427612801307986956e-07
1.290568179683759809e-04
1.029708982969168574e-06
2.295955141562444624e-07
3.883004683302715421e-05
7.383441129604761954e-07
8.749435096433444414e-07
1.242191132178049884e-07
5.335721198207465932e-07
8.812945679892436601e-07
1.125255380429734942e-06
7.095979526638984680e-06
5.738774575547722634e-07
4.168234681856120005e-06
5.582620815403060988e-06
1.355096287625201512e-06
1.220478935692881350e-07
1.780873731149767991e-06
6.518962436530273408e-08
4.083572946456115460e-08
7.232620191643945873e-07
1.215497195516945794e-05
2.754471211119380314e-07
6.516610255857813172e-07
1.289800366066629067e-06
2.251332773539616028e-07
2.520300768082961440e-07
1.090136720449663699e-06
4.755518148158444092e-06
1.388845134897565003e-06
1.243506773107583285e-07
4.008959137991041644e-07
2.012350705626886338e-05
9.679413324192864820e-07
6.620345516239467543e-08
9.442358646083448548e-07
6.690304985568218399e-07
9.264801548169998568e-08
4.273860270131990546e-07
2.878703320163822355e-08
7.408374358419678174e-07
1.427705313972182921e-07
3.074710832606797339e-07
2.867149760277243331e-06
4.985379931099487294e-08
6.618363102006696863e-08
4.790194907400291413e-07
9.108477456720720511e-07
2.256647576359682716e-06
4.204563595067156712e-07
1.741080268402583897e-06
2.893939381465315819e-06
1.778732325874443632e-07
7.775687294042654685e-08
1.315736312790249940e-06
2.156895675398118328e-07
3.147371430145540216e-08
3.147065541497795493e-08
2.767297928585321642e-06
2.026405491051264107e-05
5.080107366666197777e-04
1.654055267863441259e-05
2.050149277010859805e-07
2.026894435402937233e-05
1.133352634496986866e-05
1.539553181828523520e-06
2.870267223897826625e-07
1.255874121852684766e-05
5.377380034587986302e-07
3.717313120432663709e-06
3.243967938715286436e-08
3.749849497580726165e-08
6.750983772008112282e-08
4.716157064876824734e-08
4.518189555824392301e-08
2.512929242470818281e-08
3.695052797070275119e-08
7.220208431135688443e-07
2.172825759316765470e-07
5.498507249512840644e-08
5.117394721310120076e-07
3.547150573268709195e-09
8.609586643615330104e-08
1.357854273464909056e-08
8.641318345325998962e-07
5.759189036780298920e-08
9.199284249916672707e-07
9.700811176571733085e-08
3.145377718283270951e-07
7.109282762485236162e-08
5.415347459347685799e-08
1.961362130487032118e-07
1.608153525012312457e-06
3.885580923679299303e-08
4.103150331502547488e-06
1.023217464535264298e-05
4.344920228049886646e-07
7.663288670300971717e-08
3.252826559219101910e-07
4.675068510096025420e-07
1.121292214634195261e-07
1.002445273456942232e-07
5.688869350706227124e-06
2.787604387322062394e-07
2.958564948585262755e-07
1.779906568799560773e-07
3.267518877692054957e-06
5.012584551877807826e-07
4.618881987994427618e-08
5.850181423738831654e-07
3.513632051976856019e-08
3.174391194349368561e-09
3.022061534352360468e-08
5.758705512448614172e-08
5.853815423506603111e-07
6.015419984350955929e-08
1.201968188979662955e-06
3.199625453476073744e-08
3.156658931402489543e-05
1.505931777501245961e-06
1.117441352107562125e-04
9.641470569476950914e-06
4.722590892924927175e-05
2.304302033735439181e-04
8.933517165132798254e-06
1.509238791186362505e-04
8.862082177074626088e-05
8.395565237151458859e-05
3.045372068299911916e-06
1.658691530792566482e-07
1.183299673357396387e-06
7.799636136951448862e-07
1.002783756121061742e-05
2.009468289543292485e-07
2.768886631088207650e-08
3.750557880266569555e-06
1.480191258451668546e-06
6.206059310898126569e-07
1.083927031686471310e-06
5.583009169640718028e-06
8.389957883991883136e-08
2.415676590317161754e-06
2.268973958052811213e-06
1.200786482513649389e-05
3.128050138911930844e-06
7.020904035925923381e-08
1.390987927152309567e-05
7.994660222720995080e-08
