4.742257260659243912e-06
5.815434533928964811e-08
1.466116117398996721e-07
1.010112441690580454e-06
2.788453734581253229e-08
5.385173153626965359e-06
6.301677046849363251e-08
2.496063098078593612e-05
1.248584521817974746e-05
3.014783142134547234e-04
3.041648994894785574e-07
1.190529630434866704e-07
4.638854989025276154e-07
1.754140043885854539e-06
2.412489948255824856e-06
1.078901391338149551e-06
3.807573420999688096e-07
7.066764737828634679e-06
2.770952505670720711e-06
2.572213304574688664e-07
1.920839531521778554e-05
3.245767584303393960e-05
7.064551027724519372e-05
6.624031229875981808e-04
1.180417370960640255e-06
3.529253262968268245e-07
7.538226327596930787e-07
6.762672910554101691e-08
4.644102347128864494e-08
2.663919985934626311e-06
2.322785341846156371e-08
1.096285640045380205e-08
4.306166445644521446e-08
2.877403630918706767e-07
5.308845061335887294e-07
2.094672936436836608e-06
2.355627202632604167e-06
4.212379778323338542e-08
2.840514525814796798e-07
2.416169309071847238e-06
1.912282421301370050e-08
7.423023618002844159e-08
1.747366241033887491e-06
1.930426378748961724e-06
1.356913656991309836e-07
6.676511361547454726e-07
1.219833656307400815e-08
5.603050681202148553e-07
2.798664354486390948e-05
5.195050562178948894e-06
6.084597714561823523e-08
5.905344369239173830e-05
5.178415207751640992e-08
7.738860574590944452e-08
1.386176109008374624e-06
2.865583148548012105e-08
7.161467863170400960e-08
5.101655098371793429e-09
9.028428280544176232e-07
9.273905732243292732e-08
2.287702187686591060e-07
7.392466159217292443e-07
8.696741815583663993e-07
3.039855755559983663e-06
5.592821707978146151e-07
3.245931452511285897e-07
6.324815331026911736e-06
1.088079102373740170e-06
3.264065924213355174e-07
1.259037958334374707e-06
8.495035075384294032e-08
4.527182184688172129e-08
2.214604322148261417e-08
2.308462171640712768e-06
9.022729727803380229e-07
4.486338767151210050e-08
1.379062382511619944e-06
8.233124617618159391e-07
4.155303031438961625e-06
6.755366825927922036e-07
5.698387394659221172e-04
4.757719693770923186e-07
3.856904368149116635e-05
5.128084376337938011e-05
3.567476815078407526e-04
2.110084096784703434e-05
1.757689278747420758e-05
8.006524694792460650e-06
1.449774231332412455e-06
7.406594022540957667e-07
3.673099229217768880e-07
6.454616232076659799e-05
1.224210279815451941e-07
1.687820986262522638e-05
2.311838471769078751e-07
2.897651825151115190e-07
1.405189436809450854e-06
1.205361286338302307e-06
1.798842959033208899e-07
4.540051304502412677e-05
7.992015525815077126e-06
1.775050163269042969e-01
8.808013080852106214e-05
3.928827027266379446e-06
1.757008139975368977e-04
1.958241682586958632e-06
2.228850353276357055e-04
6.224754542927257717e-07
1.343454130164900562e-07
6.206748366821557283e-06
2.754469541343951278e-08
2.337102955607406329e-07
9.537502592138480395e-07
7.767212650833243970e-07
6.977283646847354248e-06
8.873955152921553236e-07
1.023447708803360001e-07
8.987283450778704719e-08
1.080869935776718194e-07
2.350962517994048540e-07
5.841762344971357379e-07
8.015394570293210563e-08
1.184623865668754661e-08
3.884871091486274963e-07
6.511813808174338192e-07
1.463131127366068540e-07
1.767105572980653960e-06
2.508004399714991450e-06
1.893878652481362224e-05
3.104155723576695891e-07
5.097969051348627545e-07
9.768269956111907959e-05
3.424241867833188735e-06
1.219628984472365119e-06
8.789984349277801812e-06
4.037813050672411919e-05
4.232088394928723574e-04
2.410701927146874368e-05
1.547871761431451887e-05
7.843726557155150658e-09
3.880457484228827525e-07
2.862915664536558324e-07
1.537666776130208746e-07
4.226586440836399561e-07
8.248532139987219125e-06
6.067571302992291749e-05
1.479235720580618363e-06
1.026365268330664549e-07
2.779732710678217700e-07
8.215715752157848328e-06
1.212394363392377272e-05
4.161132892477326095e-06
1.281506314398939139e-07
4.632568106899270788e-07
1.037439290030306438e-07
6.625527362302818801e-07
6.943923835933674127e-07
6.326579864435188938e-07
4.762717935591354035e-07
1.709001844574231654e-05
1.394476271343592089e-06
3.720086169778369367e-06
7.064567853376502171e-06
4.224257281748577952e-05
4.526260818238370121e-05
3.830727291642688215e-05
1.542640347906854004e-05
5.504024375113658607e-05
4.841694317292422056e-05
1.444334202460595407e-06
1.254133712791372091e-05
7.851308509998489171e-07
2.555116589064709842e-05
1.502735358371865004e-06
8.528645025762671139e-07
6.051947366358945146e-06
1.528377993054164108e-06
4.662906121666310355e-06
7.155348430387675762e-05
9.947200851456727833e-06
1.489134592702612281e-05
9.822990250540897250e-06
8.555908607377205044e-06
4.267145868652733043e-06
8.705027539690490812e-06
1.163843535323394462e-06
5.655260792991612107e-06
3.722238375303277280e-07
1.667292735874070786e-06
1.091846752387937158e-05
8.270729267678689212e-06
6.577510794159024954e-05
1.053210962709272280e-05
2.261585450469283387e-06
5.027931820222875103e-06
2.744291123235598207e-06
6.197562925081001595e-06
2.143902966054156423e-04
8.302961941808462143e-05
1.611531843082047999e-05
2.211653963968274184e-06
3.678476332424907014e-07
2.637404031702317297e-05
2.362051054660696536e-05
3.673802950743265683e-07
4.709833010565489531e-04
4.973211907781660557e-04
1.500443340773927048e-05
1.920550246722996235e-03
2.108265762217342854e-04
6.017574924044311047e-05
9.514637349639087915e-05
2.400765333732124418e-05
5.681500624632462859e-06
2.762980875559151173e-04
2.805316626108833589e-06
7.914344314485788345e-05
5.515415978152304888e-05
4.935354354529408738e-06
3.125554030702915043e-06
3.809491317952051759e-05
6.301140092546120286e-05
2.559262429713271558e-05
4.807210279977880418e-05
4.581989196594804525e-04
2.337874320801347494e-05
3.054786066059023142e-05
3.232455346733331680e-04
1.252375568583374843e-05
1.081887967302463949e-05
2.910744001383136492e-07
1.676894862612243742e-05
1.568718653288669884e-05
4.467678809305652976e-05
1.085002077161334455e-05
2.409992703178431839e-06
4.543334580375812948e-05
2.483394382579717785e-06
6.735316128470003605e-05
1.451807384000858292e-05
1.158774011855712160e-05
8.648164111946243793e-06
3.110801344519131817e-06
2.037818012468051165e-05
1.211559902003500611e-05
3.896966063621221110e-06
2.533881342969834805e-05
3.221170572942355648e-06
6.610100172110833228e-06
1.090847490559099242e-05
9.515793863101862371e-06
1.208142862196837086e-06
9.407011930306907743e-06
4.311559962388855638e-07
5.812130439153406769e-06
4.207352958474075422e-06
2.337415207875892520e-04
6.260558438953012228e-05
5.807697561976965517e-06
6.751457704012864269e-07
7.945770448714029044e-06
2.510525121124373982e-07
1.649815749260596931e-05
6.648900125583168119e-06
1.652934770390857011e-06
5.176369199944019783e-07
1.147842908721941058e-06
1.439896914234850556e-05
5.637321737594902515e-05
3.697659485624171793e-05
4.216674278723075986e-05
8.746944331505801529e-06
1.836548835854046047e-05
2.220453097834251821e-05
1.077772321878001094e-04
1.148668161476962268e-05
2.357489211135543883e-05
7.526126410084543750e-06
2.112609990945202298e-06
2.329178187210345641e-06
5.718115971831139177e-06
5.120552941662026569e-07
3.615323748817900196e-06
2.409184958196419757e-07
3.122693897239514627e-06
1.406870978826191276e-06
2.822697388182859868e-05
7.859545803512446582e-06
1.406636965839425102e-05
1.191804201994273171e-07
1.186795634566806257e-05
6.757029768778011203e-05
4.193148924969136715e-06
6.089689122745767236e-06
6.707189604640007019e-03
1.645720005035400391e-02
3.099074092460796237e-05
6.590845296159386635e-04
3.372258652234449983e-05
1.798097855498781428e-06
4.588896445056889206e-07
3.712104756914413883e-08
7.519859082094626501e-07
4.458184932332187600e-08
2.577768327682861127e-07
1.236291950590384658e-06
1.123466631725023035e-06
1.440522936491106520e-07
2.841861146407609340e-07
1.141676335691954591e-07
4.132187143568444299e-07
1.142824430644395761e-07
9.232368114453493035e-08
2.146700524008338107e-07
5.058035981164721306e-07
3.787959101941851259e-08
2.945576227375568124e-08
9.101334086381029920e-08
1.207895650168211432e-07
1.641613636138572474e-07
1.394684261413203785e-07
1.773569380247863592e-07
4.434346465131966397e-06
4.182740553915209603e-08
3.564663941801882174e-08
3.901759271229821024e-08
2.873257471946999431e-07
3.683999949544158881e-08
2.648605175181728555e-07
4.780531170922586170e-08
5.491396677825832739e-06
4.299773081584135070e-06
3.737425004146643914e-06
5.917778267416906601e-08
4.643338979803957045e-05
1.287160284846322611e-05
8.556414286431390792e-06
9.221515210811048746e-05
1.248277214926929446e-07
1.688176780589856207e-05
7.913706940598785877e-04
4.847968928515911102e-03
1.068224105983972549e-02
2.837244188413023949e-03
1.780465099727734923e-04
8.728312095627188683e-04
9.170409175567328930e-04
2.505421638488769531e-01
8.207799401134252548e-04
4.778753791470080614e-04
3.959563560783863068e-03
8.475367212668061256e-05
7.660274422960355878e-05
1.436144084436818957e-04
4.794116248376667500e-04
4.629775066860020161e-04
1.935192267410457134e-05
3.625201643444597721e-04
1.583367156854365021e-05
6.188865881995297968e-07
1.016884998534806073e-04
5.502042768057435751e-06
2.628532820381224155e-05
7.871720590628683567e-04
1.148256728811247740e-06
4.791421815752983093e-06
1.857320457929745317e-04
2.387884705967735499e-05
2.202106230697609135e-07
7.652282874914817512e-06
1.509866979176877066e-05
1.088447097572498024e-04
8.414658077526837587e-05
4.259985871613025665e-06
5.890587999601848423e-06
1.212553343066247180e-06
5.687037401003181003e-07
1.438140060372461448e-07
7.233251380966976285e-06
5.374557076720520854e-06
2.239745981569285505e-06
1.664847445681516547e-06
1.409007808206297341e-07
6.125507638898852747e-07
8.185219257939024828e-07
3.233267962932586670e-01
1.826510727405548096e-01
1.782400249794591218e-05
8.876842184690758586e-05
3.457670800344203599e-06
4.565220592667174060e-07
1.161485769785031152e-07
5.950040758762042969e-06
1.664855275862464623e-08
1.316483007940405514e-06
2.550685530877672136e-05
2.287329152750317007e-07
1.604183808012749068e-07
2.983562552572038840e-08
2.076030341413570568e-06
1.691625470812141430e-07
3.520241023124981439e-07
7.112679156762169441e-08
1.703000584996061662e-08
9.111339238643267890e-08
3.101970378338592127e-06
2.323374737045469374e-08
1.103619183595583308e-06
3.883078534272499382e-07
4.564928701711323811e-07
3.059834625673829578e-06
1.662294657478469162e-08
1.740288325891015120e-06
1.286222186536178924e-06
8.992140010377625003e-07
2.172880542161692574e-08
7.336651606237865053e-07
1.848562715167645365e-05
7.599366824706521584e-08
3.698661146245285636e-07
4.427819533248111838e-07
3.185916170878044795e-07
1.352748668637104856e-08
4.481604776174208382e-08
7.544378632928783190e-08
9.388943908561486751e-06
7.035163207547157072e-07
1.916067049023695290e-06
6.566689989995211363e-06
1.460359868588056997e-07
9.076994444967567688e-08
5.538642255942249903e-08
2.237051006659385166e-07
4.196759562091756379e-07
5.549713932850863785e-08
1.559335828460461926e-06
8.373570636877047946e-08
1.384040047014423180e-06
2.722124570198047877e-08
1.374747512272733729e-06
2.347315444239939097e-07
1.035795165194031142e-07
1.925871629282482900e-06
2.293404577358160168e-08
2.302213943039532751e-06
2.326204935343412217e-07
1.200736399198376603e-08
2.423416560759505956e-07
1.339658228971529752e-05
5.925916866544866934e-06
7.406907798213069327e-08
5.356471319828415290e-07
1.080220783933327766e-07
1.334883279469067929e-07
8.789539407416668837e-08
6.714628852932946756e-08
6.701885922666406259e-06
4.481205451156711206e-07
1.829716609336173860e-07
1.049303932632028591e-07
7.668263037885481026e-07
1.233239146358755534e-07
1.594387413206277415e-07
2.637627767398953438e-05
2.349081107411166158e-08
1.637050104363879655e-07
3.531193826233902655e-08
6.730233081952974317e-08
8.919376881522111944e-08
5.121537469676695764e-06
6.923058037955343025e-08
8.546793992536549922e-07
4.909384642814984545e-06
2.202527227268546994e-08
9.273574619328428525e-07
1.809269178920658305e-07
4.679258935880170611e-08
3.227987832588041783e-08
1.283070361068894272e-07
4.772588795276533347e-07
9.383143151353579015e-08
9.286756608162249904e-08
1.769776076798734721e-07
6.911972150192013942e-07
3.136427437766542425e-07
6.133799246299531660e-08
9.585333060613265843e-08
3.327187130253150826e-07
4.041588113068428356e-07
1.432652993571537081e-06
1.251875801244750619e-06
5.207749381952453405e-06
2.367514184697938617e-08
5.817686599129956448e-08
3.447123333444324089e-07
2.286307143606336467e-08
1.282485051490311889e-08
6.508162755380908493e-07
1.317926745514341746e-07
7.950333724693336990e-08
9.901406201606732793e-07
5.636759851768147200e-06
2.208892269095485972e-08
3.576745655209379038e-08
2.128175538018695079e-07
2.969234742522530723e-07
2.700111600972832093e-08
4.668792641382424335e-08
8.531553419288684381e-08
6.730422885681264233e-09
8.745925583752978127e-08
1.399631628373754211e-07
1.360991497278973839e-08
3.952315807964623673e-07
3.999013642896898091e-06
4.509782229433767498e-06
1.124329003232560353e-07
6.872914468658564147e-07
1.316191628575325012e-06
4.119690402148989961e-07
6.359862858573706035e-09
1.276846806064213524e-08
1.039097355715057347e-06
4.916415150546527002e-07
2.630720700835809112e-06
1.309894770429309574e-07
5.329287660060799681e-07
2.974889525830803905e-07
2.936735299385873077e-08
9.718700511029965128e-08
1.328496495034414693e-07
7.041256910866877661e-09
1.020916968741403252e-07
9.515579435515064688e-09
5.633675215221956023e-08
4.826045341133067268e-08
3.259355096929539286e-08
1.163693809758115094e-06
4.526603788690408692e-06
4.319560673593514366e-07
2.731017545443137351e-08
2.757722086244029924e-07
2.704834400901745539e-07
9.440210391176151461e-08
7.502180778828915209e-07
7.653994202883040998e-07
1.449991913204939920e-07
5.530023372557479888e-08
4.336758152589936799e-08
1.616426992256947415e-08
5.534407776508487586e-08
1.227078740839715465e-07
1.323425635746389162e-07
4.549777941065258346e-07
9.295271752307598945e-08
1.670040177259579650e-07
8.905246318136050832e-07
2.588874394859885797e-07
2.877930569411546458e-07
5.969962302287967759e-08
6.148444526843377389e-07
6.966617860371115967e-08
1.298692041018512100e-06
1.285151629559777575e-08
9.274462797748128651e-08
4.943670433021907229e-07
1.439421595250678365e-07
2.087455897026302409e-08
1.145522332990367431e-06
8.736380863183512702e-08
1.958649704647541512e-07
1.836804273125380860e-07
3.234163159504532814e-08
1.831941887076027342e-08
1.000275005935691297e-06
3.799078740485128947e-07
1.447763082751407637e-07
1.747864530443621334e-06
5.587027089859475382e-07
1.768148223391108331e-07
1.316088003022741759e-07
2.560817335961473873e-07
6.429871035606993246e-08
4.750053506086260313e-07
8.208294488554201962e-09
2.989510790030180942e-07
6.899350069033971522e-08
2.756888477506436175e-07
3.834758501852775225e-07
1.038931287666855496e-07
3.458359643104813586e-08
6.016733067326640594e-08
3.439480167344299844e-08
1.681107733020326123e-07
2.815934863065194804e-07
3.885382398038927931e-07
6.152400601422414184e-06
2.424593219529924681e-07
4.041227796847124409e-08
1.513425559096504003e-06
4.949640697304857895e-06
6.991196954686529352e-08
3.182138641477649799e-07
8.512032763974275440e-06
1.503535713709425181e-07
1.425728157755656866e-07
7.081162767264004287e-09
1.661430246713280212e-07
4.816934051632415503e-07
5.536773187486687675e-06
5.706519914383534342e-07
2.083512953277022461e-07
3.225026432573940838e-07
2.039570468070905918e-08
5.447063813335262239e-07
1.104975169141653168e-07
1.900533277421345701e-07
6.367412765939661767e-07
1.731947634198149899e-07
9.494454644709549029e-08
1.840821965970462770e-07
7.042668244139349554e-07
2.045715632448263932e-07
2.872609705661943735e-08
1.011101673498160380e-07
5.328233143586658116e-08
5.566968042103326297e-08
7.128610235440646647e-08
5.989111429016702459e-08
4.321673685581117752e-09
4.224311211942222144e-08
5.242565848107005877e-08
1.559175899501497042e-07
1.812544425661144487e-08
4.667678149417042732e-05
6.291660525903353118e-08
2.866926536171376938e-07
1.087999771698378026e-05
4.162357072345912457e-07
2.864499606403114740e-07
1.529187727555836318e-07
5.250475965112855192e-08
2.000538614765901002e-07
1.012256120702659246e-06
1.896584365113085369e-07
3.997780027020780835e-07
5.039323241362581030e-06
3.284517546831011714e-08
8.849189470083729248e-08
3.463282700977288187e-05
7.619577502282481873e-08
2.041259605789491616e-08
6.001320684845268261e-07
1.034332854032982141e-06
1.483918254052696284e-06
2.543366690588300116e-07
2.140744300049846061e-06
9.194525318889645860e-08
1.267080023126254673e-07
1.682409056513733958e-08
4.162192453804891557e-06
6.502445160094794119e-08
7.885699346843466628e-07
3.769278691834188066e-06
1.132786792368278839e-06
7.601654488098574802e-07
5.147025490259693470e-07
1.659495154626711155e-07
2.507081262592691928e-06
5.353619059178527095e-08
2.961472205242898781e-07
3.467838723736349493e-06
7.315409220609581098e-06
1.875530841743966448e-07
2.083394747387501411e-06
4.952216272613441106e-07
1.597436130396090448e-05
1.971847041204455309e-06
4.586227362324279966e-07
1.248451653168558551e-08
1.653582017979715602e-07
2.466723856286989758e-07
1.582478603268100414e-06
2.033514867605390464e-08
2.469145670147554483e-07
9.892811192457884317e-08
3.737527975999910268e-08
4.639328032851608441e-09
6.394653695451779640e-08
3.234343921576510184e-07
1.301101438002660871e-04
9.881544116296936409e-08
1.599049994638335193e-07
6.977825819376448635e-07
8.956634900414428557e-08
2.700535048916208325e-07
2.840235424628190231e-07
4.565544386991859938e-08
3.011201215485925786e-06
3.298918898053671001e-07
8.321899827024026308e-07
1.989611746466835029e-07
1.875745567758713150e-07
7.889050721132662147e-06
5.460565830617269967e-07
5.008326979805133305e-07
1.442546022190072108e-06
2.652929424584726803e-06
2.834147494468197692e-07
2.181988278948665538e-08
2.950119259992334264e-08
3.277445870253359317e-08
6.415847852991873879e-09
4.855996849073562771e-07
1.639982194490130496e-08
4.035325957829627441e-07
1.209162974191713147e-06
8.149569339366280474e-07
1.975172608581488021e-06
4.884332724941486958e-07
6.645036076946553294e-09
3.772142918023746461e-07
1.988652620354969258e-08
9.541264489598688670e-08
9.331910177934332751e-08
3.796445753323496319e-07
3.719828445269968142e-09
6.410820105884340592e-07
2.363814246564288624e-06
1.792166699488006998e-07
2.117692347383126616e-04
4.792895538230368402e-07
6.412235364905427559e-08
2.662977522049914114e-06
6.186157861520769075e-07
1.979468379431637004e-06
2.735219162275370763e-08
2.416914810510206735e-07
2.369892854403587990e-06
5.213923941482789814e-07
1.708929175947559997e-08
1.100752271554483741e-07
1.875227617631480825e-08
9.887129408525652252e-07
7.655617650925705675e-08
1.144721366586054501e-07
3.263367176487008692e-08
1.188085434478125535e-07
3.533174464109833934e-08
2.171473028056425392e-07
2.410855870493833208e-07
1.345042477396418690e-07
9.065271910912997555e-08
1.135965774778924242e-07
1.923946797433018219e-07
3.206854728432517732e-07
6.302693236648337916e-06
1.150163711827190127e-06
4.165202227568443050e-08
1.594677883076656144e-07
5.421379682957194746e-07
1.801012814439673093e-07
7.161645498854340985e-08
3.388273626114823855e-07
1.947543023561593145e-05
3.846894003345369129e-07
3.878731291706571938e-08
4.411278453630984586e-08
2.633944973240431864e-07
2.061363204575172858e-07
5.548263715127177420e-08
7.308156568797130603e-08
2.171924364802180207e-07
5.536981095843884759e-09
4.970776146251409955e-08
3.172109757088037441e-07
2.974208541672851425e-07
5.276427827993757091e-08
9.877666684587893542e-09
1.045723024617473129e-06
2.827077594247384695e-07
1.827764073425441893e-08
7.706120754846779164e-07
9.356183738873369293e-08
5.533241065336369502e-08
1.419148958348159795e-07
5.146907824382651597e-07
2.125908849848201498e-06
3.082134769627487003e-09
6.834077908024482895e-07
3.259261660559786833e-08
8.406897904933430254e-06
7.275566531461663544e-07
1.428635414413292892e-07
9.251450450165066286e-08
4.517379181834257906e-08
1.064697812580561731e-06
2.116595965162559878e-07
1.661156723287149362e-08
1.367136974295135587e-06
2.321129066729099577e-08
1.105307660509424750e-06
2.043747997504397063e-07
1.905306845628729207e-08
1.130171796148715657e-07
4.201651336188660935e-06
8.825774955312226666e-08
6.936272143320820760e-07
6.486073402811598498e-07
3.326422470806278398e-09
7.159255233091244008e-08
4.960135768783402455e-08
1.056907592555944575e-07
5.883726927891075320e-08
1.157247737637590035e-07
1.307794173044385388e-05
6.345746594860202094e-09
1.142206613735652354e-07
1.004391151582240127e-06
3.855129548924196570e-08
8.252407042164122686e-07
2.818860878051054897e-07
6.205438012329977937e-07
2.509212393420057197e-08
4.700564772974757943e-07
6.796228717576013878e-06
2.024115453025387978e-08
1.098781012842664495e-06
2.325293309013432008e-07
3.923399560790130636e-07
4.626343184099823702e-07
6.372214755856475676e-08
7.707325835326628294e-07
7.841296678634535056e-07
1.254045855603180826e-06
1.344417455584334675e-06
2.071907516665305593e-07
1.623221947966158041e-07
2.034710888665358652e-07
1.375004927695044898e-07
1.287527169324675924e-07
1.716939550533425063e-07
2.625943125167395920e-06
5.854772098246030509e-06
9.257571491616545245e-07
3.824085226256102032e-08
1.464859593625078560e-07
1.135424781750771217e-06
9.336120854186447104e-08
3.755507194114215963e-08
1.082980588762438856e-06
4.528521003521746024e-06
3.382742761459667236e-07
6.129362191131804138e-06
1.802264293360167358e-08
6.640458849460628699e-08
6.016431939315225463e-07
3.642356887212372385e-07
8.160951381341874367e-08
1.595888932115485659e-07
3.692064964866403898e-08
3.731393576344999019e-07
3.782665487506164936e-07
1.016178202917217277e-06
2.387600090969499433e-07
1.889082028583288775e-07
2.572200173744931817e-06
1.890487908440263709e-07
4.560420041599400065e-09
6.209833003367748461e-08
1.939915108550849254e-07
2.091765338718687417e-07
3.871224123486172175e-07
2.002699375225347467e-07
1.312200339498303947e-07
1.627354038191697327e-07
3.973034836235456169e-06
5.352631546884367708e-07
2.178229330240810668e-08
5.378018613555468619e-06
1.404413865202513989e-06
1.426753755140452995e-07
9.263642652967973845e-08
2.811803767599485582e-08
2.630780954859801568e-06
4.159023774263914675e-07
1.627259393899294082e-07
3.959980432455267874e-08
1.560253622301388532e-06
4.809999865074132686e-08
8.535313611446326831e-08
4.859992230876741814e-08
1.131420575006814033e-07
1.832465912343650416e-08
2.483623973148496589e-08
6.767744054059221526e-08
4.471546333206788404e-08
7.029652948631337495e-08
1.955028437805594876e-06
3.623476686698268168e-06
2.130867414962267503e-06
3.166910573781933635e-07
7.959808812074697926e-08
1.790166521686842316e-07
1.919902615554747172e-06
2.214246421772259055e-07
3.074144387937849388e-07
1.107705784875179233e-07
6.017768949817536850e-09
3.150854865907604108e-08
4.711978078830725281e-07
8.571563739678822458e-06
3.052621032111346722e-04
1.714770633043372072e-06
1.177254489448387176e-07
7.042201559670502320e-06
8.612225883553037420e-07
5.122289437053950678e-08
3.725427575318462914e-07
1.240376423083944246e-05
5.415796167085318302e-08
2.329699384517880389e-07
3.012437632676778776e-09
8.338292190046558972e-08
1.676508532000298146e-08
5.398176128323939338e-08
3.223791722462010512e-08
1.070980104600494087e-08
7.310599681176199738e-09
3.386335265531670302e-07
1.221503538317847415e-07
3.942075110785481229e-08
6.415186604158407135e-09
2.486547190372334626e-09
2.107466379186462291e-08
2.144593835851082986e-08
2.515682808734709397e-07
2.626143391637469904e-08
2.113128942937692045e-07
3.891388189458666602e-08
9.157211167121204198e-08
2.445771940529084532e-08
2.453429814863739011e-08
4.507016981847300485e-08
1.872640922329082969e-07
7.278779357022813201e-09
1.398067638547217939e-06
2.002166729653254151e-05
3.863143547278014012e-07
1.159596507704918622e-07
2.414488733393227449e-07
4.464654352887009736e-07
3.470960336926509626e-07
2.488148425072722603e-07
3.376464121629396686e-07
1.133090063376585022e-05
2.879075111650308827e-07
5.621987497761438135e-07
2.199846676376182586e-06
2.490819497324991971e-07
3.213956389913619205e-08
1.179130304507225446e-08
1.259926740715400229e-08
6.668521845831776318e-10
1.162892804273951697e-08
3.852297592032982720e-09
5.055074439042073209e-07
4.114505358643327781e-08
1.257283201994141564e-07
5.073449216297376552e-08
4.581447228702018037e-06
1.041297537085483782e-06
2.084258085233159363e-05
8.060660547926090658e-06
5.490113380801631138e-06
1.655643718549981713e-04
5.803484327771002427e-06
1.738915489113423973e-05
2.519433292036410421e-05
3.856361672660568729e-06
2.805443557463149773e-07
1.557604178969995701e-08
1.040746610669884831e-06
1.098000552701705601e-06
8.979568519862368703e-07
3.630383815789173241e-08
3.537964516908687074e-07
6.341566631817840971e-07
1.069923541763273533e-06
1.442552843400335405e-06
1.494160551374079660e-05
7.150767487473785877e-06
4.281762073787831469e-07
3.385946229172986932e-06
3.190834377164719626e-06
8.352296572411432862e-05
8.855985470290761441e-06
6.882251909701153636e-06
2.095697936965734698e-06
1.606585087188250327e-08
