8.350137803425639049e-10
5.950114012609475367e-11
9.147755331007090263e-10
1.219183753953245741e-09
1.904523067031149708e-10
3.239376988872777474e-09
8.280164331964101621e-10
4.207694193070210531e-09
2.367163409733308299e-10
4.818292609343188815e-07
6.170840921582154692e-11
8.448949179173936841e-11
9.425592251144365719e-11
1.899327570220599171e-11
7.858436124053014282e-11
1.943060989884060064e-10
2.200852555755972162e-10
4.523776839238102809e-11
6.195078339210624563e-10
8.109714982884597134e-11
4.786400165102122628e-10
2.825813893991835357e-08
5.260716307020629756e-09
1.182292308499199862e-07
1.555722634050127340e-10
8.491604641669425746e-10
6.376875139046944696e-10
6.823209219852799379e-10
8.838612480799312721e-11
3.654353764037665542e-10
8.472542806226002199e-11
1.237194287989629160e-11
1.345192707224995843e-10
3.159266981356267934e-08
2.696007861402449635e-09
4.974743395003144997e-10
1.830218643306125159e-09
2.689365952157629636e-10
4.671289466351424835e-10
1.010216466035274152e-09
2.669626845974715224e-11
1.440260827267891841e-10
7.477994334870174953e-10
5.440779826670905095e-09
4.868131453505952777e-10
5.159690452671839012e-10
2.161583412263468063e-11
8.289076647294280065e-10
1.087440715252796508e-08
5.317403406479570549e-08
1.092705995131559860e-10
1.271956477921776241e-07
1.117480066814557915e-10
2.994721692850532690e-10
4.631024896895041820e-09
3.399897030575971257e-10
3.937288689526141638e-11
2.968078560705578184e-11
1.609008620784280197e-10
5.303855687976977151e-10
8.958869202047026192e-10
2.837325374649424248e-10
6.393974238960709044e-10
9.687831870053287275e-09
8.565749776145992200e-10
6.911899941286492322e-10
3.677640192378817119e-09
1.568293050979718828e-09
2.878732530131600242e-10
1.362190138465280143e-09
1.246193946646823036e-11
3.293760264533318605e-10
4.372052025969352940e-11
8.817132024496743270e-10
2.750108751836677357e-10
6.163770882583463617e-11
4.298536804281383183e-10
5.130280644749518615e-10
1.255099912889079405e-09
1.129474180849854292e-09
2.021224076997896191e-09
1.628949579390859270e-11
7.633706999854439346e-10
6.351265735560218673e-09
1.018920614548335379e-09
8.296115461270403557e-10
2.121548492439728761e-09
3.454625474574868349e-09
1.313776420985846016e-09
1.816037042967622028e-10
2.299286976092940193e-11
2.024568290792672087e-10
1.127336890505148403e-09
4.432915423624450568e-10
6.697464111082851446e-11
1.411124689321141545e-10
3.934840994701538364e-11
1.138434138625576963e-10
1.932825843820040745e-10
1.996540932580614935e-09
1.917577208132570377e-09
3.638927638530731201e-02
3.921716007493358802e-10
5.660607746427182008e-11
5.780762535323447082e-10
7.441225413629126706e-11
2.085480010904916526e-09
1.302740404440783095e-08
2.308943453099843168e-10
3.016818128642739794e-09
1.846575115038717740e-10
2.947006638720495175e-09
2.219829653427041194e-09
3.647369350989748682e-10
2.132061888149294759e-10
8.314407495824127636e-11
8.212371060967171843e-11
4.002804199210174829e-10
1.863892790110455167e-10
1.262328158668779565e-10
1.949606920348401218e-09
1.291849405227196712e-10
1.262723120509789965e-10
9.905594400283490586e-11
6.052484291529935945e-09
4.621737020871208301e-11
8.521946481820918962e-10
3.402097936699988168e-09
1.845834063374240941e-08
1.036783991992251686e-09
5.975684391756885816e-10
1.081487699394756419e-08
2.398697906969005089e-09
8.189127154167863409e-11
3.132613457523802936e-08
4.808436759873302435e-09
1.853135311868925328e-09
2.354062278442370371e-09
2.611168348209957912e-08
5.915847672843810301e-11
1.415046274599873755e-10
2.203835169911627645e-10
4.092861605187181340e-10
1.631938889579132024e-10
1.806706340090613594e-09
1.982138542189204600e-08
3.737678611059891409e-09
1.097594459764650310e-09
3.364034162345319601e-09
1.619250156181806233e-08
5.588192131256164430e-09
4.727038205309952446e-10
3.320779429216713652e-09
2.493518502788560909e-09
6.476002401001323960e-09
6.348274794731878501e-09
1.670216409621616549e-09
3.878920740163493974e-09
9.685610091736407412e-10
4.432623867955953756e-08
1.715745057140338758e-08
1.532720506070006650e-09
8.237349691242457084e-10
2.176434321654596715e-08
3.116052837981442281e-08
2.389242581557482481e-08
1.710672603572049866e-09
9.662494804274501803e-09
1.284778683441345493e-08
6.197149460263062792e-09
1.979365471527216869e-08
1.002871341526656579e-09
2.114689401366831589e-08
4.615267279461932048e-09
6.790987328031405923e-09
5.109131784308829083e-09
5.558165128149994416e-08
4.487124272145592840e-08
8.025434539149500779e-08
7.303921467638474496e-09
1.895789747408116455e-09
2.655715292121385573e-08
8.504949633447722590e-09
1.197264420937926843e-08
7.908516508337015694e-09
5.610737652261832409e-09
4.021992516811678797e-09
2.429015211191654089e-09
2.295800882734511106e-09
3.705650453156295043e-09
7.859283890354618052e-09
1.331775845159199889e-08
3.944426119062427460e-09
2.598240067541723874e-09
2.108200503059265429e-09
7.819141956133535132e-08
5.786233714388799854e-10
6.293663545875460841e-08
1.366257951218585731e-08
3.222485611686920493e-09
1.753206113619398820e-08
1.561988094422872564e-09
1.142664363129597405e-08
8.896381409329023882e-09
4.663244013158873713e-09
4.177683976536172850e-08
6.374109062790012104e-08
7.303154969662273288e-09
3.755387822934608266e-08
5.367394351196708158e-08
1.622468381867747667e-08
3.854150776305687032e-08
1.185934639380548106e-08
4.046901480592168809e-09
3.414646698729484342e-08
1.284123807288040098e-09
1.184121956043782120e-08
1.553888751004706137e-08
5.938144420625235398e-10
4.209048665160253222e-10
1.206677691101276650e-08
8.018331776327158877e-09
5.784452383750249282e-08
1.256297998963873397e-08
3.755116040338180028e-08
3.463790143598544091e-09
4.202098224936889892e-08
6.258926532609621063e-07
1.270321092761150794e-07
1.239599072277997038e-07
4.275089171557056034e-09
1.326149288161104778e-07
3.134956472194971866e-08
4.272841280794636987e-08
4.408954978885049059e-08
1.552163730877964554e-09
3.967327444343027310e-08
4.271657694232544600e-09
4.066145820047495363e-08
1.469009802690379729e-09
7.273961877274359722e-09
2.153837108664902189e-08
3.993959829529103445e-09
4.492245153642215882e-08
3.642750101562342024e-08
4.046245560829220267e-09
1.039275829839425569e-07
7.931397760785330320e-10
4.660647867638090247e-09
3.646023927217356686e-08
6.275439723424369731e-09
5.089232590904657627e-09
1.673925442702284272e-09
1.838149521482534965e-09
1.098210677952238257e-08
1.979101327265198051e-08
1.213560096857690951e-07
1.778229545834619785e-07
5.655857293618282711e-08
1.070960764515405117e-09
9.553274615825557703e-09
5.455650597951944292e-09
8.931847261806069582e-09
4.670844266918550147e-10
6.677861597026435447e-10
4.604792380735744928e-10
2.395354470330346430e-10
1.083905942778073950e-08
1.856536897548721754e-07
1.554116835222885129e-08
2.201665338930069993e-08
7.822732683848698798e-09
1.650292702493061370e-08
6.106124050830885608e-09
8.955939279076119419e-08
6.228606252989266068e-07
4.502558397234679433e-07
1.258568693707218245e-09
3.649347712908479480e-09
8.807333196081401638e-10
1.208349864612046076e-08
3.226001688005908363e-10
2.869752491196919664e-10
1.856158698965160170e-10
2.421806644115065410e-10
2.626121098359135431e-09
9.163280134671936139e-10
6.251590911610094281e-10
1.289853224228920681e-09
1.013844910802141897e-10
2.691270761800979017e-09
8.844119747664080933e-07
1.828540319159799310e-09
3.716957053256919608e-08
2.777565910605517274e-08
5.720592000102442398e-09
3.122591607507274603e-08
1.620121281575848116e-08
5.469194874763161351e-09
7.567903526073394005e-10
5.866679919641626384e-10
5.000340419503146450e-11
8.702865095244760596e-10
1.334826138510436522e-10
1.882191208446570840e-10
4.977612544365683789e-09
8.140729756966891273e-10
9.252986571395283022e-11
5.487655885261233379e-10
1.064646634740817888e-10
1.826013562578054916e-09
4.552132282231724503e-11
2.340763416430746702e-10
1.213536215960431264e-10
4.967140032618999612e-10
7.090073667059826334e-11
1.183054609138478597e-11
6.013033820861934942e-11
6.401464081040586507e-11
2.747602700914342222e-10
7.690347664235375191e-11
1.090858861574339755e-10
1.977669139563431600e-10
7.023315262699725281e-11
2.352053621312855114e-11
1.315355463438194761e-10
4.415630361354061506e-11
5.499516952944816239e-10
1.936430876758876707e-10
1.121472446158344738e-11
8.299197440386762992e-11
1.408199251651254258e-10
1.452349573938249705e-09
3.845575247130028629e-11
1.246314051961405767e-09
1.985928504977252373e-10
2.580424762754773838e-10
3.504123657904756328e-10
1.020293086129164806e-10
1.474480541219236329e-06
1.489875648985616863e-05
4.143933836076030275e-07
1.324908680544467643e-06
4.406074367580004036e-05
1.382829140084140818e-07
6.907116585352923721e-06
3.279155353084206581e-04
1.026741447276435792e-04
4.652237350910581881e-07
4.526764598722365918e-07
7.835713233816932188e-08
9.883925486064981669e-06
1.014141957966785412e-06
1.876581563919899054e-06
7.588932930957525969e-05
3.435153814734803746e-07
8.588293409772518316e-10
4.068771430887352381e-10
3.595436837144916353e-09
1.778519553852220270e-09
4.089685812225241079e-10
2.002612742302289917e-09
5.578181916376934169e-09
5.226385013656908995e-08
1.509288249934570558e-10
1.163311669216682276e-08
1.214024223372689448e-07
2.341221261303871870e-08
1.019624495945947729e-09
1.132168137019107235e-09
8.155898734152344787e-10
1.088513545965952289e-08
2.349725392036816629e-08
1.491867296365967377e-09
4.583206703046016628e-08
1.338643640380610123e-09
3.584198771111601900e-10
7.789047185013941998e-11
8.970411635722541632e-10
4.893229155200629066e-10
1.536393900991583905e-09
9.770720899027196538e-10
3.786462532406886794e-10
1.435672275507116069e-10
6.480879721770804736e-10
3.510640561580657959e-02
9.278907179832458496e-01
2.066327248195776178e-10
4.517760887612354281e-10
4.610093640167178819e-09
3.706687456972446171e-10
4.396111807913882785e-10
5.576019646014174214e-10
4.302447287329869141e-11
5.343578912686552940e-10
6.994953061223441182e-09
9.126036037976348325e-11
9.297709824274136281e-11
2.404152876778198333e-09
1.755125680347191519e-07
1.277561945123295573e-09
1.168872021395372940e-08
3.479782018089849771e-09
4.130654707168446294e-10
2.208503158129815347e-09
9.859879668283610954e-08
1.909966185209555078e-09
6.994166135143586871e-09
5.489406706971067251e-09
1.183796705106487934e-08
9.783289733888977935e-10
4.895998884091312675e-11
8.740598467227300716e-09
2.520632769176245347e-08
8.417507246782918173e-10
2.760893458297886127e-10
6.099140303916783523e-09
3.501683636386587750e-07
6.003147423605526001e-10
1.071517186090886753e-08
3.761967626303430734e-09
8.228226433537599860e-10
1.619956613296835712e-09
2.356397021952005844e-10
4.932538266722019671e-10
1.392831023849794292e-07
1.064332511013788007e-09
1.921275583072201698e-08
4.310709300625603646e-08
3.417942151529018702e-09
8.633113113276635886e-10
5.503179578703054631e-10
1.320983500363581697e-08
8.022511366334583727e-08
2.621926897816706514e-09
2.237053386977549962e-08
9.149866420088414998e-10
9.462492123191168503e-09
2.285786449007787269e-09
1.199120873707215651e-07
8.175928267739607236e-10
2.842629687194175858e-09
4.277544540798317030e-09
1.203141891670256314e-10
7.672422697169167805e-09
6.601060142941150843e-09
2.677792709793180848e-10
7.515561506465928687e-09
1.100411761711939107e-09
4.456374380623628895e-09
1.858074943905663190e-10
6.241014371966002727e-09
1.217705603018259808e-09
7.353782915942019827e-09
5.854596807353118493e-10
7.562362958069002161e-10
5.658274204733970691e-08
1.100124293884618965e-07
3.540957083103535297e-09
7.393231804542210739e-09
1.067764765494416679e-09
5.862275997969845776e-09
1.722409992410689483e-09
7.144129199332382996e-07
4.107008066966955084e-10
8.884341262671568984e-09
1.555679030040835187e-09
3.234436329879741834e-10
1.165514240675236124e-09
9.184071281254091446e-09
1.135607341495870060e-08
2.465856319133763463e-08
7.798881540566071635e-09
1.202757116125496850e-09
1.295215157348650337e-09
1.514615322051326984e-09
1.762229390189773426e-10
1.830155804682931375e-09
8.514607685583541752e-09
5.564314342620946263e-09
3.461993580700095663e-09
7.448390348940847616e-09
7.940645918580457874e-10
8.600526513191653066e-09
1.585267028758607921e-09
4.387944174677471665e-10
3.564219364093901277e-09
5.016585369332915434e-09
1.775212510324308823e-08
6.935736984736706745e-10
4.488819271841748559e-08
1.431262774964636719e-09
1.337071786622345826e-09
2.855933489698259109e-09
4.808746179030265466e-10
5.513633438702925105e-10
2.818843596041897825e-11
2.118900610525997763e-08
3.677577131711018410e-09
1.730649401565642620e-09
4.542316522915257337e-10
3.241158808009458880e-08
2.316293157278437320e-09
3.716555951882583031e-10
5.951867887432626958e-09
8.681942387234187208e-10
5.554270376961767397e-10
2.560593126421650823e-10
1.036195018677688040e-09
4.285585775143374576e-10
3.406747328682513398e-09
1.167319130246369241e-08
6.365989513312797499e-09
1.162286977773874241e-08
2.693520286811690312e-07
1.047118871611019131e-06
1.120359693906891607e-09
6.928547957585351469e-09
2.269699095336363825e-09
3.764063283284713179e-09
1.368162805270856097e-10
2.509770169467628875e-09
1.855247511173274688e-08
3.997192976612495841e-08
2.388103403916375100e-08
9.606258011274348974e-10
2.923844055757740534e-09
1.017565032235268063e-09
2.118608621870521347e-09
3.439903695223733848e-09
8.442160748245441937e-09
1.415162875773035012e-09
8.820467023440414778e-09
2.935112985991139567e-10
2.918801422779893073e-09
8.400581619216751506e-11
5.380457746007039077e-10
6.892889037324323454e-10
9.934553624191266863e-09
3.686636773636564612e-09
1.668745253091685754e-09
3.564355477436720321e-09
8.850717492236981343e-09
1.565771334810506232e-08
5.014815229742453084e-09
1.029176965872125038e-09
2.274230803678278789e-10
2.438511614855087828e-10
1.431290086451042498e-09
8.835296938514147769e-10
1.090333268116694398e-09
1.602238230979935452e-09
5.290803795077181348e-09
9.227669295341911493e-09
2.063453408140958345e-09
1.678186811737703010e-09
9.117224308852200920e-09
1.580835373715672176e-08
1.303645102979089643e-08
4.449548285379023582e-08
2.662247489126912114e-08
1.126797433137483040e-09
4.906474337929012108e-09
6.278130237902246336e-10
7.822680003766180334e-11
1.128948601269996743e-09
2.062233495081500223e-09
1.640865499030752517e-10
8.882274471488926793e-09
3.251458824404807046e-10
1.294250306926869598e-08
1.235307411917574427e-08
5.016860260553812623e-10
1.933216642324708801e-10
1.112245939793865546e-08
6.110641992407295220e-10
2.124952991344741804e-10
2.376805641191026552e-09
5.842852424109423737e-09
6.848167366513280285e-09
1.197327792468172447e-09
1.635217516948728189e-09
2.954074984629073697e-09
1.030990848249757619e-08
1.265119398130565287e-10
3.043362672983107586e-09
7.313205152570390055e-09
9.156504887641858659e-09
3.216719335341622354e-09
3.172875018275789216e-10
2.135954080273450018e-09
1.746303435190554865e-09
4.115443402730178946e-11
2.321530079285594184e-09
1.003918548292404012e-08
8.628393999288164196e-09
1.194237952972798666e-08
1.603357224766455147e-09
4.996293601067236523e-09
6.239634142701788733e-09
2.085620209868466191e-08
6.247395378800035814e-10
5.832085925305818819e-09
4.559353783406550065e-07
2.999994030972175096e-09
9.230463615672590549e-10
2.634915063914888833e-10
6.764770077438697626e-09
7.611844488053520763e-09
1.978000341296137776e-07
1.435153595963356565e-08
8.525083972088509654e-10
1.074144506674201693e-08
1.224268353361424033e-09
9.079857421490089564e-10
1.085392886679414914e-09
6.719296230528470915e-10
1.171397978616539604e-09
4.658539110025117225e-10
7.240519295237390907e-09
9.347038698592768924e-10
5.299681582471293950e-09
5.351840637324301042e-10
6.449976108768851191e-10
3.438139328792999549e-09
1.663339910251693254e-09
6.984084421901570749e-10
2.275202387602703880e-10
1.737286980940666581e-09
8.955281516342949999e-10
4.732776393012727567e-10
1.241085789693840979e-09
3.289178929222202896e-09
6.059319157536435796e-10
3.948430471467645475e-09
2.134321164248831337e-09
2.653269959296267189e-08
1.343276245791003021e-08
7.934110257679094502e-09
2.541662347255169152e-08
4.047709944998700848e-10
5.411777137531714743e-10
8.373236326519872819e-09
2.812632571291828754e-09
2.187328540514954511e-09
7.655802214401319361e-09
7.239511212731031264e-09
1.439250940649117183e-09
1.741882527106497491e-09
6.940431944713054691e-07
6.373084282529362099e-09
1.426670226400972297e-09
2.097809641554704285e-07
2.483926309082562511e-08
1.574041696983385918e-08
1.556193218732460082e-08
1.829175144685279975e-09
2.030642143324712379e-08
1.122555798316327014e-10
2.512279717592491579e-09
5.456191498609541668e-09
1.854171260973203061e-09
2.574551238865296909e-09
4.749417747973438964e-09
3.740880938352120211e-09
1.027082641158472143e-09
3.333352438517067640e-08
2.357665840335698704e-09
4.860694957642408554e-08
5.404691139077044681e-10
8.719613364682743395e-10
3.690323158167529982e-09
8.210598423374904087e-08
5.982687123484708991e-10
1.657430415136218471e-09
1.929673754119676232e-09
8.910072324397333432e-08
1.087079848360872347e-08
1.138103211673069382e-08
6.262722979100132648e-11
5.557831417313252587e-10
1.411079475488463686e-09
1.332004462284430701e-08
7.361908860303856272e-09
1.481898825872463021e-09
2.723704872753529571e-10
3.031087159044432155e-09
3.067780751653259586e-10
1.311703190509660999e-09
1.233773860853659698e-09
3.764684208817925537e-07
8.996026701346693244e-10
4.668459396839352848e-09
4.816018250863862704e-09
2.598744552884113546e-10
1.599597010404352204e-09
2.263301102090053973e-09
3.460473296801325205e-10
1.093479156111243356e-07
1.845435249059335092e-09
2.785050945419698110e-08
1.502314148638106417e-07
4.553152965769413640e-09
2.594433290425968153e-08
7.670764579081890133e-10
2.825780054394044782e-09
1.593236098607064832e-09
3.019133743009660975e-08
1.005240690687969618e-08
1.925584275364045084e-10
1.288901430029909534e-09
4.062066683019338598e-09
1.933655596753069972e-10
1.644375302589651255e-09
4.619360172153363919e-10
2.561308498627568042e-08
4.806291364900516783e-09
1.621237188942359353e-08
1.847711494917803066e-08
7.244179034415765273e-09
9.518512644746124352e-10
2.716608493713579264e-09
2.247929176135698981e-09
1.345921568640662258e-10
6.925914841637847985e-10
2.217455552511182759e-09
2.637499663116216198e-10
2.247390007426020020e-08
1.073541824325729976e-07
2.119683761847568348e-09
2.191942485296749510e-06
2.253957021025598806e-09
2.097975793091677588e-09
7.995869566457258770e-08
4.575073209167612731e-09
3.422771399641533208e-08
8.080598412618655857e-10
1.094538126800159716e-09
1.678167493857074533e-09
1.656627723889414483e-09
1.322565390537988606e-10
1.037097074885195980e-08
1.853010522800957460e-10
5.110333134439315472e-08
3.058243791542736290e-08
6.597632995486435448e-10
2.575964719309098427e-10
7.105527721762427973e-09
1.543939837089780553e-10
1.554777195877932172e-09
6.772645111396968787e-09
3.960415551063078965e-09
1.918608605322447147e-09
1.069591082369925061e-09
8.125407902070946875e-09
2.333054460734729219e-08
5.420418602852805634e-08
1.538432670145084558e-08
7.534474710801930541e-10
9.419778734809369780e-09
5.572039185608446132e-08
1.065933452615297483e-09
5.587166285181410785e-10
4.256782037970197052e-09
1.176090336230117828e-07
1.078441158597343019e-08
4.885516990960070416e-10
6.690716425339360285e-09
1.563568052809216624e-09
3.715622476363478199e-09
2.002585874905093988e-09
6.438483635129443883e-10
1.350814482492523894e-08
1.031505769688578766e-09
3.812008486647755490e-09
3.777908652580208582e-09
3.399005876758565137e-08
1.094066393036996487e-09
7.640505589323609570e-11
1.383425152212680587e-09
8.219301905754150539e-10
3.943310400433830409e-10
3.430560280293093456e-09
2.097095608277754764e-09
1.701307761337034208e-09
6.135364993831160518e-10
1.819855821594273948e-09
4.440186440746174412e-09
6.905021554537427164e-10
4.325729996423888224e-09
1.453973830223276309e-09
1.007867034275022888e-08
1.955864981084687315e-08
1.637684299282682332e-08
3.851713947788937276e-10
5.615413689596948643e-10
2.612223104492272796e-09
1.286776685205381909e-09
4.435596612228920321e-10
4.171893053239728033e-09
1.300507201928979839e-10
6.161179122443627421e-09
1.565038099116122794e-10
2.133500667800269923e-11
3.904564449541680915e-10
4.610087245282556978e-08
1.329965249041720199e-09
1.517577352672105917e-08
1.308969075353161315e-07
5.096729704945346384e-10
1.636153545980789659e-09
2.143030197743200915e-09
1.500643054264116927e-09
1.732902044082607063e-09
2.239612800769563705e-10
1.132066662634656495e-09
1.847500798179968484e-11
4.545681608902896187e-09
4.878360471138876164e-08
2.637948748329677073e-09
9.661554223328039370e-09
9.743549300722520456e-10
2.030239265593536402e-08
3.166534590093306178e-09
1.046152053874038756e-09
1.023904183661272782e-09
1.277342676075932104e-09
4.571174105905129181e-09
1.329276155814795857e-08
4.266167419331168276e-10
1.571026420066345963e-09
2.641951768467265538e-09
1.784249015202021837e-08
2.198400750330620212e-08
6.252993500766024226e-08
2.416477296041108502e-10
2.648208941025131935e-08
1.823024931013605965e-08
5.250031076542427400e-09
7.740370566722276635e-10
1.710716013292312709e-08
3.151777949739198448e-09
5.438344174990561442e-08
6.559492060631555432e-09
4.125114028141751987e-09
4.777871986938464488e-10
1.871988564161597424e-09
7.871856055885473324e-09
5.406876613101019302e-10
3.606664411570648099e-10
1.632440960186443135e-09
7.049307981787933386e-08
1.164028096134472889e-09
4.911644779781454417e-08
7.863767415017264284e-09
3.757112398972139999e-09
2.002311916271537484e-08
2.283032651817507031e-09
5.493467902795146074e-10
3.352107924570191244e-09
3.040583562707865894e-09
4.822140020621645817e-09
5.806180425338425266e-09
2.764730888671351750e-09
7.225711695646452881e-10
3.092887057576376719e-09
3.614808719021311845e-08
2.346356664517657009e-09
1.248488645799739061e-09
1.953523742770357785e-08
3.052011143811483862e-10
4.317056712110911576e-10
4.220932936505050748e-09
4.128735131558869398e-09
1.733023308192471745e-10
1.372476710059800098e-08
1.331255194969571676e-08
1.110615155397454146e-09
7.193684536943578678e-10
1.771712447862228146e-07
6.653061657146963626e-09
2.253751674174964137e-08
1.057291365569312802e-09
2.473103943856358455e-09
2.809234977974028880e-08
2.169238788596317136e-09
1.352043366154020987e-09
1.868452337294712606e-10
5.955092863274558113e-09
1.018874096203603585e-09
5.779320577659063929e-09
2.010273197905476650e-10
4.410206422278406535e-09
1.810124605761131988e-09
1.057583687291696606e-09
1.578309962724233628e-07
1.762334389532327350e-09
8.834993847628425101e-10
4.848461188089459029e-09
2.156616041304459941e-08
1.361999295568239177e-07
6.561418963713094854e-09
1.588349007874967356e-08
5.198931507521820095e-09
8.683747054760715400e-10
2.593017134344677288e-09
1.598472465502709383e-08
7.208027952287920925e-09
5.324949370333342813e-10
5.653166268437814779e-10
2.629318762714660807e-09
4.350677595965635192e-09
3.024003717655432411e-06
1.177177022526620931e-08
1.882844713474440823e-10
5.520176387108222116e-07
3.459302178043799358e-08
1.108943514793736540e-08
7.753860886694496912e-10
7.121402578746938161e-09
9.040198034604429722e-10
2.920908315218184725e-08
2.171029744868491207e-10
3.733187925458736345e-10
3.683668647891380488e-10
1.141319927455697325e-09
2.989442582368440071e-10
3.931225484032907502e-11
3.051048996782768086e-11
1.673552851855220069e-08
3.377619073319237941e-09
3.990683339338829683e-10
2.347134153701802006e-10
3.077190585676348178e-11
6.151019693589887538e-10
8.518935556978135537e-11
3.840470164107046003e-09
3.073831189581710532e-10
1.689691608852683657e-09
8.730264289269484834e-10
1.437928331959881234e-09
5.742311071088579411e-10
1.090976087247952364e-09
1.361372015118433865e-09
1.840731678193208154e-09
1.567700858018383769e-09
1.011745687229392843e-09
1.441317643013917404e-08
2.065051685207208720e-09
1.034325070037311889e-09
7.107574973019836762e-09
4.896853589286820352e-09
9.363348985047537099e-10
2.028693879552179169e-09
9.934250755350149120e-09
4.914125995014728687e-09
7.710325711229870649e-10
1.743261757169989323e-09
3.509899926257276093e-08
7.264584489519165800e-10
1.726731257978286749e-10
2.915785612955801298e-09
1.368836294313169333e-10
3.263218167903758626e-11
1.394139248489523197e-10
1.124435058952322208e-10
3.755493693802236521e-09
2.470445181756986130e-09
1.095455459676486498e-08
2.712734481491452243e-10
9.942824163999830489e-08
2.726290837529177224e-08
5.967000049622583902e-08
3.596506426006840229e-09
1.039692136828307412e-07
1.383365884066733997e-07
2.350214067803335638e-08
2.674963752724579535e-07
3.570458488866279367e-07
5.912800560281539219e-08
1.071190158796753167e-08
1.443024921776725478e-09
7.305388294298609253e-08
1.046591147080278006e-09
6.594796531089741620e-08
1.576329344832316792e-10
1.048020836780239051e-10
5.430857541455225146e-09
1.468259180903430661e-09
3.391647407369191569e-09
3.991583952256405610e-09
5.793787671848349419e-10
2.873356552690609078e-10
3.025892869601420898e-10
8.239691151601391539e-10
2.317751546243584926e-09
4.869552538977472977e-10
7.019002740138446939e-11
8.151392449917693739e-09
1.523553838644886582e-09
