1.076423632184742019e-05
5.064612560090608895e-05
5.976892680337186903e-06
5.347835667635081336e-06
3.951656708522932604e-06
1.899974449770525098e-05
9.326969120593275875e-06
1.914487220346927643e-03
2.511412370949983597e-03
1.163193519460037351e-04
3.246835840400308371e-04
1.283852761844173074e-04
3.045232733711600304e-05
1.260139106307178736e-04
5.994394887238740921e-04
1.214576041093096137e-04
4.455119051272049546e-05
2.007902367040514946e-04
4.214123691781423986e-05
8.876930951373651624e-05
5.190294541534967721e-05
2.858822153939399868e-05
3.395017847651615739e-05
6.007191259413957596e-04
8.262279443442821503e-04
8.484587306156754494e-05
5.503804422914981842e-04
2.333761221962049603e-04
1.368911325698718429e-04
2.368184213992208242e-04
2.914940523623954505e-05
5.573361995629966259e-04
1.922653173096477985e-04
4.725264807348139584e-05
2.231978214695118368e-05
7.608407759107649326e-05
1.615286309970542789e-04
8.398988575208932161e-05
6.240917136892676353e-04
1.229314366355538368e-04
8.161143050529062748e-04
1.304711768170818686e-04
1.452829019399359822e-04
3.315871290396898985e-04
1.407542877132073045e-04
7.540161277574952692e-06
2.723991055972874165e-04
1.540139928692951798e-04
4.047063703183084726e-05
6.457076233346015215e-05
7.193126657512038946e-05
7.542045932495966554e-05
3.907932550646364689e-04
7.799376035109162331e-04
2.302631219208706170e-05
5.386518896557390690e-04
1.776639510353561491e-05
5.470927135320380330e-05
3.828733315458521247e-05
1.818574150092899799e-03
1.795326475985348225e-03
4.752461973112076521e-05
4.486471880227327347e-04
2.598262799438089132e-04
4.142292309552431107e-04
3.603372897487133741e-05
9.513498662272468209e-05
1.105197152355685830e-04
7.306826591957360506e-05
1.164672066806815565e-04
3.568309824913740158e-03
1.579937874339520931e-03
5.480070467456243932e-05
5.554257659241557121e-04
8.111065835691988468e-04
2.477149973856285214e-05
1.159135063062421978e-04
1.163780470960773528e-04
3.179863851983100176e-04
2.296100603416562080e-03
5.188705836189910769e-05
2.052116178674623370e-05
1.070250291377305984e-04
2.798943569359835237e-05
2.407991996733471751e-05
5.507177411345764995e-05
1.303227472817525268e-04
3.209777351003140211e-04
8.341725915670394897e-04
7.583227852592244744e-05
1.191603834740817547e-03
9.176799721899442375e-06
2.230572818007203750e-06
3.810047637671232224e-04
1.340563315898180008e-02
1.432673616363899782e-05
4.819657478947192430e-04
1.458719725633272901e-05
1.806769915901895729e-07
2.613853030197788030e-05
2.863963163690641522e-05
1.516037445981055498e-04
4.097235887456918135e-06
2.109419256157707423e-05
2.369226567680016160e-04
1.435229496564716101e-04
1.222819118993356824e-04
1.495425822213292122e-03
6.668583955615758896e-04
1.237939228303730488e-03
4.851606499869376421e-04
4.793572297785431147e-04
1.501367543824017048e-03
8.634551428258419037e-03
8.025075308978557587e-03
1.640485483221709728e-03
3.794050309807062149e-03
3.999822365585714579e-05
1.142794717452488840e-04
7.476294558728113770e-05
8.524011936970055103e-04
2.354354182898532599e-05
3.664999094326049089e-04
3.156135207973420620e-04
1.600938616320490837e-03
2.398099983111023903e-03
1.015909947454929352e-03
6.926807145646307617e-06
6.336549995467066765e-05
3.756840596906840801e-04
1.116543353418819606e-04
4.475572495721280575e-05
1.622089985175989568e-05
1.627702840778511018e-05
8.549917765776626766e-06
1.493186937295831740e-05
4.206982266623526812e-04
1.820028273868956603e-06
7.377543079201132059e-05
3.410869169329089345e-07
1.755901621436350979e-06
1.366651417811226565e-06
2.848341864591930062e-07
3.528072284098016098e-06
8.807308404357172549e-06
7.738481144770048559e-06
4.019064817839534953e-06
2.080439571727765724e-06
4.902729870082112029e-06
6.881678018544334918e-06
2.685633944565779530e-06
1.846706436481326818e-04
1.292298657062929124e-05
6.737979856552556157e-05
2.140479045920073986e-05
1.784610685717780143e-05
4.996241477783769369e-05
4.624219582183286548e-05
1.763822547218296677e-05
2.423865371383726597e-04
3.338945680297911167e-05
7.963518874021247029e-05
7.326395007112296298e-06
4.925430985167622566e-04
2.631333154567983001e-05
6.484821642516180873e-05
3.396243846509605646e-05
5.943873020441969857e-06
4.364730193628929555e-05
3.587067840271629393e-05
6.995457169978180900e-06
4.905819514533504844e-05
1.059414498740807176e-04
8.182691999536473304e-06
7.626518254255643114e-06
6.358171958709135652e-06
1.342690302408300340e-05
2.820454392349347472e-05
4.549528966890648007e-05
3.353639622218906879e-04
1.988361909752711654e-04
7.649922736163716763e-06
1.234603678312851116e-05
2.643728657858446240e-05
1.308176615566480905e-05
4.794631095137447119e-04
3.879616269841790199e-05
3.908925864379853010e-04
1.277451065107015893e-05
1.363958872389048338e-04
1.552732464915607125e-05
5.172453893464989960e-05
1.799538949853740633e-05
2.846316601790022105e-05
2.039427954514394514e-06
6.877911800984293222e-05
5.249531022855080664e-05
2.821288580889813602e-05
6.056179699953645468e-05
1.451466323487693444e-05
4.159720265306532383e-05
1.091208196157822385e-05
1.383125800202833489e-05
3.173674340359866619e-04
2.932663301180582494e-05
6.139489414636045694e-05
2.672913251444697380e-05
3.590834603528492153e-05
1.258487754967063665e-04
1.808809611247852445e-05
3.108175633315113373e-06
1.356935390504077077e-04
1.096022424462717026e-05
3.117024607490748167e-05
1.171594558400101960e-04
4.031839489471167326e-05
1.422407949576154351e-04
9.275636330130510032e-06
3.101337642874568701e-05
1.435165177099406719e-04
6.392231443896889687e-05
2.939773003163281828e-05
1.109233853640034795e-04
2.306125497852917761e-05
2.031455660471692681e-04
1.156149755843216553e-05
6.969487003516405821e-06
4.574259219225496054e-05
4.029533010907471180e-05
3.349150574649684131e-05
1.121159220929257572e-05
6.615577876800671220e-05
7.906073005869984627e-05
1.242435391759499907e-04
1.414950529579073191e-04
1.605802681297063828e-04
1.971956371562555432e-04
1.196024022647179663e-04
9.764256537891924381e-05
2.643373227328993380e-05
3.458210267126560211e-05
4.152316614636220038e-05
3.302014738437719643e-05
6.544196367030963302e-05
2.793163876049220562e-04
1.099101791623979807e-05
1.015370435197837651e-04
3.464386463747359812e-05
3.307348742964677513e-05
2.603820175863802433e-04
2.191677776863798499e-05
1.831500230764504522e-05
7.778187864460051060e-05
1.802636143111158162e-05
1.069044446921907365e-04
1.507618799223564565e-05
9.378527465742081404e-05
8.306154632009565830e-05
9.275079355575144291e-05
1.641320268390700221e-04
4.621206608135253191e-04
6.807107274653390050e-05
6.913871766300871968e-05
1.062531282514100894e-05
5.414265615399926901e-05
1.633989304536953568e-04
2.734245299507165328e-06
2.108691114699468017e-05
1.175991656054975465e-05
3.607457620091736317e-04
8.704479841981083155e-05
2.481453338987194002e-05
1.392347621731460094e-05
5.542922735912725329e-05
5.168545976630412042e-05
1.308652008447097614e-05
6.105146167101338506e-05
9.791854245122522116e-05
1.188797887152759358e-05
4.540958980214782059e-05
8.271929254988208413e-05
7.927307160571217537e-04
8.804268436506390572e-04
2.497801615390926600e-04
3.125569128314964473e-05
1.680230343481525779e-04
1.952972233993932605e-04
4.429898108355700970e-04
8.417199132964015007e-04
5.251358379609882832e-04
7.876516319811344147e-04
5.027057603001594543e-03
2.961239079013466835e-03
2.162846649298444390e-04
5.768533810623921454e-05
2.642096951603889465e-04
9.868101915344595909e-05
5.741358734667301178e-03
6.766380829503759742e-05
1.366707001579925418e-04
9.872215014183893800e-05
2.199476119130849838e-03
2.913467506004963070e-05
1.569756568642333150e-04
1.902259420603513718e-03
2.834984661603812128e-05
2.641677274368703365e-04
1.346386998193338513e-04
3.078089095652103424e-03
6.737845391035079956e-02
8.835348486900329590e-02
1.291532302275300026e-03
4.811168473679572344e-04
1.948452321812510490e-03
5.574996612267568707e-05
7.745082257315516472e-04
1.474055025028064847e-04
5.042198463343083858e-04
1.439872314222157001e-03
9.792634518817067146e-04
1.418884057784453034e-04
4.381423350423574448e-04
2.556569525040686131e-04
1.037077396176755428e-03
1.737850834615528584e-03
9.777382016181945801e-03
1.092527454602532089e-04
5.704605719074606895e-04
1.267722109332680702e-04
7.178341184044256806e-05
3.571497218217700720e-04
1.488282869104295969e-04
2.289702824782580137e-04
5.683842027792707086e-05
3.883465979015454650e-05
1.927526463987305760e-04
1.373255145153962076e-05
5.715237421100027859e-05
2.067131572403013706e-04
4.380560130812227726e-05
2.688395325094461441e-04
1.786000793799757957e-04
1.079994326573796570e-04
5.467518349178135395e-06
7.518548227380961180e-05
4.081672886968590319e-05
1.537742537038866431e-05
2.125189348589628935e-05
2.368804052821360528e-05
2.741368007264100015e-06
6.086760549806058407e-06
3.630770152085460722e-06
5.366616460378281772e-05
5.970834172330796719e-05
3.357737732585519552e-04
8.310971315950155258e-05
1.469050621381029487e-04
5.748066905653104186e-05
1.907923615362960845e-05
1.099573637475259602e-05
6.927289177838247269e-06
1.211613707710057497e-04
6.792345084249973297e-05
4.239308691467158496e-05
3.915962879545986652e-04
2.779719652608036995e-03
9.132784325629472733e-04
5.781650543212890625e-04
3.421935834921896458e-04
4.962080856785178185e-04
5.804453394375741482e-04
3.350737097207456827e-04
1.335185370407998562e-04
2.058736979961395264e-03
1.776371937012299895e-04
2.324431115994229913e-04
2.415893104625865817e-04
5.451882607303559780e-04
6.496889400295913219e-04
1.488439156673848629e-03
1.111266436055302620e-03
1.755947887431830168e-04
1.069898251444101334e-03
1.371202524751424789e-04
5.156422266736626625e-04
6.178396288305521011e-04
1.124779009842313826e-04
4.172026456217281520e-05
3.365568045410327613e-05
3.144939910271205008e-06
9.059984586201608181e-05
2.082378841805621050e-06
5.646929639624431729e-05
2.027124573942273855e-04
9.892883099382743239e-06
4.197244379611220211e-06
1.525345032860059291e-05
1.637631976336706430e-05
4.497427653404884040e-05
5.704698269255459309e-04
1.309060899075120687e-04
1.816133408283349127e-05
8.863772563927341253e-06
1.179604396384092979e-06
4.941764473187504336e-07
1.326905749010620639e-05
3.402370930416509509e-05
5.077285550214583054e-06
1.882894139271229506e-05
2.393074646533932537e-05
1.030417333822697401e-04
1.499483769293874502e-04
2.750123385339975357e-04
5.343640168575802818e-06
2.021670108661055565e-03
3.931688144803047180e-03
7.542009552707895637e-05
1.762393396347761154e-03
3.594267400330863893e-05
5.276572192087769508e-04
1.600068571860902011e-05
1.663204457145184278e-04
1.025092296913499013e-05
1.092915044864639640e-05
9.825196684687398374e-06
1.210299524245783687e-04
8.707183042133692652e-06
8.162622179952450097e-06
5.244109779596328735e-04
8.149834320647642016e-05
1.926563300003181212e-06
1.226619206136092544e-04
1.554708978801500052e-05
1.500272483099251986e-04
1.125651528127491474e-03
6.247801502468064427e-05
6.796232355554820970e-06
1.923636045830789953e-05
1.202886196551844478e-04
4.335164703661575913e-05
4.436127346707507968e-05
2.210479578934609890e-05
8.447358595731202513e-06
6.485685007646679878e-04
5.640204562951112166e-06
1.151300311903469265e-04
2.049265749519690871e-04
8.232972322730347514e-05
3.167612105607986450e-02
2.571628829173278064e-05
8.430454272456699982e-07
1.822863268898800015e-04
1.394831459037959576e-03
5.049900501035153866e-04
2.343272899452131242e-05
5.592001616605557501e-05
1.924775715451687574e-04
1.293806126341223717e-04
1.603175333002582192e-04
8.068932947935536504e-05
5.388556019170209765e-06
1.576068025315180421e-04
4.074857133673503995e-05
1.830028020776808262e-03
3.824556551990099251e-05
3.554784052539616823e-05
1.486303517594933510e-05
1.657621032791212201e-04
2.182585740229114890e-05
7.239127444336190820e-05
1.510376203805208206e-02
5.327672170096775517e-06
2.533892256906256080e-05
1.802512997528538108e-06
8.223233744502067566e-04
1.307018101215362549e-05
1.065602100425167009e-05
2.598291075628367253e-06
8.159967837855219841e-04
4.234143034409498796e-06
5.072856947663240135e-05
3.623535740189254284e-04
2.381397825956810266e-05
7.739625289104878902e-05
3.506818302412284538e-06
3.462942686383030377e-06
3.281003728261566721e-06
2.063677180558443069e-03
6.856153486296534538e-04
1.518409792333841324e-02
9.971449617296457291e-05
1.483938285673502833e-05
2.083627332467585802e-04
8.568712655687704682e-05
2.141309960279613733e-04
1.394633363815955818e-05
3.269157023169100285e-04
3.603110235417261720e-05
4.620591789716854692e-05
5.200603045523166656e-04
1.497994981036754325e-05
2.407097257673740387e-03
2.545783936511725187e-04
4.601469481713138521e-05
3.784381551668047905e-04
6.383142317645251751e-05
3.861545817926526070e-03
8.313052239827811718e-05
2.676236908882856369e-05
3.538724195095710456e-05
3.251694579375907779e-06
2.461611802573315799e-05
5.895368303754366934e-06
5.163523383089341223e-05
4.098699355381540954e-05
4.365883942227810621e-04
5.287386738928034902e-05
3.139572800137102604e-05
4.429553882800973952e-05
5.872361944057047367e-04
7.588020525872707367e-05
4.469341001822613180e-05
2.569745993241667747e-05
4.301653825677931309e-05
2.538727712817490101e-04
6.391505849023815244e-06
4.072145384270697832e-05
2.709664113353937864e-05
6.652538286289200187e-05
1.917768269777297974e-03
3.870050568366423249e-05
1.074471438187174499e-04
2.317234429938253015e-05
1.239934208570048213e-04
4.793746029463363811e-06
1.719436909297655802e-06
1.967255457202554680e-06
4.790716047864407301e-06
5.600155873253243044e-06
3.105971263721585274e-04
2.646237135195406154e-06
3.142123387078754604e-05
4.541071393759921193e-05
3.102242772001773119e-05
2.285607843077741563e-05
5.716935902455588803e-06
1.633172132642357610e-06
2.389739165664650500e-06
3.587688843253999949e-05
1.143344052252359688e-04
8.953975338954478502e-06
5.280528566800057888e-04
3.822768339887261391e-04
4.794575943378731608e-05
2.056623316093464382e-06
7.448606538673629984e-06
4.659534606616944075e-04
3.148758696625009179e-05
1.394703140249475837e-04
1.322729985986370593e-05
3.701118839671835303e-05
1.928135134221520275e-06
1.556346833240240812e-04
2.195799243054352701e-05
2.235008196294074878e-06
1.862452882051002234e-05
2.407075771770905703e-05
2.229840174550190568e-05
1.377228461205959320e-02
6.682060302409809083e-06
2.093804214382544160e-04
1.158534905698616058e-05
2.129363565472885966e-04
3.842232274564594263e-07
8.147790140355937183e-06
2.938224497484043241e-06
1.592200351296924055e-05
4.298828207538463175e-05
3.206811088602989912e-04
3.867670966428704560e-05
4.174329340457916260e-03
3.836149062408367172e-06
7.445379014825448394e-05
1.028747137752361596e-04
1.271380460821092129e-03
3.501214669086039066e-04
5.444068392534973100e-06
1.594640889379661530e-05
2.115718380082398653e-04
1.513523784524295479e-05
2.149933834516559727e-06
6.692373752593994141e-02
6.510673529191990383e-07
2.346099354326725006e-04
4.007265670225024223e-05
1.933678686327766627e-05
7.738540443824604154e-05
5.010286258766427636e-06
7.311381978070130572e-06
1.650016289204359055e-03
3.816918702796101570e-03
7.964464748511090875e-05
2.155667025363072753e-04
1.661692658672109246e-05
9.100181341636925936e-05
4.439830809133127332e-05
3.363074938533827662e-05
1.481117680668830872e-02
1.981870300369337201e-04
2.105896555804065429e-06
4.816116997972130775e-04
2.163678982469718903e-05
1.851494198490399867e-05
2.691059080461855046e-06
5.109699908643960953e-03
3.390914798728772439e-06
1.116070244461297989e-02
6.240357470232993364e-05
2.007268631132319570e-04
6.501717958599328995e-03
3.456546983215957880e-05
5.486740337801165879e-05
8.015597995836287737e-05
2.326048706891015172e-05
5.072501517133787274e-05
4.284499027562560514e-06
5.240264581516385078e-04
3.006665065186098218e-05
2.194518060605332721e-07
3.236618358641862869e-04
9.006190339277964085e-06
1.388236647471785545e-03
2.184235199820250273e-05
6.691192538710311055e-05
1.154811980086378753e-05
3.295441274531185627e-06
3.925998229533433914e-03
4.980169702321290970e-03
2.410030865576118231e-04
4.178562812739983201e-05
1.283533765672473237e-05
1.234373630722984672e-04
3.442155139055103064e-05
4.097040742635726929e-03
1.385255163768306375e-04
1.810443936847150326e-04
1.603974378667771816e-04
9.723137736727949232e-06
1.522640377515926957e-04
1.021933640004135668e-04
1.293693785555660725e-04
3.321291296742856503e-05
6.712507001793710515e-06
1.979356165975332260e-04
5.339544259186368436e-06
6.113005656516179442e-05
1.891865213110577315e-05
1.586243229212414008e-06
2.482812851667404175e-03
3.158101026201620698e-05
4.700179488281719387e-05
1.236431216966593638e-05
8.443686056125443429e-06
6.461902557930443436e-06
3.857285482808947563e-04
9.395079132445971482e-07
5.534387310035526752e-05
3.988022508565336466e-04
1.509399771748576313e-05
2.654871204867959023e-04
4.179852112429216504e-06
5.654067081195535138e-06
2.322978434676770121e-05
4.719736534752883017e-05
1.118666386901168153e-05
1.774286715772177558e-06
2.155822294298559427e-04
7.147798896767199039e-04
1.698991691228002310e-04
5.308359861373901367e-03
8.798053022474050522e-05
3.599442061386071146e-05
1.608087623026221991e-04
6.029466021573171020e-06
1.888940023491159081e-04
4.460009961348987417e-07
2.420222699583973736e-06
1.494918160460656509e-05
7.296677267731865868e-06
4.233376239426434040e-04
1.651198726904112846e-05
3.987183845310937613e-06
9.930065134540200233e-04
5.938275080552557483e-06
2.258916083519579843e-06
2.158598741516470909e-03
2.030434843618422747e-04
2.283506473759189248e-04
3.226719127269461751e-05
7.722483860561624169e-05
1.094217761419713497e-03
1.049578888341784477e-03
7.132307655410841107e-05
1.402944035362452269e-04
1.237188553204759955e-04
4.545036063063889742e-05
6.623961326113203540e-06
1.771556999301537871e-04
2.295816375408321619e-05
4.659465921577066183e-04
4.648751564673148096e-05
2.151490189135074615e-03
4.673129878938198090e-04
1.670407618803437799e-05
3.741521504707634449e-04
7.439973614964401349e-06
8.576929569244384766e-02
3.702264166349777952e-06
3.701508830999955535e-06
2.035923098446801305e-04
2.897996746469289064e-04
2.390939509496092796e-03
1.320015144301578403e-04
6.062790635041892529e-05
6.433156613638857380e-06
1.059588743373751640e-03
2.782142587420821656e-07
1.564980811963323504e-05
8.575072279199957848e-04
1.291813168791122735e-05
4.800755050382576883e-06
6.685200060019269586e-05
2.875315112760290504e-05
2.154796675313264132e-04
3.560315633421851089e-07
2.111303247511386871e-02
7.023150828899815679e-06
8.533169420843478292e-06
3.365479875355958939e-03
8.664497727295383811e-06
2.284607580804731697e-05
3.210482827853411436e-04
3.746364745893515646e-05
4.464478115551173687e-04
1.148595856648171321e-06
9.558114015817409381e-07
3.906970960088074207e-06
1.994611375266686082e-05
3.007352584972977638e-03
1.425910013495013118e-04
1.322868862189352512e-03
1.396994093738612719e-06
7.326129434659378603e-06
7.025305239949375391e-05
9.018421224027406424e-06
2.258489530504448339e-06
1.251847243111114949e-05
5.824101663165492937e-06
3.327155582155683078e-06
5.670052996720187366e-05
8.112109753710683435e-06
2.584366484370548278e-05
4.609637107932940125e-05
3.975790605181828141e-05
1.716148972263908945e-06
2.883146407839376479e-05
2.873963603633455932e-05
1.483998494222760201e-03
5.757116014137864113e-06
7.818425656296312809e-04
6.753332127118483186e-05
1.003663510346086696e-05
5.501324994838796556e-05
1.108999058487825096e-04
1.865917874965816736e-04
7.882493664510548115e-04
3.329368337290361524e-05
2.094169758493080735e-05
9.580742334946990013e-05
1.539990807941649109e-05
9.640187272452749312e-06
3.087330696871504188e-05
2.104816521750763059e-04
4.629459581337869167e-04
1.217002136399969459e-05
7.985764386830851436e-05
5.298838004819117486e-05
1.779808226274326444e-04
7.250220369314774871e-05
7.893958245404064655e-04
5.129023702465929091e-05
2.279717045894358307e-05
2.434172529319766909e-05
6.773282075300812721e-04
6.643227970926091075e-05
3.729089075932279229e-05
2.795784675981849432e-04
2.481243864167481661e-04
3.286562105131451972e-06
2.586447590147145092e-05
4.424073631525970995e-05
2.431122993584722281e-06
7.472691322618629783e-06
1.933216708494001068e-06
9.252321324311196804e-04
9.647705883253365755e-05
4.002062487415969372e-04
3.077183691857499070e-06
1.652309671044349670e-03
4.964189793099649251e-05
2.221180875494610518e-05
4.500311206356855109e-06
8.506778613082133234e-06
5.282697020447812974e-05
2.375337317062076181e-05
9.796567028388381004e-04
3.024842881131917238e-04
2.212507524745888077e-06
7.224333967315033078e-05
1.549816443002782762e-05
5.184175279282499105e-06
3.044554432563018054e-06
1.325578978139674291e-05
1.971595338545739651e-05
6.752797402441501617e-03
3.124645445495843887e-05
3.280284290667623281e-04
2.644748892635107040e-04
9.884226892609149218e-05
3.617244874476455152e-05
1.293146760872332379e-05
2.614987351989839226e-05
1.197902383864857256e-05
1.237860601577267516e-06
3.557821037247776985e-05
2.141815639333799481e-04
6.988392124185338616e-05
1.758552825776860118e-04
2.127985062543302774e-04
8.673199045006185770e-05
7.561414968222379684e-04
9.419604204595088959e-03
4.167564839008264244e-05
2.617802238091826439e-04
1.172867923742160201e-04
7.297237607417628169e-05
9.023944148793816566e-04
3.544124410836957395e-06
2.336872603336814791e-05
3.102074260823428631e-04
1.497683697380125523e-03
2.737356771831400692e-05
6.799847324145957828e-05
1.516692464065272361e-05
1.144526104326359928e-04
2.182414289563894272e-03
4.970788722857832909e-06
2.468994534865487367e-05
9.522494656266644597e-05
3.265171835664659739e-05
1.878435432445257902e-05
1.110227167373523116e-04
9.486373892286792397e-05
5.259166573523543775e-05
3.556974434104631655e-06
1.043195661623030901e-04
2.258933382108807564e-04
6.744334314134903252e-06
1.071832026354968548e-03
7.934182576718740165e-06
5.267521555651910603e-05
6.609725460293702781e-06
1.487862027715891600e-05
4.364968117442913353e-05
3.274548589615733363e-06
1.251985759154194966e-05
1.316604175372049212e-04
2.456083848301204853e-06
1.884381708805449307e-05
2.407086285529658198e-04
4.570395958580775186e-06
5.911340122111141682e-05
4.955835720465984195e-06
3.619840135797858238e-03
5.658709051203913987e-05
3.677643835544586182e-02
1.598425296833738685e-04
2.306808019056916237e-03
1.484705444454448298e-05
4.893599907518364489e-05
2.219769385192194022e-06
9.463300557399634272e-06
4.760611409437842667e-05
1.977062202058732510e-04
6.703525286866351962e-05
1.721978719615435693e-06
2.727570536080747843e-04
4.451551285455934703e-05
1.688514166744425893e-04
5.949640762992203236e-05
5.931228770350571722e-06
1.725768379401415586e-04
4.842077614739537239e-04
1.303703058511018753e-03
1.407836098223924637e-03
1.695595856290310621e-04
9.326524013886228204e-05
1.045509823597967625e-03
2.333942575205583125e-06
2.360701182624325156e-05
1.850093685789033771e-04
2.343426086008548737e-02
1.246448489837348461e-03
1.197149231302319095e-06
4.984856900591694284e-07
1.127309078583493829e-04
1.150884781964123249e-04
2.354875141463708133e-05
1.944081595866009593e-04
3.282770558143965900e-05
9.475731349084526300e-05
3.335353903821669519e-05
2.345085958950221539e-04
3.405555326025933027e-04
1.720755062706302851e-05
8.992437506094574928e-05
3.860367087327176705e-06
1.538864889880642295e-04
8.345688547706231475e-05
1.973859034478664398e-03
9.666816913522779942e-05
6.823954754509031773e-05
3.033697430510073900e-04
9.512337419437244534e-05
4.044071538373827934e-04
7.166504656197503209e-05
2.029914176091551781e-03
6.461601151386275887e-05
1.921337097883224487e-03
4.528553981799632311e-04
4.514040119829587638e-05
1.441928616259247065e-04
4.238003166392445564e-04
1.593521912582218647e-03
7.648271042853593826e-03
2.682448737323284149e-02
3.819617675617337227e-03
1.044136704877018929e-03
3.826583269983530045e-04
4.437663592398166656e-03
2.034776145592331886e-03
2.010725875152274966e-04
9.532175317872315645e-05
2.588057541288435459e-04
7.559508230770006776e-05
6.638437043875455856e-04
3.730857744812965393e-03
2.480998635292053223e-03
3.508518057060427964e-05
4.829740646528080106e-06
4.069982969667762518e-05
1.621627598069608212e-04
3.844477396341972053e-05
1.354804317088564858e-05
9.746291652845684439e-06
4.268690827302634716e-05
6.538254674524068832e-04
6.007603133184602484e-06
3.653918683994561434e-04
5.881037941435351968e-05
4.246169191901572049e-05
1.738175563514232635e-02
1.595698086021002382e-05
1.596865768078714609e-04
9.868996130535379052e-06
3.858421769109554589e-05
8.853203325998038054e-06
2.080877129628788680e-05
1.149266972788609564e-05
1.127897303376812488e-05
1.087718701455742121e-04
1.192550735140684992e-05
4.100934311281889677e-04
2.292154204042162746e-05
1.024083394440822303e-04
8.712710696272552013e-04
2.134496346116065979e-02
4.383117775432765484e-04
7.006854284554719925e-04
1.377235725522041321e-02
3.848419291898608208e-03
2.165027894079685211e-03
7.574229384772479534e-04
4.164553247392177582e-03
3.212800249457359314e-02
8.250032551586627960e-03
2.836450235918164253e-03
2.332550793653354049e-04
6.885600741952657700e-04
6.045703048584982753e-05
