1.373480154143180698e-05
2.809984725899994373e-04
2.606043153718928806e-06
3.162938355671940371e-06
6.562522230524336919e-06
1.141504708357388154e-05
1.458984456803591456e-06
1.179827749729156494e-02
3.885686397552490234e-03
1.719790088827721775e-05
1.557131181471049786e-04
3.231471928302198648e-04
2.229177480330690742e-04
6.345958536257967353e-05
1.782436593202874064e-04
9.703049436211585999e-04
1.335934735834598541e-03
1.744261826388537884e-04
1.690151548245921731e-04
1.100670851883478463e-04
3.197676051058806479e-05
1.901601062854751945e-04
9.495816630078479648e-05
9.282364626415073872e-04
3.741242398973554373e-04
3.014950925717130303e-05
7.198478124337270856e-05
2.841174136847257614e-05
3.685286355903372169e-05
5.037417577113956213e-05
1.766665627656038851e-05
6.766898877685889602e-05
1.198427271447144449e-04
1.417972725903382525e-05
4.647471541829872876e-06
4.118910146644338965e-05
1.128280127886682749e-04
2.629762275319080800e-05
1.793944102246314287e-05
4.047510810778476298e-05
2.170357911381870508e-04
6.293533078860491514e-05
1.196526354760862887e-04
1.042927397065795958e-04
9.236671030521392822e-05
2.179683724534697831e-05
1.862124045146629214e-04
6.576350278919562697e-05
1.293194691243115813e-05
5.466647053253836930e-06
1.004364276013802737e-05
1.343109615845605731e-04
1.812540140235796571e-04
7.165395800257101655e-05
6.554172614414710552e-06
8.581201836932450533e-05
1.219713885802775621e-05
4.914762757834978402e-05
1.746479756548069417e-05
1.606550649739801884e-04
6.422700971597805619e-05
9.460392902838066220e-06
1.475838416808983311e-05
4.451111453818157315e-05
1.338196016149595380e-04
1.416078066540649161e-05
1.269992644665762782e-04
3.758983075385913253e-05
1.071209480869583786e-04
4.313229055696865544e-06
3.182633081451058388e-04
3.114487844868563116e-05
1.618058740859851241e-05
2.647208748385310173e-04
2.609768998809158802e-04
5.120589412399567664e-05
3.110148827545344830e-05
1.766605055308900774e-05
2.060689002973958850e-04
1.717498707876075059e-05
1.794608193449676037e-03
1.718014827929437160e-04
2.799201756715774536e-04
6.450852379202842712e-05
3.110421675955876708e-05
2.173453540308400989e-04
2.460843825247138739e-04
1.402646885253489017e-03
1.552943978458642960e-02
3.091410035267472267e-03
1.843959279358386993e-02
7.541127706645056605e-05
3.465249756118282676e-05
5.413882317952811718e-04
1.372630428522825241e-02
2.803928146022371948e-05
6.008527707308530807e-04
5.616864200419513509e-06
1.706516400190594140e-06
1.395994331687688828e-05
2.467455924488604069e-04
3.821854261332191527e-05
4.406486823427258059e-06
1.000152860797243193e-05
1.303225508308969438e-05
9.464661161473486573e-06
2.999049684149213135e-05
1.691135985311120749e-04
4.930304130539298058e-04
3.434722544625401497e-03
1.560790769872255623e-05
7.816996367182582617e-05
1.743864268064498901e-03
7.598903961479663849e-03
2.036041347309947014e-03
3.507888410240411758e-03
1.504678366472944617e-04
2.144068275811150670e-05
1.697683546808548272e-05
8.365436951862648129e-05
1.411216635460732505e-05
7.550694863311946392e-05
6.071648385841399431e-05
2.141356708307284862e-05
1.028691040119156241e-04
3.032437234651297331e-05
2.293383731739595532e-04
3.164707959513179958e-05
4.500108843785710633e-05
8.940292173065245152e-04
5.847227293998003006e-04
1.545420236652716994e-04
2.523362345527857542e-04
4.310414442443288863e-05
3.168514813296496868e-04
1.470742281526327133e-04
2.305433590663596988e-04
6.993814622546778992e-06
7.048721727187512442e-06
1.164533500741526950e-06
4.051521500514354557e-06
2.271377752549597062e-06
1.520483010608586483e-06
2.072038660116959363e-05
1.387675820296863094e-05
2.828643118846230209e-05
1.902594158309511840e-05
2.645565700731822290e-06
2.330917959625367075e-05
2.914082642746507190e-06
1.030141083901980892e-05
2.446756407152861357e-04
5.618192953988909721e-04
2.057136007351800799e-04
9.498008876107633114e-05
2.548475167714059353e-04
3.755351644940674305e-04
7.505221583414822817e-05
1.549512526253238320e-04
7.570736488560214639e-05
1.184221764560788870e-04
2.344407985219731927e-04
4.655127850128337741e-05
1.219879050040617585e-04
1.184880329674342647e-05
6.966980436118319631e-05
1.803067243599798530e-05
2.334551027161069214e-05
2.973917798954062164e-05
3.157644096063449979e-05
3.586022285162471235e-05
1.622144773136824369e-04
2.190630584664177150e-05
1.900225834106095135e-05
2.317534563189838082e-05
3.215507604181766510e-05
1.025776655296795070e-04
1.627202800591476262e-05
4.037086910102516413e-04
1.378490269416943192e-04
3.493897384032607079e-05
1.145700443885289133e-04
9.382417920278385282e-05
7.131411985028535128e-05
3.889536674250848591e-05
1.338695292361080647e-03
2.897522062994539738e-04
2.567262621596455574e-03
1.131776152760721743e-04
2.165131882065907121e-04
1.132213874370791018e-04
2.579254505690187216e-04
1.182360283564776182e-04
1.387465454172343016e-04
8.121826977003365755e-05
5.216646823100745678e-04
9.418816625839099288e-05
2.984057391586247832e-05
8.624657493783161044e-05
9.773948841029778123e-05
1.237224350916221738e-04
4.469636405701749027e-05
6.949511589482426643e-05
9.805182344280183315e-05
2.529566700104624033e-04
3.238217032048851252e-04
3.770015246118418872e-05
7.539222133345901966e-05
1.083505339920520782e-03
3.515683056320995092e-05
1.514453379058977589e-05
2.629353548400104046e-04
1.327211793977767229e-05
1.083430906874127686e-04
1.187493980978615582e-04
2.861452812794595957e-04
4.766003112308681011e-04
8.870226884027943015e-05
1.614711509319022298e-04
1.908183767227455974e-04
1.619270624360069633e-04
2.211379614891484380e-05
1.843357749748975039e-04
1.824296923587098718e-04
2.653911069501191378e-04
1.292551169171929359e-04
5.524793596123345196e-05
1.593519409652799368e-04
8.680731843924149871e-05
2.685980871319770813e-05
9.376687557960394770e-06
3.697579813888296485e-05
1.274881651625037193e-04
1.354902924504131079e-04
5.056361624156124890e-05
1.065200049197301269e-04
1.569878222653642297e-04
1.089158249669708312e-04
1.682896108832210302e-04
8.696733129909262061e-05
2.335266908630728722e-04
1.301779557252302766e-04
6.466830382123589516e-05
1.057822155416943133e-04
9.179328335449099541e-04
7.919681229395791888e-05
2.026898000622168183e-04
1.659947010921314359e-04
5.800540020572952926e-05
2.961490536108613014e-04
3.920539529644884169e-05
6.390282942447811365e-05
1.081989466911181808e-04
1.226090971613302827e-04
5.058821407146751881e-04
2.245202485937625170e-04
1.507533015683293343e-04
9.237344784196466208e-05
1.801437028916552663e-04
2.066194138024002314e-04
1.286798651563003659e-04
1.433550787623971701e-04
1.056299443007446826e-04
1.770012313500046730e-04
9.320454410044476390e-05
1.359015703201293945e-03
1.446368696633726358e-04
1.646157761570066214e-04
4.727578561869449914e-05
4.313887257012538612e-05
4.629354953067377210e-05
2.787972334772348404e-05
1.333784439339069650e-05
2.606427187856752425e-05
1.228444580192444846e-05
1.388470082019921392e-05
6.712096364935860038e-06
2.665388456080108881e-05
1.356660686724353582e-05
1.672788857831619680e-05
2.868204865080770105e-05
3.997405874542891979e-04
3.693885810207575560e-05
9.363123535877093673e-05
2.814556319208350033e-05
5.211447569308802485e-05
2.062774001387879252e-05
1.124932241509668529e-04
2.055341610684990883e-05
2.047541420324705541e-05
2.657844561326783150e-05
6.132229464128613472e-05
1.203940628329291940e-04
1.818883720261510462e-05
1.862909084593411535e-05
8.483120836899615824e-06
1.890667190309613943e-04
4.160719618084840477e-05
1.140745189331937581e-05
6.797433889005333185e-05
3.294498310424387455e-04
1.557241193950176239e-04
3.111863406957127154e-05
8.847011486068367958e-05
4.181984695605933666e-04
5.873458576388657093e-05
6.342585402308031917e-05
6.500349991256371140e-05
4.498278722167015076e-04
1.047883834689855576e-02
2.250429941341280937e-03
1.213544746860861778e-03
4.001830820925533772e-04
2.798778878059238195e-04
2.352809497097041458e-05
8.074219804257154465e-04
2.369255525991320610e-05
4.034238736494444311e-05
3.579175390768796206e-04
2.172542735934257507e-04
3.422106601647101343e-05
3.280591918155550957e-04
6.458781426772475243e-04
6.784047931432723999e-03
8.295920677483081818e-03
1.008955165743827820e-01
6.869310163892805576e-04
1.363352639600634575e-04
1.440670621377648786e-05
5.219545528234448284e-06
1.979413500521332026e-04
5.764326124335639179e-05
4.856952728005126119e-05
2.674361167009919882e-05
1.956973756023216993e-05
6.061795284040272236e-05
2.527705873944796622e-05
1.608377169759478420e-05
1.177090452983975410e-04
1.044850796461105347e-05
5.010218592360615730e-05
9.907506864692550153e-06
1.224347579409368336e-05
2.815327889038599096e-06
2.756449475782574154e-06
2.934335861937142909e-05
4.322741460782708600e-06
1.272737608815077692e-05
2.907420366682345048e-06
3.108166310994420201e-06
8.502818673150613904e-06
7.994777661224361509e-06
1.008264462143415585e-05
3.472459866316057742e-06
2.612153184600174427e-05
1.739831714075990021e-05
6.469454820035025477e-05
1.296906066272640601e-05
9.429664351046085358e-05
6.240285438252612948e-05
6.922731699887663126e-06
1.049082275130786002e-04
4.765718767885118723e-05
9.260926162824034691e-06
6.571751146111637354e-05
4.126183557673357427e-05
9.051683446159586310e-05
4.632832860806956887e-05
2.844107257260475308e-05
5.463996421894989908e-05
6.870819925097748637e-05
7.959672075230628252e-05
1.097897984436713159e-05
2.047722082352265716e-04
7.132116297725588083e-05
9.323868289357051253e-05
6.319054227788001299e-05
2.083389554172754288e-04
2.969544948427937925e-05
6.596041203010827303e-05
1.974598126253113151e-04
1.615348264749627560e-05
1.676863612374290824e-04
4.070888462592847645e-05
5.334794695954769850e-05
4.568026997731067240e-05
2.125928767782170326e-05
2.656369724718388170e-05
2.176879570470191538e-05
1.134968988480977714e-05
6.462010060204192996e-05
2.258369750052224845e-05
8.173553942469879985e-05
7.923435623524710536e-05
3.971274963987525553e-06
3.593699602788547054e-06
5.040930773247964680e-05
6.153723916213493794e-06
1.597669688635505736e-05
1.738616963848471642e-03
3.413578378967940807e-04
9.159770706901326776e-05
2.842019603122025728e-05
2.692340967769268900e-05
1.011498534353449941e-05
4.693654773291200399e-05
5.067438178230077028e-05
1.569259256939403713e-05
1.772646828612778336e-05
4.371551403892226517e-05
1.237813830812228844e-05
7.924105011625215411e-05
2.509846526663750410e-04
2.157875678676646203e-05
4.246970638632774353e-04
2.497677924111485481e-03
1.791272006812505424e-05
1.163937849923968315e-03
2.484962715243455023e-05
5.989722194499336183e-05
3.513538104016333818e-05
2.691043482627719641e-04
5.563990271184593439e-05
1.529563269286882132e-05
1.987994801311288029e-05
8.880951645551249385e-05
1.641440576349850744e-05
1.768204674590379000e-04
1.124203481595031917e-04
4.113732575206086040e-05
1.590438114362768829e-05
1.835486618801951408e-04
8.595257531851530075e-05
1.711010932922363281e-03
1.919050409924238920e-04
1.919536225614137948e-05
4.287846240913495421e-05
4.432447894942015409e-05
5.909865139983594418e-04
6.371075753122568130e-03
5.252654955256730318e-05
3.863299934891983867e-05
2.538511580496560782e-05
2.431854227324947715e-05
2.235384090454317629e-05
7.025544618954882026e-05
3.349833714310079813e-04
3.282230172771960497e-04
1.450045150704681873e-03
1.766830791893880814e-05
3.047983773285523057e-05
9.499041480012238026e-04
1.981234177947044373e-03
2.794847241602838039e-04
1.436815800843760371e-04
7.681990973651409149e-05
3.718826628755778074e-04
5.299188196659088135e-04
1.107510877773165703e-03
3.713143814820796251e-04
7.493142220482695848e-06
1.353084226138889790e-04
5.405164120020344853e-05
5.052339285612106323e-03
7.420811743941158056e-05
4.675179661717265844e-04
9.928126019076444209e-06
1.861019518401008099e-05
6.065959314582869411e-05
1.882371579995378852e-04
2.669131569564342499e-02
4.774485205416567624e-05
3.273228867328725755e-05
4.944566535414196551e-05
5.010574386687949300e-05
1.035609457176178694e-04
3.404122617212124169e-05
2.515492087695747614e-05
2.861242392100393772e-04
8.759167940297629684e-06
5.047622107667848468e-05
6.122003105701878667e-05
7.202010601758956909e-05
7.207428279798477888e-05
1.839056494645774364e-06
8.361293112102430314e-06
1.770526432665064931e-05
2.882864791899919510e-03
2.905385917983949184e-04
1.093239150941371918e-02
1.558207441121339798e-04
3.162822395097464323e-05
5.955532469670288265e-05
3.286751452833414078e-04
3.340779512654989958e-04
2.174907967855688184e-05
8.105473825708031654e-04
1.709141943138092756e-04
1.718852290650829673e-04
5.767047987319529057e-04
1.078473360394127667e-05
4.958712379448115826e-04
1.045532058924436569e-03
2.328473201487213373e-04
2.801541471853852272e-03
2.277799940202385187e-04
5.807199049741029739e-04
1.693345257081091404e-05
1.133994155679829419e-04
1.806060172384604812e-04
8.170112778316251934e-06
3.764967186725698411e-05
1.311748201260343194e-04
2.121801080647855997e-04
1.155781443230807781e-03
2.913340576924383640e-04
3.711557610586169176e-06
2.260673318232875317e-05
6.899511790834367275e-04
1.050321079674176872e-04
5.159618740435689688e-05
6.834312080172821879e-05
1.112997560994699597e-04
6.127382948761805892e-05
6.727762520313262939e-04
9.746838259161449969e-06
2.483955468051135540e-04
1.716283150017261505e-04
2.300804590049665421e-05
1.282015437027439475e-04
1.303618191741406918e-04
9.687479177955538034e-05
9.936386049957945943e-05
5.934122018516063690e-04
7.768330397084355354e-05
3.303488119854591787e-05
1.382785967507516034e-06
1.571649590914603323e-05
3.356454908498562872e-05
7.521623629145324230e-04
1.015347970678703859e-05
2.587883318483363837e-05
9.847323963185772300e-05
1.255765528185293078e-04
8.758023795962799340e-06
1.125318431149935350e-05
8.230666026065591723e-06
7.758269020996522158e-06
9.337407391285523772e-05
6.219813949428498745e-04
1.954547406057827175e-05
6.015169783495366573e-04
2.354631142225116491e-04
1.517913624411448836e-04
6.234666943782940507e-05
2.551146098994649947e-05
3.719048108905553818e-04
1.202566563733853400e-04
3.309934108983725309e-04
1.428904506610706449e-04
9.000805584946647286e-05
6.541053608088986948e-06
4.474385423236526549e-05
4.566169445752166212e-05
5.588636668107938021e-06
1.692752630333416164e-05
8.337155304616317153e-05
2.208266778325196356e-05
7.933984161354601383e-04
2.877550468838308007e-05
2.075073280138894916e-04
6.655878678429871798e-05
1.067329850047826767e-02
1.844666826400498394e-06
2.218729787273332477e-04
1.206682791234925389e-04
1.733543176669627428e-04
9.049219079315662384e-05
1.780937239527702332e-02
1.506918633822351694e-04
5.140787921845912933e-03
3.811814895016141236e-05
1.579532254254445434e-04
1.319885195698589087e-04
8.863188326358795166e-03
8.471988840028643608e-04
3.112848935415968299e-05
6.836176180513575673e-05
6.326926522888243198e-04
7.837348675820976496e-06
1.282766334043117240e-05
1.871685683727264404e-02
5.171325483388500288e-06
4.384162311907857656e-04
1.810806279536336660e-04
1.346291810477850959e-05
1.253489172086119652e-04
1.734753641358111054e-05
4.057299884152598679e-05
8.307721145683899522e-05
5.825925618410110474e-04
1.247253268957138062e-03
2.251566475024446845e-04
6.844366725999861956e-05
3.266367129981517792e-04
1.548807085782755166e-05
6.973354629735695198e-06
1.351569546386599541e-03
1.218270626850426197e-04
7.576640655315713957e-06
5.460058455355465412e-04
1.553111360408365726e-05
1.281990262214094400e-04
1.138877723860787228e-05
1.810492132790386677e-03
4.869201075052842498e-05
1.875802874565124512e-03
3.640528302639722824e-05
4.555791092570871115e-04
2.507308730855584145e-03
9.565863729221746325e-05
1.831341796787455678e-04
1.903046068036928773e-04
2.684059145394712687e-04
6.862016743980348110e-04
1.043382053467212245e-05
3.017493872903287411e-04
9.047519415616989136e-05
1.636534875615325291e-06
1.338761503575369716e-04
2.306507849425543100e-05
2.275738399475812912e-03
2.885321737267076969e-04
1.492094888817518950e-04
1.406126375513849780e-05
4.793223979504546151e-06
4.677074903156608343e-04
3.014961257576942444e-03
9.273914038203656673e-04
4.025967791676521301e-04
1.930984217324294150e-05
9.170460543828085065e-05
2.178002978325821459e-05
5.038215313106775284e-03
8.897465886548161507e-05
4.951087248628027737e-05
1.200720362248830497e-04
1.909190177684649825e-05
2.252920785394962877e-05
2.201357528974767774e-05
4.422837082529440522e-05
5.158223757462110370e-06
3.010503423865884542e-04
1.999168423935770988e-03
2.718780342547688633e-05
3.873515524901449680e-04
4.516050103120505810e-05
2.670905087143182755e-05
3.289323067292571068e-03
2.985099126817658544e-05
3.276058487244881690e-05
2.192706233472563326e-05
1.531200905446894467e-05
6.615866823267424479e-06
2.991693909280002117e-04
6.196436515892855823e-06
7.158620428526774049e-05
1.227483735419809818e-03
2.086343192786443979e-05
1.031946339935529977e-05
1.650301237532403320e-05
3.391928476048633456e-05
1.116692146752029657e-05
9.785588190425187349e-05
4.365893255453556776e-05
6.830018264736281708e-06
1.233633665833622217e-04
5.484581561177037656e-05
7.973678293637931347e-05
4.642790183424949646e-03
6.573572318302467465e-05
4.204041906632483006e-04
2.316903701284900308e-04
4.837488813791424036e-05
6.921496969880536199e-05
2.643396783241769299e-06
3.439939609961584210e-05
2.070450682367663831e-05
1.027121652441564947e-05
2.045965287834405899e-03
5.193497145228320733e-06
2.282492459926288575e-05
8.241152390837669373e-04
1.374866678816033527e-05
8.835700100462418050e-06
1.687112817307934165e-04
3.217588819097727537e-04
1.064440948539413512e-04
1.609492028364911675e-04
3.698059590533375740e-04
4.430133849382400513e-04
4.844575596507638693e-04
9.490254160482436419e-05
1.552321336930617690e-04
5.586664774455130100e-04
6.028217103448696434e-05
2.104885425069369376e-05
1.837980962591245770e-04
6.207760889083147049e-04
1.087335331249050796e-04
9.570809197612106800e-05
1.536765322089195251e-02
2.300056512467563152e-04
2.063597639789804816e-04
3.143438952974975109e-04
1.362956827506422997e-04
8.529454469680786133e-02
1.887319922388996929e-05
9.395280358148738742e-06
3.376078093424439430e-04
8.717583841644227505e-05
4.087317734956741333e-03
2.114207309205085039e-04
6.506856298074126244e-04
5.587916894000954926e-05
3.871480701491236687e-03
1.144093744187557604e-06
9.636077447794377804e-05
1.341021416010335088e-04
8.462899859296157956e-05
1.613794665900059044e-05
1.075360574759542942e-03
1.871491986094042659e-05
2.088789042318239808e-04
2.881660066123004071e-06
7.757344283163547516e-04
6.790400675527052954e-06
1.204255895572714508e-04
1.212129089981317520e-02
4.140596956858644262e-06
4.172744229435920715e-05
1.377804292133077979e-04
1.041620271280407906e-04
7.540400838479399681e-05
4.017127139377407730e-05
5.941893959970911965e-06
1.311766845901729539e-05
2.247666270704939961e-04
3.549669636413455009e-04
5.481959087774157524e-04
1.335032284259796143e-04
3.271464265708345920e-06
1.215928859892301261e-04
2.379585930611938238e-05
2.540655077609699219e-05
2.622150304887327366e-06
4.262592701707035303e-04
5.079250968265114352e-06
1.943799361470155418e-05
2.951306523755192757e-04
1.338804304396035150e-05
5.875918577658012509e-05
7.793363329255953431e-05
4.609060124494135380e-05
1.098673601518385112e-04
1.995149359572678804e-04
1.726412483549211174e-05
4.710186272859573364e-03
1.082419748854590580e-05
9.425982716493308544e-04
3.916001587640494108e-04
1.929204336192924529e-05
2.242907248728442937e-05
1.370979356579482555e-03
3.163900692015886307e-04
3.627736296039074659e-04
2.878587838495150208e-05
1.825123472372069955e-04
5.203712498769164085e-05
2.578676685516256839e-05
1.170054565591271967e-05
7.676348468521609902e-05
1.075016989489085972e-04
3.748293966054916382e-05
2.184024378948379308e-05
2.389106666669249535e-04
6.637008482357487082e-05
6.454517133533954620e-04
4.672650175052694976e-05
2.046040259301662445e-03
1.092556994990445673e-04
1.041117357090115547e-04
8.971368515631183982e-05
1.925426186062395573e-04
1.765451270330231637e-05
4.774063709191977978e-04
1.666318275965750217e-03
8.006925054360181093e-05
5.216559202381176874e-06
1.592766639078035951e-04
2.590853837318718433e-04
1.552994217490777373e-05
3.412007572478614748e-05
5.129472356202313676e-06
1.432941178791224957e-03
1.232865179190412164e-04
1.912116713356226683e-04
3.626738134698825888e-06
4.264426243025809526e-04
3.351529085193760693e-05
3.253910690546035767e-04
2.006336217164061964e-05
4.152347901253961027e-05
9.594318544259294868e-05
1.396990592184010893e-05
1.490560389356687665e-04
4.151425309828482568e-05
3.519282472552731633e-05
6.528940866701304913e-05
3.209052738384343684e-05
1.972832433239091188e-05
1.152801451098639518e-05
1.091085214284248650e-04
4.852866550209000707e-05
1.079040346667170525e-03
8.094785880530253053e-05
1.029936320264823735e-04
3.154634396196343005e-05
1.089426805265247822e-04
1.642561801418196410e-05
4.885427188128232956e-05
6.205371755640953779e-05
7.944349636090919375e-05
4.959570105711463839e-06
2.205527707701548934e-04
4.466941463761031628e-04
3.861491495626978576e-05
9.453764505451545119e-05
1.098436841857619584e-04
1.143398367275949568e-05
5.371121369535103440e-05
4.540735390037298203e-04
1.908108242787420750e-04
1.487661793362349272e-04
1.391884725308045745e-04
5.098009933135472238e-05
7.503862725570797920e-04
3.790875780396163464e-05
1.500997896073386073e-04
2.449642342980951071e-04
6.730101304128766060e-04
3.080151509493589401e-04
3.294020425528287888e-04
5.597629569820128381e-05
1.467787224100902677e-04
3.603454912081360817e-03
3.179439954692497849e-05
7.541307422798126936e-05
4.982242244295775890e-04
1.699500280665233731e-04
1.011272324831224978e-04
1.353881816612556577e-04
6.809781771153211594e-04
4.897266626358032227e-05
2.056404264294542372e-05
2.433938934700563550e-04
5.189303556107915938e-05
2.409707667538896203e-05
1.506386906839907169e-03
5.125797906657680869e-05
7.953977183206006885e-05
7.708508746873121709e-06
2.466697187628597021e-04
2.691717236302793026e-05
6.430690064007649198e-06
7.917559560155496001e-05
8.271438855445012450e-05
9.665188372309785336e-06
8.030792378121986985e-05
1.751794334268197417e-04
1.496027471148408949e-05
1.138816878665238619e-04
1.313861412199912593e-05
1.254879683256149292e-01
2.173676330130547285e-05
3.186796791851520538e-03
5.488340975716710091e-04
2.958824043162167072e-04
8.650666131870821118e-06
3.433425445109605789e-04
8.285756848636083305e-06
4.018403342342935503e-05
8.186300692614167929e-05
2.779084752546623349e-05
1.466485991841182113e-05
7.384362561424495652e-06
8.904120477382093668e-05
8.419661753578111529e-05
3.343814169056713581e-04
1.601753989234566689e-03
4.011780674773035571e-06
2.370751753915101290e-04
3.359466791152954102e-04
2.048381371423602104e-03
2.940421691164374352e-04
6.875296821817755699e-05
1.569371670484542847e-04
5.452435463666915894e-03
3.020944632226019166e-06
2.427396248094737530e-05
1.521327212685719132e-04
2.450489904731512070e-03
9.826464811339974403e-04
1.188367377835675143e-06
3.779423423111438751e-06
8.874745253706350923e-05
3.966184449382126331e-04
1.724226603982970119e-04
1.097256899811327457e-04
1.242307189386337996e-04
3.857998526655137539e-04
1.782318431651219726e-04
6.199838389875367284e-05
5.889231106266379356e-04
6.323120032902806997e-05
9.679255163064226508e-05
1.030337534757563844e-05
1.697015977697446942e-04
2.234917483292520046e-04
2.257624582853168249e-04
4.595088103087618947e-05
5.081295057607349008e-06
6.127000233391299844e-05
2.007881084864493459e-05
6.758046947652474046e-05
1.249337801709771156e-04
1.391488476656377316e-03
8.453768532490357757e-05
7.042768411338329315e-04
4.087591369170695543e-04
6.059561565052717924e-05
1.170364266727119684e-04
1.667948818067088723e-04
3.915601701010018587e-04
1.532390131615102291e-03
5.918886978179216385e-03
4.513701715040951967e-04
1.074448111467063427e-03
3.130371624138206244e-04
1.865966478362679482e-03
1.508777932031080127e-04
6.520506576634943485e-05
1.514170435257256031e-04
9.195976308546960354e-04
3.435198959778062999e-05
7.700394053244963288e-05
1.736492558848112822e-04
3.272119502071291208e-04
2.548148040659725666e-05
1.447015711164567620e-05
2.155023394152522087e-04
3.363780342624522746e-05
7.785311318002641201e-04
7.803127459737879690e-07
1.179389983008150011e-05
5.423595575848594308e-05
3.632003674283623695e-03
1.242583821294829249e-04
1.637937850318849087e-03
1.265633269213140011e-03
6.607820978388190269e-05
1.982635818421840668e-03
3.428149648243561387e-05
6.785358418710529804e-04
1.411036282661370933e-05
4.743862155009992421e-05
3.174065932398661971e-05
2.361385304538998753e-05
1.336567947873845696e-05
9.143986244453117251e-05
3.672573366202414036e-04
6.965167267480865121e-05
2.810485428199172020e-03
3.126683805021457374e-05
2.311924326932057738e-04
1.017515454441308975e-02
5.751926801167428493e-04
5.794701428385451436e-05
8.098110265564173460e-05
2.059488743543624878e-02
1.658192340983077884e-04
6.110329553484916687e-02
3.830840287264436483e-04
6.384316831827163696e-03
5.339824035763740540e-02
2.257809787988662720e-02
1.247948780655860901e-02
3.525257052388042212e-04
1.406303344992920756e-04
1.586028229212388396e-04
