1.210926984640536830e-05
8.424238301813602448e-03
9.076872942159752711e-08
4.886667284154100344e-07
1.737132947710051667e-06
6.748432497261092067e-05
7.262575536515214480e-07
1.060278713703155518e-02
2.922748774290084839e-02
3.060306335100904107e-05
1.999042578972876072e-04
9.691398736322298646e-05
3.668354474939405918e-04
1.201372833747882396e-05
5.337746915756724775e-05
4.684296145569533110e-04
1.248137559741735458e-04
3.823001316050067544e-05
6.000047960696974769e-06
1.623821117391344160e-05
2.082870423691929318e-06
1.102187816286459565e-04
1.298034021601779386e-05
1.135873375460505486e-03
1.327012781985104084e-03
1.433648776583140716e-05
2.203027397627010942e-04
7.205237488960847259e-05
5.192014668864430860e-06
1.826690095185767859e-05
4.408044787851395085e-06
2.213298830611165613e-05
1.612643427506554872e-05
2.299864900123793632e-05
1.166630136140156537e-05
8.546285680495202541e-04
2.403820835752412677e-04
7.123361865524202585e-05
1.324275071965530515e-04
4.443975922185927629e-05
5.725767114199697971e-04
9.105537174036726356e-06
3.424355061724781990e-03
5.948441103100776672e-04
1.511059817858040333e-04
4.837376764044165611e-06
7.585289131384342909e-05
6.658213213086128235e-03
4.402134436531923711e-06
3.850676876027137041e-06
3.532369873937568627e-06
9.012514055939391255e-05
1.856251910794526339e-04
8.221834286814555526e-05
5.409385721577564254e-06
1.128884105128236115e-04
4.503915079112630337e-06
5.666306151397293434e-06
5.598903499048901722e-06
1.694001257419586182e-04
1.830614783102646470e-04
3.264759016019525006e-06
1.274498481507180259e-05
1.317526766797527671e-04
1.549393164168577641e-05
1.703472844383213669e-05
1.454876910429447889e-04
4.182493739790515974e-06
4.390271351439878345e-05
2.480664261383935809e-05
1.392629201291128993e-04
1.408279877068707719e-05
1.644709527681698091e-06
4.088418427272699773e-05
1.343262101727304980e-05
9.461121408094186336e-06
6.029934411344584078e-06
1.627411802473943681e-05
7.863883365644142032e-05
1.436979073332622647e-05
1.829806715250015259e-04
2.447430233587510884e-05
6.234723696252331138e-05
1.860369520727545023e-04
1.297949802392395213e-05
5.823162791784852743e-05
4.061044019181281328e-04
4.064638051204383373e-04
4.017147794365882874e-02
6.554020801559090614e-04
3.447386901825666428e-03
6.599030893994495273e-05
5.435819548438303173e-05
3.168005868792533875e-02
4.799320013262331486e-04
9.567242159391753376e-06
9.308313019573688507e-04
6.927114554855506867e-06
7.430899984228744870e-08
3.889320214511826634e-05
2.433913869026582688e-05
1.190033144666813314e-04
3.085533535340800881e-06
3.577213874450535513e-06
1.032308773574186489e-06
3.937966255307401298e-07
2.582439947218517773e-06
3.047078789677470922e-04
1.817282827687449753e-05
6.648558774031698704e-04
1.027855760185047984e-04
3.645005403086543083e-03
1.241007167845964432e-02
1.774561032652854919e-02
1.622872310690581799e-03
2.469272294547408819e-04
9.816403035074472427e-04
1.274033002118812874e-05
1.178830189019208774e-06
1.161130421678535640e-05
1.755916855472605675e-05
1.720143018246744759e-06
1.886858808575198054e-05
3.296517661510733888e-06
1.274118039873428643e-05
6.346676673274487257e-05
1.875375601230189204e-04
3.774253627852885984e-06
3.683257818920537829e-05
2.437343500787392259e-04
1.619874848984181881e-03
1.491959210397908464e-05
5.103232251713052392e-05
2.584644062153529376e-05
9.930746455211192369e-05
3.207586269127205014e-05
2.076993951050098985e-05
7.306153406716475729e-07
2.880564170482102782e-05
9.454365113015228417e-08
5.378354899221449159e-07
3.849788299703504890e-06
2.407901149581448408e-07
1.208361936733126640e-06
2.516952554287854582e-05
6.492525699286488816e-06
1.443744849893846549e-06
1.443782025489781518e-06
3.588303059132158523e-07
4.404510946187656373e-06
1.324444156125537120e-06
1.327387326455209404e-05
1.123383262893185019e-04
8.640901796752586961e-06
1.348959449387621135e-05
2.649583257152698934e-05
1.148509327322244644e-04
3.961531547247432172e-05
5.050719119026325643e-05
2.200080780312418938e-05
3.440543423494091257e-06
1.087047712644562125e-05
1.246200554305687547e-05
1.555326743982732296e-04
1.081465484276122879e-06
2.471300604156567715e-06
1.572646965541935060e-06
6.307305284281028435e-06
2.316614700248464942e-05
7.933428605610970408e-06
2.656788183230673894e-06
3.177162943757139146e-05
1.949346369656268507e-06
1.104004059016006067e-05
3.528538400132674724e-06
8.191932465706486255e-06
7.243412255775183439e-06
8.819941399451636244e-07
4.164604615652933717e-05
3.945723619835916907e-06
2.834007318597286940e-05
6.178672720125177875e-06
8.635616381980071310e-07
1.595313915458973497e-05
1.331095745626953430e-06
3.121659392490983009e-05
2.698218486330006272e-05
2.866723225452005863e-04
2.960834353871177882e-05
4.435266600921750069e-05
1.845330552896484733e-05
2.014224628510419279e-05
3.551830559445079416e-06
7.854593604861292988e-06
1.354400501440977678e-05
2.137418341590091586e-04
6.925284651515539736e-06
1.393343723066209350e-06
1.311398682446451858e-05
3.204105496479314752e-06
9.410934580955654383e-06
5.952213996351929381e-06
1.993934120037010871e-06
1.505979980720439926e-05
1.429173971700947732e-05
8.186942068277858198e-06
2.111876938215573318e-06
3.919850496458820999e-05
5.237933692114893347e-06
2.728484787439811043e-06
5.759524356108158827e-06
4.274514503777027130e-04
5.396267624746542424e-06
6.866200419608503580e-05
1.953326136572286487e-05
2.838973887264728546e-04
4.174394780420698225e-05
2.398726610408630222e-05
9.938704351952765137e-06
2.246162148367147893e-05
1.301343490922590718e-05
1.752763751028396655e-06
1.355412314296700060e-05
3.509575253701768816e-05
7.078662747517228127e-06
8.293884548038477078e-07
1.004503792501054704e-05
2.437095827190205455e-05
8.327184332301840186e-06
1.261881607206305489e-05
1.638022979477682384e-07
2.843138099706266075e-05
3.854345050058327615e-05
3.504855703795328736e-05
8.332601282745599747e-06
8.187811886273266282e-07
2.110445393554982729e-06
3.683999239001423120e-05
1.891604370030108839e-05
2.854613057934329845e-06
1.089589568437077105e-05
8.390310540562495589e-06
2.534391387598589063e-05
3.321664917166344821e-05
1.874447480076923966e-05
2.456072070344816893e-05
4.222052666591480374e-06
4.062438620167085901e-06
1.009239622362656519e-05
2.219886710008722730e-06
5.413886356109287590e-06
8.753661859373096377e-06
6.336574006127193570e-05
8.026697469176724553e-05
1.095948275178670883e-03
1.990054079215042293e-05
6.908436716912547126e-06
1.638501998968422413e-06
4.396625172375934198e-06
3.592463326640427113e-05
4.961382728652097285e-05
9.327355655841529369e-06
1.602087140781804919e-04
7.947051926748827100e-06
1.711902223178185523e-05
2.265082584926858544e-04
8.551715836802031845e-06
8.611228622612543404e-06
5.251613401924259961e-06
9.672848136688116938e-06
1.042064104694873095e-05
1.542432983114849776e-05
1.735324758556089364e-06
5.292618516250513494e-05
5.291535671858582646e-06
2.745136725934571587e-06
3.433198344282573089e-06
2.419834891043137759e-05
1.040476718117133714e-06
6.211361323948949575e-06
7.847645065339747816e-06
1.224597654072567821e-04
4.413675196701660752e-05
1.077606339094927534e-05
2.940297235909383744e-06
1.031022384267998859e-05
4.544840976450359449e-06
2.829505319823510945e-05
4.184223143965937197e-05
9.048396350408438593e-06
1.457417511119274423e-05
2.214283740613609552e-04
2.164572651963680983e-04
2.389785004197619855e-05
3.768651731661520898e-05
8.381436487070459407e-07
5.761076681665144861e-05
1.406398223480209708e-05
2.040980616584420204e-04
5.831098678754642606e-05
1.755324046825990081e-05
6.520426541101187468e-05
1.132264696934726089e-05
2.148517523892223835e-05
6.582392961718142033e-05
1.238895129063166678e-05
6.417378608603030443e-05
5.546762167796259746e-06
1.508327022747835144e-05
3.595222253352403641e-03
5.159176886081695557e-03
2.136559342034161091e-04
1.434125442756339908e-04
8.912647172110155225e-05
3.943009869544766843e-05
1.521872327430173755e-04
4.373184492578729987e-05
8.717401942703872919e-05
4.746245758724398911e-05
3.012685338035225868e-04
1.066075219569029287e-05
2.924668478954117745e-05
7.447988609783351421e-04
4.390490939840674400e-04
1.046058823703788221e-04
3.176395222544670105e-02
3.205934772267937660e-04
3.047290920221712440e-05
1.952970524143893272e-05
4.409083430800819770e-06
2.047306406893767416e-05
7.824068597983568907e-05
4.855485258303815499e-06
1.029446502798236907e-05
6.507284979306859896e-06
1.667005126364529133e-04
2.516293761800625362e-06
1.477895602874923497e-05
8.845806587487459183e-05
1.327635436609853059e-05
3.619683047872968018e-05
1.311611231358256191e-05
7.535592885687947273e-06
9.597134521754924208e-06
4.438421001395909116e-06
1.560715827508829534e-05
9.016374065140553284e-07
1.454268567613326013e-05
2.804169298542547040e-06
8.291100925816863310e-07
1.699947119959688280e-06
1.476377110520843416e-05
7.142609319998882711e-06
1.633422129998507444e-06
1.666459138505160809e-05
9.146446586782985833e-07
4.306493065087124705e-05
5.385758413467556238e-06
2.833950566127896309e-05
2.413032234471756965e-05
2.435614533169427887e-06
6.025640232110163197e-06
3.728552110260352492e-05
6.649810302405967377e-07
3.747441951418295503e-05
8.938452228903770447e-04
1.475246244808658957e-04
8.243413176387548447e-04
8.339120540767908096e-05
5.796040059067308903e-04
1.562000252306461334e-03
1.100810128264129162e-03
3.999572800239548087e-05
5.629301536828279495e-03
3.917725989595055580e-04
5.688909732270985842e-05
4.973259568214416504e-02
2.609427319839596748e-03
1.728118513710796833e-04
7.173930644057691097e-04
6.782260024920105934e-04
7.186382572399452329e-05
1.012623542919754982e-04
1.657361826801206917e-05
1.444107852876186371e-03
1.256133400602266192e-04
1.360761380055919290e-04
5.631881322187837213e-06
1.374194312120380346e-06
1.828585482144262642e-06
9.880225843517109752e-05
4.494574113778071478e-06
8.138258708640933037e-04
1.200392580358311534e-04
6.914576147210027557e-07
4.083164185431087390e-06
4.404097126098349690e-05
3.817325341515243053e-05
1.920272552524693310e-06
1.686414725554641336e-05
2.609276634757407010e-05
1.064798016159329563e-05
1.548908403492532670e-05
2.466093746988917701e-07
1.895556465569825377e-06
2.899623359553515911e-05
6.088035206630593166e-06
1.009047650768479798e-06
1.545270833958056755e-06
1.377898297505453229e-05
1.357140354230068624e-05
1.327172140008769929e-05
4.190742620266973972e-04
4.074194293934851885e-06
3.473066899459809065e-04
4.921308718621730804e-04
3.789576658164151013e-05
9.561536717228591442e-05
1.867002574726939201e-04
1.965393603313714266e-04
8.074855941231362522e-06
3.372800711076706648e-04
2.861178700186428614e-06
1.413925815541006159e-06
3.031272399312001653e-06
8.247675395978149027e-06
3.202602556484634988e-06
2.153122477466240525e-05
6.329891039058566093e-05
3.552333873813040555e-05
6.284102482823072933e-07
1.906131510622799397e-04
6.997528544161468744e-06
4.972144597559235990e-05
6.869636126793920994e-04
2.366998705838341266e-05
7.510861905757337809e-06
4.700392310041934252e-06
2.239462337456643581e-04
1.392668345943093300e-04
5.348773993318900466e-05
1.964585862879175693e-05
2.369529283896554261e-06
2.684894025151152164e-05
1.611534003131964710e-06
2.060684437310555950e-06
7.969942998897749931e-06
1.440753403585404158e-04
4.571538011077791452e-05
1.908788135551731102e-06
3.270852744208241347e-07
3.169541305396705866e-04
9.268685971619561315e-05
6.897597631905227900e-05
2.287256165800499730e-06
1.589939492987468839e-04
1.968301832675933838e-03
3.513222036417573690e-04
1.248209446202963591e-05
4.811595135834068060e-05
4.749274467030772939e-07
6.477651822933694348e-06
4.514683496381621808e-06
1.580273266881704330e-03
2.217905057477764785e-05
7.906343853392172605e-06
2.195278057115501724e-06
1.952467755472753197e-05
4.743141471408307552e-05
2.476174586263368838e-06
1.691122651100158691e-01
1.414895791640446987e-06
3.774978904402814806e-05
2.753256703726947308e-04
5.437763320514932275e-05
1.560495547892060131e-05
9.780925211089197546e-06
6.581411071238107979e-06
4.515206819633021951e-05
1.594325294718146324e-05
5.629851330013480037e-06
1.799694291548803449e-05
5.149839489604346454e-05
1.181424408969178330e-06
8.997047302727878559e-07
1.725907395666581579e-06
3.981117970397463068e-06
4.688483604695647955e-04
3.133434802293777466e-05
6.060840096324682236e-03
3.068379101023310795e-06
4.139139200560748577e-04
9.878388482320588082e-06
1.743710745358839631e-04
6.814144580857828259e-05
3.844097591354511678e-06
4.862883724854327738e-05
5.648941078106872737e-05
3.556282536010257900e-05
2.348312991671264172e-04
1.592124363014590926e-06
4.487272235564887524e-04
4.683355291490443051e-05
1.409127580700442195e-04
3.935678396373987198e-03
1.666010357439517975e-04
8.202095516026020050e-03
1.697992229310330003e-05
2.842370849975850433e-05
1.616417284822091460e-05
2.838118291492719436e-07
6.463255431299330667e-06
2.726462480495683849e-05
2.359969585086219013e-06
2.339054364711046219e-03
1.946403208421543241e-04
4.582963811117224395e-06
2.192368810938205570e-05
1.042692892951890826e-04
4.072370575158856809e-05
1.810988760553300381e-05
5.132304067956283689e-06
1.826389780035242438e-04
1.476657234888989478e-05
1.339950904366560280e-05
1.582255322318815161e-06
2.631143797771073878e-05
1.128130679717287421e-04
2.342512198083568364e-05
5.576397597906179726e-05
9.074788977159187198e-05
7.827598165022209287e-05
7.797669240972027183e-06
3.624586388468742371e-04
3.647296762210316956e-05
1.826874722610227764e-05
2.831435494954348542e-07
6.428452365980774630e-07
2.240931098640430719e-05
5.417509237304329872e-05
2.136663169949315488e-06
1.919943861139472574e-05
1.687710027908906341e-05
8.076443191384896636e-05
2.910902730945963413e-05
1.928249002958182245e-05
7.022417776170186698e-06
1.297636117669753730e-06
2.691438930924050510e-05
2.552010701037943363e-04
2.783306445053312927e-05
8.651459938846528530e-05
1.744895962474402040e-05
1.527772656118031591e-05
3.302531240478856489e-06
4.179161976480827434e-07
9.858925477601587772e-05
3.647209814516827464e-05
2.356259064981713891e-04
6.138552180345868692e-06
3.837292297248495743e-06
7.373705557256471366e-06
2.380123078182805330e-05
2.413356742181349546e-05
2.354286834815866314e-06
9.176349522022064775e-06
2.249471981485839933e-05
4.174721107119694352e-05
3.099544483120553195e-05
1.358200051981839351e-06
3.114764695055782795e-04
4.595531572704203427e-05
2.627857495099306107e-03
8.791824370746326167e-07
2.658885568962432444e-05
9.973161468224134296e-06
5.083470114186638966e-06
3.831772482953965664e-05
4.190281033515930176e-04
2.006540307775139809e-05
1.124963455367833376e-04
6.497072263300651684e-06
2.207133366027846932e-05
1.180626350105740130e-05
8.238002657890319824e-03
7.096155895851552486e-04
1.540610696793009993e-06
1.412991841789335012e-04
1.318968716077506542e-04
5.680260073859244585e-06
4.557058218779275194e-06
1.247331383638083935e-03
3.765188739635050297e-05
6.389010231941938400e-04
5.796512778033502400e-05
4.440533757588127628e-06
5.521252751350402832e-04
8.242175681516528130e-05
9.799929830478504300e-05
7.176848594099283218e-04
8.410362061113119125e-04
2.322115869901608676e-05
1.224695151904597878e-04
6.286718871706398204e-06
1.924910611705854535e-04
4.154362613917328417e-05
2.184100776503328234e-05
3.804675769060850143e-03
1.905400677060242742e-05
3.810074531429563649e-06
2.591124757600482553e-05
6.702371592837153003e-06
9.989976206270512193e-07
3.175705933244898915e-05
1.597382797626778483e-04
1.307917682424886152e-05
1.078719971701502800e-03
9.827375470194965601e-05
3.070315506192855537e-05
6.700579542666673660e-03
4.358179648988880217e-05
8.007533324416726828e-05
2.504580515960697085e-05
1.082921298802830279e-04
1.998399420699570328e-05
5.868386665497382637e-07
1.561653800308704376e-03
1.911972731249989010e-06
2.230685396398257581e-07
1.006634192890487611e-04
3.775162440433632582e-07
2.601054147817194462e-04
1.232883514603599906e-04
2.736988826654851437e-04
9.708613652037456632e-05
1.189909926324617118e-05
5.241998951532877982e-05
4.066035617142915726e-04
1.279745356441708282e-05
9.325896826339885592e-06
3.356253728270530701e-06
2.595194246168830432e-06
5.022372533858288080e-06
3.266889543738216162e-04
4.688065964728593826e-03
6.238557489268714562e-06
3.760486142709851265e-04
2.035114630416501313e-05
7.087271660566329956e-05
8.162423910107463598e-05
7.731786899967119098e-05
2.983589729410596192e-05
2.161480324502917938e-06
2.614502409414853901e-05
1.024912853608839214e-05
7.836255099391564727e-05
5.388127192418323830e-06
5.815088002236734610e-07
1.591383770573884249e-04
3.837228359770961106e-05
1.519435227237408981e-05
1.129463385041162837e-06
5.440961558633716777e-06
5.764340471614559647e-07
2.696403826121240854e-04
6.279867079683754127e-07
7.779374573146924376e-05
7.076165275066159666e-06
2.535110297685605474e-06
3.594390818761894479e-06
1.837888248701347038e-06
4.682214239437598735e-06
7.807498150214087218e-06
1.943571696756407619e-04
1.092964612325886264e-05
9.333152206636441406e-07
1.519601937616243958e-05
1.484338135924190283e-04
1.464573506382293999e-05
2.738667652010917664e-03
6.959023448871448636e-05
6.520989700220525265e-04
4.422456186148338020e-05
3.288256721134530380e-06
4.946264743921346962e-05
3.385715388048993191e-07
2.554997263359837234e-05
8.482879252369457390e-07
1.121558580052806064e-05
3.890310472343116999e-05
9.634525213186861947e-07
3.545322897480218671e-06
6.145599181763827801e-04
1.024027733365073800e-05
1.071158067134092562e-06
3.528938977979123592e-04
2.062530547846108675e-04
1.715235157462302595e-06
8.960069862951058894e-06
1.801488724595401436e-05
1.838100492022931576e-03
1.310013176407665014e-04
8.397611054533626884e-06
1.611857805983163416e-05
2.168450737372040749e-04
6.920481246197596192e-05
8.477056212541356217e-07
6.622186629101634026e-05
2.842994399543385953e-05
2.137678238796070218e-04
2.034844947047531605e-04
4.573978018015623093e-03
1.104627081076614559e-04
1.538765718578360975e-05
1.693886588327586651e-04
6.455739821831230074e-06
3.644494572654366493e-03
1.967910429812036455e-05
4.838038307752867695e-07
8.239385351771488786e-05
1.392318372381851077e-04
5.405332776717841625e-04
1.347703801002353430e-04
1.540383091196417809e-04
1.328705025116505567e-06
1.375692663714289665e-03
3.168910609474551165e-07
7.233982159959850833e-06
2.505981829017400742e-04
1.754957484081387520e-04
4.854471171711338684e-06
2.003228000830858946e-04
1.525283278169808909e-05
9.296771604567766190e-04
6.515018640129710548e-07
1.699869317235425115e-04
1.032804539136122912e-05
4.081857696291990578e-05
4.227161407470703125e-04
7.045734946586890146e-06
2.033165037573780864e-05
2.237387088825926185e-04
1.813347807910759002e-05
1.775806958903558552e-05
5.477463218994671479e-06
1.258467932530038524e-06
5.052831511420663446e-06
1.771134702721610665e-04
6.641283835051581264e-05
6.116481381468474865e-04
4.794674532604403794e-05
7.348058375100663397e-07
8.294181498058605939e-06
9.691204468253999949e-05
2.828421020240057260e-05
4.251918994668812957e-07
1.336897112196311355e-04
8.664039341965690255e-06
1.310699735768139362e-05
1.655369851505383849e-04
1.496573531767353415e-05
8.241605246439576149e-05
4.579743745125597343e-06
1.131038734456524253e-04
2.114462631652713753e-06
5.365966717363335192e-05
1.270255052077118307e-05
4.044610261917114258e-02
2.244266170237096958e-06
9.129623649641871452e-04
7.963457755977287889e-05
5.460715328808873892e-06
3.990717959823086858e-05
3.243915562052279711e-04
6.760152245988138020e-06
1.014590234262868762e-04
9.076259630091954023e-06
1.704856840660795569e-04
7.631803782714996487e-06
1.184322991321096197e-05
3.986926913057686761e-06
1.140896074502961710e-05
7.602304685860872269e-04
1.458991755498573184e-04
1.399306929670274258e-04
1.041575742419809103e-04
8.426206477452069521e-05
5.370779035729356110e-05
2.445970721964840777e-06
6.673679308732971549e-05
7.522718533437000588e-06
7.280526460817782208e-06
3.625161843956448138e-05
1.481580238760216162e-05
2.462723932694643736e-05
1.546026214782614261e-05
1.249276683665812016e-04
1.893403896247036755e-05
2.636189492477569729e-05
4.393467315821908414e-05
1.828232598199974746e-05
3.394757186470087618e-06
1.016529154185263906e-06
6.242755148377909791e-07
5.996496183797717094e-04
8.923069981392472982e-05
1.952082311618141830e-05
9.754809298101463355e-07
2.981197903864085674e-04
2.338875674467999488e-05
4.254563827998936176e-05
2.246038093289826065e-05
1.724253161228261888e-05
5.576392140937969089e-05
4.611193162418203428e-06
9.317811782239004970e-05
2.267467607452999800e-05
1.722331944620236754e-05
1.462391373934224248e-04
3.663330517156282440e-06
1.453951654184493236e-06
3.627286787377670407e-06
1.534837110739317723e-06
3.725166607182472944e-04
2.802403469104319811e-04
3.384558340258081444e-06
1.138980514951981604e-04
1.682632428128272295e-04
3.348914469825103879e-05
3.267369265813613310e-06
1.252496258530300111e-05
7.918591290945187211e-05
1.292479100811760873e-05
3.523385032622172730e-07
1.822887679736595601e-05
3.416099571040831506e-05
1.166052970802411437e-05
3.753016017071786337e-06
3.000207289005629718e-05
1.966855052160099149e-06
3.163750079693272710e-05
7.436810119543224573e-05
7.342093795159598812e-06
5.486413101607467979e-06
4.061446816194802523e-04
6.349640170810744166e-05
1.418416504748165607e-04
7.375646873697405681e-06
7.179662497946992517e-05
1.620996044948697090e-05
9.596900781616568565e-05
3.478849830571562052e-04
1.233648072229698300e-04
1.132587044594401959e-06
6.189958367031067610e-05
8.684712229296565056e-04
5.385707481764256954e-06
5.777185651822946966e-05
7.587289437651634216e-04
5.289296386763453484e-04
2.162597047572489828e-05
9.237997801392339170e-06
4.809638950973749161e-03
5.557476470130495727e-05
6.740099706803448498e-06
1.318109207204543054e-05
1.431946202501421794e-05
2.062666226265719160e-06
1.028158148983493447e-04
3.192846861566067673e-06
4.584990165312774479e-05
1.023119352794310544e-06
8.900730608729645610e-05
2.279182126585510559e-06
7.015580081315420102e-07
9.667379345046356320e-06
1.759727310854941607e-04
2.838463387888623402e-06
6.150544504635035992e-05
2.981442230520769954e-05
4.878281174569565337e-07
1.748007161950226873e-05
2.038960246864007786e-06
2.526415977627038956e-03
8.737273310543969274e-05
6.710648071020841599e-03
4.694731978815980256e-05
3.450771691859699786e-05
3.298626154446537839e-07
2.214575215475633740e-04
1.087739860849978868e-06
3.320934411021880805e-06
1.432484350516460836e-05
8.916821388993412256e-05
1.962492387974634767e-05
1.665282638896314893e-06
2.722935169003903866e-04
2.548645534261595458e-05
4.527243145275861025e-04
7.936236797831952572e-04
2.376608335907803848e-06
2.364955580560490489e-04
1.471739495173096657e-03
7.933394954307004809e-05
8.198071009246632457e-05
5.605809565167874098e-05
2.295110425620805472e-05
2.857774263247847557e-03
5.952384526608511806e-06
3.636257360994932242e-06
4.808657104149460793e-04
4.150962922722101212e-03
4.622169653885066509e-04
3.816975322479265742e-07
3.582462397844210500e-07
1.847313251346349716e-05
4.522917151916772127e-05
5.584372502198675647e-06
4.288149284548126161e-05
2.605434747238177806e-05
5.867723957635462284e-04
9.062477329280227423e-05
3.666680640890263021e-05
3.037526330444961786e-04
6.138789467513561249e-05
5.028222221881151199e-05
7.571636047032370698e-07
5.467189839691855013e-05
1.171929252450354397e-04
8.194416877813637257e-04
1.377442549710394815e-05
4.017691026092506945e-06
9.971591680368874222e-06
7.651443411305081099e-06
1.181671250378713012e-04
4.888522744295187294e-05
9.999532485380768776e-04
2.106611827912274748e-05
1.122938192565925419e-04
3.660623624455183744e-04
1.007926184684038162e-04
5.882967161596752703e-05
2.579511143267154694e-03
4.739467694889754057e-04
1.445815898478031158e-02
2.661720849573612213e-02
6.764554564142599702e-05
3.419375279918313026e-03
2.653656119946390390e-04
4.964883555658161640e-04
6.157878087833523750e-04
4.357841098681092262e-04
4.698828270193189383e-04
1.534274488221853971e-04
1.676372921792790294e-04
5.031035398133099079e-04
1.040313509292900562e-05
2.927259483840316534e-04
4.926074689137749374e-05
1.933280373123125173e-06
7.611419277964159846e-05
5.636526839225552976e-05
3.349054895807057619e-05
9.583328619555686601e-07
1.984402661037165672e-05
1.093651735573075712e-05
3.732688259333372116e-03
1.935450854944065213e-04
3.374972846359014511e-03
4.006322124041616917e-04
7.461855602741707116e-06
2.027097623795270920e-03
3.318202288937754929e-06
4.444389196578413248e-04
1.830199380492558703e-06
3.809802137766382657e-06
1.150087086898565758e-06
3.874114554491825402e-06
2.787174935292568989e-06
3.277583800809225067e-06
4.452258581295609474e-04
3.530431786202825606e-05
7.825601642252877355e-05
3.508420559228397906e-05
9.024512110045179725e-05
1.935930631589144468e-04
1.938016340136528015e-02
2.279222462675534189e-05
2.707054045458789915e-05
7.794230710715055466e-03
2.330971881747245789e-03
7.571492344141006470e-03
3.897821588907390833e-04
2.029992453753948212e-02
1.835025846958160400e-01
3.850434720516204834e-02
5.068009719252586365e-03
6.331568874884396791e-05
1.574986963532865047e-04
4.412059206515550613e-05
