3.352980399995431071e-07
1.247291947947815061e-04
1.979300066068390151e-07
8.073753861026489176e-07
7.168143838498508558e-07
9.776405022421386093e-06
3.718964478593989043e-07
9.278103243559598923e-04
1.060198643244802952e-03
1.432929593647713773e-06
2.503644054741016589e-06
8.341032298631034791e-06
1.520578189229127020e-05
1.450629611099429894e-06
9.593193681212142110e-06
1.315388453804189339e-05
5.067948222858831286e-06
5.014353064325405285e-06
2.165112164220772684e-06
3.642676574600045569e-06
5.819755983793584164e-07
7.156845072131545749e-07
9.586869964550714940e-07
1.198412974190432578e-05
4.216673914925195277e-06
1.150275011241319589e-06
1.367346885672304779e-05
6.238648893486242741e-06
2.761280256891041063e-06
4.916354100714670494e-06
3.735974303253897233e-07
9.496269740338902920e-06
1.137666276918025687e-05
3.909673068847041577e-06
2.077978479064768180e-06
5.279661763779586181e-06
2.666400541784241796e-05
3.285292905275127850e-06
1.143418103310978040e-05
4.040058229293208569e-06
1.452003380109090358e-05
4.208819518680684268e-06
1.975125451281201094e-05
2.458936796756461263e-05
5.227470865065697581e-06
7.417949632326781284e-07
1.745977783684793394e-06
6.398036475729895756e-06
3.932169931886164704e-07
2.185008497690432705e-06
1.442486109226592816e-06
1.992726720345672220e-05
1.539733602839987725e-05
1.959081146196695045e-06
1.743236452966812067e-07
2.506934151824680157e-06
1.227798748004715890e-06
1.428743189535452984e-06
1.432556473446311429e-06
1.528748362034093589e-05
1.306210560869658366e-05
4.856526061303156894e-07
1.358983240606903564e-06
1.202605062644579448e-06
2.220272790509625338e-06
5.640973085974110290e-06
3.304080746602267027e-05
1.496734626016404945e-06
8.484942554787266999e-06
4.122822701901895925e-06
1.137065373768564314e-05
9.809064977162051946e-06
3.691874894684588071e-07
9.950188541552051902e-05
1.247585169039666653e-05
1.316796101491490845e-06
1.850523858593078330e-06
9.197168765240348876e-06
5.419009539764374495e-05
2.213110519733163528e-06
8.003676339285448194e-05
1.882429842225974426e-06
2.144129939551930875e-05
1.147380953625543043e-05
2.975492350287822774e-07
7.550471764261601493e-06
1.599417009856551886e-05
5.945836892351508141e-05
2.108547196257859468e-04
5.874136604688828811e-06
6.392294744728133082e-05
1.781686250978964381e-06
3.367731551406905055e-07
1.178013008029665798e-05
4.615788348019123077e-04
1.603965671392870718e-07
3.562640358723001555e-06
1.531316229375079274e-07
6.520686213207227411e-08
1.733939143377938308e-06
6.157481038826517761e-06
2.307529712197720073e-06
7.841015872145362664e-07
1.734179750201292336e-05
5.984018685012415517e-07
3.266723638262192253e-07
4.147222512074222323e-07
1.021696254611015320e-03
7.240863487822934985e-05
7.786425412632524967e-04
5.401235102908685803e-05
2.411212335573509336e-04
1.122196298092603683e-02
3.933139669243246317e-04
2.237838343717157841e-04
5.077662877738475800e-03
8.756730239838361740e-04
1.333965246885782108e-05
3.716298670042306185e-05
8.703599451109766960e-05
5.257584234641399235e-06
1.338507572654634714e-04
2.842983521986752748e-04
3.741768887266516685e-05
1.610989966138731688e-05
1.544435326650273055e-05
3.911257954314351082e-04
3.417873131184023805e-07
6.692125680274330080e-07
3.389803896425291896e-05
6.119841418694704771e-05
1.182987375614175107e-06
2.238583192593068816e-06
7.598490583404782228e-07
1.774098677742586005e-06
1.575815304022398777e-06
8.412306669924873859e-06
5.964495386479029548e-08
4.429126363447721815e-07
5.454778317925956799e-08
7.982283278806789895e-08
2.007023169880994828e-07
2.067527482552122819e-08
5.114245027471042704e-07
1.852155264714383520e-06
1.370127733935078140e-06
8.834258835577202262e-08
4.411341478771646507e-07
2.294072601216612384e-06
4.218542244416312315e-07
1.268235791940242052e-06
1.183324275189079344e-05
4.523147072177380323e-05
2.519021109037566930e-05
2.586358641565311700e-05
3.288545121904462576e-05
6.716377538396045566e-05
2.024715831794310361e-05
3.553036367520689964e-05
2.627829417178872973e-05
5.343644261301960796e-06
2.291233613505028188e-05
1.959763267223024741e-06
4.967539643985219300e-05
1.275927161259460263e-06
8.306493327836506069e-06
2.474395387253025547e-06
5.166332357475766912e-06
2.357757875870447606e-05
2.465404577378649265e-06
5.292945388646330684e-06
1.331727980868890882e-05
9.801428859645966440e-07
2.764708369795698673e-06
4.531417289399541914e-06
7.092829036992043257e-06
1.890785370051162317e-06
3.806888742019509664e-07
5.932984640821814537e-05
1.993143087020143867e-05
8.615700608061160892e-06
1.042864732880843803e-05
6.225121978786773980e-06
9.735374987940303981e-06
1.484562858422577847e-06
1.410948316333815455e-04
1.116137063945643604e-04
2.314242883585393429e-04
6.344642315525561571e-05
1.129509109887294471e-04
1.339960363111458719e-05
1.184259053843561560e-05
2.314407174708321691e-05
8.899583008314948529e-06
1.030620660458225757e-05
8.914529462344944477e-05
1.539400363981258124e-05
3.209724582120543346e-06
4.741083102999255061e-06
1.680632340139709413e-05
2.555797618697397411e-05
3.816119715338572860e-06
5.105061973154079169e-06
9.752259757078718394e-06
1.437762330169789493e-05
5.520375270862132311e-05
5.181564574741059914e-06
2.542957918194588274e-05
1.673077058512717485e-04
2.978224756589042954e-06
2.646668463057721965e-06
1.388263044646009803e-04
4.922987955069402233e-06
1.599627285031601787e-05
1.668403092480730265e-05
5.177423008717596531e-05
3.521310645737685263e-05
1.383158632961567491e-05
1.936127227963879704e-05
4.228132456773892045e-05
2.881587533920537680e-05
7.289859695447375998e-06
2.069779475277755409e-05
1.002271237666718662e-04
7.659175025764852762e-05
6.650862815149594098e-06
1.667084507062099874e-05
9.087474609259516001e-05
3.843679587589576840e-05
6.704937732138205320e-06
1.864852833932673093e-06
1.832698580983560532e-05
8.888959564501419663e-05
1.377507305733161047e-05
6.450295586546417326e-06
5.623001015919726342e-06
1.146316844824468717e-05
1.078431250789435580e-05
1.107670323108322918e-05
8.505934601998887956e-06
9.439566383662167937e-06
2.290084739797748625e-05
5.840130597789539024e-06
7.823981832189019769e-06
9.028596105054020882e-05
8.641465683467686176e-06
7.416269909299444407e-06
1.399837947246851400e-05
3.806404265560558997e-06
1.014962326735258102e-04
4.654523763747420162e-06
1.642231472942512482e-05
4.776311470777727664e-05
1.763438922353088856e-05
5.831551607116125524e-05
1.086295742425136268e-05
8.128064655466005206e-05
1.033450280374381691e-05
5.542642247746698558e-05
7.878156611695885658e-05
1.663315342739224434e-04
7.456505409209057689e-05
6.177419891173485667e-06
1.873106157290749252e-05
1.181700372399063781e-05
7.690277998335659504e-04
5.711640551453456283e-05
1.929397512867581099e-05
2.694335535124992020e-06
2.444183110128506087e-06
3.388929371794802137e-06
1.294700837206619326e-06
8.126902457661344670e-07
1.689389364400994964e-06
3.377469283805112354e-06
4.001378499651764287e-07
5.641518328047823161e-07
4.409560006024548784e-06
1.138224547503341455e-06
4.787693796970415860e-07
3.157555738653172739e-06
7.260321581270545721e-05
9.823209438764024526e-06
2.085420237563084811e-05
2.237614125988329761e-06
5.188834165892330930e-06
6.878609042360039894e-07
7.387532605207525194e-06
2.070139771603862755e-06
1.162047283287392929e-06
8.440524652542080730e-07
1.485409211454680189e-05
1.421971683157607913e-05
2.943513436548528261e-06
4.953538791596656665e-06
9.545022976453765295e-07
5.162739762454293668e-05
1.850461194408126175e-05
2.724445266721886583e-06
3.078859435845515691e-06
5.403030172601575032e-06
7.768330760882236063e-06
2.622488182169036008e-06
6.975690212129848078e-06
6.422967089747544378e-06
1.665142008278053254e-06
9.786414921109098941e-06
2.767422756733139977e-06
2.850420605682302266e-05
4.007603856734931469e-04
2.012602053582668304e-04
2.694365139177534729e-05
1.398783751938026398e-05
3.051028761547058821e-05
9.025405233842320740e-06
2.401810706942342222e-05
7.559459618278197013e-07
5.530537237063981593e-06
7.973116225912235677e-06
1.129041174863232300e-05
2.154194135073339567e-06
3.272462663517217152e-06
5.433494152384810150e-05
1.744646142469719052e-04
3.513796400511637330e-05
1.538050360977649689e-03
1.351486389467027038e-05
2.515369851607829332e-05
2.406166640867013484e-05
3.382607246749103069e-06
2.226650212833192199e-05
2.411748027952853590e-06
4.483496013563126326e-06
6.008032414683839306e-06
3.895864210790023208e-06
2.762447138593415730e-06
4.262220727468957193e-07
4.681072823586873710e-06
6.473630492109805346e-05
1.784970208973390982e-06
6.147617568785790354e-06
6.036150807631202042e-06
1.477240175518090837e-06
3.024333068424311932e-07
8.839286351758346427e-07
3.138153488180250861e-06
3.334698135404323693e-07
8.588661330577451736e-06
1.611704476545128273e-07
6.477412028971230029e-08
1.881509916756840539e-07
5.172329338165582158e-07
1.323765843608271098e-07
3.041462264263827819e-07
5.858762506250059232e-06
4.610884332123532658e-07
1.056207838701084256e-05
1.538746346341213211e-06
6.228827260201796889e-06
2.940699232567567378e-06
5.514271492756961379e-07
1.988028816413134336e-05
7.438788088620640337e-06
5.679240757672232576e-07
1.579072204549447633e-06
7.190104042820166796e-06
8.715397598280105740e-06
4.109280325792497024e-06
1.499839527241420001e-06
2.844683649527723901e-06
1.552358298795297742e-06
4.252928192727267742e-06
7.324392186092154589e-07
1.694742786639835685e-05
7.982009265106171370e-06
1.909351340145803988e-06
1.519135912531055510e-05
7.010245462879538536e-05
4.445021659194026142e-06
1.293282275582896546e-05
5.335796686267713085e-06
6.327077244350221008e-07
9.064122536983632017e-07
4.682352141571755055e-07
2.358740675845183432e-05
2.591164047771599144e-06
9.694068694443558343e-07
9.468557777836394962e-07
1.505507270849193446e-06
8.902736681193346158e-07
2.252186277473811060e-05
1.459360305489099119e-06
7.626128353876993060e-05
2.486885387043002993e-05
3.974304263465455733e-07
1.081808363778691273e-06
7.229009497677907348e-05
2.505970542188151740e-06
1.315924805567192379e-06
4.424121871124953032e-04
5.087252793600782752e-05
8.611748853581957519e-06
3.572155947040300816e-06
1.641399080654082354e-06
7.558003289886983112e-07
6.208071226865286008e-06
2.082701212202664465e-05
7.763579219499661122e-07
3.208676275789912324e-07
1.368883749819360673e-05
3.854313206375081791e-07
1.062546380126150325e-05
6.145414081402122974e-04
6.635667091359209735e-07
4.905149398837238550e-05
1.274501439183950424e-03
1.154754590970696881e-05
3.334404318593442440e-04
3.358475441928021610e-05
1.603370947123039514e-05
3.030120296898530796e-06
1.908325612021144480e-05
1.285359303437871858e-06
4.523511051957029849e-06
1.196514290313643869e-06
2.339744241908192635e-05
4.491327672440093011e-06
1.347312354482710361e-04
1.867151149781420827e-05
7.850616157156764530e-07
4.403470938996179029e-06
1.110937664634548128e-04
5.063011485617607832e-06
2.378337085247039795e-04
2.231980324722826481e-04
1.575048372615128756e-05
4.648260528483660892e-06
3.843501872324850410e-06
8.926039299694821239e-05
2.687497762963175774e-03
8.067439011938404292e-06
2.501366179785691202e-05
1.093573882826603949e-05
2.827321623044554144e-05
2.643409516167594120e-06
1.773606413735251408e-06
3.228451532777398825e-04
7.460713277396280318e-06
3.854547103401273489e-04
2.594002353362157010e-06
2.521306612379703438e-07
1.597739988937973976e-03
1.416678569512441754e-04
1.382101909257471561e-04
8.588571290601976216e-06
4.546019772533327341e-05
4.166914368397556245e-05
9.075263369595631957e-05
2.290768461534753442e-04
3.092497354373335838e-05
6.653733635175740346e-07
4.094577161595225334e-05
7.984583135112188756e-06
3.087374614551663399e-03
2.983659214805811644e-05
1.243343649548478425e-05
2.355773034423691570e-07
8.356989383173640817e-06
8.082247404672671109e-06
1.325427092524478212e-05
6.173154115676879883e-01
5.904544650547904894e-06
3.869710781145840883e-06
2.483401476638391614e-05
1.338997890343307517e-06
3.894552719430066645e-06
7.393093255814164877e-06
1.596213110133248847e-06
2.108781518472824246e-05
1.610026174603262916e-06
1.503067778685363010e-05
4.377588265924714506e-05
7.643497156095691025e-06
3.501564606267493218e-06
4.723623874269833323e-07
3.137045041512465104e-07
6.027516064932569861e-06
1.896684756502509117e-03
7.717972766840830445e-05
1.249233609996736050e-03
4.108948996872641146e-05
8.425385203736368567e-06
1.958023131010122597e-05
1.795511343516409397e-04
2.512315586500335485e-05
1.192640411318279803e-05
5.575553950620815158e-05
6.912628305144608021e-05
1.063219024217687547e-04
1.363159622997045517e-03
3.056959940295200795e-06
3.024885663762688637e-04
2.955717536679003388e-05
6.056927377358078957e-04
8.703541825525462627e-04
1.081936425180174410e-04
2.005043279496021569e-05
3.852386271319119260e-06
4.562079993775114417e-05
3.033281973330304027e-05
6.378647299243311863e-07
2.973678192574880086e-06
2.157244125555735081e-05
8.975621312856674194e-06
6.043572284397669137e-05
1.968368305824697018e-04
3.232672270314651541e-06
2.300213282069307752e-06
2.490595215931534767e-05
3.017347262357361615e-05
1.257793428521836177e-05
1.759649057930801064e-05
1.595696448930539191e-05
1.666723619564436376e-05
3.383233270142227411e-04
7.250267799463472329e-07
5.003641490475274622e-05
3.477600403130054474e-04
5.189650437387172133e-06
5.460389274958288297e-06
3.419976201257668436e-05
1.617671659914776683e-05
2.297751343576237559e-04
8.320689812535420060e-05
5.566070831264369190e-05
1.072020313586108387e-05
8.011286212195045664e-08
1.108280457629007287e-06
2.511807724658865482e-05
1.571412285557016730e-04
2.586170012364163995e-06
8.906179573386907578e-06
1.275964405067497864e-05
4.532941238721832633e-05
6.156717518024379387e-06
2.091284386551706120e-06
9.906841569318203256e-07
6.426469099096721038e-07
1.667999604251235723e-04
7.738052518106997013e-04
6.621875854762038216e-06
7.735241670161485672e-04
4.446529419510625303e-05
3.006230108439922333e-04
7.277884378709131852e-06
6.967571607674472034e-06
1.031715772114694118e-03
3.665222266135970131e-06
6.841815047664567828e-05
6.731671601301059127e-05
1.729216251078469213e-06
3.598013790906406939e-06
3.264627957832999527e-05
1.412367782904766500e-05
1.241601125911984127e-06
5.810414222651161253e-06
8.986318789538927376e-06
6.163159559946507215e-05
4.020691994810476899e-05
2.954118372144876048e-06
2.220462374680209905e-05
5.644188058795407414e-05
8.488806895911693573e-03
9.978273141086901887e-08
1.002057524601696059e-05
7.179990006989100948e-06
8.263523341156542301e-05
3.385752279427833855e-05
3.756290301680564880e-03
2.909438626375049353e-05
3.534787683747708797e-04
1.572565815877169371e-05
1.959911787707824260e-05
2.826135460054501891e-05
1.320923585444688797e-02
5.908935563638806343e-04
2.423566684228717349e-06
1.625774166313931346e-05
1.408898970112204552e-04
7.541407853750570212e-07
3.494628799671772867e-06
6.368710193783044815e-03
2.229662186437053606e-06
9.806254092836752534e-05
3.684341209009289742e-05
1.764607191034883726e-06
6.464962643804028630e-05
4.395843006932409480e-06
3.457640923443250358e-05
2.835668237821664661e-05
3.982661291956901550e-04
8.601969602750614285e-05
3.987869786215014756e-05
1.636641059121757280e-06
1.940455404110252857e-04
3.666281372716184705e-06
1.880122567854414228e-06
1.595829729922115803e-03
2.245053838123567402e-05
6.700261678815877531e-07
1.920381473610177636e-04
9.902585588861256838e-06
4.298007752367993817e-06
9.511524694971740246e-06
2.632850373629480600e-04
6.062949069018941373e-06
5.630022860714234412e-05
9.596240488463081419e-06
5.491673946380615234e-04
6.218684837222099304e-03
4.306392293074168265e-05
2.153922105208039284e-05
4.965907919540768489e-06
6.175953312776982784e-04
2.557726402301341295e-04
3.948533503717044368e-06
2.236295025795698166e-03
3.038852810277603567e-05
2.881433260881749447e-07
5.429371376521885395e-04
5.364325375012413133e-07
9.447460761293768883e-04
7.675019151065498590e-05
1.243400583916809410e-05
5.676709406543523073e-06
2.515496646537940251e-07
1.169256574939936399e-04
2.606912283226847649e-03
1.962713940883986652e-05
1.219484784087399021e-05
8.676262950757518411e-06
2.910713646997464821e-06
2.762652684396016411e-06
2.347487898077815771e-04
1.713811798254027963e-04
6.418791144824353978e-06
1.218942416016943753e-04
8.455353054159786552e-06
1.838008938648272306e-05
2.464961653458885849e-05
3.542436388670466840e-05
8.942598469730000943e-06
4.524426003627013415e-06
4.417551390361040831e-04
1.968188144019222818e-06
6.866995681775733829e-05
6.781612228223821148e-06
1.823908178266719915e-06
5.032234184909611940e-05
1.095354582503205165e-05
2.351365992581122555e-06
2.763840939223882742e-06
9.449410754314158112e-06
3.072081199206877500e-06
4.486324032768607140e-04
3.442456488755851751e-07
5.096770109958015382e-05
5.131001671543344855e-05
1.632203407098131720e-06
4.547497951534751337e-07
1.087076498151873238e-06
8.677367873133334797e-07
1.215227030115784146e-06
2.784197022265288979e-05
1.780280763341579586e-05
9.546706678520422429e-07
6.044814199412940070e-06
2.143093115591909736e-05
3.131631819996982813e-05
4.273429978638887405e-03
4.874511796515434980e-05
2.902212727349251509e-04
1.039713315549306571e-04
6.297450454439967871e-06
1.696610524959396571e-05
7.705921944989313488e-08
5.939351012784754857e-06
2.681566002138424665e-05
1.897767560876673087e-06
2.974433009512722492e-04
8.035730161282117479e-07
2.340774244657950476e-06
8.310665725730359554e-04
9.390021659783087671e-06
1.306895114794315305e-06
8.357016486115753651e-05
3.978694148827344179e-04
9.800134648685343564e-06
9.349887113785371184e-05
1.283301116927759722e-05
4.702730220742523670e-04
2.313546610821504146e-05
1.296536265726899728e-05
5.931533451075665653e-06
5.077965397504158318e-05
1.694233833404723555e-05
2.429922005831031129e-06
5.846385829499922693e-05
3.951656399294734001e-04
8.573076047468930483e-05
7.631566841155290604e-04
2.570032700896263123e-02
5.838663491886109114e-05
2.578283420007210225e-05
1.642564311623573303e-04
3.258891956647858024e-05
1.216771733015775681e-02
4.110593181394506246e-06
6.855328251731407363e-07
8.027588046388700604e-05
3.777739038923755288e-05
3.028364153578877449e-04
6.909352669026702642e-05
3.551556073944084346e-05
1.280480091736535542e-06
3.189868526533246040e-03
4.061713525516097434e-07
3.135549559374339879e-05
4.190458275843411684e-05
1.054136373568326235e-04
1.667430296947713941e-06
4.393856506794691086e-04
4.974031526217004284e-06
5.356463952921330929e-05
3.228770140140113654e-07
3.462663444224745035e-04
6.012199264660011977e-06
5.415956184151582420e-05
8.014523191377520561e-04
2.117164967785356566e-06
1.730757276163785718e-06
2.522664726711809635e-04
1.377528406010242179e-05
6.144780854810960591e-06
6.024878530297428370e-06
2.282168196643397096e-07
6.343441327771870419e-06
1.847790554165840149e-04
3.723120607901364565e-05
8.089414768619462848e-05
9.845615750236902386e-06
3.161226800330041442e-07
4.913944849249674007e-06
7.289547284017316997e-06
4.863685262535000220e-06
3.988249943631672068e-07
1.424302754458039999e-04
1.316652856075961608e-06
1.726430696180614177e-07
9.775016224011778831e-06
1.380807407258544117e-05
7.674913831579033285e-06
8.954286022344604135e-05
1.061712737282505259e-05
2.261924919366720133e-06
1.010314226732589304e-04
2.764426199064473622e-06
4.339607059955596924e-02
2.728848755850776797e-07
3.962430346291512251e-04
5.945142220298293978e-06
9.061733180715236813e-06
4.711706060334108770e-05
6.243550451472401619e-04
8.847851859172806144e-06
7.443886715918779373e-05
3.809883537542191334e-06
1.536646450404077768e-04
7.225835361168719828e-06
4.506941422732779756e-06
7.065543741191504523e-07
2.259901702927891165e-05
1.439597399439662695e-04
9.482740097155328840e-06
5.024132406106218696e-06
2.565198883530683815e-05
1.215388601849554107e-05
3.870518994517624378e-04
4.766461643157526851e-06
9.003664599731564522e-04
5.141883775650057942e-06
2.185485027439426631e-05
1.319392504228744656e-05
2.076553209917619824e-05
9.231184776581358165e-06
1.789742236724123359e-05
1.157325023086741567e-04
1.781281866897188593e-06
2.642136678332462907e-06
7.992121390998363495e-05
4.379508754936978221e-05
2.189727183576906100e-06
1.014389340525667649e-06
8.203415404750558082e-07
3.480341052636504173e-03
6.631754331465344876e-06
8.424091902270447463e-06
2.300524784004664980e-06
6.702358223265036941e-05
8.596073166700080037e-05
4.534834806690923870e-05
1.334047919954173267e-05
1.741166488500311971e-05
9.387626778334379196e-05
3.008736939591472037e-06
2.616107121866662055e-05
4.077593075635377318e-06
2.640935008457745425e-06
1.753021206241101027e-05
6.272779501159675419e-06
1.825577101044473238e-06
2.440740217934944667e-06
3.884319085045717657e-06
1.553102447360288352e-05
2.354504395043477416e-04
2.771928848233073950e-06
1.638883259147405624e-05
1.935895415954291821e-04
1.235778618138283491e-04
9.324081702288822271e-07
5.160108685231534764e-06
1.004432215268025175e-05
1.000175780063727871e-05
2.909826548602723051e-07
2.011752803809940815e-05
5.601327939075417817e-05
1.516875272500328720e-06
4.447723313205642626e-06
3.670670412248000503e-05
1.163245997304329649e-06
5.261425940261688083e-06
1.170020004792604595e-05
8.652482392790261656e-06
4.990514298697235063e-06
1.164469285868108273e-04
3.053913678741082549e-05
8.631392847746610641e-04
2.579346983111463487e-06
2.167654383811168373e-05
2.090790985675994307e-05
9.097247675526887178e-05
5.932846106588840485e-04
1.132013057940639555e-04
1.805549459277244750e-06
5.140266148373484612e-04
9.963202755898237228e-04
3.921255938621470705e-06
6.326193688437342644e-04
6.512732710689306259e-03
4.165237623965367675e-05
2.212033541582059115e-05
5.167182825971394777e-05
4.975964839104562998e-05
1.526915366412140429e-05
3.958845809393096715e-06
4.329972216510213912e-05
1.999568667088169605e-05
2.218147983512608334e-06
1.840465702116489410e-03
1.500221401329326909e-06
6.793581178499152884e-06
6.420557951969385613e-07
2.149905958503950387e-05
3.909583483618916944e-06
5.884988922844058834e-07
1.082542712538270280e-05
4.166934013483114541e-05
2.227900040452368557e-06
2.892501652240753174e-05
3.157517858198843896e-05
2.180200453949510120e-06
8.381464431295171380e-05
1.887362373054202180e-06
2.154101990163326263e-02
1.197061137645505369e-04
2.157403714954853058e-02
5.307513638399541378e-04
1.269597269129008055e-04
4.727332623133406742e-07
9.824956941884011030e-05
3.482357726625195937e-07
2.218574263679329306e-05
3.150593693135306239e-05
2.548622251197230071e-05
2.830156881827861071e-05
5.603389467978558969e-07
8.748662366997450590e-05
1.715318467176984996e-05
1.675016974331811070e-04
1.743755536153912544e-03
4.572368084154732060e-07
2.361575752729550004e-04
9.907843195833265781e-05
2.789351565297693014e-04
2.072195056825876236e-04
3.409809141885489225e-05
1.679688466538209468e-05
8.972601033747196198e-03
8.850454946696117986e-07
9.978692105505615473e-06
3.761350235436111689e-04
1.226457068696618080e-03
7.421183545375242829e-05
1.113031999011582229e-06
7.765926852698612493e-07
6.549824320245534182e-06
7.760818698443472385e-05
3.671188824228011072e-05
3.852802910842001438e-05
7.717811240581795573e-05
5.966444587102159858e-05
9.340645628981292248e-04
1.118922882596962154e-04
1.570323132909834385e-03
2.562990630394779146e-05
2.706931263674050570e-05
3.593781912059057504e-06
3.778211248572915792e-05
4.631764313671737909e-04
8.858068031258881092e-04
1.265967057406669483e-05
2.608922841318417341e-06
2.654904619703302160e-06
8.447124855592846870e-06
2.535269777581561357e-05
1.245509047294035554e-04
4.108868888579308987e-04
7.440909485012525693e-06
2.046260051429271698e-04
5.899403186049312353e-05
2.866332069970667362e-04
5.752890137955546379e-04
2.245293697342276573e-03
1.322198368143290281e-04
6.659622304141521454e-04
4.199384152889251709e-02
7.317198196687968448e-06
1.067611374310217798e-04
3.763039785553701222e-05
3.786455199588090181e-04
1.779180820449255407e-05
1.348180558125022799e-05
8.771050488576292992e-05
5.606223203358240426e-05
1.564898593642283231e-05
2.427248182357288897e-05
1.934397005243226886e-06
1.200591650558635592e-04
1.352205003968265373e-06
1.628918471396900713e-05
6.637743354076519608e-05
6.876307452330365777e-05
4.288697382435202599e-04
2.903409495047526434e-07
5.261596925265621394e-06
2.921235136454924941e-05
6.224538199603557587e-03
5.824470645166002214e-05
1.393175683915615082e-03
5.701956106349825859e-04
8.819671165838371962e-06
2.014186175074428320e-04
1.876158762570412364e-06
6.194165325723588467e-04
4.733466084871906787e-06
2.336808393010869622e-06
7.115366429388814140e-07
9.960504030459560454e-06
2.131301243935013190e-06
8.446890205959789455e-06
6.981383921811357141e-05
3.507513611111789942e-06
2.261422632727771997e-04
8.552362487534992397e-06
1.007622358883963898e-05
5.488822935149073601e-04
5.381153096095658839e-05
4.817090029973769560e-06
3.126885076198959723e-06
2.453503897413611412e-03
1.943888491950929165e-05
1.664973050355911255e-02
3.181915599270723760e-05
4.515449982136487961e-03
3.544745966792106628e-03
5.559108685702085495e-03
1.548396656289696693e-03
2.216863322246354073e-05
1.980193337658420205e-05
1.897455331345554441e-05
