3.333416543682687916e-06
1.241465652128681540e-04
1.908686681417748332e-05
2.239744571852497756e-05
3.087196091655641794e-06
1.286405313294380903e-04
6.523467163788154721e-05
1.621925737708806992e-03
3.330375766381621361e-03
7.101590199454221874e-06
4.784092197951395065e-06
4.149621963733807206e-05
2.160971962439361960e-05
2.761659197858534753e-05
2.448003760946448892e-05
1.238079858012497425e-05
1.244601571670500562e-05
7.271372396644437686e-06
2.198749143644818105e-06
3.407211124795139767e-06
7.437130989274010062e-06
2.102517782986979000e-06
1.313732241214893293e-06
4.472209548112004995e-05
4.839936082134954631e-06
1.641784933781309519e-06
5.608510946331080049e-06
5.965061518509173766e-06
6.690791906294180080e-06
6.490533996839076281e-05
1.161119485004746821e-06
5.190332740312442183e-05
3.809414556599222124e-05
7.710835234320256859e-06
1.320047431363491341e-05
1.175301804323680699e-06
4.187743252259679139e-05
2.675950327102327719e-06
1.164433051599189639e-04
6.913214292580960318e-06
1.169812912849010900e-05
3.878139068547170609e-06
1.542609766147506889e-06
7.987631761352531612e-06
1.830991550377802923e-06
1.299876430493895896e-06
6.788603059248998761e-06
5.448099727800581604e-06
1.175029410660499707e-06
4.497570444073062390e-06
2.037140347965760157e-06
1.136130376835353673e-04
2.458670314808841795e-05
2.455911044307867996e-06
4.171804903307929635e-06
2.883699926314875484e-05
2.475712221894355025e-07
2.403714688625768758e-06
3.468724571575876325e-06
8.281805639853700995e-05
1.162635908258380368e-05
8.957824775279732421e-07
2.397601747361477464e-06
5.340161806088872254e-06
5.996225809212774038e-06
5.587585292232688516e-07
7.520969666074961424e-05
2.631676352393697016e-06
2.585015499789733440e-05
1.551035165903158486e-05
2.285651862621307373e-05
1.610466861166059971e-04
4.062313564645592123e-06
1.572932378621771932e-04
5.173550380277447402e-05
2.409855733276344836e-05
2.090441012114752084e-05
5.639780738420085981e-06
1.539645454613491893e-04
1.224801235366612673e-05
1.687457006482873112e-05
4.539178462437121198e-06
1.568555308040231466e-05
4.360408638603985310e-06
2.779149212983611505e-07
8.107138455670792609e-06
2.662229417182970792e-05
2.751338433881755918e-05
9.285378473578020930e-05
1.510327456344384700e-05
8.310407429235056043e-05
4.885902171736233868e-07
3.279701275005209027e-07
2.395220462858560495e-06
2.333866432309150696e-03
1.076161098012562434e-07
9.820435025176266208e-07
6.300952009041793644e-07
6.031951471641150420e-08
9.402383511769585311e-06
2.090050111291930079e-05
2.588043571449816227e-06
2.006213662752998061e-06
2.613477226987015456e-05
8.850943231664132327e-06
4.224073109071468934e-06
3.617011316237039864e-05
1.103798058466054499e-04
3.295341739431023598e-04
2.479969407431781292e-04
2.264224458485841751e-04
4.394296047394163907e-05
1.753183081746101379e-02
1.176171354018151760e-03
3.004597674589604139e-04
1.201369799673557281e-03
4.426434170454740524e-04
7.924637611722573638e-05
1.646062446525320411e-05
4.347771027823910117e-05
4.044815068482421339e-05
4.964993058820255101e-05
1.525921688880771399e-04
2.140079595847055316e-05
1.839763535826932639e-05
2.641223254613578320e-04
1.183577580377459526e-03
5.655585937347495928e-07
5.464626610773848370e-06
8.338327461387962103e-05
4.697790063801221550e-05
9.940829386323457584e-07
1.516994416306260973e-06
2.977812698645720957e-07
7.594704243274463806e-07
3.698663704199134372e-07
3.085499338340014219e-05
1.005815875032567419e-07
3.833905850569863105e-07
4.507089457206348015e-08
1.006176546525239246e-07
2.952785678189684404e-07
4.509178808120850590e-08
3.155040303681744263e-06
1.304931515733187553e-06
1.191934188682353124e-06
1.160148173084962764e-07
4.106423716621065978e-07
2.484557171555934474e-06
1.018320972434594296e-06
7.235694852170126978e-07
6.559056055266410112e-05
1.782246908987872303e-05
3.407213080208748579e-05
3.362678035045973957e-05
3.160754931741394103e-05
7.792358701408375055e-06
1.679212687122344505e-06
7.592549991386476904e-06
1.704715759842656553e-05
3.169641331624006853e-07
4.858011016040109098e-05
3.818239747488405555e-06
4.349712253315374255e-05
4.895524057246802840e-07
8.554625310353003442e-06
3.509120688249822706e-06
2.268041043862467632e-06
3.727578587131574750e-06
3.244607796659693122e-06
4.444000012426840840e-07
1.019166847981978208e-05
5.385254098655423149e-06
9.300443934989743866e-07
1.926275444930070080e-06
2.021867658186238259e-06
1.537465692535988637e-07
4.876196726399939507e-07
2.221199392806738615e-04
3.924240809283219278e-05
5.731613782700151205e-05
4.198223848561610794e-07
3.047942527700797655e-06
3.778578047786140814e-06
1.299752398153941613e-06
2.107963955495506525e-04
3.191800351487472653e-05
2.036715013673529029e-04
2.633477743074763566e-05
5.888505984330549836e-05
2.064540421997662634e-05
1.153220819105627015e-05
1.821773366827983409e-05
2.297468199685681611e-05
3.887957973347511142e-07
2.054040378425270319e-04
6.197665061336010695e-05
6.112916253186995164e-06
3.004186510224826634e-05
1.083114257198758423e-04
7.982149327290244401e-06
7.139298304537078366e-06
2.562809413575450890e-06
1.121060631703585386e-04
4.676454409491270781e-05
4.102836101083084941e-06
3.016428991031716578e-06
3.271818059147335589e-06
1.154042693087831140e-04
1.696830395303550176e-06
1.332235910922463518e-06
1.152822296717204154e-04
4.388744400785071775e-06
5.223755124461604282e-06
6.080530965846264735e-06
1.090643490897491574e-05
5.881232937099412084e-05
4.044400611746823415e-06
6.665857199550373480e-06
2.072488314297515899e-05
2.618249709485098720e-05
8.674027753841073718e-07
3.586083494155900553e-06
1.277095871046185493e-04
5.198045619181357324e-05
4.111335783818503842e-06
2.873853190976660699e-06
1.710748074401635677e-05
6.361727628245716915e-06
2.646775556058855727e-06
7.718004439993819688e-07
4.593478024617070332e-06
5.840322046424262226e-06
6.859104178147390485e-05
2.042427695414517075e-06
2.700725417525973171e-05
1.146462163887917995e-04
2.445458085276186466e-05
6.172157554829027504e-06
4.310693384468322620e-06
1.160885403805878013e-05
1.294364938075887039e-05
3.242515231249853969e-05
4.864844595431350172e-05
2.246486246804124676e-06
5.743377914768643677e-05
2.662417136889416724e-05
5.438952484837500378e-06
7.473441201000241563e-06
3.237806231481954455e-05
2.192644205933902413e-05
2.082815262838266790e-05
2.839715307345613837e-05
3.103100198131869547e-06
2.452925546094775200e-04
4.044340471409668680e-07
1.241758582182228565e-05
9.206746653944719583e-06
1.962705209734849632e-05
1.868225808721035719e-05
1.775869168341159821e-05
1.489944042987190187e-05
7.649622421013191342e-05
4.037644430354703218e-06
2.104978557326830924e-05
2.192242754972539842e-05
8.432032245764276013e-07
5.803735234621854033e-07
1.694589059297868516e-06
7.941624971863348037e-06
1.867943410616135225e-06
8.061085168264980894e-07
8.557934165764891077e-07
2.288073801537393592e-06
6.488451617769896984e-06
1.403094870511267800e-06
1.560095006425399333e-05
1.287236136704450473e-05
2.669132527444162406e-06
8.368767225874762516e-07
1.103705926652764902e-05
1.721558161079883575e-03
1.057550252880901098e-04
1.272984663955867290e-03
6.957156983844470233e-06
2.160177682526409626e-04
3.739592102647293359e-06
5.623735705739818513e-05
1.496319146099267527e-05
7.511418516514822841e-06
4.247425749781541526e-06
6.430183475458761677e-06
1.121615059673786163e-05
2.214280812040669844e-06
3.159859625156968832e-05
1.605671241122763604e-05
2.437369403196498752e-05
1.984604750759899616e-04
2.261720965179847553e-06
1.132173838414018974e-05
4.752322638523764908e-05
2.065057196887210011e-04
1.367730692436452955e-05
3.639561327872797847e-05
1.858502655522897840e-04
8.677607183926738799e-06
5.960179623798467219e-05
2.461952863086480647e-05
1.284601981751620770e-03
5.078347399830818176e-03
2.356938272714614868e-02
8.260406320914626122e-05
3.017214476130902767e-04
2.136113653250504285e-05
1.254722064913948998e-05
1.108059004764072597e-04
6.061678959667915478e-06
1.435437879990786314e-04
7.488991104764863849e-05
9.817467071115970612e-05
1.475750286772381514e-05
9.006226719066035002e-06
5.261174737825058401e-05
3.486645800876431167e-05
1.239932753378525376e-04
1.205507665872573853e-03
1.433142642781604081e-05
8.422263781540095806e-04
3.375686646904796362e-04
3.745404683286324143e-05
3.666749762487597764e-05
1.242500616172037553e-06
9.748692718858364969e-06
2.427904109936207533e-05
2.984603497679927386e-06
2.817581480485387146e-05
5.212669407228531782e-07
4.893029654340352863e-06
7.053882200125372037e-06
8.093338124126603361e-07
2.793381645460613072e-05
4.721979785244911909e-04
2.039703576883766800e-05
9.856812539510428905e-07
2.271724406455177814e-05
4.636392986867576838e-06
2.908916485466761515e-06
5.916806458117207512e-06
8.497730874523767852e-08
7.931641476943696034e-08
6.306182172011176590e-07
1.530924805592803750e-06
8.764200742916727904e-08
2.153393779735779390e-06
7.277824352058814839e-06
5.805450769003073219e-07
2.659118399606086314e-05
1.710515562081127428e-06
9.458331987843848765e-06
3.583020770747680217e-06
1.391962200614216272e-06
1.895344553304312285e-06
4.679472567659104243e-06
6.534702606586506590e-06
7.588738526465022005e-07
7.262598956003785133e-06
5.483027507580118254e-06
3.814374849753221497e-06
4.400342561439174460e-07
8.389504273509373888e-07
4.400537818582961336e-06
3.162773509757244028e-06
1.086983229470206425e-05
5.574115493800491095e-05
9.974760359909851104e-07
5.683165795744571369e-07
4.919977072859182954e-06
4.144496051594614983e-05
1.139052528742467985e-06
2.078013039863435552e-06
9.114509339269716293e-06
7.630655431967170443e-07
6.737193871231283993e-06
1.173421424027765170e-06
1.682938545854995027e-06
1.199980215460527688e-05
5.746401825490465853e-07
5.081299718767695595e-07
2.873773610190255567e-06
1.661609167058486491e-05
5.023001722292974591e-05
8.114277989079710096e-06
1.275632093893364072e-04
3.305301652289927006e-05
9.644466445024590939e-06
7.732913218205794692e-06
1.411381381331011653e-04
7.582195394206792116e-06
1.702981899143196642e-05
1.526460167951881886e-03
8.002947288332507014e-05
8.205864105548243970e-06
1.264092134078964591e-06
1.309478079747350421e-06
5.673640544046065770e-07
3.596878013922832906e-05
1.356001575913978741e-05
1.121587729357997887e-06
5.036700940763694234e-07
4.470620751817477867e-06
1.278403829019225668e-06
5.078853428130969405e-05
8.522863499820232391e-04
1.252820948138833046e-05
3.152501885779201984e-04
2.282295376062393188e-03
2.297540595463942736e-05
4.665903688874095678e-04
1.347997203993145376e-05
1.066949698724783957e-04
2.919221060437848791e-06
2.009550189541187137e-05
4.329307103034807369e-06
1.624569085834082216e-05
4.842402177018811926e-06
2.095980453304946423e-04
3.795502152570406906e-06
9.077754839381668717e-06
1.427490642527118325e-04
2.440403704895288683e-06
2.373971256020013243e-06
1.048557605827227235e-04
7.101095889083808288e-06
1.441534986952319741e-04
1.500793005106970668e-04
2.104388695443049073e-04
2.619691713334759697e-06
3.370016929693520069e-05
1.760292434482835233e-05
5.511326889973133802e-06
2.368744617342599668e-06
1.393360071233473718e-05
1.488694215368013829e-05
5.208891234360635281e-04
1.386643816658761352e-06
1.008403251034906134e-05
1.830214605433866382e-04
2.003281952056568116e-05
2.518971683457493782e-03
7.112041203072294593e-06
8.898385317479551304e-07
2.926637534983456135e-04
1.783291663741692901e-04
4.743373719975352287e-04
2.294494879606645554e-05
9.748325101099908352e-05
4.347037247498519719e-05
1.265355618670582771e-03
1.269031345145776868e-04
2.719158655963838100e-04
7.347829523496329784e-06
2.185977791668847203e-04
2.540636705816723406e-05
6.795521359890699387e-03
6.408695298887323588e-06
9.241480438504368067e-05
1.281017944165796507e-06
2.332772710360586643e-04
1.244018949364544824e-05
3.916996647603809834e-04
2.931615710258483887e-01
1.910273567773401737e-06
2.686768311832565814e-05
6.217672307684551924e-06
5.066529411124065518e-06
6.607193427043966949e-06
6.482742264779517427e-06
1.460863950342172757e-05
8.329994743689894676e-04
4.213632564642466605e-06
3.404812741791829467e-05
2.000482891162391752e-05
5.681131369783543050e-06
1.787731598597019911e-04
3.521654150517861126e-07
1.485872303419455420e-06
2.218772806372726336e-06
1.116170387831516564e-04
1.743401844578329474e-05
4.255677049513906240e-04
3.572816422092728317e-05
9.919054718920961022e-06
5.152967787580564618e-05
1.257497060578316450e-04
1.976151179405860603e-05
1.104363473132252693e-04
1.341619936283677816e-04
9.537519508739933372e-05
1.813443377614021301e-04
2.826756564900279045e-03
1.247191812581149861e-05
5.446214345283806324e-04
7.867013664508704096e-06
9.242079977411776781e-05
7.569476147182285786e-04
2.744378289207816124e-04
6.395647687895689160e-06
1.399443317495752126e-05
8.660084131406620145e-05
1.796920878405217081e-05
2.977760232170112431e-06
5.787863301520701498e-06
5.567083917412674055e-06
1.070827329385792837e-05
2.375691110501065850e-05
1.515519688837230206e-03
3.168719922541640699e-05
8.213325600081589073e-06
9.534081618767231703e-05
1.944374089362099767e-04
5.756330210715532303e-05
2.288629184477031231e-05
7.525594355684006587e-06
2.021031832555308938e-05
1.068845507688820362e-03
6.982790523579751607e-07
1.740925363264977932e-04
1.115288905566558242e-04
4.490756055020028725e-06
1.782841049134731293e-03
1.671210338827222586e-04
3.093333361903205514e-05
4.865034861722961068e-05
4.796543726115487516e-05
3.442526940489187837e-05
8.299176101900229696e-07
1.572846741737521370e-07
1.063448394234001171e-06
1.145734768215334043e-05
1.045048586092889309e-03
9.908903848554473370e-07
2.513053232178208418e-06
4.682568760472349823e-05
7.367986108874902129e-05
1.996273203985765576e-05
2.076776581816375256e-06
4.244141564413439482e-06
1.958866135964854038e-07
9.081292228074744344e-05
1.298352028243243694e-03
8.811023690213914961e-06
3.240644873585551977e-04
3.885150654241442680e-03
1.209664551424793899e-04
7.765066584397573024e-06
3.688394372147740796e-06
1.954634906724095345e-03
1.648576107982080430e-05
1.600964969838969409e-05
2.086612585117109120e-05
2.165296564271557145e-06
3.670795877042110078e-06
2.019425010075792670e-04
9.428727935301139951e-06
5.903595138079253957e-06
2.615888661239296198e-05
1.796549781829526182e-06
2.248135569971054792e-05
1.240822894033044577e-04
5.795485776616260409e-06
3.456819686107337475e-04
3.958828074246412143e-06
3.176473255734890699e-04
9.902286990381981013e-08
8.691222319612279534e-06
1.853620915426290594e-06
3.407125404919497669e-05
2.771920662780757993e-05
3.864405443891882896e-04
8.749975677346810699e-05
2.885712310671806335e-03
8.016600986593402922e-06
1.865242120402399451e-05
1.169887837022542953e-03
6.877136416733264923e-03
3.639620554167777300e-04
3.954636213165940717e-06
2.322077489225193858e-05
3.083469637203961611e-04
1.862330827862024307e-05
3.337163434480316937e-06
7.218709681183099747e-03
5.186487328501243610e-07
2.357596968067809939e-04
1.946092743310146034e-05
8.912024895835202187e-07
6.272061000345274806e-05
9.395377560394990724e-07
5.224973210715688765e-05
2.874039637390524149e-04
9.805939625948667526e-04
6.456270784838125110e-05
2.415388153167441487e-04
3.790069285969366319e-06
5.986349788145162165e-05
1.161790260084671900e-05
7.437205931637436152e-05
5.184485763311386108e-02
1.371841208310797811e-04
1.728840146597576677e-07
8.857403299771249294e-04
3.916451241821050644e-04
2.795895852614194155e-06
1.817295355976966675e-06
3.101388865616172552e-04
1.782540039130253717e-06
1.503369458077941090e-05
1.669784396653994918e-04
4.215073568047955632e-05
1.999475061893463135e-02
5.350628052838146687e-04
7.549618203483987600e-06
3.947080040234141052e-05
2.433758927509188652e-04
3.618905248004011810e-05
2.669050900294678286e-06
9.522505570203065872e-05
2.892223892558831722e-05
6.361451596603728831e-07
3.350767947267740965e-04
1.020286504171963315e-06
3.259556833654642105e-04
1.394202809024136513e-05
1.109639379137661308e-05
4.652992515730147716e-07
6.467141133725817781e-07
5.890249740332365036e-04
2.121243393048644066e-03
5.149150820216163993e-05
1.361936028843047097e-05
3.978915174229769036e-06
9.397900612384546548e-06
2.780205932140233926e-06
3.290764614939689636e-02
4.581654138746671379e-05
1.470040388085180894e-05
1.066744662239216268e-04
1.426658491254784167e-05
7.166594878071919084e-05
8.268219971796497703e-06
3.069486410822719336e-05
3.106589792878367007e-05
1.352751155536680017e-06
3.472110547591000795e-04
5.341640871847630478e-07
4.111043381271883845e-05
4.817542048840550706e-06
2.121832949342206120e-06
1.783737243385985494e-04
1.262206933461129665e-04
1.486546170781366527e-05
1.163174260909727309e-06
2.465212673996575177e-06
6.536211003549396992e-06
2.593065146356821060e-03
1.762369379321171436e-06
1.840216100390534848e-05
2.437211514916270971e-04
7.208472652564523742e-06
2.189075712522026151e-05
6.986947482801042497e-07
3.976554125983966514e-07
1.679817250987980515e-05
1.081588561646640301e-05
5.505409353645518422e-05
9.678359447207185440e-07
4.948830610373988748e-05
1.383169728796929121e-04
7.440614863298833370e-04
5.565056926570832729e-04
3.945371281588450074e-05
9.554516145726665854e-05
2.868728734028991312e-05
6.369115908455569297e-06
7.018248288659378886e-05
2.245947285928195924e-07
1.416546638211002573e-06
1.345698001387063414e-05
3.418506821617484093e-05
3.917448630090802908e-04
2.170570724047138356e-06
4.437200914253480732e-06
6.202957592904567719e-04
1.708057311589072924e-06
2.046085000984021463e-06
2.010786738537717611e-05
1.214992138557136059e-03
2.589952200651168823e-04
1.233700095326639712e-05
2.294862497365102172e-05
5.669278325513005257e-04
5.488837632583454251e-05
3.190792995155788958e-05
1.536849958938546479e-05
1.741823216434568167e-04
9.427360964764375240e-06
4.722830908576725051e-06
8.932301716413348913e-05
1.397692176396958530e-05
8.389344438910484314e-04
2.707732608541846275e-03
8.299572393298149109e-03
3.850526991300284863e-05
1.301981228607473895e-05
2.141534350812435150e-04
1.767956632647837978e-06
8.253489434719085693e-02
4.543368277154513635e-07
5.336432309377414640e-07
5.162259098142385483e-03
3.517415098031051457e-05
8.266967488452792168e-04
8.003332186490297318e-04
3.804727384704165161e-05
7.457507308572530746e-06
2.122959820553660393e-03
1.147563040149179869e-07
4.404900209920015186e-06
2.295716200023889542e-03
7.905742677394300699e-05
1.488203088229056448e-05
2.333570446353405714e-04
2.077990211546421051e-05
4.954851829097606242e-05
1.044780404413359065e-07
1.455569872632622719e-03
2.166692138416692615e-05
1.951168769664946012e-06
2.110951347276568413e-03
1.056196106219431385e-05
7.300193374248920009e-06
1.177423866465687752e-03
1.812678237911313772e-05
1.346575445495545864e-04
1.859756252997613046e-06
6.726071433149627410e-07
1.223250365001149476e-06
7.722360351181123406e-06
2.177309070248156786e-04
7.200664549600332975e-05
5.779383354820311069e-04
2.209450258305878378e-06
2.826992385962512344e-06
3.249401343055069447e-04
3.144706852253875695e-06
7.591864914502366446e-07
1.652719402045477182e-05
7.489233553314988967e-07
3.418135179344972130e-07
9.231469448423013091e-06
5.203050022828392684e-05
3.282990655861794949e-05
9.129390673479065299e-05
1.295232359552755952e-04
2.645647327881306410e-06
1.728034112602472305e-05
6.707636202918365598e-05
1.888812636025249958e-03
2.265264242851117160e-07
1.306148129515349865e-03
4.260645437170751393e-05
5.750461696152342483e-06
2.434523921692743897e-04
2.650716342031955719e-04
3.646570576165686361e-06
4.268535485607571900e-05
1.404078102495986968e-05
2.319355189683847129e-05
1.231948990607634187e-04
2.063348347292048857e-06
4.979548521077958867e-06
2.072691677312832326e-05
1.140000764280557632e-03
6.363029388012364507e-05
1.937744127644691616e-05
3.776861558435484767e-05
2.647274050104897469e-05
1.162076252512633801e-03
1.907711339299567044e-05
3.108522156253457069e-03
2.550933277234435081e-05
1.116527564590796828e-04
2.663104096427559853e-04
3.807901521213352680e-04
2.414441696600988507e-04
1.485409757151501253e-05
4.579688422381877899e-03
5.206901914789341390e-05
1.247257841896498576e-06
1.634402724448591471e-04
1.638640060264151543e-05
2.766253601294010878e-05
2.896531213991693221e-06
6.472759196185506880e-06
1.024749479256570339e-03
8.990205060399603099e-06
1.313992979703471065e-04
1.664750470808940008e-06
9.574501018505543470e-05
2.265495641040615737e-05
8.732077549211680889e-05
3.028064675163477659e-04
4.700333192886319011e-06
7.985023694345727563e-05
3.468473096290836111e-06
2.308005059603601694e-05
1.228542942044441588e-06
2.034598992395331152e-06
5.191511081648059189e-05
3.990972254541702569e-05
3.785692683777597267e-07
3.620116899583081249e-07
1.010600317385978997e-05
1.295088441111147404e-05
1.596323272679001093e-04
5.639301889459602535e-06
2.618826511024963111e-05
2.704051439650356770e-04
1.225850573973730206e-04
1.088422436623659451e-06
1.368541052215732634e-05
2.367481101828161627e-05
1.609980063221883029e-05
9.565520713294972666e-07
2.457231166772544384e-04
1.678656190051697195e-05
3.321923941257409751e-05
3.303144767414778471e-04
3.397130640223622322e-04
4.554489350994117558e-06
2.551337092882022262e-05
1.169406459666788578e-03
3.392117287148721516e-05
4.746928243548609316e-05
7.311588706215843558e-05
8.534404332749545574e-05
1.977175939828157425e-03
1.167001073554274626e-06
1.780587081157136708e-05
7.648706668987870216e-04
9.512825636193156242e-04
5.002391058951616287e-03
1.272156951017677784e-04
6.437291517613630276e-07
9.386945748701691628e-04
4.893183941021561623e-04
3.779994585784152150e-06
1.121224195230752230e-04
8.979948470368981361e-04
4.131920868530869484e-04
5.674606200045673177e-06
1.481929066358134151e-04
2.133129055437166244e-05
7.616405491717159748e-05
6.265902925406408031e-07
2.119837881764397025e-04
5.674533531419001520e-05
3.265922941864118911e-06
1.067739678546786308e-03
7.799348168191500008e-06
1.284604331885930151e-05
2.705689212234574370e-06
5.390739170252345502e-05
8.798780982033349574e-06
1.683094836835152819e-07
1.477882597100688145e-05
7.900983327999711037e-04
1.517597866040887311e-06
1.715685539238620549e-05
4.911065916530787945e-04
1.555916014694957994e-06
2.322343243577051908e-05
1.560304735903628170e-05
2.171533107757568359e-01
2.960260462714359164e-05
3.546725492924451828e-03
3.653499588835984468e-04
2.829073127941228449e-05
8.645931757200742140e-07
6.018394196871668100e-05
2.284739821334369481e-06
2.440255957480985671e-05
1.355039858026430011e-04
3.031082451343536377e-05
1.496847980888560414e-04
6.261396265472285450e-06
1.134437043219804764e-03
1.036003595800139010e-04
1.527275526314042509e-05
2.312030992470681667e-04
1.532268697701510973e-06
2.708355023059993982e-04
1.122481262427754700e-04
2.753752341959625483e-04
7.958548143506050110e-03
1.017549890093505383e-03
4.785970304510556161e-05
1.221245620399713516e-04
2.221965041826479137e-05
6.261070666369050741e-05
1.239386438101064414e-05
2.862762485165148973e-04
5.070916449767537415e-05
5.797735411761095747e-06
4.238036410697532119e-07
9.522764230496250093e-06
2.310782438144087791e-03
1.855316950241103768e-04
8.073788194451481104e-05
5.234155105426907539e-05
7.212560740299522877e-05
9.290547459386289120e-04
8.050398901104927063e-05
4.797516157850623131e-04
1.579953277541790158e-05
4.905212335870601237e-05
2.435307351333904080e-06
1.551191235193982720e-04
1.501540304161608219e-03
9.913900867104530334e-04
2.786108780128415674e-06
1.755970743033685721e-06
5.045077614340698346e-06
1.469057951908325776e-05
1.207505192724056542e-05
1.092400052584707737e-04
1.541484816698357463e-04
5.264599622023524716e-06
4.584681300912052393e-04
1.003613942884840071e-05
8.236841495090629905e-06
7.373595144599676132e-05
3.191529322066344321e-05
7.202212600532220677e-06
7.773354649543762207e-03
5.563714075833559036e-04
2.421171171590685844e-03
6.041427695890888572e-06
5.925862205913290381e-05
1.131378347054123878e-03
4.198988899588584900e-04
3.679679139168001711e-05
4.908295886707492173e-05
1.295363903045654297e-02
1.628766040084883571e-04
2.631150709930807352e-05
3.373917934368364513e-05
4.981610458344221115e-03
6.463568752224091440e-06
9.444990610063541681e-06
1.470081770094111562e-04
1.119904918596148491e-04
6.811790808569639921e-05
4.721393906947923824e-06
1.022556807583896443e-05
4.268588236300274730e-05
3.633421438280493021e-04
6.204593773873057216e-06
1.299004722386598587e-02
4.211224222672171891e-05
8.761748904362320900e-05
3.697843931149691343e-04
2.101090785799897276e-06
2.122608420904725790e-04
8.697151315573137254e-06
7.277165423147380352e-06
3.319046982142026536e-06
2.787269113468937576e-05
1.130303098761942238e-05
2.611794116091914475e-06
1.711218101263511926e-05
8.354477927241532598e-07
3.319464740343391895e-04
7.092598389135673642e-05
3.033772009075619280e-05
6.896278355270624161e-04
1.062838709913194180e-03
1.379320656269555911e-05
9.231597505277022719e-05
3.709307056851685047e-04
7.003973587416112423e-05
1.697204424999654293e-03
4.403812909004045650e-06
2.622473984956741333e-04
1.227799220941960812e-03
4.761666059494018555e-03
3.436746919760480523e-05
3.300864591437857598e-06
6.524048785649938509e-06
3.852569207083433867e-04
