1.145772401400790841e-07
4.395050382299814373e-06
3.870049525289687153e-08
3.239065904381277505e-08
7.200787166539157624e-08
1.013422803453067900e-07
6.643762162639177404e-08
2.076525379379745573e-05
1.709786738501861691e-05
1.324107302025367972e-06
1.082861199392937124e-04
1.375288236886262894e-03
3.710589589900337160e-05
4.341736348578706384e-05
2.018523169681429863e-03
1.213964278576895595e-04
3.707045689225196838e-04
3.888861465384252369e-05
3.480043596937321126e-05
1.327237696386873722e-04
4.782199539477005601e-05
5.246809450909495354e-06
5.150518518348690122e-07
8.917652849049773067e-06
5.254556072031846270e-06
1.446639657842752058e-06
6.804207714594667777e-06
5.163199602975510061e-06
1.227967231898219325e-06
1.482050492995767854e-06
3.210358272554003634e-06
7.268346507771639153e-06
2.006924660236109048e-06
7.308604921263395227e-08
1.595417558064582408e-07
1.685470579104730859e-06
5.346467787603614852e-06
2.664756493686581962e-06
6.521246632473776117e-06
4.543351224128855392e-06
3.920329982065595686e-05
1.724005414871498942e-05
2.318821316293906420e-05
4.884029294771607965e-06
5.169836640561698005e-06
2.165733803849434480e-06
4.373790579847991467e-05
8.364930181414820254e-06
7.471174967577098869e-07
3.476583287920220755e-07
7.857483410589338746e-07
1.110016228267340921e-06
5.161146418686257675e-06
3.333996801302419044e-06
6.577907356586365495e-07
5.105144737171940506e-06
1.509721300863020588e-06
8.274077117675915360e-06
1.091203216674330179e-06
2.011407377722207457e-05
6.409184152289526537e-07
1.715583124450859032e-07
1.249071260644996073e-06
3.078225063291029073e-06
3.134680582661530934e-06
3.264093720645178109e-06
1.333058889940730296e-06
1.172208385469275527e-06
1.475435055908747017e-06
7.265407475642859936e-08
8.918716921471059322e-04
1.053673940987209789e-06
4.412302132550394163e-06
9.489153853792231530e-06
2.843712572939693928e-04
3.558470098141697235e-06
5.192548542254371569e-07
3.493239091767463833e-06
1.518995122751221061e-05
1.186381268780678511e-06
3.582317003747448325e-05
6.244820724532473832e-06
2.150361069652717561e-05
3.054505896216141991e-06
1.261231659555051010e-06
2.748746010183822364e-05
2.595770456537138671e-05
5.444591351988492534e-06
1.948217004610341974e-06
3.606275413403636776e-06
1.330169907305389643e-04
4.307502877054503188e-06
3.961749825975857675e-06
9.318782190348429140e-07
3.386167436838150024e-02
1.967802199942525476e-05
1.383132598675729241e-06
1.735603945007824223e-07
2.725247583157397457e-08
3.521894313962548040e-07
7.867695899221871514e-07
5.868785706297785509e-07
1.088084076172890491e-07
5.740401434195518959e-07
3.040810724996845238e-06
4.339380552664806601e-07
6.886793357807619032e-07
2.384193521720590070e-06
2.386111191299278289e-06
2.871099013646016829e-06
1.524698802768398309e-07
4.358093121936690295e-07
3.526838918332941830e-05
6.107809022068977356e-04
8.313804573845118284e-05
1.570943027218163479e-06
6.119396971371315885e-07
2.676192707440350205e-07
1.542530299047939479e-07
4.419282220169407083e-07
1.598351559550792444e-06
2.225993682714033639e-07
1.349926179727845010e-07
5.243055625214765314e-07
3.071395440201740712e-06
2.267069248773623258e-06
1.028873953146103304e-06
1.930885673573357053e-06
7.029730113572441041e-06
2.581528497103136033e-05
1.553186666569672525e-05
3.804086736636236310e-05
2.692886255317716859e-06
2.205412965849973261e-05
2.712661398618365638e-06
8.993803021439816803e-06
1.310191000811755657e-04
6.755645927114528604e-07
7.871182788221631199e-06
1.808762561950061354e-07
2.404654537713213358e-07
3.357403784320922568e-06
9.242930332220566925e-07
2.701034418350900523e-06
7.050468298075429630e-08
6.576662769930408103e-08
1.507844160641980125e-07
3.522396241351088975e-08
3.210564614164468367e-07
6.285408460371399997e-08
2.964801808502670610e-07
1.900283859868068248e-05
5.711384073947556317e-05
8.531394087185617536e-06
3.197625801476533525e-06
3.449627547524869442e-05
1.822863850975409150e-05
4.189473202131921425e-06
1.628042446100153029e-05
8.245865319622680545e-05
5.916736881772521883e-06
5.265240361040923744e-06
4.144108970649540424e-06
4.491486379265552387e-06
2.521038595659774728e-06
1.218272814185183961e-06
6.282208232732955366e-06
3.039700231965980493e-06
2.724787691477104090e-06
4.416853698785416782e-06
3.066235649384907447e-06
2.235032297903671861e-05
5.420252364274347201e-06
6.681575086986413226e-06
7.689238827879307792e-07
1.785966333045507781e-06
3.611851070672855712e-06
4.076220193383051082e-06
1.458201950299553573e-05
1.936078842845745385e-05
3.881859811372123659e-06
7.382728654192760587e-06
2.051894625765271485e-05
9.737455002323258668e-06
3.888521860062610358e-06
1.477096520829945803e-04
6.610572017962113023e-05
3.160972264595329762e-04
2.312425749551039189e-05
5.467519804369658232e-05
1.624336618988309056e-06
7.380475835816469043e-06
9.198571206070482731e-06
4.146109404246089980e-06
2.155209358534193598e-06
1.558217627461999655e-05
5.146971034264424816e-06
2.256508423670311458e-06
1.429813710274174809e-05
1.335328875029517803e-06
2.113590198860038072e-06
1.815266159610473551e-06
3.810569978668354452e-06
4.746529612020822242e-06
1.966030595212941989e-06
2.702728852455038577e-05
9.839756785368081182e-06
7.323271347559057176e-06
3.378813926246948540e-05
1.395946401316905394e-05
5.713423888664692640e-06
1.011963977362029254e-04
3.670290197987924330e-06
5.743969722971087322e-06
1.477487421652767807e-05
7.133262261049821973e-05
2.457787923049181700e-05
3.301250444565084763e-06
1.833659916883334517e-05
7.257811375893652439e-06
1.095821517083095387e-05
6.701868642267072573e-06
2.548395968915428966e-05
1.459157033423252869e-06
1.695819446467794478e-05
6.689908332191407681e-06
4.199307284125097794e-07
4.462393462745239958e-06
6.789617145841475576e-06
1.348124328615085687e-06
2.190640088883810677e-06
4.012113549833884463e-06
5.248270554147893563e-06
9.438242159376386553e-06
5.846951353305485100e-06
2.546394171076826751e-05
2.479626527929212898e-05
9.299167686549481004e-06
6.569961897184839472e-06
3.931991614081198350e-06
1.279635853279614821e-05
4.219292350171599537e-06
4.504853222897509113e-06
1.110760058509185910e-05
4.062513198732631281e-06
3.563142627172055654e-06
1.824556056817527860e-05
8.352342774742282927e-06
6.739915534126339480e-06
1.969011100300122052e-05
2.089519966830266640e-06
2.614033064674003981e-06
4.544668627204373479e-06
2.047806992777623236e-05
4.039805571665056050e-05
1.468505433876998723e-05
6.576323812623741105e-06
2.324809656784054823e-06
2.480921466485597193e-06
2.453410888847429305e-05
5.353670076146954671e-07
9.215043974108994007e-06
1.713085293886251748e-05
4.369264843262499198e-06
4.361525498097762465e-06
7.475052552763372660e-05
1.105564251702162437e-06
2.479167778801638633e-05
1.851371962402481586e-05
6.307794592430582270e-06
1.563188220643496606e-06
4.883568635705159977e-06
1.073451016964099836e-06
2.738812838742887834e-07
1.874440044957736973e-06
8.695032192918006331e-06
9.425230587112309877e-07
1.986779716389719397e-05
1.105328647099668160e-05
7.310023875106708147e-07
7.931032996566500515e-06
9.587426029611378908e-05
1.642047936911694705e-05
3.235808890167390928e-06
4.713213456852827221e-06
1.622585500626883004e-06
4.282786449039122090e-06
3.839303190034115687e-06
1.285778466808551457e-06
1.812175128179660533e-06
2.534842906243284233e-06
1.452574451832333580e-06
4.455551334103802219e-06
1.953294258782989345e-06
8.192446330212987959e-07
2.228082848887424916e-06
2.475788960509817116e-07
1.200732299366791267e-06
1.845875772232830059e-06
4.037735379824880511e-06
1.132454635808244348e-04
7.995311752893030643e-04
2.908578062488231808e-05
1.165977679193019867e-03
3.260598459746688604e-04
4.747118055092869326e-06
3.275903509347699583e-06
3.671034210128709674e-05
3.079249989241361618e-03
9.557278454303741455e-02
4.709518514573574066e-03
3.480906365439295769e-03
1.419436652213335037e-03
5.005669299862347543e-05
6.309854825303773396e-07
2.056922996416687965e-03
2.842597950802883133e-06
6.173079327709274366e-06
2.627241890877485275e-03
8.881035610102117062e-04
1.909359416458755732e-04
8.950144983828067780e-03
1.916425861418247223e-02
1.224742382764816284e-01
2.043100148439407349e-01
3.667395412921905518e-01
8.361687650904059410e-04
1.872971097327535972e-06
2.547657231843913905e-07
4.222628646743942227e-08
4.810155587620101869e-05
1.418765259586507455e-05
6.816706559220619965e-07
4.089390301942330552e-07
1.374712496726715472e-06
1.273923953704070300e-05
1.665231502556707710e-05
4.052908479934558272e-06
3.184044771842309274e-06
7.723066914877563249e-07
6.432548161683371291e-06
1.058589077729266137e-06
7.524380976065003779e-07
2.125884037695868756e-07
2.140207016054773703e-07
2.319256822147508501e-07
1.293651507694448810e-06
1.001814325718441978e-06
4.188036655250471085e-07
5.504724072125100065e-07
3.477946108887408627e-07
5.553075084208103362e-07
4.223765245114918798e-06
1.347085913039336447e-06
9.570562724547926337e-07
1.470801748837402556e-06
2.424439298920333385e-05
5.378425612434512004e-06
7.996111889951862395e-06
1.846609961830836255e-06
6.902208582459934405e-08
3.566610530469915830e-06
1.827659434638917446e-05
4.229398200550349429e-07
1.420474404767446686e-06
2.909354464009084040e-07
6.759406915080035105e-06
1.784536891591415042e-07
3.960341018682811409e-06
1.152026015915907919e-06
8.667967449582647532e-06
1.649066143727395684e-05
1.474799205425370019e-06
2.174087740058894269e-06
5.272843282000394538e-06
2.010508751482120715e-06
3.630551418609684333e-06
6.086370376578997821e-06
6.591123565158341080e-06
3.696400199260096997e-06
9.677528396423440427e-06
7.681645115553692449e-07
2.451336513331625611e-05
6.295685125223826617e-06
2.216380153186037205e-06
1.753195647324901074e-06
4.219696450036281021e-07
1.290352997784793843e-06
2.979186035645398078e-07
1.796243225271609845e-07
5.041956683271564543e-07
4.056357028048296343e-08
5.246946557235787623e-07
2.705201609387586359e-07
2.870130799692560686e-07
6.455553034356853459e-07
4.163485982644488104e-07
1.534472318098778487e-07
5.403926934377523139e-06
4.100391743122600019e-05
7.628138519066851586e-06
2.291066493853577413e-06
8.925344445742666721e-06
4.545611318462761119e-07
5.040569206471445796e-08
1.532133524051459972e-06
3.425604973017470911e-06
2.603786128929641563e-07
2.020986613615605165e-07
7.379169915111560840e-07
3.774816377699607983e-06
1.268188498215749860e-06
1.178860293293837458e-05
2.655320940903038718e-07
1.205949274662998505e-06
2.347826921322848648e-05
7.158664175221929327e-06
6.194791058078408241e-05
8.233574249061348382e-07
5.111282462166855112e-06
1.403446162839827593e-06
1.932739905896596611e-05
1.157126234829775058e-06
9.393846056582333404e-08
8.650022209621965885e-08
4.653556516132084653e-06
4.635937500552245183e-07
4.048437403980642557e-05
6.150264380266889930e-05
9.426165661352570169e-07
8.094248471479659202e-08
2.322212594663142227e-06
6.745805421815020964e-06
6.621658394578844309e-05
4.928728685626992956e-06
2.173297843910404481e-06
3.971590842866135063e-07
4.018190338683780283e-06
3.842839942080900073e-05
6.275791406551434193e-07
3.025835724201897392e-07
8.327983778144698590e-07
4.170913427969935583e-07
7.004844633229367901e-07
8.862878644322336186e-07
8.986344255390577018e-06
6.599161224585259333e-06
3.536810481818974949e-06
9.170284611172974110e-04
1.013302494357049000e-06
6.064376378844826831e-08
1.366121978207957000e-06
3.805574669968336821e-05
3.805211963481269777e-05
1.113361122406786308e-06
1.297036305913934484e-06
3.594407462514936924e-05
9.235507604898884892e-06
7.416463631670922041e-05
6.916827987879514694e-05
4.141171530136489309e-07
1.201503209813381545e-06
1.024918037728639320e-05
1.883943623397499323e-04
5.937217792961746454e-07
6.765374678252555896e-07
9.417688318080763565e-08
6.018632348059327342e-07
9.834029697231017053e-07
5.369364316720748320e-06
2.134599526470992714e-05
1.835144303186098114e-06
1.303546014241874218e-05
1.153189472802296223e-07
2.278532974742120132e-06
1.424566107743885368e-06
1.863656052591977641e-06
6.025572218959496240e-08
1.502832492406014353e-05
1.549419863522416563e-07
1.972073278011521325e-06
1.575269607201335020e-06
2.022346961894072592e-06
2.430787571938708425e-05
1.816352863670545048e-07
1.269033589323953493e-07
6.440303081944875885e-07
9.145918011199682951e-05
1.316855650657089427e-05
3.124418435618281364e-04
4.875845434071379714e-07
3.210598435998690547e-07
4.098751560377422720e-06
6.537177978316321969e-05
5.158084095455706120e-04
5.797273843199945986e-06
1.013645601233292837e-06
1.957980884981225245e-06
1.364502281830937136e-06
1.779637386789545417e-05
1.429578446732193697e-06
4.098376393812941387e-06
7.271345384651795030e-05
9.804761248233262450e-06
4.402433205541456118e-06
6.056273832655278966e-06
5.580479773925617337e-05
3.975727395300054923e-06
3.763997540318086976e-07
1.989785914702224545e-06
3.827792340871383203e-07
6.773431664441886824e-07
5.978561603114940226e-06
2.098926870530704036e-06
2.055535696854349226e-05
2.504390067770145833e-05
8.111345550787518732e-07
1.511793129793659318e-06
1.688409952294023242e-06
2.715942537179216743e-05
1.290740237891441211e-05
2.086771928588859737e-06
2.249749377369880676e-05
2.274482903885655105e-05
2.414735263300826773e-06
7.430013511111610569e-07
1.851688102760817856e-05
8.778627488936763257e-06
1.053219762070511933e-06
4.176671154709765688e-06
6.756480161129729822e-06
4.698015914073039312e-07
1.482575771660776809e-05
4.640602128347381949e-06
2.437109287711791694e-06
1.846815109729504911e-07
5.323628116116196907e-08
7.689967418400556198e-08
1.018447846945491619e-06
1.458669339626794681e-05
1.331962948825093918e-07
4.996059033146593720e-07
3.944018658330605831e-07
3.263237886130809784e-06
1.337328399131365586e-06
2.603836946946103126e-06
9.116651966678546160e-08
1.414920944853292895e-07
1.808861088647972792e-05
1.219101477545336820e-06
2.744230300777417142e-07
9.869690074992831796e-06
2.621982730488525704e-06
8.503836579620838165e-05
5.362704200706502888e-07
1.014240297081414610e-06
5.826325286761857569e-05
3.857286174024920911e-06
3.730517846634029411e-06
1.027336202241713181e-05
2.887054279199219309e-06
1.492447552209341666e-07
1.384267034154618159e-05
1.409595569157318096e-07
4.859680871049931739e-07
6.353839125949889421e-07
6.198625328579510096e-07
3.351969724008085905e-07
1.087089003704022616e-06
1.391342948409146629e-06
5.007858362660044804e-06
1.746513817124650814e-06
1.925568503793329000e-04
1.192129062133062689e-08
9.997608685807790607e-06
2.853038040484534577e-06
5.187225269764894620e-06
1.109869572246680036e-05
3.051760431844741106e-04
1.094058916351059452e-05
1.894486369565129280e-03
9.340037649963051081e-07
1.188737996926647611e-06
3.129313199679017998e-06
1.953087339643388987e-04
9.633752597437705845e-06
1.082860080714453943e-06
9.936048854797263630e-07
3.089730744250118732e-04
2.085969015297450824e-07
3.002299990839674138e-07
5.527971370611339808e-05
2.456371106518417946e-08
3.199925686203641817e-06
2.378195131313987076e-05
1.131983253799262457e-07
8.084501814664690755e-07
1.409714567301989518e-08
3.472848675301065668e-07
5.088268153485842049e-06
1.577686489326879382e-04
6.560106612596428022e-06
6.264529019972542301e-06
1.795014441086095758e-06
1.216326563735492527e-05
2.315142069164721761e-07
1.483695797332984512e-07
2.743842912877880735e-07
1.095893026104022283e-06
5.997495691190124489e-07
6.905870577611494809e-06
1.435633748769760132e-06
1.533937734166102018e-06
9.982051096812938340e-08
5.586251427303068340e-05
1.358615008939523250e-06
1.035877539834473282e-05
1.098237703445192892e-06
6.247858891583746299e-06
9.251807568944059312e-06
3.746258244063938037e-06
1.999744881686638109e-06
2.600665538921020925e-06
4.643238185053633060e-07
5.064942342869471759e-06
2.610683509374212008e-07
3.145479240629356354e-06
7.480233307433081791e-06
1.529626736385125696e-08
1.187686507364560384e-06
3.939706516575824935e-07
1.483852975070476532e-04
7.270554488059133291e-05
9.824515245782095008e-07
2.601574351501767524e-07
1.182182600700798503e-07
2.369540197832975537e-05
1.022421274683438241e-04
4.537334825727157295e-05
7.742325578874442726e-06
1.323976590583697543e-07
2.482876652720733546e-06
4.778689230988675263e-07
3.484257467789575458e-05
6.234913143998710439e-06
2.308589682797901332e-05
8.041130968194920570e-06
1.402394673277740367e-06
1.283752681047189981e-05
3.530688275077409344e-07
2.406208977845381014e-06
2.733093538154207636e-07
2.689135669697861886e-07
8.269561658380553126e-05
4.499102033150848001e-07
2.324054730706848204e-05
1.779580429683846887e-06
2.751426109171006829e-07
3.874656977131962776e-05
5.137202606420032680e-06
1.596445827090064995e-06
1.860635279626876581e-06
1.796859123714966699e-06
4.113382772175100399e-07
5.999091808917000890e-05
3.460982327396777691e-07
5.743928568335832097e-07
3.648953861556947231e-05
2.987465279602474766e-07
5.127645295033289585e-07
2.457833488733740523e-06
4.504429966800671536e-07
3.769989689317299053e-07
5.392336106524453498e-07
9.531950126984156668e-07
9.287795421641931171e-08
2.840657771230326034e-06
7.884706064942292869e-06
3.299453283034381457e-06
4.995511335437186062e-05
1.275429440283915028e-06
6.409951765817822888e-06
6.776091140636708587e-06
5.492987611432909034e-07
1.296660343541589100e-06
1.645222056367856567e-07
6.031068977563336375e-08
1.636968704588070977e-06
1.129320480686146766e-06
2.727084756770636886e-05
5.027446263738966081e-07
2.826895126872841502e-07
1.071649239747785032e-05
1.891479428195452783e-06
5.543796177676085790e-08
5.361944658943684772e-06
7.255499895109096542e-06
1.024773337121587247e-05
2.160860503863659687e-06
5.934724413236835971e-06
3.308736268081702292e-06
5.523620984604349360e-06
2.515032747396617197e-06
1.032062482408946380e-05
1.191271621792111546e-05
3.326641035528155044e-06
2.081616003124509007e-06
1.048702051775762811e-05
5.835670435772044584e-06
1.199205712509865407e-06
7.739538432360859588e-07
6.517578149214386940e-04
1.002508633973775432e-05
5.083406335870677140e-07
2.861960183508927003e-06
1.483617921849145205e-07
4.570874944329261780e-02
6.721188015035295393e-07
7.272342941178067122e-07
7.772279786877334118e-06
6.152353080324246548e-07
3.102440314250998199e-05
2.462901647959370166e-06
4.094218020327389240e-04
6.585659662050602492e-07
1.268395426450297236e-04
1.982873421013664483e-08
2.531594873289577663e-05
3.794935537371202372e-06
4.731800345325609669e-06
1.233754716167823062e-07
5.453186076920246705e-06
9.931341082847211510e-07
8.646283095004037023e-05
3.519911473404135904e-08
4.633020944311283529e-05
2.013610611584226717e-07
1.806308773666387424e-06
8.161803707480430603e-03
1.120474806270976842e-07
1.873575001809513196e-06
3.291665279903099872e-06
3.044931418116902933e-06
1.815397695281717461e-06
1.509945093403075589e-07
1.580496444830714609e-07
1.944040235457578092e-07
6.816340373916318640e-06
1.191746036965923849e-06
1.509120284026721492e-05
3.522013912515831180e-06
8.798007655741457711e-09
2.592585133243119344e-06
3.189676363035687245e-06
8.885093620847328566e-07
2.094522528750530910e-07
3.601187199819833040e-05
6.755910249012231361e-07
3.330866320538916625e-06
8.249109669122844934e-06
2.938659235951490700e-07
6.495565116892976221e-07
1.876072701634257101e-06
1.710356514195154887e-06
8.751682116781012155e-07
3.769411341636441648e-05
1.500473217674880289e-06
2.717935058171860874e-05
6.373031169459864032e-08
7.366085628746077418e-05
4.778194579557748511e-06
3.182730097250896506e-06
2.249490989925106987e-06
2.431683697068365291e-06
7.859593097236938775e-06
7.174634083639830351e-05
3.302394873117009411e-07
4.712429131359385792e-07
3.424641363380942494e-06
6.496268269984284416e-06
1.275735428407642758e-07
2.418992380626150407e-06
4.110516601940616965e-05
6.725855996592144947e-07
4.298488818221812835e-07
6.594244723601150326e-07
1.290651653107488528e-05
3.317760274512693286e-06
8.089140465017408133e-06
9.319832315668463707e-05
2.076336159007041715e-06
7.846374501241371036e-06
1.484250697103561834e-05
8.793710549070965499e-06
1.162124931397556793e-06
4.338867802289314568e-05
5.050337222201051190e-06
8.671377145219594240e-07
2.336403923663965543e-07
5.527183020603843033e-06
2.901356992879300378e-06
1.531367246343506849e-07
1.296270255579656805e-07
8.177735111303263693e-08
4.348528091213665903e-05
3.606268364819698036e-06
2.182758180424571037e-05
4.283976977603742853e-07
3.982248745160177350e-05
5.185565896681509912e-07
4.740667009173193946e-06
1.256843006558483467e-06
1.480045455082290573e-07
1.316079078605980612e-06
6.768775620002998039e-07
4.371426257421262562e-05
6.062618922442197800e-06
8.829650965935798013e-08
2.794779175019357353e-05
5.778030072178808041e-07
2.417316977698646951e-07
7.538415616181737278e-07
4.301275566831463948e-06
2.507520946437580278e-07
2.470086656103376299e-05
1.464832348574418575e-05
3.606777454479015432e-06
2.494565933375270106e-06
1.879270939753041603e-06
9.410663324160850607e-07
2.814233539538690820e-07
1.918940370160271414e-06
3.126743024495226564e-07
8.197060452630466898e-08
6.133618057901912834e-07
2.560591201472561806e-05
1.576903514433070086e-06
1.832652924349531531e-05
6.052890057617332786e-06
1.793076762623968534e-07
2.292185172336758114e-06
3.349812686792574823e-05
9.552060191708733328e-07
1.362447947030887008e-04
7.703155233684810810e-07
3.885415480908704922e-06
1.216001328430138528e-04
4.350008566689211875e-07
5.100360795040614903e-06
2.688123095140326768e-05
2.167774255212862045e-05
2.136546572728548199e-05
5.703554506908403710e-06
9.791081538423895836e-06
1.092452748707728460e-06
3.488091169856488705e-05
3.234662244722130708e-07
2.544173014484840678e-07
5.437752406578511000e-06
5.348714330466464162e-05
8.854058819451893214e-07
5.842018254043068737e-06
6.004114311508601531e-06
5.580213269240630325e-07
3.006821600592957111e-07
4.502662704908289015e-06
2.678573764569591731e-06
1.954754083044463187e-07
1.086032061721198261e-04
8.664359256727038883e-07
1.702033728179230820e-06
1.972334757738281041e-06
1.700010034255683422e-05
1.080306219591875561e-06
8.647828053653938696e-08
2.894573469802708132e-07
9.024040627991780639e-05
1.138817822265991708e-07
1.641505491534189787e-06
1.488179623265750706e-05
1.095005018214578740e-06
1.617457019165158272e-05
8.649499250168446451e-07
1.091499906033277512e-02
1.364270048043181305e-07
3.922334508388303220e-05
1.963173190233646892e-06
1.099788369174348190e-05
1.151308879343559965e-06
2.475621477060485631e-05
7.133338897347130114e-08
3.739845340078318259e-07
2.652481271070428193e-05
5.796884465780749451e-07
1.725909442029660568e-06
1.359458767780097332e-08
1.968180413314257748e-06
2.335805902475840412e-06
1.738979790388839319e-06
1.038216068991459906e-04
3.327423030441423180e-07
1.490080535404558759e-06
3.171682692482136190e-06
1.079164758266415447e-05
3.921158786397427320e-04
1.659142981225159019e-05
9.946771797331166454e-07
2.463107230141758919e-04
8.146194829805608606e-08
7.878591077314922586e-07
2.253426600873353891e-06
1.486494584241881967e-04
7.944913813844323158e-04
5.993564400341711007e-08
3.935292269829915313e-08
8.597322448622435331e-06
7.143681159504922107e-06
2.788450501611805521e-07
1.541813389849266969e-06
3.022362534466083162e-06
5.499481972037756350e-07
2.358503252253285609e-06
2.117512394761433825e-06
3.846090294246096164e-06
5.366162554309994448e-07
1.455165943298197817e-06
1.357894205966658774e-07
2.994455144289531745e-06
1.327467998635256663e-06
1.291481476073386148e-05
1.054272956935164984e-06
9.095385422597246361e-08
1.947176997418864630e-06
3.237490986407465243e-08
4.041359957795975788e-08
1.629898775945548550e-07
3.872673187288455665e-05
9.440424832973803859e-07
1.332372085016686469e-05
7.424810974043793976e-06
2.123186277458444238e-06
2.547816393416724168e-06
3.377161021944630193e-07
2.534744999138638377e-05
3.233005118090659380e-04
1.830551627790555358e-05
6.859844550490379333e-03
6.935444616829045117e-06
1.940973334058071487e-06
3.694671613629907370e-05
4.219461516186129302e-06
2.596009380795294419e-06
8.929218893172219396e-06
1.604547719580295961e-06
7.675636879866942763e-06
8.227632974922016729e-07
9.498021995568706188e-07
4.109148358111269772e-05
1.506322223576717079e-05
2.662908400452579372e-07
1.484861627432110254e-06
7.958259971019288059e-07
4.697577082879433874e-07
3.937672587994711648e-08
1.035832113416290667e-07
2.068918831810151460e-07
1.365721618640236557e-05
2.661849691776296822e-07
5.605757542070932686e-05
1.912777634061058052e-06
1.168023209174862131e-05
1.076670305337756872e-04
8.005382369447033852e-06
2.906693907789303921e-06
2.595983517039712751e-07
7.501432992285117507e-05
6.108041816332843155e-06
1.972167410713154823e-06
7.994109409992233850e-07
3.987772743130335584e-06
1.140716221925686114e-06
3.042714808998425724e-07
1.282692246604710817e-04
5.520521995094895829e-07
3.547003027051687241e-03
2.070858515799045563e-02
9.241696534445509315e-05
1.859225221778615378e-06
2.862975406969781034e-06
2.865759190171957016e-03
1.391120895277708769e-05
9.384350414620712399e-05
2.473232370903133415e-06
1.402896941726794466e-05
7.731652294751256704e-05
4.349894821643829346e-03
8.666615758556872606e-05
2.209211515946662985e-06
9.349533684144262224e-06
3.526376303852885030e-06
