4.467245162231847644e-06
7.288249908015131950e-04
9.372927678441556054e-08
9.391879274289749446e-08
2.093937382596777752e-06
9.794848665478639305e-06
6.489001862064469606e-06
1.865055128291714936e-05
4.642306157620623708e-05
8.031093784666154534e-06
3.156492311973124743e-05
1.266451145056635141e-04
1.736181002343073487e-05
1.394906303175957873e-05
1.019749252009205520e-04
4.794764390680938959e-05
3.769102040678262711e-04
2.512625542294699699e-05
2.610175442896434106e-06
4.230420745443552732e-05
2.026382862823083997e-04
2.081144202747964300e-06
9.482576501795847435e-07
3.052541842407663353e-06
4.779252049047499895e-05
2.236851141788065434e-04
5.088933394290506840e-04
1.869957486633211374e-04
4.245030504534952343e-05
9.731572936289012432e-05
2.467337995767593384e-03
1.298888865858316422e-02
8.031576871871948242e-04
4.661570983444107696e-06
6.876775273667590227e-07
1.125599083025008440e-04
6.703546969220042229e-04
7.448952965205535293e-05
1.596667279954999685e-04
3.596918832045048475e-04
3.936131834052503109e-04
2.515368396416306496e-05
1.863172656157985330e-05
1.744777364365290850e-05
4.046960384584963322e-05
8.453340342384763062e-06
2.023047069087624550e-03
2.246512100100517273e-03
3.279222801211290061e-05
1.650681042519863695e-05
1.160813990281894803e-04
1.193676289403811097e-04
5.056211739429272711e-05
2.070745540549978614e-05
2.846437837433768436e-06
1.348494901321828365e-03
2.292647423018934205e-06
5.159970169188454747e-05
3.417035331949591637e-04
2.444499870762228966e-03
1.847584935603663325e-04
6.936334557394729927e-06
1.301600059377960861e-05
7.715410902164876461e-06
1.776230783434584737e-04
3.452613964327611029e-05
2.224753370683174580e-05
1.017845806927653030e-05
9.870183930615894496e-06
9.093554922401381191e-07
7.495732861571013927e-04
1.765258457453455776e-05
1.292464003199711442e-05
5.123859227751381695e-05
2.597461862023919821e-04
7.102036761352792382e-06
3.675134212244302034e-05
2.438978481222875416e-05
1.442924840375781059e-04
1.138326479122042656e-05
7.363226814049994573e-06
3.693110784297459759e-06
9.355281690659467131e-06
2.520605448808055371e-07
4.117778644285863265e-06
3.799545447691343725e-05
9.190832315653096884e-06
4.065284156240522861e-05
1.768410947988741100e-05
3.169410338159650564e-04
3.402734873816370964e-04
7.873325557739008218e-06
2.780449676720309071e-06
3.816903699771501124e-06
9.111938066780567169e-03
9.057735042006243020e-06
6.378726084221852943e-06
6.175045541567669716e-07
8.579535659691828187e-08
2.855687853298150003e-06
1.607463855179958045e-05
4.324302153690950945e-06
2.567840340361726703e-07
4.959759098710492253e-05
1.162769058282719925e-05
1.099959899875102565e-05
1.656025460761156864e-06
2.888588096539024264e-05
6.316035432973876595e-05
8.083187276497483253e-05
3.716622813954018056e-05
4.712729605671484023e-06
7.507995469495654106e-04
1.928896084427833557e-02
8.563845418393611908e-03
4.144466656725853682e-04
1.185154251288622618e-04
8.276701009890530258e-06
1.161256295745261014e-05
2.027120171987917274e-05
5.399233850766904652e-05
3.644762728072237223e-06
5.852964477526256815e-07
3.671912963909562677e-06
3.811414671872626059e-06
1.815137366065755486e-04
1.259034324903041124e-04
5.229190378486237023e-07
1.382748223477392457e-06
3.749652241822332144e-04
3.166176247759722173e-05
1.562781289976555854e-05
1.174620556412264705e-04
5.080519986222498119e-05
2.523468992876587436e-06
2.929714719357434660e-05
1.211538892675889656e-05
6.563680017279693857e-07
4.278865162632428110e-06
2.770458991108171176e-07
3.389197331671311986e-07
6.272216523939277977e-07
7.222544695650867652e-08
5.169461019249865785e-07
1.046162765305780340e-06
1.346249831613022252e-07
2.464691704062715871e-07
1.229310981898379396e-07
1.120088995776313823e-06
5.789193892269395292e-06
2.169510082694614539e-07
1.607282320037484169e-04
1.790852547856047750e-05
1.308498849539319053e-05
4.183116834610700607e-05
4.095367694390006363e-05
2.139685602742247283e-05
4.464157882466679439e-06
1.852708010119386017e-05
2.540285458962898701e-05
1.436322418157942593e-05
1.015634097711881623e-05
3.860077413264662027e-06
4.855011866311542690e-06
1.090613750420743600e-06
7.532698873546905816e-07
8.487231184517440852e-07
4.493002450089988997e-07
2.253356797154992819e-06
2.113026766892289743e-06
4.844859176955651492e-06
7.601366633025463670e-06
4.496905603446066380e-06
2.458866219967603683e-06
8.152552481988095678e-07
7.788640346007014159e-07
2.683077127585420385e-06
2.842740286723710597e-06
2.162676719308365136e-05
1.011468066280940548e-05
2.245295490865828469e-06
2.827515118042356335e-06
3.788448520936071873e-05
8.955173143476713449e-06
3.276748429925646633e-06
2.072658244287595153e-04
3.687418211484327912e-05
1.386776799336075783e-03
1.502555278420913965e-05
8.706209337105974555e-05
1.196008815895766020e-05
1.616404551896266639e-05
1.935383806994650513e-05
1.889116174424998462e-05
1.633022975511266850e-06
8.422508108196780086e-05
3.166834721923805773e-05
5.110241545480675995e-06
1.148080900748027489e-05
1.046492616296745837e-05
6.698631750623462722e-06
3.799619662459008396e-06
4.772977717948378995e-06
6.015791313984664157e-06
3.716397259267978370e-06
3.030755942745599896e-05
4.256366537447320297e-06
4.732650722871767357e-06
4.792368781636469066e-05
1.906193574541248381e-06
8.791462278168182820e-07
9.132742707151919603e-05
2.282276682308292948e-06
8.434746632701717317e-06
1.761790554155595601e-05
8.505450750817544758e-06
2.692229099920950830e-05
3.216286359020159580e-06
8.040358807193115354e-06
1.444972622266504914e-05
4.243028797645820305e-06
7.412581453536404297e-06
2.806711745506618172e-05
3.739998874152661301e-06
1.199611688207369298e-05
9.654478162701707333e-06
1.155296831711893901e-05
3.210987188140279613e-06
3.843415015580831096e-06
2.415724338789004833e-06
4.354590600996743888e-06
2.901560264945146628e-06
8.232153049902990460e-06
1.456282006984110922e-05
4.389547939354088157e-06
1.006447200779803097e-05
1.021161187964025885e-05
9.505696652922779322e-06
4.090100446774158627e-06
3.344679498695768416e-06
1.176229579868959263e-05
2.232078804809134454e-05
6.126564403530210257e-05
1.560660348332021385e-05
1.772660084498056676e-06
3.025188379979226738e-05
1.736841841193381697e-05
3.171998741891002283e-06
1.807800231290457305e-06
2.709067848627455533e-05
1.874957433756208047e-06
3.326985506646451540e-06
1.335541492153424770e-05
5.461448381538502872e-06
2.447165898047387600e-04
3.358921821927651763e-05
1.280975902773207054e-05
6.718208624079125002e-06
2.496939941920572892e-06
6.930995004950091243e-05
7.516355708503397182e-06
6.322480203380109742e-06
3.659451977000571787e-05
4.620396794052794576e-06
7.511941475968342274e-06
3.521592007018625736e-04
6.134214345365762711e-06
1.619759314053226262e-05
3.332888809381984174e-06
4.483512748265638947e-05
6.336871592793613672e-06
6.735455826856195927e-05
2.374484893152839504e-06
6.828930168012448121e-07
1.649159457883797586e-05
2.861101620510453358e-06
4.424439339345553890e-06
2.814554682117886841e-05
1.511879509052960202e-05
1.661786518525332212e-05
4.821524635190144181e-05
1.223359489813446999e-03
1.134697231464087963e-04
7.449919212376698852e-05
1.273922134714666754e-05
7.965742406668141484e-05
1.915249049488920718e-05
6.514781853184103966e-05
2.090620182571001351e-05
1.534221519250422716e-05
5.775297722721006721e-06
6.885927177791018039e-06
4.450153937796130776e-05
9.328403393737971783e-06
8.490287655149586499e-06
5.740395863540470600e-06
4.603502929967362434e-06
1.970905759662855417e-05
1.228614928550086915e-05
5.621035597869195044e-06
1.520593796158209443e-04
2.130792243406176567e-03
8.945455192588269711e-05
1.305529731325805187e-03
2.288707764819264412e-03
8.027644071262329817e-05
3.268328728154301643e-04
9.214736055582761765e-04
1.457258779555559158e-02
2.885457873344421387e-01
1.083016116172075272e-02
1.394491991959512234e-03
5.917080678045749664e-03
8.897325024008750916e-04
1.638271169213112444e-05
8.126258850097656250e-03
4.223674768581986427e-04
3.355294466018676758e-04
2.827542368322610855e-03
7.009074906818568707e-04
1.518915523774921894e-04
2.414004178717732430e-03
2.446512458845973015e-03
9.686754085123538971e-03
3.264554589986801147e-02
6.589882820844650269e-02
4.666123539209365845e-03
4.161487231613136828e-05
6.883313744765473530e-06
1.082291646525845863e-06
2.016084617935121059e-04
3.099718014709651470e-05
1.048702506523113698e-05
3.856088824250036851e-06
6.036572813172824681e-06
2.942418723250739276e-05
1.684252674749586731e-05
2.078711440844926983e-05
6.386215682141482830e-05
5.811616006212716457e-07
1.235347190231550485e-05
4.166852158959954977e-05
6.338427920127287507e-05
2.968211219922523014e-06
1.654809057072270662e-05
4.443167199497111142e-06
1.457129383197752759e-05
1.392592184856766835e-05
2.057561459878343157e-06
1.884399978280271171e-07
4.338095607181458035e-07
2.937024419225053862e-07
3.475933453955803998e-06
1.217271119458018802e-06
8.680755740897438955e-07
1.871438144007697701e-06
1.635982334846630692e-05
7.010685749264666811e-06
2.254623905173502862e-05
5.917811449762666598e-06
2.584703679531230591e-06
1.714717109280172735e-05
5.191496529732830822e-05
3.063080612264457159e-06
1.880662057374138385e-05
4.219722904963418841e-05
4.285785325919277966e-05
2.444665187795180827e-05
4.902642103843390942e-06
4.891639036941342056e-06
8.541806164430454373e-05
2.827872776833828539e-05
2.479754130035871640e-06
1.731336487864609808e-05
5.030239844927564263e-05
1.371134203509427607e-05
2.734579766183742322e-06
1.845774677349254489e-04
2.815577499859500676e-05
5.926002995693124831e-05
2.111215144395828247e-04
2.366659464314579964e-05
1.065876713255420327e-04
6.258695066208019853e-05
8.810817962512373924e-05
9.423244591744150966e-06
2.051002411462832242e-06
8.604158210800960660e-06
5.051138941780664027e-06
5.655828658746031579e-07
4.696880569099448621e-05
7.843314620004093740e-07
5.596732444246299565e-05
6.514687993330881000e-05
7.240250852191820741e-07
4.731626177090220153e-06
8.846222044667229056e-05
5.310386313794879243e-06
1.686991026872419752e-06
2.163669159926939756e-05
4.324281235312810168e-06
4.754554993269266561e-06
1.575265855535690207e-06
3.969850865814805729e-07
5.538250036352110328e-08
9.041419843924813904e-07
1.095981860999017954e-05
5.370562234929820988e-07
2.859500455087982118e-06
4.145862021687207744e-06
6.300718087004497647e-05
4.121870733797550201e-05
1.838731986936181784e-04
6.098623998695984483e-05
6.801522249588742852e-05
2.218508627265691757e-03
3.509084081088076346e-06
1.078611167031340301e-04
1.847147927946934942e-06
1.876843998616095632e-05
1.097942799788143020e-06
3.943608589906943962e-06
3.861636344026919687e-07
6.373298901962698437e-07
1.289406981186402845e-07
2.818070424837060273e-05
5.643021836476691533e-07
1.486765995650785044e-05
1.818989549065008759e-04
1.105005026147409808e-06
1.875167470188898733e-07
6.896498234709724784e-05
2.501089056750060990e-06
6.055026897229254246e-04
1.573796616867184639e-04
1.835557304730173200e-05
1.901657924463506788e-06
1.906820784824958537e-06
1.193784482893534005e-04
4.556277133360708831e-07
1.571433699609769974e-06
1.132662418967811391e-06
1.077677438843238633e-06
3.466966882115229964e-05
6.082381332817021757e-06
2.091946407745126635e-05
2.638092701090499759e-05
6.800503615522757173e-05
1.319737173616886139e-03
4.895965503237675875e-06
1.897941075412745704e-07
1.536440322524867952e-06
1.210130192339420319e-02
1.410682307323440909e-04
3.543800858096801676e-06
2.710429907892830670e-05
4.112663373234681785e-05
9.604405931895598769e-05
8.148115011863410473e-05
4.744461621157824993e-04
2.078513290371120092e-07
3.707151336129754782e-06
4.308328425395302474e-05
1.210324582643806934e-03
5.713148766517406330e-06
3.855220711557194591e-06
1.069318500412919093e-06
2.766383886410039850e-06
4.530027581495232880e-06
3.039453877136111259e-04
6.891527445986866951e-04
4.152838300797156990e-06
1.792475813999772072e-05
1.219968567056639586e-06
2.233738769064075314e-06
3.135724182357080281e-05
1.988033181987702847e-05
1.275357021768286359e-06
2.971283975057303905e-04
8.362520134141959716e-07
5.508536105480743572e-06
7.719781933701597154e-06
1.306838930759113282e-05
8.274479478131979704e-05
3.021584120688203257e-07
1.687718508947000373e-06
5.574141823672107421e-07
6.403670704457908869e-05
1.904791679407935590e-05
6.066837813705205917e-04
1.208594426316267345e-06
5.461838554765563458e-06
6.083869375288486481e-04
3.409283526707440615e-04
1.896961330203339458e-04
3.446350456215441227e-05
1.382603932142956182e-05
1.331282783212373033e-05
2.964547547890106216e-06
8.205152698792517185e-04
2.099590346915647388e-06
4.529446596279740334e-05
8.400973456446081400e-06
1.279782300116494298e-04
5.964734373264946043e-05
1.726339178276248276e-05
3.652510349638760090e-05
3.603653567552100867e-06
4.837642791244434193e-06
9.991641854867339134e-05
1.774915858732128982e-07
1.157521364802960306e-05
2.574980271674576215e-06
2.469530500093242154e-06
1.588361328686005436e-06
3.183067019563168287e-05
1.350216552964411676e-05
7.950388862809631974e-07
1.281190907320706174e-05
3.033309076272416860e-05
4.009602707810699940e-04
9.939337905962020159e-05
6.256919277802808210e-06
3.066193130507599562e-06
1.962495662155561149e-05
1.416714098922966514e-06
2.100253477692604065e-04
1.258515112567692995e-04
2.630968538142042235e-06
1.779218146111816168e-04
2.732183020270895213e-05
2.643405196067760698e-06
7.362057658610865474e-05
2.370929178141523153e-05
3.452255259617231786e-05
4.213933607388753444e-06
3.450492158663109876e-08
1.586061273428640561e-07
5.166181381355272606e-06
9.686969860922545195e-05
2.184172842589759966e-07
3.186918036135466537e-07
1.749021407704276498e-06
3.724629323187400587e-06
2.173345637856982648e-05
2.524193405406549573e-06
1.657046766467829002e-07
6.692574743283330463e-07
5.116686224937438965e-05
3.829749475698918104e-04
4.173611159785650671e-06
5.889795138500630856e-04
4.001524939667433500e-05
1.602570409886538982e-05
1.091399212782562245e-06
7.991251550265587866e-06
7.995882333489134908e-05
1.617599627934396267e-05
3.358878302606171928e-06
4.328144859755411744e-05
7.984418516571167856e-06
1.468918412683706265e-06
1.455827150493860245e-04
4.367752239886613097e-07
1.429139501851750538e-05
2.767439582385122776e-06
1.187852376460796222e-06
1.199289090436650440e-05
5.248678007774287835e-06
2.144960853911470622e-05
1.074072570190764964e-04
4.350182280177250504e-06
2.887088630814105272e-04
2.829945522364596400e-08
1.686630857875570655e-04
1.679407250776421279e-05
2.277039357068133540e-06
7.096518856997136027e-06
5.984900053590536118e-03
1.674917621130589396e-05
3.527422621846199036e-02
1.151478954852791503e-05
4.236868699081242085e-05
9.983026757254265249e-06
7.926621474325656891e-04
3.671462764032185078e-05
2.804236828524153680e-05
1.226994982062024064e-06
3.936989814974367619e-04
1.976150940663501387e-07
5.917814291933609638e-07
1.728493953123688698e-03
3.543770390024292283e-06
1.105118280975148082e-05
1.021856860461411998e-05
4.489012553676730022e-06
1.985868493648013100e-06
1.841213190800772281e-07
9.732946637086570263e-06
1.332975662080571055e-04
7.250028284033760428e-05
1.501441583968698978e-03
1.693378180789295584e-05
2.413327138128806837e-06
6.220291106728836894e-05
5.895054982829606161e-06
5.577861429628683254e-06
6.708316959702642635e-06
7.895905582699924707e-06
7.690217671552090906e-07
2.873460107366554439e-05
6.240147195057943463e-05
2.577449549789889716e-06
1.152484742306114640e-06
1.127149153035134077e-04
1.230614770975080319e-06
8.551632163289468735e-06
2.051928640867117792e-05
7.374987762887030840e-05
5.181346787139773369e-04
5.410444646258838475e-05
1.573969166202004999e-05
3.164527879562228918e-05
5.320359559846110642e-05
3.282004399807192385e-05
2.146042987760665710e-07
1.983601760002784431e-05
1.631316263228654861e-05
2.018536271464199672e-08
1.247567797690862790e-05
9.688221780379535630e-07
5.841517122462391853e-04
2.948896508314646780e-05
4.187395461485721171e-05
6.609729439333023038e-07
2.667540570655546617e-07
1.256970717804506421e-04
7.818076992407441139e-04
1.801999605959281325e-04
7.308719887078041211e-06
2.386397568443499040e-07
9.627055987948551774e-07
3.680493421143182786e-07
1.375674502924084663e-03
8.369110582862049341e-05
2.167283128073904663e-05
3.543974889907985926e-05
1.261878969671670347e-05
1.404439717589411885e-05
4.155120223003905267e-06
5.451420747704105452e-06
2.715542177611496300e-05
1.767310891409579199e-06
2.518802066333591938e-04
2.390305098742828704e-06
4.027198156109079719e-05
8.550596248824149370e-06
7.127375738491537049e-07
7.467553223250433803e-05
6.589790427824482322e-05
2.375645999563857913e-05
2.524607452869531699e-06
1.775771806933335029e-06
7.837056159587518778e-07
1.470151939429342747e-03
9.607804258848773316e-07
4.625658402801491320e-05
1.987220093724317849e-05
1.050248215506144334e-06
3.657759589259512722e-05
2.330411007278598845e-06
2.382510274401283823e-06
5.858809345227200538e-06
1.001741111394949257e-06
6.146893156255828217e-06
1.783846073521999642e-06
3.064582415390759706e-06
8.066741429502144456e-06
2.569875277913524769e-06
3.121063346043229103e-04
2.734226472966838628e-05
2.081712300423532724e-04
1.042023086483823135e-05
6.520822921629587654e-07
2.241783295175991952e-05
5.973118959445855580e-07
4.590085609379457310e-07
1.183619701805582736e-06
3.058710717596113682e-06
7.418242748826742172e-04
5.231254931459261570e-07
5.587774921878008172e-06
1.019777846522629261e-04
5.455643531604437158e-06
1.248844938572801766e-07
1.185279688797891140e-05
2.917932579293847084e-04
8.143744707922451198e-06
5.456481630972120911e-06
6.625630703638307750e-06
4.553775215754285455e-05
2.594418037915602326e-05
5.381218670663656667e-06
7.337679271586239338e-04
2.636236604303121567e-05
8.227224498114082962e-06
1.104733655665768310e-05
3.905958692485000938e-06
1.111705842049559578e-05
2.323559237993322313e-05
3.205830216757021844e-05
7.133071776479482651e-03
5.082659772597253323e-04
1.055089614965254441e-05
9.126461009145714343e-06
4.837373239752196241e-07
5.985679477453231812e-02
2.667343551365775056e-06
1.137009917329123709e-06
2.050492214038968086e-03
5.419220997282536700e-06
2.091444766847416759e-04
1.913269370561465621e-04
7.491455471608787775e-05
2.370055426581529900e-06
1.056123524904251099e-03
6.129202745341899572e-08
2.534119994379580021e-05
9.094799752347171307e-04
1.760122904670424759e-05
1.316797806794056669e-06
4.800142505700932816e-06
1.449543833587085828e-05
1.514417908765608445e-05
2.611055265333561692e-07
1.942673552548512816e-04
1.502961481492093299e-06
5.946312285232124850e-06
9.520426392555236816e-03
1.497856629839589004e-07
1.203500346491637174e-06
1.853234789450652897e-05
1.299294581258436665e-05
2.990774873978807591e-06
5.104715228299028240e-07
5.948504622210748494e-07
9.093307085095148068e-08
3.175724714310490526e-06
5.127999975229613483e-05
7.352774264290928841e-05
9.469933866057544947e-05
2.622115005124214804e-07
9.846059583651367575e-06
8.483278179483022541e-06
1.810522007872350514e-05
2.165465957659762353e-06
1.065793912857770920e-04
2.930174332504975609e-06
3.944345735362730920e-06
1.954796061909291893e-05
3.482910324237309396e-05
1.616755298528005369e-06
1.311604773945873603e-05
9.597872121958062053e-06
8.518332833773456514e-06
5.365379620343446732e-04
1.493976378696970642e-05
2.787126868497580290e-04
6.001299368563195458e-08
7.706549367867410183e-04
3.166405804222449660e-05
3.033831262655439787e-06
1.404138311045244336e-05
3.173269797116518021e-04
2.865436545107513666e-05
8.775194874033331871e-05
1.309418166783871129e-06
2.386582991675822996e-06
5.951898128842003644e-05
1.387763768434524536e-05
3.045596201900480082e-07
3.119133680229424499e-06
1.211199924000538886e-04
4.070589511684374884e-06
1.382016534989816137e-06
4.333041033532936126e-06
4.907584298052825034e-05
1.033610715239774436e-06
1.369325582345481962e-05
9.860588470473885536e-04
1.550102024339139462e-05
1.565657476021442562e-05
2.312801734660752118e-05
8.272334234789013863e-04
7.618952167831594124e-06
4.229343903716653585e-05
2.248967393825296313e-05
1.461609554098686203e-05
1.491089705041304114e-07
2.543761729612015188e-05
6.877499799884390086e-06
6.267354706324113067e-07
3.189242761436617002e-06
5.273350325296632946e-07
1.977610401809215546e-03
3.515521939334576018e-06
9.270128430216573179e-06
2.363962721574353054e-06
9.529204362479504198e-06
7.792555697960779071e-05
1.424928814230952412e-05
4.848415642300096806e-07
2.319073246326297522e-06
1.213817231473512948e-04
2.548699512772145681e-06
1.335484848823398352e-04
3.831528374576009810e-06
1.522536763332027476e-06
3.443199966568499804e-05
2.376644033574848436e-06
1.611493757991411258e-06
2.468393176968675107e-06
1.604433691682061180e-06
4.535984771791845560e-06
6.169521384435938671e-06
8.639527368359267712e-05
3.240425576223060489e-05
4.342429747339338064e-05
1.587791302881669253e-05
3.181487500114599243e-06
8.858754881657660007e-06
6.405771273421123624e-05
3.015272568518412299e-06
1.820649373485139222e-07
6.361141799970937427e-07
3.675001062219962478e-05
1.204445834446232766e-05
7.096590707078576088e-05
6.505893452413147315e-06
1.450974650651914999e-06
7.249458121805218980e-06
8.971113857114687562e-06
3.439866986809647642e-06
7.648345490451902151e-05
1.377789544676488731e-06
2.747740836639422923e-05
1.443173241568729281e-04
6.990103429416194558e-06
2.059944199572782964e-05
7.167049334384500980e-04
1.049655140377581120e-03
1.739017170621082187e-04
1.767057256074622273e-04
1.630128099350258708e-05
2.485478944436181337e-06
1.012526263366453350e-04
7.962939889694098383e-07
2.377886403337470256e-06
3.634358290582895279e-05
1.885383389890193939e-03
2.006906242968398146e-06
1.361902195640141144e-05
1.534255170554388314e-05
2.973341906908899546e-06
4.314164925744989887e-06
1.549417793285101652e-04
7.146386633394286036e-05
1.049054571922169998e-05
1.663670409470796585e-03
3.428819582040887326e-06
2.898596903833094984e-05
1.108538754124310799e-06
1.228990586241707206e-04
1.233370085174101405e-06
1.481668761016408098e-07
7.527255547756794840e-07
8.590741344960406423e-05
1.259195073544105981e-06
7.105933036655187607e-06
1.867833052529022098e-04
1.289736019316478632e-06
1.951701960933860391e-05
1.791523118299664930e-06
1.741995960474014282e-01
3.028545449978992110e-07
1.544218685012310743e-04
3.560863115126267076e-05
1.371016514895018190e-05
1.256083305634092540e-05
2.524433148209936917e-05
3.018621441697177943e-08
4.311406883061863482e-05
9.294844858231954277e-06
1.493790477979928255e-06
5.339777271728962660e-05
1.115325929390564852e-07
2.617959944473113865e-05
1.241904192283982411e-05
1.657565189816523343e-05
8.663698681630194187e-04
3.336878648951824289e-07
1.728063762129750103e-05
2.468592174409423023e-05
2.807877608574926853e-04
1.120994915254414082e-03
1.063787785824388266e-04
7.045024972285318654e-07
3.069382219109684229e-04
5.715102702197327744e-07
1.128895091824233532e-04
2.169464642065577209e-05
1.048325520969228819e-05
7.301670266315340996e-04
1.438599355196856777e-07
1.251516863476354047e-07
2.790391408780124038e-05
1.532571186544373631e-04
2.296493403264321387e-05
5.417293323262128979e-06
1.259273813047911972e-05
6.548623900926031638e-07
1.081054942915216088e-04
3.898926661349833012e-05
2.959515550173819065e-04
5.939939001109451056e-05
4.767679638462141156e-05
3.059979917452437803e-06
1.341528422926785424e-05
3.160176274832338095e-04
1.589978492120280862e-04
1.084749897017900366e-06
2.272706979056238197e-06
3.453774752415483817e-06
1.010892265185248107e-05
1.388647433486767113e-06
9.551878974889405072e-06
1.248190877959132195e-03
8.371497504413127899e-03
3.125872695818543434e-03
8.857762441039085388e-05
4.295079634175635874e-06
6.400165875675156713e-05
4.641367922886274755e-05
1.290437357965856791e-04
3.537419252097606659e-04
2.342108404263854027e-03
1.687860058154910803e-04
7.133064791560173035e-04
2.620075611048378050e-05
1.018263355945236981e-04
2.599140498205088079e-05
4.546836134977638721e-05
5.219559534452855587e-05
5.480743311636615545e-06
7.297061074496014044e-06
8.200231604860164225e-06
3.327583544887602329e-05
7.727763295406475663e-05
3.634122913354076445e-05
4.862170499109197408e-06
1.547766805742867291e-05
2.804635369102470577e-05
1.979591615963727236e-05
1.639355104998685420e-06
1.095588959287852049e-05
5.595160473603755236e-06
1.368548109894618392e-04
2.575500957391341217e-06
1.497232704423367977e-03
3.753772034542635083e-05
1.998337756958790123e-05
2.930806018412113190e-03
7.460530468961223960e-06
1.516018382972106338e-04
6.538339789585734252e-07
1.162014668807387352e-04
2.174289647882687859e-06
5.396909273258643225e-06
1.004841669782763347e-05
5.137143307365477085e-05
2.226236938440706581e-05
2.290654265379998833e-06
2.373488992452621460e-02
1.388979308103444055e-05
1.637281849980354309e-02
1.074946671724319458e-02
5.545652937144041061e-03
4.575746061163954437e-05
6.020885848556645215e-05
5.905197467654943466e-03
8.257070476247463375e-06
2.973804483190178871e-03
6.491772364825010300e-05
1.217643875861540437e-04
5.127799813635647297e-04
1.220596395432949066e-02
3.898389404639601707e-04
4.458883995539508760e-05
4.576230276143178344e-05
4.472277578315697610e-05
