4.250800600402726559e-09
2.008251158258644864e-06
6.688621212447287689e-09
2.377707986056520895e-08
2.179295677251502639e-08
6.371529792659202940e-08
2.542378929604183213e-08
2.107007048834930174e-06
5.094215794088086113e-06
7.211466623857631930e-08
4.996718871552729979e-06
3.032656786672305316e-05
7.178639862104319036e-06
7.358870334428502247e-06
1.848168176366016269e-05
2.104038321704138070e-05
4.654097665479639545e-06
5.475568286783527583e-06
9.778086678124964237e-07
4.472175078262807801e-06
1.620429884496843442e-06
2.046449765202851268e-07
2.474587574852193939e-07
9.681233450464787893e-07
4.364800133771495894e-06
1.302138201708658016e-07
2.313219624738849234e-07
4.647415323688619537e-07
7.952109370990001480e-08
4.349738276232528733e-07
1.008854795259139792e-07
2.788996880553895608e-06
1.338136428330471972e-07
7.321873596310979337e-08
9.970594305741542485e-08
8.667651485438909731e-08
1.243887254531728104e-06
2.545111783547326922e-07
1.182779669761657715e-06
1.923257713087878074e-07
4.337623977335169911e-06
2.198027004851610400e-06
5.565029823628719896e-07
2.044597749772947282e-06
1.933715054747153772e-07
1.102179041367890022e-07
1.289955548600119073e-06
1.389774837434742949e-07
1.292900861926682410e-07
6.258801477088127285e-08
6.721552949784381781e-07
7.122204692677769344e-08
2.119058422067610081e-07
1.246614402816703659e-07
1.131746714122527919e-07
4.927306349600257818e-07
2.883560625832615187e-07
6.636083185185270850e-07
9.425841653865063563e-07
2.876837925214204006e-06
8.853064770164564834e-08
4.699424493992410135e-08
2.446312805659545120e-07
1.302623786614276469e-07
2.280679467503432534e-07
3.253134082115138881e-07
3.170613069869432366e-07
7.283996410478721373e-07
1.032020051638937730e-07
9.980664295028418564e-09
5.606591003015637398e-05
1.564960854238961474e-07
7.954343459459778387e-07
2.855939555956865661e-06
1.928309211507439613e-04
2.690800329219200648e-07
6.149084583739750087e-07
5.235150410953792743e-07
4.775165052706142887e-06
8.643976201483383193e-08
3.822012331511359662e-06
4.256711747530061984e-07
2.101672862409031950e-06
1.351665162019344280e-07
1.810179099948072690e-07
1.932482518895994872e-06
6.759718189641716890e-07
8.007286851352546364e-07
3.044299319299170747e-07
3.537037400747067295e-07
3.705785275087691844e-06
9.234853592943181866e-08
1.349706568731789957e-08
4.283821795070252847e-07
7.637437665835022926e-04
8.581208987834543223e-08
7.484688353542878758e-07
2.358385664535944670e-08
2.046898650576167711e-09
9.521141208779226872e-08
1.934576374651442165e-07
4.394867119117407128e-07
2.734398485415567848e-08
1.633026016634175903e-07
3.932874221845850116e-07
3.405053803362534381e-07
6.146868258838367183e-07
1.785298536560731009e-06
2.502817778804455884e-06
2.445208565404755063e-06
5.573567563033066108e-08
2.073823566206556279e-07
4.095293406862765551e-04
2.903972927015274763e-04
1.196210723719559610e-04
3.037370106540038250e-06
3.020149051735643297e-06
3.541580610999517376e-07
3.189592234775773250e-07
5.080265168544428889e-07
5.392450930230552331e-08
5.927726576260283764e-08
7.441376226324791787e-08
1.878750026662601158e-07
9.158986102875132929e-08
1.062769570125965402e-06
7.486387403332628310e-07
1.078306652857463632e-07
1.166137622021778952e-07
5.161030571798619349e-07
8.025201481132171466e-08
1.522872821624332573e-06
1.546352308423593058e-07
3.308863369966275059e-07
2.217709571539216995e-08
3.695622297072986839e-07
1.787975293154886458e-06
5.801344116207474144e-08
3.544384981069015339e-07
5.081509879545365038e-09
3.440356621808859927e-08
4.293934452448411321e-08
1.297094343044591369e-08
1.341456083991943160e-07
1.999494791959932627e-08
2.263517018263883074e-08
3.616060562094958186e-09
6.198613178298728599e-09
1.524852848433511099e-07
3.821376104440332711e-09
3.337842713335703593e-08
2.478869828337337822e-05
7.332796030823374167e-06
1.468954815209144726e-05
5.436398168967571110e-06
3.051621752092614770e-05
2.113300797645933926e-05
8.556705779483309016e-07
1.748943031998351216e-05
2.873258563340641558e-05
1.739022081892471761e-05
3.565778752090409398e-05
6.464952093665488064e-06
2.234507883258629590e-05
3.036327370864455588e-06
9.924120604409836233e-06
2.855094317055772990e-05
2.804659061439451762e-06
7.994684892764780670e-06
1.781952732926583849e-06
8.830872502585407346e-06
7.486255981348222122e-06
6.207839305716333911e-06
6.958011340429948177e-07
1.173990426650561858e-06
8.089822358670062385e-07
1.979714397748466581e-06
1.326025540038244799e-06
1.223362924065440893e-04
2.366802800679579377e-05
2.960494384751655161e-06
2.341792196602909826e-06
8.119522135530132800e-06
1.738704440867877565e-06
2.406045723546412773e-06
2.420748496660962701e-04
3.318575181765481830e-05
8.070281182881444693e-05
1.341145252808928490e-05
6.361075065797194839e-06
2.641959781612968072e-06
2.213592779298778623e-05
1.126182633015559986e-05
4.582802830555010587e-06
2.391633415754768066e-06
9.263469110010191798e-06
9.904643775371368974e-06
9.997016604756936431e-06
7.901167009549681097e-06
1.262629393750103191e-05
2.078071247524349019e-06
4.428439751791302115e-06
1.249723027285654098e-06
1.027452617563540116e-05
3.309111207272508182e-06
6.983227649470791221e-05
6.444121936510782689e-06
1.478506328567164019e-05
3.366095188539475203e-04
5.550673449761234224e-06
6.454541107814293355e-06
9.759510430740192533e-05
5.337002221494913101e-06
6.271582606132142246e-06
3.605719757615588605e-05
3.097895751125179231e-05
1.924209936987608671e-05
6.461919383582426235e-06
9.777215382200665772e-06
6.654151366092264652e-05
1.447976319468580186e-05
2.235885858681285754e-06
1.702039298834279180e-05
3.038815748368506320e-06
4.663007348426617682e-05
6.817724624852417037e-06
8.698738440671149874e-08
1.503014482295839116e-05
1.796338096937688533e-06
2.281977458551409654e-06
3.095564352406654507e-06
1.322076423093676567e-05
3.720580025401432067e-06
3.072874733334174380e-06
4.198762326268479228e-05
1.070871221600100398e-04
1.386189687764272094e-04
5.981235517538152635e-06
1.375452757201856002e-05
8.697835255588870496e-06
4.222512416163226590e-06
3.134842017971095629e-06
1.240092160514905117e-06
8.590715879108756781e-06
1.301316387980477884e-05
2.177368060074513778e-06
7.457770698238164186e-05
1.159219846158521250e-05
1.097339827538235113e-05
1.070448488462716341e-04
8.380994586332235485e-06
1.252218316949438304e-05
2.055292497971095145e-05
3.849950189760420471e-06
4.130498564336448908e-05
8.472892659483477473e-06
8.886025898391380906e-05
5.041764234192669392e-05
7.251770512084476650e-06
1.209594029205618426e-05
2.291256350872572511e-06
8.501091542711947113e-06
4.935850029141874984e-06
2.244023744424339384e-05
4.330421870690770447e-05
8.471054024994373322e-05
1.617413545318413526e-07
1.206428260047687218e-05
5.040708401793381199e-06
1.512487983745813835e-06
1.105216369978734292e-06
4.807176992471795529e-06
6.167832111714233179e-07
2.960304072985309176e-07
1.763272962307382841e-06
7.621647455380298197e-07
3.950979419187206076e-07
2.731190079430234618e-06
6.177220939207472838e-07
1.551080117678793613e-07
3.285790626250673085e-06
3.180284402333199978e-04
3.317579739814391360e-06
3.109964382019825280e-05
4.208269274386111647e-06
7.071400318636733573e-07
2.078917759718024172e-06
3.468918066573678516e-06
3.918815991710289381e-07
5.175832029635785148e-07
1.361830044288581121e-07
2.556811011800164124e-07
1.779682179403607734e-06
1.241068900981190382e-07
3.456664217083016410e-07
3.352259000166668557e-06
3.245189361678058049e-07
1.817531824599427637e-06
9.482710794372906093e-08
1.472849589845282026e-06
4.360215370979858562e-06
1.520419027656316757e-04
2.518356495784246363e-06
5.766137619502842426e-04
4.620409526978619397e-05
3.610664123243623180e-07
8.778429787525965367e-07
3.167766408296301961e-05
4.694986273534595966e-04
4.862989485263824463e-02
1.115045277401804924e-03
1.654392544878646731e-04
9.307360596721991897e-05
2.693914939300157130e-05
3.300927176042023348e-07
1.001196360448375344e-04
5.569447125708393287e-07
5.816470434183429461e-07
1.968030119314789772e-04
5.329937266651540995e-06
3.091330654569901526e-06
8.769794949330389500e-04
1.410174532793462276e-03
1.667830860242247581e-03
9.672319516539573669e-03
8.521169424057006836e-03
2.731769745878409594e-05
1.499411496297398116e-06
5.791534931631758809e-07
2.872634929929063219e-08
4.340493978816084564e-05
2.249971430501318537e-06
1.724548724268970545e-06
5.187569058762164786e-07
4.548477363641723059e-07
8.291505650959152263e-07
1.262746877728204709e-06
8.121337486954871565e-07
3.542558715707855299e-06
2.780914876154838566e-08
9.006500931718619540e-07
4.839658913624589331e-07
3.735510460955993040e-07
3.145712668128908263e-08
7.805459034671002883e-08
3.672059563086804701e-07
1.103684255099324218e-07
2.125381115547497757e-07
2.432033419097479054e-08
6.349026193674944807e-08
1.126687898533873522e-08
3.646551149927290680e-08
7.438608662369006197e-08
2.716349989384525543e-08
1.384418624184036162e-07
3.172234244175342610e-07
9.585074849383090623e-07
8.465977430205384735e-08
7.864387612244172487e-07
1.890639680368622066e-07
9.142382850768626668e-09
7.697448722865374293e-07
2.510620561224641278e-06
1.773713336206128588e-07
9.806877869777963497e-07
1.224148888923082268e-07
3.203618348379677627e-07
2.615309391273967776e-08
1.230168436450185254e-06
2.810101022987510078e-07
5.013608870285679586e-07
1.781002993084257469e-06
2.470272306709375698e-07
9.805297622733633034e-07
2.581356966402381659e-06
4.584833277476718649e-07
5.335457444743951783e-07
1.192978629660501610e-06
3.955961801693774760e-06
1.286985593651479576e-06
2.222749117208877578e-06
2.954863020931952633e-07
4.140016244491562247e-06
1.730187591419962700e-06
6.554893730026378762e-07
3.799536045789864147e-07
1.057632843526334909e-07
4.162294544585165568e-07
4.964161917087039910e-07
2.279199762256212125e-08
4.421324106829160883e-08
1.553253881070304487e-08
2.053858167982980376e-07
1.148183130794677709e-07
1.473083557357313111e-07
3.638061585320429003e-08
1.446751838329873863e-07
1.988613362868818513e-08
4.717410604371252703e-07
3.772791824303567410e-04
1.772662471921648830e-06
3.258378171722142724e-07
2.052517629635985941e-06
3.639427177404286340e-07
1.096002666400863745e-08
1.992922165072741336e-07
1.241802965523675084e-05
1.219386831508018076e-07
1.324580889416893115e-08
4.254166867667663610e-07
1.610858930689573754e-07
1.157514707301743329e-04
1.257448602700605989e-04
4.134062336902388779e-08
3.850508619507309049e-06
5.891839828109368682e-05
4.885797011411341373e-07
1.420341050106799230e-05
2.479777663211280014e-07
1.328101120634528343e-06
1.277227170248806942e-06
1.069785685103852302e-05
2.450696712230637786e-08
1.328757974761174410e-07
4.699433731047975016e-08
5.398435405368218198e-06
1.390450165672518779e-06
4.986874046153388917e-06
9.412529470864683390e-05
1.561106799385925115e-08
1.024912421598855872e-08
6.527602090500295162e-05
1.858911218732828274e-06
2.605152076284866780e-05
8.098371836240403354e-06
2.170809921153704636e-06
2.267288294888203382e-07
1.366080141451675445e-06
1.250957211595959961e-06
7.870059448578103911e-07
5.981210051686502993e-07
1.624575673986328184e-07
1.002241333480924368e-06
1.418403917341493070e-05
6.340896447909472045e-07
1.569635514897527173e-06
5.901928307139314711e-05
2.700415109302412020e-07
7.573934854008257389e-04
1.418352582049919874e-07
7.694622716769572435e-09
2.940372178272809833e-05
1.994214253500103951e-04
2.827757816703524441e-05
1.719702140690060332e-06
1.666231469243939500e-06
5.760082899541885126e-07
7.850363545003347099e-06
4.420900950208306313e-05
3.223297881049802527e-06
4.859402338297513779e-07
4.107334063974121818e-07
3.974106584792025387e-05
5.644860721076838672e-05
2.759701374088763259e-07
2.209497779404046014e-06
2.836061163691283582e-08
2.722191538850893266e-07
5.853927405041758902e-07
1.993964815483195707e-06
1.466239045839756727e-04
1.093457910883444129e-07
7.386083211713412311e-07
5.709125971975481662e-08
7.606620783917605877e-06
1.453162497000448639e-07
2.164105410429328913e-07
2.886128847023883282e-08
7.609149906784296036e-05
2.523642024243599735e-07
7.124419425963424146e-06
7.653514444427855778e-07
8.419780783697206061e-07
1.229200279340147972e-05
4.794142327568806650e-08
4.353674754042913264e-08
2.065773827553130104e-07
8.929154137149453163e-05
1.774259203557448927e-06
8.707852684892714024e-04
4.397746124595869333e-06
1.096566819569488871e-07
4.056674697494599968e-06
6.058869985281489789e-05
3.234326504752971232e-05
6.863356702524470165e-06
6.142110942164435983e-05
5.092846095067216083e-06
1.293345576414139941e-06
8.273785169876646250e-06
4.405551408126484603e-07
1.907639307319186628e-05
1.508273562649264932e-04
1.733732119646447245e-06
1.141149823524756357e-05
4.366488428786396980e-05
2.590810481706284918e-06
9.164871812572528142e-07
7.857782406972546596e-07
2.822765168275509495e-07
2.187444607670840924e-07
1.847468524829309899e-07
3.993686277681263164e-06
2.980719045808655210e-06
3.937990186386741698e-05
3.541388650774024427e-05
4.248367531545227394e-06
4.744284254343256180e-08
2.166089672073212569e-07
1.078439345292281359e-05
2.011848482652567327e-05
5.430954388430109248e-07
8.754597757842930150e-08
5.390266323956893757e-06
3.191921905454364605e-06
4.434101796846334764e-08
1.998847619688604027e-05
8.507506208843551576e-06
4.206982850973872701e-07
1.047949172061635181e-05
1.998974312300560996e-06
1.451895627724297810e-06
1.451211210223846138e-05
1.509887442807666957e-05
5.527955408979323693e-07
5.299518157642069127e-09
4.541112819111958743e-09
1.526610446944687283e-07
7.430310233758063987e-07
3.694174520205706358e-04
4.960212507398864545e-08
2.837379895481717540e-07
2.134078158633201383e-07
4.476734147829120047e-07
3.437839666275976924e-07
8.925467227527406067e-07
3.140688775715716474e-08
1.198125243462300205e-08
1.104132138607383240e-06
6.631082669628085569e-06
5.661835089654232434e-08
3.425564136705361307e-05
1.930019243445713073e-05
3.255959018133580685e-05
2.966253909164606739e-08
1.184309539326022787e-07
8.141244325088337064e-05
8.630991032987367362e-07
3.563553491403581575e-06
5.325126039679162204e-06
6.522029138977814000e-08
6.707264077476793318e-08
2.817814902300597169e-06
3.261381493757653516e-07
1.486387901650232379e-07
5.598806183115812019e-07
1.085802523448364809e-07
3.367178180724295089e-07
1.036003523040562868e-04
1.156955136139004026e-06
2.628720039865584113e-06
1.012127995636546984e-06
3.029144863830879331e-05
5.533964952952885596e-10
2.276978534609952476e-07
1.233323587257473264e-06
1.223049139298382215e-06
3.213286163372686133e-06
2.159919030964374542e-02
3.981464033131487668e-06
3.828580665867775679e-04
6.229352038644719869e-07
1.667360038482001983e-06
3.552388250227522803e-07
1.731006341287866235e-04
7.920200914668384939e-06
2.545527024722105125e-07
6.567251489286718424e-07
6.982637569308280945e-04
5.736291655011882540e-07
1.350915255216023070e-07
1.606100122444331646e-03
3.168454831836697849e-09
4.270367298886412755e-06
2.479034037605742924e-06
7.314751027109878123e-09
3.920609970009536482e-07
4.974857858996983850e-09
3.985574181797346682e-08
1.104007515095872805e-05
8.476035873172804713e-06
9.279486403102055192e-05
1.107310481529566459e-06
1.217322136426446377e-07
5.064495098849874921e-07
1.061476666563976323e-07
5.513891778718971182e-07
5.060874173068441451e-07
1.406513820256805047e-05
7.462625006837697583e-08
1.443115343136014417e-05
2.851824319805018604e-06
1.022481683321529999e-06
9.568515757507611852e-09
3.235339827369898558e-04
2.541965784530475503e-07
7.173749736466561444e-07
1.185246901513892226e-06
5.166184109839377925e-06
2.006666181841865182e-04
3.158543222525622696e-06
8.787819751887582242e-07
1.548388127048383467e-06
4.994248570255876984e-07
1.162984699476510286e-05
4.331584335659499629e-08
4.163191988482140005e-05
1.116428029490634799e-05
1.017400208525032212e-08
1.519934698990255129e-06
5.069071562502358574e-07
1.104083858081139624e-04
6.753059551556361839e-06
6.097009759287175257e-07
7.916907662774974597e-08
1.211792977073855582e-08
6.815484812250360847e-05
1.127770170569419861e-03
5.361231160350143909e-05
3.137200110359117389e-05
6.171715654090803582e-07
6.400000984285725281e-06
3.927945328996429453e-07
1.419567124685272574e-04
2.412762341919005848e-06
1.715403232083190233e-05
2.057122856058413163e-06
4.639636230763244384e-08
1.252772472071228549e-05
1.745904228300787508e-06
7.149988050514366478e-07
2.712923787839827128e-07
3.014703224835102446e-07
1.273812813451513648e-04
7.352549857841950143e-08
1.641552371438592672e-04
9.651688515077694319e-07
4.339911896522608004e-08
4.289080970920622349e-04
9.403494232174125500e-07
5.412139785221370403e-07
2.467781143877800787e-07
1.489051015823861235e-07
2.727882986164331669e-07
1.275769409403437749e-05
2.600346533654374070e-07
5.969772587377519812e-07
1.553476977278478444e-05
1.967038230077378103e-07
6.646888550676521845e-07
1.635846615499758627e-06
5.696747606975804956e-08
1.970042973198360414e-08
3.859373691739165224e-07
3.355236444235742965e-08
3.763043920912423346e-08
1.902030589917558245e-06
1.323021820098801982e-06
1.261384340978111140e-06
1.733295794110745192e-04
1.276139983019675128e-06
8.876716037775622681e-07
4.335490302764810622e-06
6.027460131008410826e-07
1.642051756789442152e-06
1.646990277492932364e-08
8.059097389434555225e-09
2.791333372442750260e-06
3.888945911967311986e-07
1.272060442715883255e-03
2.535552141580410535e-07
6.860877022063505137e-08
2.052246782113797963e-05
3.196794295945437625e-07
2.350113437188383614e-09
5.927602160227252170e-06
4.514714419201482087e-06
2.792713057715445757e-04
1.972929112525889650e-06
4.914778401143848896e-06
1.168273774965200573e-05
3.714852141456503887e-07
1.171821509160508867e-06
2.338328613404883072e-06
6.122925242380006239e-06
1.653921373190314625e-07
6.030846861904137768e-07
2.505204611225053668e-05
4.516962690104264766e-06
1.028159385896287858e-05
7.303611937459209003e-07
8.545619202777743340e-04
1.019462797557935119e-05
1.300500684919825289e-06
2.899943183365394361e-06
4.742013359759766900e-08
7.992692589759826660e-01
1.689378450464573689e-07
2.642739787006576080e-07
8.171713261617696844e-07
2.089259680815303000e-07
2.302234497619792819e-04
1.068425945049966685e-06
4.542783699434949085e-06
6.265621976808688487e-08
9.285931591875851154e-04
1.319177744818489373e-08
5.751635399064980447e-07
3.248925395382684655e-06
2.220418764409259893e-06
9.056973837573423225e-09
2.963864517369074747e-06
3.646886739261390176e-07
2.000660288103972562e-06
2.809244747936645581e-08
6.548283854499459267e-04
4.198675540578733489e-08
6.219949000296765007e-07
1.942706853151321411e-02
2.175391955461236648e-08
5.040427595304208808e-07
4.007233656011521816e-06
4.498170369515719358e-07
1.274521679306417354e-07
1.400151994346288120e-08
2.793994013927658671e-08
3.568763418115850072e-08
1.463516014155175071e-06
2.166182821383699775e-05
3.014540880030835979e-06
3.391834252397529781e-05
7.065441565146102221e-09
1.392053036397555843e-06
1.001857799565186724e-05
1.793858217524757492e-07
4.304085621242847992e-08
8.602365596743766218e-06
3.163605697409366257e-07
3.171904552345949924e-07
2.083458866763976403e-06
6.241721166588831693e-07
3.900173624060698785e-07
8.156125659297686070e-07
5.665899607265600935e-07
3.597503450691874605e-07
3.543658749549649656e-05
1.956440058847874752e-07
7.287244898179778829e-06
1.028496132704503907e-08
6.364616274368017912e-05
1.226418703481613193e-06
2.800738002406433225e-06
4.399379633923672372e-07
3.467664328127284534e-06
2.246959775220602751e-05
2.252592938020825386e-03
1.449966049449358252e-07
1.038998448166239541e-06
1.536901322651829105e-06
3.604069149787392234e-07
2.911662555504790362e-08
9.379100873729839805e-08
5.495793175214203075e-06
4.834997469060908770e-08
2.215827237250778126e-07
5.623890956485411152e-06
1.132788838731357828e-05
6.426038794415944722e-07
4.046280992042738944e-06
5.720978369936347008e-04
1.356476104774628766e-06
9.265386324841529131e-06
4.590628577716415748e-06
3.601908392738550901e-04
3.487196227069944143e-05
5.719726232200628147e-06
3.353032752784201875e-06
1.932860413944581524e-06
6.107009653533168603e-08
1.334699209110112861e-05
7.825543093531450722e-07
4.960136834597506095e-08
7.234777399389713537e-08
5.772986710894656426e-08
4.543894829112105072e-05
5.124550739310507197e-07
9.777518425835296512e-05
1.030847585070659989e-07
4.229353362461552024e-05
9.647436627346905880e-07
6.488704116236476693e-07
1.349736294287140481e-06
2.926094282429403393e-07
2.553556896600639448e-06
2.148478870367398486e-07
8.522578355041332543e-06
2.958366394523181953e-06
1.241749014724291555e-08
2.274108737765345722e-06
2.418435087747639045e-07
2.964025647145263065e-08
4.506695816530736920e-08
5.912747383263194934e-06
3.923179860976233613e-07
5.631641251966357231e-04
3.627298156061442569e-06
1.144996772950435115e-07
1.820543502617510967e-06
7.808910709172778297e-07
2.165771633144686348e-07
1.005440282142444630e-07
2.626354671519948170e-06
1.551970854052342474e-07
6.382339989841057104e-09
5.884182883164612576e-06
1.189383783639641479e-05
1.729914345105498796e-07
1.353857260255608708e-05
1.387190650348202325e-06
2.374336283139655279e-08
3.754781573661603034e-06
5.062141553935362026e-06
2.350901468162192032e-06
1.001156670099589974e-05
4.174088701347500319e-07
1.312240215156634804e-06
3.279753145761787891e-04
1.573929182541178307e-07
4.261648882675217465e-06
4.289410208002664149e-05
3.228084824513643980e-04
6.760256837878841907e-06
2.280050011904677376e-06
2.425032334940624423e-06
2.845592234734795056e-06
4.293986057746224105e-05
2.108389729471582541e-08
1.947707914951024577e-06
5.000022156309569255e-06
1.675741827966703568e-06
8.958324428931518923e-07
5.632255488308146596e-05
1.171502503893862013e-07
2.682135686882247683e-07
4.065105230210974696e-08
1.875111229310277849e-05
2.943731942650629207e-06
9.287316515838028863e-08
3.187128168065100908e-04
5.074802515991905238e-07
7.081280273268930614e-07
7.261071033326516044e-08
1.655063101679843385e-06
1.170984887721715495e-06
1.038803176811597950e-08
1.654874353107516072e-07
3.171188291162252426e-04
1.805233011964446632e-07
1.127875393081012589e-07
2.004251473408658057e-05
9.749880973686231300e-07
2.769101229205261916e-06
2.007504235734813847e-06
5.220028385519981384e-02
2.881423142753192224e-06
7.344767800532281399e-05
6.436229341488797218e-06
8.430998423136770725e-05
1.870303236728432239e-07
2.005842543439939618e-05
4.669534980905609700e-09
2.567489048033166910e-07
1.013414585031569004e-04
4.323349003243492916e-07
5.778583272331161425e-06
2.210659877377452176e-09
5.456135568238096312e-06
1.717428858682978898e-06
1.212169263453688473e-05
3.544612263794988394e-04
3.152722527488549531e-08
3.254423518228577450e-06
2.546287021232274128e-07
4.331305899540893734e-05
3.920595336239784956e-04
4.147574509261175990e-05
4.013314992334926501e-06
1.646128512220457196e-04
2.321180403441758244e-08
1.139377786785189528e-06
8.440744750259909779e-06
1.995645929127931595e-03
2.936332894023507833e-04
6.953766007455897125e-09
1.631528467882503719e-09
1.885955043690046296e-06
5.428658369055483490e-06
1.196261365521422704e-07
3.268242608100990765e-06
4.385005922813434154e-06
3.404670678719412535e-07
8.781252063272404484e-07
2.374995574427885003e-06
1.268493292627681512e-06
6.884064873702300247e-08
1.296135394568409538e-07
8.134262685643989244e-08
1.138581637860625051e-06
1.337623075414740015e-06
7.041955086606321856e-06
6.954833793315629009e-07
1.916592822226448334e-07
1.027599182634730823e-06
2.662155296206947241e-08
7.447424366091581760e-08
3.153054706217517378e-07
1.376285945298150182e-05
8.995058919936127495e-07
1.533261092845350504e-05
1.083398160517390352e-06
3.901557761309959460e-07
9.117691206483868882e-07
6.532950465043541044e-07
9.257746569346636534e-06
1.514574614702723920e-05
5.564342700381530449e-06
7.435208681272342801e-05
2.458963308527017944e-06
6.202362214935419615e-07
3.118446693406440318e-05
1.184402299259090796e-05
9.611475206838804297e-07
1.346366616417071782e-06
2.073112682410283014e-06
4.748263563669752330e-06
4.754620931635145098e-06
4.252676262694876641e-06
2.013310950133018196e-05
1.028079509524104651e-06
7.134441659673029790e-08
3.480321595361601794e-07
1.101490283872408327e-06
6.290219403126684483e-07
4.329023894911188108e-08
1.450877675779338460e-07
1.671772764666457078e-07
1.018230796034913510e-05
2.177668108060970553e-07
3.693889084388501942e-05
2.072026603627818986e-07
5.495919140230398625e-06
1.058364432537928224e-05
8.713546435501484666e-07
5.826144388265674934e-06
6.536138386081802309e-08
2.244255938421702012e-06
9.437993639949127100e-07
8.686739079166727606e-07
4.059303932990587782e-07
5.532527893592487089e-07
9.900473969537415542e-07
7.132627821704318194e-09
2.582366869319230318e-04
1.607148760740528814e-07
7.359898881986737251e-05
1.541143050417304039e-03
5.515751126949908212e-06
3.100011554124648683e-07
1.153829089162172750e-06
2.680464822333306074e-04
2.375871190452016890e-05
8.500438707415014505e-05
6.369637048919685185e-07
1.220872854901244864e-05
1.482111838413402438e-05
7.550258887931704521e-04
2.634399570524692535e-04
1.179165451503649820e-06
4.838422569264366757e-07
2.288369387315469794e-06
