4.080628457359125605e-07
2.442519928536057705e-07
4.554714791993319523e-07
1.488868633714446332e-06
1.656285775197829935e-07
3.013669584106537513e-06
5.752134484282578342e-07
1.355504500679671764e-03
7.353115361183881760e-04
1.735967380227521062e-04
1.295389040478767129e-07
9.552729096640177886e-08
2.167027730592963053e-07
2.272126842228772148e-08
2.154975646817547386e-07
3.220261987735284492e-06
6.684852564831089694e-07
3.986446586168312933e-07
1.430268298463488463e-06
8.842998511227051495e-08
4.992186859453795478e-07
8.112854266073554754e-05
4.449867105904559139e-07
1.180032850243151188e-04
4.911130417895037681e-07
2.868662477339967154e-06
3.532923074089922011e-06
3.444892513471131679e-07
1.430439482419387787e-07
6.059921133783063851e-07
1.711654249447747134e-07
1.007265666430612328e-07
2.940509489235410001e-07
4.451352708656486357e-07
3.388439040463708807e-07
8.068148531492624898e-07
1.050698119797743857e-05
1.887042486714562983e-07
1.196879338749567978e-06
1.685399865891668014e-06
1.711393196046628873e-07
6.666212470918253530e-07
1.592789885762613267e-06
5.672460702044190839e-06
1.951786572362834704e-07
3.711601266331854276e-07
4.272884268630150473e-08
1.637507978102803463e-07
1.421405272594711278e-06
3.484768967609852552e-05
4.338941721471201163e-07
2.684155788301723078e-06
1.298820535566846956e-07
3.280734688360098517e-07
8.152439363584562670e-07
3.203963672149257036e-07
3.478684007518495491e-08
1.773058926346493536e-07
4.386597538541536778e-07
1.306944795942399651e-06
7.281933562808262650e-07
8.193383109755814075e-07
2.291066266479901969e-06
1.752040589053649455e-06
5.317110662872437388e-07
2.612974867588491179e-07
3.098674596913042478e-06
8.185604087884712499e-07
2.205457803938770667e-06
2.013445339343888918e-07
7.644879929102899041e-08
1.255693433677151916e-07
2.782654178190568928e-07
1.347064085166493896e-06
7.635288170604326297e-07
3.254876546066043375e-08
2.154383764718659222e-07
1.750681661860653549e-07
3.065045348193962127e-06
1.598285024329015869e-07
2.921659188359626569e-06
1.683087447190700914e-07
6.513563675980549306e-06
6.595502054551616311e-05
2.353271520405542105e-05
3.754602403205353767e-06
1.262051591766066849e-05
8.543267995264614001e-07
9.207136827171780169e-06
1.370839754599728622e-06
2.696864598306092375e-08
8.329385309480130672e-06
3.907711288775317371e-06
7.619805728609208018e-06
1.216597411257680506e-06
1.904775103866995778e-06
5.027855820571858203e-08
2.163171757274540141e-06
5.240845553089457098e-07
8.620967491879127920e-06
1.337217327090911567e-06
5.513229552889242768e-05
1.342565042250498664e-06
4.134123514631937724e-07
2.312446740688756108e-04
5.910320624025189318e-07
9.766693437995854765e-06
2.597128514025826007e-06
1.381348511131363921e-07
1.706549426216952270e-07
2.995086134660596144e-08
3.591966617477737600e-07
8.751501212600487634e-08
1.778517173534055473e-07
3.917063224889716366e-07
2.082007881654135417e-07
6.462806112494945410e-08
5.929032553808610828e-08
1.398907443217467517e-07
3.690601602102105971e-08
2.755719776814657962e-07
5.926420598711956700e-08
5.359830197448900435e-07
1.864245007254794473e-07
4.031367097923066467e-06
6.271174868288653670e-08
5.035446903889351233e-08
4.072026058565825224e-05
6.541536276927217841e-05
4.194911889499053359e-05
3.700768502312712371e-05
1.344938500551506877e-04
4.451976928976364434e-05
1.602970041858498007e-05
8.074503275565803051e-04
1.099234214052557945e-04
1.249378055945271626e-05
1.284292011405341327e-06
1.955500920303165913e-04
5.561933491549098107e-08
5.351494678507151548e-07
9.533821412333054468e-07
6.789703093090793118e-07
4.570091505229356699e-07
3.787460082094185054e-05
4.136448751523857936e-06
1.518910266895545647e-06
2.402849119675920520e-08
2.663931866209168220e-07
3.375412234163377434e-07
4.189884293737122789e-06
8.611049452156294137e-06
8.590159268351271749e-06
4.896202767668000888e-07
2.531124891902436502e-06
2.543499476814758964e-06
5.850715297128772363e-06
5.774104920419631526e-06
2.959525045298505574e-05
2.335008321097120643e-04
4.988660293747670949e-05
1.577434318278392311e-06
7.118500207070610486e-07
2.293922625540290028e-05
5.788450835098046809e-06
3.087953928115894087e-06
8.715246622159611434e-06
1.680915738688781857e-05
1.277933915844187140e-04
3.032009999515139498e-06
2.459771349094808102e-05
1.828907807066570967e-05
7.100492803147062659e-05
1.129689844674430788e-04
4.989685294276569039e-06
1.998047991946805269e-06
1.825262552301865071e-05
1.164323020930169150e-05
6.658794518443755805e-06
6.709747140121180564e-06
5.298419637256301939e-06
3.820091933448566124e-06
4.607912273968395311e-07
3.666121847345493734e-05
1.448510156478732824e-04
2.125216042259125970e-06
2.877969927794765681e-05
1.056882683769799769e-05
4.070026261615566909e-05
2.759605195024050772e-06
4.569671091303462163e-06
2.916382982220966369e-05
1.488806992711033672e-05
5.221090395934879780e-05
7.075191206240560859e-07
2.215206222899723798e-05
1.668069330662547145e-06
1.066056120180292055e-05
2.293657962582074106e-05
4.125545819988474250e-05
4.174520654487423599e-06
2.034627868852112442e-05
2.620967507027671672e-06
6.397821834980277345e-06
3.723373538377927616e-06
2.731194217631127685e-05
6.487674454547232017e-06
6.866112926218193024e-06
1.341328243142925203e-05
7.630880645592696965e-06
7.799392187735065818e-05
6.662288797087967396e-04
6.266163109103217721e-05
6.025239708833396435e-04
3.136158920824527740e-05
3.535066753102000803e-06
5.130098543304484338e-06
6.130520432634511963e-06
3.066011777264066041e-05
3.230837819501175545e-06
8.237611473305150867e-05
3.518949961289763451e-05
6.137382570159388706e-06
1.771772804204374552e-05
5.056653026258572936e-05
2.235893589386250824e-05
9.368415339849889278e-05
1.322011521551758051e-04
2.017433507717214525e-05
1.284143218072131276e-05
1.743319626257289201e-05
4.814014755538664758e-05
2.004861380555666983e-05
6.868405762361362576e-06
1.451318325962347444e-06
1.796211336113628931e-06
5.308527761371806264e-05
1.366748256259597838e-05
5.058767783339135349e-06
7.170596632022352424e-07
3.980412202508887276e-06
4.092997187399305403e-06
9.342777048004791141e-06
1.234353840118274093e-05
3.381297347004874609e-06
7.218278824439039454e-06
1.179036189569160342e-04
1.164184823210234754e-06
2.466533032929874025e-06
5.514420536201214418e-06
2.676007625268539414e-06
2.059458665826241486e-06
7.846972948755137622e-06
2.762739022728055716e-04
1.412203801010036841e-06
3.436891120145446621e-06
2.852282887033652514e-05
2.154926369257736951e-05
4.609536517818924040e-06
5.051054358773399144e-06
4.894945050182286650e-06
1.963568138307891786e-06
4.428515239851549268e-06
3.234916903238627128e-06
2.275089173053856939e-06
6.017980467731831595e-06
2.630269818837405182e-06
1.576403337821830064e-05
4.032992001157253981e-05
8.882733709469903260e-06
1.689445525698829442e-06
1.868851250037550926e-04
2.393795330135617405e-05
6.211164873093366623e-05
1.210771966725587845e-02
2.688903477974236012e-04
1.789160887710750103e-04
1.127480754803400487e-05
2.748769475147128105e-05
2.424004321710526710e-07
2.113496339006815106e-05
2.401225174253340811e-06
2.183391870858031325e-06
5.971424457129614893e-07
5.506246338882192504e-07
8.584675583733769599e-07
1.775543978510540910e-06
7.757269486319273710e-06
8.339638952747918665e-06
7.454111283777820063e-08
1.926681250097317388e-07
1.351204555248841643e-04
9.888438398775178939e-06
6.413001756300218403e-06
1.099404980777762830e-04
2.230932841484900564e-05
1.692515070317313075e-07
8.006832104001659900e-06
8.072932359937112778e-06
1.386951225867960602e-06
1.351323675180537975e-07
1.747448052924482909e-08
1.678744894206829485e-07
6.260431462123960955e-08
2.240271044229302788e-07
4.810249265574384481e-08
3.632349887539021438e-07
1.396074083004350541e-07
2.936347982540610246e-07
8.236341386691492517e-08
6.345324550238728989e-07
4.815112220057926606e-07
1.339901274377552909e-07
2.784841512948332820e-07
3.184797378708026372e-06
5.593810215032135602e-07
1.572173999875303707e-07
1.867248613507399568e-07
6.180915761433425359e-07
1.142353426075715106e-06
1.561381424153296393e-07
3.084569243583246134e-06
4.646969955501845106e-06
1.846058694354724139e-06
3.031095161531993654e-07
2.515907908673398197e-06
2.884941352476744214e-07
1.323248142170996289e-07
7.344077346260746708e-08
2.789427888671980327e-08
3.376777749508619308e-05
2.615948324091732502e-04
1.431220152880996466e-05
1.763895767226131284e-07
5.277617219690000638e-06
3.487674985080957413e-05
5.801803126814775169e-06
1.547700958326458931e-05
8.152945270012423862e-07
7.367396354675292969e-02
1.893674256280064583e-03
4.701108264271169901e-05
4.059633283759467304e-05
1.669912785291671753e-02
4.030223499285057187e-05
1.816031523048877716e-03
2.775970788206905127e-04
1.441390719264745712e-03
1.014308945741504431e-04
6.757921073585748672e-04
3.862157755065709352e-04
8.061658740043640137e-01
2.092804759740829468e-02
4.489944502711296082e-02
4.319244995713233948e-03
1.339398673735558987e-03
3.096485670539550483e-06
1.446613168809562922e-06
4.672484124057518784e-07
4.550060737074090866e-07
5.844260613230289891e-07
1.286499082198133692e-05
7.414401807182002813e-06
3.686927811941131949e-05
8.902280569600407034e-06
3.414414532016962767e-04
9.166488439404929522e-07
1.680552713878569193e-06
2.606199586807633750e-06
5.302001227391883731e-05
2.094116098305676132e-06
1.350777438346995041e-05
4.501595321926288307e-05
1.119594116971711628e-06
1.474989767302758992e-05
3.985448984167305753e-06
1.228617747983662412e-05
2.423770695259008789e-07
9.604501656212960370e-07
1.495644141868979204e-06
1.724430376270902343e-06
2.308106104464968666e-06
3.681481359762983629e-07
1.488036787122837268e-06
2.714941047088359483e-06
7.521324732806533575e-05
1.098398934118449688e-04
1.121007002780061157e-07
3.231067182696278905e-07
9.217521437676623464e-06
2.423552587060839869e-06
1.808344222808955237e-06
2.834742929280764656e-07
1.345855054069033940e-07
4.565151812130352482e-07
2.187555219279602170e-05
1.368290213576983660e-06
3.537781267937134544e-08
9.392330468926957110e-08
4.016320417576935142e-06
2.736122496571624652e-06
6.655470201621938031e-07
3.351112809468759224e-07
1.704342977859596431e-08
1.166402299190849590e-07
2.079515439845636138e-07
2.775228153950592969e-07
1.674699205977958627e-07
1.047117947905462643e-07
2.933723635578644462e-06
4.376646302262088284e-06
2.626420894102921011e-07
2.805357098623062484e-06
7.913915283097594511e-07
1.356767256766033825e-06
1.761964085744693875e-07
1.702505016965005780e-07
2.903645963669987395e-06
6.129246088448780938e-08
4.338048142926709261e-07
5.577068691309250426e-07
2.757935817498946562e-07
6.828593654972792137e-07
4.357799454624000646e-08
1.645779690306881093e-08
3.409697819733992219e-05
1.092668298952048644e-06
5.369128757592989132e-06
1.146908198279561475e-05
1.372844735669787042e-07
3.575561606794508407e-07
2.705748443077027332e-07
7.761187248433998320e-07
4.294617994560212537e-08
7.182968147390056401e-06
3.011010960562998662e-07
1.173932702158708707e-07
6.603142423955432605e-07
2.156414780074555892e-07
4.103651917830575258e-06
7.141203468563617207e-07
1.205211503929604078e-07
3.757272395432664780e-07
3.375035646513424581e-07
6.017529585733427666e-07
4.209597591398051009e-06
2.184959271289699245e-07
3.626728641847876133e-07
4.246564458298962563e-06
1.320826868322910741e-06
6.891677628573233960e-08
2.749803570623043925e-06
1.044945747707970440e-06
6.611440426240733359e-07
2.105836784949133289e-07
2.638627165651996620e-07
2.819614746840670705e-05
2.234045410887119942e-07
1.338734477940306533e-06
8.619562322564888746e-06
9.574779369359021075e-07
9.752932328410679474e-07
2.182835942221572623e-06
5.724569200538098812e-05
4.612578763385499769e-08
3.164323914006672567e-07
5.659097723764716648e-08
4.163603080087341368e-06
1.518582024573333911e-07
2.429731466691009700e-06
1.928132633111090399e-06
8.533244226782699116e-07
7.664094482606742531e-06
8.617103475216936204e-08
4.376460083221900277e-07
4.062607672494777944e-07
4.793090738530736417e-06
1.229201416208525188e-07
2.283465221353253582e-07
1.306772734466221664e-08
1.344706817008045618e-07
4.735625793728104327e-07
3.457600428191653918e-07
7.694989108131267130e-07
1.201896822067283210e-07
2.053014043212897377e-07
7.469058118658722378e-07
5.329075634108448867e-07
2.722086264839163050e-06
1.019397132040467113e-06
2.911716592279844917e-07
6.143706741568166763e-06
3.298535489193454850e-07
6.577856765943579376e-07
1.110404696191835683e-06
1.178818465064068732e-07
5.535854796789863030e-08
1.553449465063749813e-06
1.902681567855779576e-08
6.798013146180892363e-06
1.629462644814339001e-06
6.499419396277517080e-05
1.584305238111483050e-07
6.454463346017291769e-07
4.790131811205355916e-07
7.068164222800987773e-07
2.324727077507304784e-08
9.811157752892540884e-08
9.551143875796697102e-08
4.170966505512296862e-08
9.424568503391128615e-08
9.451932214687985834e-08
6.622594383998148260e-08
1.410096274412353523e-06
3.442551314947195351e-05
2.466122714395169169e-05
5.357433678909728769e-07
3.314739842608105391e-06
4.237197401835146593e-07
4.461220726170722628e-07
8.836422438207591767e-08
1.043165980263438541e-07
3.074111418754910119e-06
9.905478464133921079e-07
3.518740186336799525e-06
1.254626226909749676e-06
4.245464992891356815e-07
7.049483201626571827e-07
1.012830352919991128e-07
5.175427304493496194e-07
4.723204369838640559e-07
9.405892598124410142e-08
2.344183030800195411e-06
1.803185512017080327e-07
2.582929425898328191e-07
2.092367168415876222e-08
1.278035597351845354e-07
2.461715666868258268e-06
1.461522970203077421e-06
1.786317653795777005e-07
1.917911873761113384e-08
1.002270096250867937e-06
7.974671945021327701e-08
1.733411295390396845e-06
5.212341875449055806e-06
2.380152750447450671e-07
1.758171606525138486e-06
5.693429017128437408e-08
3.042018192900286522e-07
6.297271966104744934e-07
1.345328382029720160e-08
5.218628018610615982e-08
6.970743697820580564e-07
1.121456648434104864e-06
3.985150840435380815e-07
1.103122357903885131e-07
1.102110218198504299e-06
4.306834568978956668e-07
2.572777248133206740e-06
1.940436504810350016e-06
8.871498380358389113e-08
1.872664512347910204e-07
2.680047828107490204e-06
2.343207370358868502e-07
1.902172783729838557e-07
3.448916174875193974e-07
4.494752943173807580e-07
9.919664023527730023e-08
1.500282678534858860e-06
1.788213097597690648e-07
1.530031426000277861e-07
7.696552870584127959e-07
7.304789164663816337e-07
3.777826051987176470e-08
4.635587629309156910e-07
1.375479541820823215e-06
1.320049136666057166e-07
1.989882548514287919e-06
4.310124040785012767e-06
5.621917154030597885e-08
1.136833589043817483e-06
2.009342097153421491e-07
2.161786909482543706e-07
6.070572908356552944e-06
9.122248911808128469e-07
3.063533142722008051e-07
4.943403268953261431e-07
4.555866439659439493e-07
5.033385264141543303e-07
2.197568846895592287e-07
3.125400951375922887e-07
1.384972506457415875e-06
2.742967630808834656e-08
1.005045760393841192e-06
1.109035747504094616e-05
6.217807708708278369e-07
5.089141723146894947e-06
1.800928203010698780e-06
3.067038107928965474e-07
4.567146163481083931e-07
6.364321507135173306e-06
1.760765712788270321e-06
1.520074448535524425e-07
1.576368231326341629e-04
1.228657708907121560e-07
4.947671641275519505e-07
1.193128156273814966e-07
4.112819624424446374e-06
1.534525608803960495e-06
1.983612946787616238e-06
3.008345856869709678e-06
8.578144843340851367e-07
3.094786222845868906e-07
2.856051040112106421e-08
4.149037806655542227e-07
5.696046656566977617e-08
6.139298989182861988e-07
4.404799369694956113e-07
1.335136516900092829e-06
9.051482834365742747e-07
3.997773205810517538e-07
4.023811925435438752e-06
1.017623034726966580e-07
3.337217151511140401e-07
4.813078362531086896e-07
7.744188792457862291e-07
1.561558633511594962e-07
5.297605554233086878e-08
9.217379925985369482e-08
1.440360080096070305e-07
2.450854310609429376e-07
3.821215273092093412e-07
1.098259645004873164e-06
1.441033248283929424e-07
1.108323658627341501e-06
1.379789438260559109e-07
1.503940711700124666e-05
8.954690201790072024e-06
6.840299420218798332e-07
4.051549638006690657e-07
1.416172352719513583e-07
4.459542068957489391e-08
1.153717903434881009e-06
1.644614144424849655e-06
4.917555997963063419e-07
4.052714757563080639e-06
1.251335447705059778e-06
2.520596922295226250e-07
1.542722856129330467e-07
6.015856797603191808e-06
9.166754466605198104e-08
1.998285199533711420e-07
2.256262860100832768e-06
3.169963383697904646e-05
7.129139021344599314e-07
4.234771495248423889e-06
5.373694875743240118e-07
2.850664770903676981e-07
3.278448730270611122e-07
1.673138001478946535e-07
1.499576001151581295e-06
3.210962233879399719e-07
9.109634220294537954e-07
1.305181172028824221e-06
8.447996719951333944e-07
8.176990604624734260e-07
3.640949671535054222e-06
1.083331994777836371e-06
1.458868723602790851e-06
3.723875749983562855e-07
1.897172552389747580e-07
1.014064196169783827e-06
2.586921709735179320e-06
3.155956207478993747e-08
2.583219895768706920e-07
1.203354429435421480e-07
1.511888785898918286e-05
9.607149422663496807e-07
2.484721790096955374e-06
4.807607467682828428e-08
1.022352876134391408e-06
1.987238874789909460e-06
2.230763584520900622e-06
8.306361110044235829e-07
1.059396936398115940e-06
5.105708567043620860e-08
9.947035195523312723e-09
4.466582481654768344e-08
1.737080879138375167e-07
5.785845587524818256e-06
4.077825869899243116e-04
1.529431727931296336e-07
2.876896871839562664e-07
3.917487447324674577e-06
9.150517854550344055e-08
4.577856032028648769e-07
2.730660355609870749e-07
3.065356679599062772e-07
1.502662485108885448e-06
2.877106680898577906e-06
2.622617785164038651e-06
6.687958489237644244e-07
3.670217836315714521e-07
9.318097227151156403e-07
2.045866409616792225e-07
3.160710662086785305e-07
7.984767762536648661e-07
3.091069515903654974e-07
1.577034254296449944e-06
6.219666914830668247e-08
2.383205384148823214e-07
3.216933066596538993e-07
5.491622800946061034e-08
1.296500840908265673e-06
1.055950775707970024e-07
2.894601038860855624e-07
8.891802281141281128e-06
1.825434594593389193e-07
2.956324351544026285e-06
9.041639259521616623e-07
4.171776311068242649e-07
2.267549916723510250e-07
7.552875302963002468e-08
2.542586514664435526e-07
1.621368710402748547e-07
1.265771857106301468e-06
5.666258573455706937e-08
5.641552647261960374e-08
5.618588602374074981e-06
7.377909696515416726e-07
7.138079672586172819e-05
1.538319224891893100e-06
2.019034894829019322e-07
2.080030299111967906e-06
9.914963072787941201e-08
2.572805533418431878e-05
1.552067061538764392e-07
3.245657964612291835e-08
7.508499493269482628e-06
2.008805779496469768e-07
1.985061715004121652e-07
3.324847170915745664e-07
4.764409311519557377e-07
4.700408737789985025e-07
6.154593847895739600e-07
5.547313008946730406e-08
1.307737651501383880e-08
2.884837044803134631e-07
7.650485258636763319e-07
1.096008986678498331e-06
9.022034532790712547e-07
4.956462618110890617e-08
1.426335245469090296e-07
7.138122981587002869e-08
1.249239289791148622e-06
3.488289905817509862e-07
2.625766001074225642e-06
4.575900618419836974e-07
7.955268870318832342e-07
2.295242040872835787e-07
5.993171612317382824e-07
4.322095890074706404e-07
8.329325851264002267e-07
3.282154239059309475e-06
1.089315446733962744e-05
6.187202643559430726e-07
2.289382109665893950e-06
4.938592041980882641e-07
6.083163270886871032e-07
4.586263742112350883e-07
2.691347162908641621e-07
1.908459807964391075e-07
9.766176845005247742e-07
1.651673073865822516e-06
2.942894070656620897e-07
3.024934130735346116e-06
5.669526785823109094e-07
2.951795750050223432e-07
7.462973883320955792e-08
9.200636554851371329e-07
5.775980298494687304e-07
2.731560044821890187e-08
1.255053575732745230e-06
4.123167585134979163e-08
1.260847284356714226e-07
8.021260811119645950e-08
1.306863850913941860e-06
2.729835841819294728e-06
7.212394592670534621e-08
7.243140203172515612e-07
1.669854157171357656e-07
3.280905730207450688e-06
1.920397608046187088e-06
1.714042525691183982e-07
5.407924277278652880e-07
3.055153854347736342e-07
2.389871838204271626e-07
3.096491354881436564e-06
1.259240605122613488e-07
4.524841870079399087e-07
2.115226322985108709e-07
4.708655012564122444e-07
9.919228460830709082e-08
3.257999026118341135e-07
8.341599482264427934e-07
4.028786122489691479e-07
3.138297870464157313e-07
1.703088969406962860e-06
1.360083615509211086e-06
2.115300787863816367e-07
3.683644536067731678e-07
6.709564104312448762e-07
7.419713199396937853e-08
4.846393153457029257e-07
2.157340475150704151e-07
7.850262591091450304e-07
8.465936929269446409e-08
2.602122606276680017e-07
2.005899801815758110e-07
6.060218993297894485e-08
1.017416337845133967e-07
4.824760253541171551e-07
1.036402750287379604e-06
3.790285347804456251e-07
1.949051238625543192e-06
1.023436766445229296e-06
8.678578211629428552e-08
2.489426265128713567e-07
7.493401881220052019e-07
3.795526879457611358e-07
3.618640960212360369e-07
6.871795221741194837e-07
3.167982185914297588e-06
1.079473918252915610e-06
1.642765937504009344e-06
9.014251531880290713e-07
4.986419526176177897e-07
6.310684739219141193e-07
1.255180336556804832e-06
1.124969003285514191e-06
9.818996886679087766e-07
1.502047894064162392e-06
1.692672526587557513e-06
3.684033117679064162e-06
6.655121751464321278e-07
2.071585925023100572e-07
5.860714509253739379e-07
6.282455728978675324e-07
1.218561465066159144e-07
6.120685611676890403e-07
2.341891445212240797e-07
2.256905281683430076e-05
3.194139708284637891e-07
7.308068234124220908e-06
1.960146960300335195e-07
1.217021434740672703e-07
5.258551027509383857e-06
4.808077278539713006e-07
1.030827320391836111e-06
3.382206614332972094e-06
1.027301763656396361e-07
1.526660867057216819e-06
2.678534087863226887e-07
2.574807240307563916e-06
7.434364306391216815e-07
3.060137032662169077e-07
6.183395726111484692e-06
1.281444355072380858e-07
7.427858577102597337e-07
2.778955831672647037e-06
1.785663670261783409e-07
1.382537107019743416e-07
8.761761023379222024e-07
2.464300337123859208e-07
4.116066634196613450e-07
2.327767703036442981e-07
2.922938392657670192e-06
1.730511627329178737e-07
9.394928213168896036e-08
6.400500751624349505e-06
2.257194637422799133e-06
7.258415166688791942e-07
6.011208597556105815e-07
4.665168660267227096e-07
3.456684112279617693e-07
4.858622105530230328e-06
1.658952726302231895e-07
2.834889016867236933e-07
1.220554395331419073e-06
1.028177933903862140e-07
7.974654181452933699e-07
1.687069755007541971e-07
1.513134293418261223e-06
6.068029279049369507e-07
4.872981662629172206e-07
2.407263082204735838e-07
1.145985422112971719e-07
2.213641039361391449e-07
2.442869515562051674e-07
1.890947260108077899e-06
5.460385636979481205e-07
8.836469760353793390e-07
6.941792776160582434e-07
5.994215371174504980e-06
8.315270179082290269e-07
3.450577423791401088e-07
6.140836831036722288e-06
2.014004110151290661e-07
4.373946183022781042e-08
2.014122024718290049e-08
3.374137804712518118e-07
7.545151220256229863e-06
2.291206037625670433e-04
1.371730377286439762e-06
7.640692842869611923e-07
6.513010703201871365e-06
4.887348836746241432e-07
1.131199155679496471e-06
2.042548317149339709e-07
6.753072739229537547e-06
4.097343619946514082e-08
3.533263452482060529e-06
2.151641531611403479e-08
3.409762427963869413e-07
3.807674175959618879e-08
2.036206012689945055e-07
1.213654456932999892e-07
7.863535245178354671e-08
6.336354374525399180e-08
4.595352720571099780e-07
1.616343467958358815e-07
1.879492828038564767e-08
2.023142400275901309e-07
1.525104487143380538e-09
8.724185107666926342e-08
3.157925476671152865e-08
9.188737521981238388e-07
1.024802571691907360e-07
2.387627944244741229e-07
4.596665093004048686e-08
2.867739681278180797e-07
2.341811011774552753e-07
1.289112532276703860e-07
2.247634682817079010e-07
3.597170632474444574e-07
1.134344316255919694e-07
2.132069312210660428e-06
2.587452172519988380e-06
9.317715239376411773e-07
3.781324551255238475e-07
6.309625746325764339e-07
6.512242975986737292e-07
1.120303707580205810e-07
8.874642389855580404e-07
3.496138333503040485e-06
2.483480329829035327e-06
2.821521718487929320e-07
8.580648795941669960e-07
6.080307230149628595e-06
1.270433358513400890e-07
2.205473634830923402e-07
4.700908107224677224e-08
5.242342027145241445e-08
9.277157708709182771e-09
4.640145334633416496e-08
3.455729569168397575e-08
8.099796104943379760e-07
4.482986426523893897e-08
4.292519690807239385e-07
5.472581676713161869e-08
1.270290431421017274e-05
7.740105729681090452e-07
5.604634498013183475e-05
9.802371323530678637e-07
6.670956622656376567e-07
4.502647425397299230e-05
1.433987335985875688e-06
5.189976036490406841e-06
1.868533217930234969e-05
2.395078809058759362e-05
1.965166120498906821e-06
1.594849408093068632e-08
2.688802283046243247e-07
1.611329167872099788e-07
4.231892944517312571e-06
1.742764084156078752e-07
1.404507202096283436e-05
2.808789304253878072e-06
3.815680429397616535e-07
4.552943266844522441e-07
1.435753915757231880e-06
1.021844673232408240e-05
3.511738384531781776e-07
2.652425609994679689e-05
1.001268356048967689e-05
1.660957059357315302e-05
1.381833840241597500e-06
4.071722514709108509e-07
1.575357418914791197e-05
4.658037937588233035e-07
