7.373020594059198629e-07
6.753132879566692282e-07
2.268717480546911247e-07
4.028109117371059256e-07
2.020770182298292639e-07
2.547167014199658297e-06
7.369562240455707069e-07
7.600887911394238472e-04
5.180138032301329076e-05
1.031279098242521286e-03
3.630439778135041706e-06
2.834653423633426428e-05
1.053885171131696552e-05
4.412092664551892085e-07
6.103166924731340259e-06
1.022286523948423564e-04
1.247418276761891320e-05
9.748583579494152218e-06
1.001033931970596313e-02
1.444952340534655377e-05
3.158990148222073913e-05
1.244017039425671101e-03
1.105670980905415490e-05
6.939131999388337135e-04
9.929894076776690781e-06
1.752026037138421088e-05
1.367462391499429941e-05
1.539227355351613369e-06
1.808654246815422084e-06
1.867728315119165927e-06
6.921339377186086494e-07
5.401037697083665989e-07
1.928605826151397196e-07
3.181119723194569815e-07
1.523383957646728959e-06
2.003223926294595003e-06
3.492695441309479065e-06
6.614637300117465202e-07
1.493931904406053945e-06
1.234604951605433598e-06
8.132574862429464702e-07
1.131509634433314204e-06
8.610452937318768818e-07
6.143764949229080230e-06
4.996546522306744009e-06
1.750600517880229745e-06
6.545384962919342797e-07
1.391910700476728380e-06
1.111949472942797001e-06
2.078987745335325599e-05
6.587794132428825833e-07
3.217661515009240247e-06
3.766882173295016401e-06
8.597267537879815791e-07
1.527521362731931731e-06
5.103022999719541986e-07
2.469667833793209866e-06
8.067647740972461179e-07
4.916668672194646206e-07
8.627772558611468412e-07
4.759925502639816841e-07
4.725035068986471742e-06
3.807303528446936980e-06
1.297977178182918578e-05
1.492786850576521829e-06
9.298202030549873598e-07
2.558933192631229758e-05
3.242836328354314901e-06
1.338292690888920333e-06
1.131560338762938045e-06
4.886168767370691057e-07
1.063674062606878579e-06
6.564959039678797126e-05
1.638681169424671680e-05
5.126040923641994596e-05
4.975943852514319587e-07
3.315865114927873947e-06
2.011988181038759649e-05
1.000902557279914618e-05
4.274348839317099191e-07
1.556130155222490430e-04
1.284011977986665443e-05
5.943740234215511009e-06
1.871973363449797034e-04
6.330416654236614704e-04
1.450797863071784377e-04
6.713390757795423269e-05
5.474567296914756298e-05
1.362720504403114319e-04
1.747099886415526271e-04
6.179200227052206174e-07
9.397782559972256422e-05
1.182681371574290097e-04
1.268237974727526307e-04
1.595459325471892953e-04
4.310364238335750997e-05
7.098155379026138689e-07
7.216099038487300277e-05
5.840554877067916095e-05
1.026573474518954754e-03
1.782585604814812541e-05
1.572980727360118181e-05
3.098960632996750064e-06
1.747169790178304538e-06
5.410343146650120616e-05
4.691902972808748018e-07
1.517979762866161764e-05
6.338075763778761029e-06
2.144327169162352220e-07
4.358466014764417196e-07
1.486508267589670140e-07
1.494033085691626184e-06
1.235602667293278500e-06
4.400778379931580275e-06
8.906580433176713996e-07
3.716972742040525191e-06
7.068044993729927228e-08
4.006382710031175520e-07
5.591798526438651606e-07
7.449260124303691555e-07
1.709474963718093932e-05
8.415569396902355948e-08
5.371045403990137856e-07
2.572128039446397452e-07
1.167928858194500208e-04
1.964769467122096103e-07
1.088924250325362664e-06
3.365469351410865784e-02
6.129319313913583755e-03
3.546701278537511826e-03
3.842483565676957369e-04
8.007755503058433533e-03
7.692839019000530243e-03
7.997204374987632036e-05
5.361374020576477051e-01
1.179479644633829594e-03
7.716962136328220367e-04
9.553908603265881538e-05
2.736722864210605621e-02
1.261395664187148213e-05
1.132833494921214879e-04
4.810806058230809867e-05
1.957658423634711653e-05
4.013201396446675062e-05
6.144362851046025753e-04
4.092331073479726911e-05
7.165995339164510369e-05
2.394785667547694175e-07
3.666021484605153091e-06
5.612951099465135485e-07
2.881565933421370573e-06
2.310701347596477717e-05
2.250506622658576816e-05
1.958942220880999230e-06
4.655381360407773172e-07
3.098472916462924331e-06
1.688455449766479433e-05
1.023949153022840619e-04
5.667263758368790150e-04
7.103328971425071359e-05
2.674517190826009028e-06
6.337169452308444306e-06
1.269200402020942420e-05
2.022708940785378218e-06
6.925862544449046254e-05
5.720085482607828453e-06
2.525755844544619322e-04
1.316529582254588604e-03
3.028799028470530175e-06
2.275151782669126987e-04
3.767810994759202003e-05
1.289952429942786694e-03
3.119810111820697784e-02
5.223398096859455109e-03
3.580049906304338947e-06
3.278343683632556349e-06
1.630131737329065800e-03
2.987412153743207455e-04
2.956679672934114933e-04
4.052360964124090970e-05
7.645539881195873022e-05
1.815530849853530526e-04
3.802266974162193947e-06
1.621799456188455224e-04
4.803306001122109592e-05
4.591328433889430016e-06
2.512210357963340357e-06
4.283234829927096143e-06
1.018058246700093150e-04
1.172822703665588051e-05
2.189932456531096250e-05
3.955225565732689574e-06
8.947389687818940729e-06
6.780653166060801595e-06
6.150354693090775982e-06
3.969513636548072100e-04
3.422955842324881814e-06
1.229215467901667580e-05
1.648561010370030999e-05
1.086166957975365222e-05
1.384242841595550999e-05
1.092712409445084631e-05
9.090492312679998577e-06
4.341312887845560908e-05
5.663157480739755556e-06
5.755744132329709828e-05
8.122409781208261847e-06
3.871347871609032154e-06
1.906114994199015200e-05
9.227880582329817116e-06
9.474914404563605785e-04
1.165337598649784923e-04
1.787722867447882891e-04
3.470994124654680490e-05
6.626956746913492680e-05
2.103317638102453202e-05
1.098620396078331396e-05
7.279947021743282676e-05
3.116124207735992968e-05
2.173284883610904217e-06
4.809556230611633509e-06
2.408614363957894966e-06
2.231060170743148774e-05
2.295536205565440468e-06
5.200823943596333265e-05
1.965744158951565623e-04
4.866560630034655333e-06
8.816872286843135953e-05
3.016534901689738035e-05
3.069618833251297474e-05
2.432848668831866235e-05
3.746462971321307123e-05
2.417757932562381029e-04
4.268607881385833025e-06
8.060206710069905967e-06
6.882101388328010216e-06
7.759225263725966215e-05
5.342855365597642958e-05
2.161961856472771615e-05
1.396422794641694054e-05
4.113384056836366653e-04
6.155494247650494799e-06
8.162598533090204000e-05
6.829026460763998330e-06
7.941699209368380252e-07
1.417846488038776442e-05
4.896688624285161495e-04
3.609830673667602241e-05
1.932223494804929942e-05
7.222181466204347089e-06
5.974929990770760924e-06
1.500056678196415305e-04
1.179653395411150996e-06
8.913885103538632393e-04
1.712678908916132059e-06
1.648353463679086417e-05
4.639078724721912295e-06
1.303397857554955408e-05
4.972569058736553416e-06
1.935116779350209981e-05
2.434280474972183583e-07
2.422978923277696595e-06
3.256031277487636544e-06
2.825580850185360759e-06
8.023004738788586110e-06
2.211317769251763821e-05
2.000581616812269203e-06
2.165210753446444869e-04
7.686235476285219193e-04
3.160861160722561181e-05
7.285374977072933689e-06
6.067762660677544773e-05
3.029746876563876867e-04
2.538663466111756861e-05
1.354659616481512785e-04
1.650405349209904671e-03
4.711340880021452904e-04
7.245993765536695719e-05
1.188267488032579422e-04
1.677382101661351044e-06
5.114229134051129222e-05
5.828969165122543927e-07
1.841579660322167911e-06
2.665009048996580532e-07
1.643242057980387472e-06
5.230306669545825571e-06
1.317196876016168972e-07
1.730616418171848636e-06
1.420612306901603006e-06
7.207587771063117543e-08
2.292069751774761244e-07
2.355598553549498320e-06
3.633009782788576558e-06
1.405713101121364161e-05
3.817791366600431502e-05
8.395152690354734659e-06
3.821437530859839171e-07
2.144464161801806767e-07
5.045350803811743390e-07
6.927999947947682813e-06
1.103273120861558709e-06
6.710222805850207806e-05
7.491182714147726074e-06
2.168256514778477140e-06
6.948054760869126767e-06
8.029552986954513472e-07
4.482383701542858034e-06
2.464979479555040598e-05
3.353513602633029222e-05
1.159057137556374073e-05
5.445420811156509444e-06
3.759291985261370428e-06
4.951237315253820270e-06
2.007651346502825618e-06
1.894133492896798998e-05
2.244471716039697640e-06
4.743371846416266635e-07
1.052403786161448807e-05
5.818930276291212067e-06
3.198413469363003969e-05
1.863046122707601171e-06
4.806623837794177234e-05
1.573393456055782735e-05
1.294718276767525822e-05
1.612784944882150739e-05
2.001976781684788875e-06
4.820006779482355341e-06
1.703761967064565397e-07
1.901128825920750387e-06
2.078427563390050636e-08
1.763092819601297379e-03
3.737768158316612244e-02
6.424261664506047964e-05
2.023150727836764418e-06
5.209771643421845511e-06
1.909175080072600394e-05
8.511339547112584114e-05
3.062760242755757645e-06
8.293861810670932755e-07
1.567750424146652222e-02
3.167518414556980133e-03
7.424479554174467921e-05
2.048931673925835639e-05
1.103495247662067413e-03
4.984001407137839124e-06
8.264967473223805428e-04
4.752197128254920244e-05
4.266788600943982601e-04
2.067586220800876617e-02
4.357828572392463684e-02
1.325926161371171474e-03
3.113690018653869629e-02
1.056666951626539230e-02
7.492304593324661255e-02
1.154431083705276251e-04
1.431854255497455597e-02
1.617368070583324879e-06
1.269937115466746036e-06
6.111620791671157349e-07
1.965966248462791555e-06
5.432010539152543060e-07
5.382868112064898014e-04
2.885942813009023666e-04
1.467820984544232488e-04
8.903583079700183589e-07
2.232201950391754508e-06
1.236082312061625998e-06
1.611308334759087302e-06
4.487785645324038342e-06
6.562990165548399091e-06
1.192163040286686737e-06
4.781040115631185472e-05
3.805967480730032548e-06
2.335630284733269946e-07
5.667274308507330716e-06
2.084718516925931908e-06
7.042850143079704139e-07
3.433249275985872373e-07
3.681365114971413277e-07
7.592616668716800632e-08
4.872950739809311926e-06
1.317205260420450941e-06
1.048781314239022322e-06
1.246126976184314117e-05
3.234611085645155981e-06
8.949848051997832954e-06
4.035369056509807706e-05
2.751002057266305201e-06
1.576092813593277242e-06
8.022113615879788995e-05
3.765905148611636832e-06
1.694039383437484503e-05
1.261216993952984922e-06
6.494014996860641986e-07
3.246805135859176517e-05
1.837268064264208078e-04
9.124191819864790887e-06
1.555394192109815776e-06
6.407257728824333753e-07
1.670665710662433412e-06
1.355018230242421851e-05
2.149475676560541615e-06
1.253078153240494430e-05
1.785241323659647605e-07
2.963022097901557572e-06
9.169896770799823571e-07
2.079618184325227048e-07
3.601450657697569113e-07
1.419314230588497594e-07
2.027728669418138452e-06
1.581793003424536437e-05
1.268496703232813161e-06
6.204429610079387203e-06
1.105907267628936097e-05
6.587441703231888823e-07
4.409110658798454097e-07
4.550939138425746933e-06
1.302967848459957168e-05
5.590534897237375844e-07
1.029454892886860762e-06
3.596774149627890438e-06
1.153338189396890812e-06
5.608611672869301401e-07
7.966052351093821926e-08
5.864870189498105901e-08
4.670071648433804512e-04
9.162046694655145984e-07
1.838665957620833069e-05
7.815250137355178595e-05
1.134753256337717175e-05
1.143078065979352687e-06
3.300725666122161783e-07
8.588953278376720846e-06
7.534009114351647440e-07
1.243702627107268199e-05
1.104024704545736313e-06
4.431748550359770888e-07
1.136836272053187713e-05
2.673053586477180943e-06
8.918544153857510537e-06
5.701861482521053404e-06
9.309608685725834221e-06
3.162284372137946775e-07
1.300687813454715069e-06
1.846172835939796641e-06
1.120539195653691422e-06
1.368140033264353406e-06
1.839611968534882180e-06
2.353423769818618894e-05
4.244713636580854654e-06
6.382296078299987130e-07
3.982771886512637138e-04
1.379926197841996327e-05
3.512963928642420797e-07
8.260502681878278963e-07
1.976817884496995248e-06
5.049876563134603202e-05
4.290463039069436491e-06
4.675111085816752166e-06
5.294433321978431195e-06
1.652309265409712680e-06
5.943043106526602060e-06
3.121247345916344784e-06
2.258544700453057885e-04
9.945697456714697182e-07
1.571257257637626026e-06
2.887514654048572993e-07
2.048512442343053408e-06
9.657652526584570296e-07
8.772753972152713686e-07
5.423061111287097447e-07
3.274509708717232570e-06
7.216067842819029465e-06
2.774480208245222457e-06
1.374426460643007886e-06
5.210889867157675326e-06
4.134996743232477456e-06
6.795279432481038384e-07
5.292484729579882696e-06
2.422113709599216236e-07
6.666002150268468540e-07
8.306511176670028362e-07
3.803164645432843827e-07
2.114985136358882301e-06
1.660077032283879817e-06
2.534715122237685136e-07
1.605740544619038701e-05
1.747436385812761728e-06
9.789403702598065138e-05
2.225057323812507093e-05
1.561918224979308434e-06
2.255042772958404385e-06
8.938447422224271577e-07
4.943972840010246728e-07
3.324615249766793568e-07
6.483899994691455504e-08
9.422815594462008448e-08
3.647660378192085773e-06
1.726084377651204704e-07
3.148845962641644292e-06
7.671658295294037089e-07
3.235073791074682958e-06
4.578835614665877074e-06
2.363130624871701002e-05
4.566895313473651186e-06
1.020670310936111491e-06
7.081505515316166566e-08
9.462153798267536331e-07
1.272750068892491981e-06
1.360961846330610570e-06
1.037065885611809790e-06
7.648521886949311011e-07
2.959551238745916635e-06
2.504514895917964168e-06
3.139480249956250191e-04
1.425445079803466797e-04
6.541671950799354818e-07
1.749467287481820676e-06
2.220862006652168930e-05
6.267760909395292401e-06
7.311392380415782100e-08
3.264200074681866681e-07
1.678081316640600562e-04
1.320910450886003673e-05
9.341482837044168264e-06
2.273765630889101885e-06
7.344391406149952672e-08
3.657125660083693219e-07
9.859508764975544182e-08
8.495781003148294985e-06
8.840236205287510529e-07
3.587957451145484811e-07
4.427129624673398212e-06
4.074732089520693989e-07
8.269066142929659691e-08
1.839391927660471993e-07
2.483170646883081645e-07
6.050029242032906041e-07
4.835305844608228654e-06
7.813681804691441357e-06
2.600286563847475918e-07
1.424189463250513654e-06
9.386468491356936283e-07
3.181849251632229425e-06
1.921259172377176583e-05
3.842816909127577674e-07
2.858694188034860417e-06
5.111941163704614155e-07
3.047755967600096483e-07
3.253914201195584610e-06
2.693801377517957008e-07
8.393827783947926946e-07
4.937487119605066255e-06
2.843557467713253573e-06
1.501472070231102407e-06
3.183152728070126614e-07
2.909982868004590273e-06
1.650813032938458491e-06
1.636287834116956219e-06
6.365158242260804400e-06
2.038169986917637289e-05
5.313540896167978644e-07
3.675482366816140711e-05
4.884545433014864102e-06
1.741836683777364669e-07
2.279343107147724368e-06
1.280167111872287933e-06
8.575747187933302484e-07
4.761555487675650511e-07
2.799137064357637428e-07
3.941184786526719108e-06
1.229554254678077996e-05
1.670843266765587032e-05
2.638655814735102467e-06
6.251121521927416325e-04
6.295491402852348983e-06
3.209694341421709396e-07
5.100736188978771679e-07
8.950556548370514065e-06
3.593045505567715736e-07
8.414132935286033899e-06
3.409760665817884728e-06
4.853653763348120265e-07
9.388192665937822312e-06
1.089837496692780405e-06
5.371157953959482256e-07
8.311225769830343779e-07
1.966413583431858569e-05
1.199267217089072801e-06
7.931587333587231115e-07
1.369752453683759086e-06
3.273335778430919163e-06
5.918961392126220744e-07
9.630906561142182909e-07
1.361339627692359500e-06
1.790506576071493328e-05
1.459272880310891196e-05
1.115754093916621059e-05
2.351397654365428025e-07
6.459696919591806363e-07
8.225140845752321184e-06
7.564292900497093797e-06
9.101422193680264172e-08
1.616960944375023246e-04
2.973223672597669065e-06
9.633331501390784979e-07
1.566553748943988467e-07
7.166609634623455349e-07
2.428595962555846199e-06
2.694278236958780326e-06
7.833184099581558257e-06
5.133757895237067714e-06
1.802782207960262895e-06
6.357377628773974720e-07
1.288749729155824753e-07
2.489662165316985920e-06
3.664745690912241116e-06
8.221301186495111324e-07
3.993950201675033895e-07
1.549354010421666317e-06
3.096693035331554711e-07
4.361809624242596328e-05
7.411427418446692172e-07
5.351988647817051969e-07
2.344328748904445092e-07
2.710740432121383492e-07
9.190558216687350068e-07
2.243736503260151949e-07
6.440806146201794036e-07
5.011623898099060170e-07
6.508765295620833058e-07
1.769594973666244186e-06
8.959724482338060625e-07
1.001459622784750536e-06
7.175562473094032612e-07
6.557112328664516099e-07
3.756165460799820721e-05
2.667462649696972221e-05
4.982713562640128657e-06
1.181757966151053552e-06
3.296038642019993858e-07
3.150529437334625982e-07
5.826202027492399793e-07
6.014921837049769238e-06
4.067769168614177033e-06
2.169549134123371914e-06
5.786899237136822194e-06
1.818186774471541867e-06
2.314728533292509383e-07
2.836750581991509534e-06
5.889017984372912906e-07
7.185416279753553681e-07
2.536922011131537147e-06
6.523720458062598482e-06
4.835754907617229037e-07
1.230328325618756935e-05
3.550550673026009463e-06
5.110311576572712511e-06
8.435548579655005597e-07
1.369163442177523393e-06
2.294341356900986284e-06
3.393121232875273563e-07
1.538162109682161827e-06
3.128483058389974758e-06
3.926173235413443763e-07
2.151455737475771457e-05
8.181797966244630516e-06
2.401669007667806000e-06
7.287893595275818370e-07
2.843870561264338903e-07
7.762440873193554580e-06
2.030985797318862751e-06
7.665292287128977478e-06
2.335122388785748626e-07
1.375083343191363383e-06
3.807675454936543247e-07
5.865385755896568298e-04
4.131179230171255767e-05
1.451244224881520495e-05
1.148656068039599631e-07
2.681857722564018331e-06
4.747158072859747335e-06
1.421257479705673177e-06
1.443012592972081620e-06
1.721739124604937388e-07
3.429446451264084317e-07
5.936108848914045666e-08
1.611355848751827580e-08
1.443451083105173893e-07
2.954148612843709998e-06
3.112417762167751789e-04
3.866870486035622889e-07
4.077930043422384188e-06
6.534710792038822547e-06
8.539486771041993052e-07
8.300726221932563931e-06
2.325453169760294259e-05
1.394050173075811472e-07
7.193270448624389246e-06
1.029943746289063711e-06
8.804511890048161149e-05
3.380141060915775597e-05
2.153509512936579995e-06
3.781179839279502630e-05
6.105449301685439423e-06
1.220615899910626467e-06
9.216441867465618998e-07
7.535266490776848514e-07
7.351441126957070082e-06
5.339936706150183454e-07
1.256279574590735137e-06
7.242276751640019938e-07
2.701278617678326555e-06
5.653080279444111511e-07
7.488621918128046673e-07
6.291250542744819541e-07
2.233817212982103229e-05
1.422149466634436976e-06
5.635110028379131109e-06
1.673848237260244787e-05
1.134640115196816623e-06
1.642089046072214842e-06
1.325920379713352304e-06
7.472395736840553582e-06
3.468039153631252702e-07
1.366179822070989758e-05
7.508193675676011480e-07
2.161269065936721745e-07
2.176366069761570543e-05
2.915395214131422108e-07
9.860849968390539289e-05
5.495745426742359996e-06
6.474721203630906530e-07
1.948942372109740973e-05
1.875130521966639208e-07
3.248688153689727187e-05
4.905802484245214146e-07
1.263745389223913662e-06
9.738784001456224360e-07
7.807844895069138147e-07
4.445264210062305210e-07
9.912923815136309713e-07
1.129640054386982229e-06
2.063992496914579533e-06
2.212724757555406541e-05
2.632223861098736961e-08
1.650114853646300617e-07
2.489405687811085954e-06
1.337624098596279509e-06
1.574781890667509288e-05
3.294217776783625595e-06
3.611869203723472310e-07
2.880181000364245847e-06
3.462305642187857302e-07
3.765454437143489486e-07
3.512272314765141346e-06
3.667623332148650661e-06
2.091142278004554100e-06
2.783013314910931513e-06
4.243229909661749844e-07
4.801450472768920008e-07
1.693884996711858548e-06
1.068014285010576714e-06
1.940760921570472419e-05
6.331131589831784368e-05
2.286128847117652185e-06
6.786135600123088807e-07
2.572220182628370821e-06
4.367730980447959155e-06
8.669320777698885649e-06
3.532451046339701861e-06
4.579597430165449623e-07
1.645315933274105191e-05
1.926611957969726063e-06
4.496816927712643519e-06
1.773474082256143447e-06
5.995832907501608133e-06
7.860330129005888011e-07
1.319954634482201072e-07
3.433866368141025305e-06
3.162148800583963748e-07
4.221957681238563964e-07
7.351942485911422409e-07
3.150678367092041299e-06
3.495084456517361104e-06
3.310220222374482546e-07
1.593447564118832815e-06
2.158762254111934453e-05
2.966894498968031257e-07
7.030784558992309030e-07
1.368351377095677890e-06
9.848391528066713363e-06
1.502605846326332539e-05
1.959211203939048573e-06
9.200099952977325302e-07
2.260391056552180089e-06
5.457500265038106591e-07
8.965100164459727239e-07
1.717415557322965469e-06
6.388379460986470804e-07
4.020581201302775298e-08
2.975119741677190177e-07
7.897089915331889642e-08
4.598108773734566057e-07
1.407185095558816101e-06
1.323053147643804550e-04
1.320844262409082148e-06
3.507576138872536831e-06
7.466013357770862058e-06
2.615561243146657944e-06
3.675937989555677632e-07
2.154055891878670081e-06
9.865114407148212194e-06
6.304521320998901501e-06
2.113654090862837620e-06
5.425803101388737559e-05
1.240442628613891429e-07
4.879709649685537443e-07
3.654673037090105936e-06
3.457184902799781412e-07
4.355852354365197243e-07
6.549875024575158022e-07
2.063683496089652181e-06
5.066909807283082046e-07
7.819578058843035251e-06
6.049513103789649904e-06
2.234619387309066951e-06
4.127500687900464982e-07
8.831548257148824632e-07
1.368320113215304445e-06
3.098876106832904043e-07
1.868003494109871099e-07
9.052189398062182590e-07
1.040165807353332639e-05
6.000334451528033242e-06
2.504487565602175891e-05
5.596133178187301382e-06
4.108085704501718283e-05
6.591753481188789010e-05
1.001815007839468308e-06
2.326318463019561023e-05
4.980646735930349678e-06
2.258568201796151698e-06
5.474016688822302967e-06
1.585456175234867260e-06
1.293393438572820742e-06
2.082622131638345309e-06
5.523459662981622387e-07
1.805200042781507364e-07
9.304757782047090586e-07
6.077184480091091245e-07
4.119341247132979333e-05
8.591063669882714748e-05
4.982247901352820918e-06
1.649046623697358882e-07
1.330424538537045009e-06
6.151697562017943710e-06
1.974689638473137165e-07
2.931212065959698521e-06
3.753241571757826023e-06
1.087995542548014782e-07
2.764747023320524022e-06
3.941665454476606101e-06
2.553548074502032250e-05
7.557215440101572312e-07
4.411663496739492984e-07
7.226287834782851860e-06
4.795774202648317441e-06
2.611227046145359054e-06
1.559812062623677775e-06
1.630978317734843586e-06
4.548832066575414501e-07
1.160632200480904430e-05
1.667617425482603721e-06
5.510626692739606369e-07
2.113626123900758103e-06
2.222452167188748717e-06
2.425687455342995236e-07
3.615408274981746217e-07
6.605780799873173237e-05
6.828505320299882442e-06
3.583067496037983801e-07
1.902258759400865529e-06
3.651514930425037164e-07
6.779850991733837873e-08
5.416179192252457142e-06
1.181092102342518046e-06
4.378580058528314112e-07
8.520610208506695926e-06
1.293499508392415009e-06
3.924501470464747399e-06
4.826080157727119513e-07
2.442669710944755934e-06
7.214694619506190065e-07
1.564193610192887718e-07
2.867136117856716737e-06
8.159999538293050136e-07
3.848307130738248816e-07
2.626514515213784762e-06
3.881325483234832063e-06
7.271055437740869820e-06
3.537023758326540701e-07
1.266660433429933619e-06
1.030142243507725652e-06
4.006881681561935693e-06
1.961827138075022958e-06
4.668673227570252493e-06
4.553717644739663228e-06
2.499906941011431627e-06
1.729544578665809240e-07
1.980956540137412958e-06
2.226806827820837498e-05
8.677043020725250244e-03
1.104352668335195631e-05
1.987637716638346319e-07
1.121227160183480009e-05
1.854669790191110224e-06
9.934800800692755729e-06
3.726600539266655687e-07
1.389577209920389578e-05
6.692845317957107909e-07
1.993208934436552227e-05
3.653465512343245791e-07
7.230385676848527510e-07
6.110971298767253757e-06
1.837846184571390040e-06
7.652130307178595103e-08
6.099020879446470644e-07
4.606347090430062963e-07
2.607439455459825695e-06
7.677337521272420418e-07
2.352806376393346000e-07
7.603323410876328126e-07
1.578243491451303271e-08
9.602155159882386215e-07
6.300677455328695942e-07
1.897973106679273769e-06
8.143385912262601778e-07
2.208970727224368602e-06
1.064202947986814252e-07
2.905035898947971873e-06
5.140815915183338802e-07
4.996548454982985277e-07
6.950994020371581428e-07
2.768464582914020866e-06
1.510418599082186120e-07
1.095662446459755301e-05
7.350592568400315940e-06
3.276221605119644664e-06
2.589893483673222363e-06
4.498613634495995939e-06
8.203362995118368417e-06
2.814815616147825494e-07
2.646589564392343163e-06
7.776637175993528217e-06
3.878496954712318256e-07
2.456928314131801017e-06
5.063825483375694603e-06
4.639773687813431025e-04
4.107137101527769119e-07
2.057866140603437088e-06
6.363152351696044207e-07
4.135712003972003004e-07
3.744078469480882632e-08
8.003616613905251143e-08
7.298587689774649334e-08
1.472851545258890837e-05
5.861311933585966472e-07
1.495218953095900360e-06
2.747421774529357208e-07
1.940691727213561535e-04
3.438611656747525558e-06
5.166762275621294975e-05
1.584808342158794403e-05
2.498469712008954957e-06
2.788645797409117222e-04
1.765104912010428961e-06
3.038632939933449961e-06
3.060709059354849160e-05
3.672556704259477556e-05
1.007779610517900437e-05
3.271495927492651390e-07
1.924366188177373260e-06
7.805023756191076245e-07
2.734468691051006317e-02
7.660706614842638373e-05
6.875055987620726228e-06
1.375232823193073273e-04
1.369515393889741972e-05
2.636878707562573254e-05
3.767334874282823876e-06
2.243357994302641600e-05
2.006556542255566455e-06
1.650479248382907826e-06
2.616571464386652224e-06
7.408000965369865298e-05
5.773473503722925670e-07
3.535431858381343773e-07
2.897120721172541380e-04
2.088596193061675876e-05
