1.873271230579121038e-06
2.085423886910575675e-07
3.538716555340215564e-06
8.790976607997436076e-06
3.377624864242534386e-07
1.124912887462414801e-05
2.706614623093628325e-06
2.676833828445523977e-04
6.688010762445628643e-05
6.742985715391114354e-05
2.376723244879030972e-07
2.087791983740316937e-07
4.351490190401818836e-07
2.455319503269492998e-08
1.997698575451067882e-07
7.068966851875302382e-07
1.136699211201630533e-06
1.974949327632202767e-06
8.426802651229081675e-07
2.999360901867476059e-07
2.685405661395634525e-06
4.981360689271241426e-06
1.150978832242799399e-07
9.429119927517604083e-06
4.002923787993495353e-07
1.776506223905016668e-06
5.310707820171955973e-06
1.150523445403450751e-07
6.423992999771144241e-07
1.466692901885835454e-05
6.186849645928305108e-07
1.642176385985294473e-07
5.091843036097998265e-07
1.281416984966199379e-06
4.706713752966606990e-06
1.152321488007146399e-06
7.083338005031691864e-06
2.347813108372065471e-07
2.633982603583717719e-06
9.841493920248467475e-06
2.709668365241668653e-07
1.137761046265950426e-06
3.025083117336180294e-07
1.868879849098448176e-06
1.407417585141956806e-06
2.683179616269626422e-07
1.885646554455888690e-07
5.031758405493746977e-07
1.419902901034220122e-06
2.160637086490169168e-05
8.445282446700730361e-07
1.308303671976318583e-05
5.964037086414464284e-07
3.334151017497788416e-07
2.731148924794979393e-06
7.124430112526169978e-07
7.723173212070832960e-08
2.889487404900137335e-07
2.845452513611235190e-07
2.015790414588991553e-06
6.459236487899033818e-07
1.041128143697278574e-06
2.581320586614310741e-06
6.318454097709036432e-07
1.806281261451658793e-06
1.122580783885496203e-07
1.573962435941211879e-05
1.815867108234670013e-06
1.678811599958862644e-06
8.047992423598770984e-07
1.441430441673219320e-07
1.042752302282679011e-07
4.798826466867467389e-06
6.831744030932895839e-06
5.085750672151334584e-06
1.413157093566042022e-07
1.366466108265740331e-06
8.152626946866803337e-07
1.096966911973140668e-06
2.284840121546949376e-07
3.145273410609661369e-07
7.109839827990072081e-08
1.836958290368784219e-06
1.021315620164386928e-05
9.967724508896935731e-06
5.172864348423900083e-06
3.783494776143925264e-06
6.304140924839884974e-07
1.270996335733798333e-06
3.248154371249256656e-06
3.555935634835805104e-08
6.005213037951762090e-08
4.435424330040405039e-07
2.222595583134534536e-07
1.168171365861780941e-05
1.767799062690755818e-06
1.225721835140802796e-08
1.754025106492917985e-06
6.414133224552642787e-08
3.638161433627828956e-05
5.683111794496653602e-06
5.623070592264411971e-06
1.835795501392567530e-06
9.211989890900440514e-07
7.533816969953477383e-04
9.146052434516604990e-06
1.005400099529651925e-05
1.042378926285891794e-06
2.618855035052547464e-07
3.805710591109345842e-08
2.161593357641322655e-07
3.988251506825690740e-08
1.129434622271219268e-06
1.005111130325531121e-06
7.349469228756788652e-07
1.654607103773741983e-06
5.220754317747378082e-08
3.601561218147253385e-07
4.203764447652247327e-08
1.961027891184130567e-07
1.971045833215612220e-07
3.216396748939587269e-07
1.245132352778455243e-06
1.770131206058067619e-07
3.551496092768502422e-06
4.089088179171085358e-08
3.293943393600784475e-07
1.913188043545233086e-06
1.761004455147485714e-06
7.684767479076981544e-05
5.700911515305051580e-06
4.089201411261456087e-06
7.835367796360515058e-06
2.399129641617037123e-07
6.274613406276330352e-05
3.598473313104477711e-06
1.336419359176943544e-06
4.941433076055545826e-07
7.644141442142426968e-05
1.401780025389598450e-07
8.375782272196374834e-07
8.025352258300699759e-07
9.675807177700335160e-07
7.105217747493952629e-08
3.551449026417685673e-06
5.618661020889703650e-07
4.888102012046147138e-06
4.677194809232787520e-08
1.433952547813532874e-07
1.852288420423064963e-07
4.317348611948546022e-06
2.871095057344064116e-05
7.383003321592696011e-06
2.787766334222396836e-06
1.246395186171866953e-06
1.430921383871464059e-05
7.458993991349416319e-07
1.612239429960027337e-05
3.876235132338479161e-05
1.719116153253708035e-05
6.318496889434754848e-05
1.799534402380231768e-06
6.047475267223489936e-07
2.777464487735414878e-06
8.291439371532760561e-06
2.229440724477171898e-06
1.244353097717976198e-05
1.432334465789608657e-05
1.604224235052242875e-05
7.546458073193207383e-05
2.078245888696983457e-04
3.788282629102468491e-04
1.846813596785068512e-03
1.410899712936952710e-04
4.216912930132821202e-05
2.370702986809192225e-06
4.822989867534488440e-04
5.389180150814354420e-04
1.417009480064734817e-04
8.704540050530340523e-06
2.957849210361018777e-05
2.042038249783217907e-05
1.776360363692219835e-06
6.752876652171835303e-05
1.560411328682675958e-05
1.802033239073352888e-06
1.242825510416878387e-05
7.822958650649525225e-06
4.480279676499776542e-05
5.095980213809525594e-06
2.498912363080307841e-05
4.484740657062502578e-06
8.717587479623034596e-05
2.810095975291915238e-05
2.846466486516874284e-06
5.148701529833488166e-05
3.670750811579637229e-05
5.869497181265614927e-05
2.122123842127621174e-04
4.049888957524672151e-05
3.271166133345104754e-05
5.157031046110205352e-05
7.321756129385903478e-06
2.878458872146438807e-05
6.133086571935564280e-05
1.465258446842199191e-05
7.431519406964071095e-06
1.559611519041936845e-06
7.864917279221117496e-06
8.840352165861986578e-06
5.724679067498072982e-05
1.429793337592855096e-05
6.123723142081871629e-05
1.492161663918523118e-05
4.253256520314607769e-06
9.286542876907333266e-07
2.606515408842824399e-06
1.941436266861273907e-06
1.091407170861202758e-06
1.715803364277235232e-06
9.717889042804017663e-06
2.813945457091904245e-06
3.627511250670067966e-05
1.753730066411662847e-05
2.408697910141199827e-04
2.424007107038050890e-05
9.023783059092238545e-05
1.125169874285347760e-04
9.268396388506516814e-05
3.568796819308772683e-05
5.892115586902946234e-05
1.742770400596782565e-04
4.208954123896546662e-05
2.429709638818167150e-05
9.620315495340037160e-07
3.346621269884053618e-06
6.080520106479525566e-04
1.311485266342060640e-05
4.558784894470591098e-06
7.885311106292647310e-07
5.331829015631228685e-06
4.417144282342633232e-06
1.784353116818238050e-05
1.780421553121414036e-05
6.801353265473153442e-06
6.484656296379398555e-06
1.748255337588489056e-03
1.259484065485594328e-06
1.006835555017460138e-05
8.950387382355984300e-06
6.056695383449550718e-06
8.497419912600889802e-06
6.959191068744985387e-06
5.917577655054628849e-04
1.025009987642988563e-05
2.738663170021027327e-06
3.632688503785175271e-06
1.264150778297334909e-04
2.853542719094548374e-05
5.774000783276278526e-06
1.317991973337484524e-06
2.116643190674949437e-05
9.565812433720566332e-06
5.351025151867361274e-07
7.462957114512391854e-07
5.011489520256873220e-06
2.299623020007857122e-06
4.429924592841416597e-05
3.094111103564500809e-03
4.231167549733072519e-04
6.355567165883257985e-05
1.977893552975729108e-04
1.292417291551828384e-04
3.999913315055891871e-05
7.164213457144796848e-05
3.296092909295111895e-04
1.490315044065937400e-04
8.149925633915700018e-06
2.404491897323168814e-05
4.771518888446735218e-06
4.672556315199472010e-05
5.362793672247789800e-06
6.357770416798302904e-06
9.868715551419882104e-07
2.718236828513909131e-06
2.894839781220071018e-06
2.590569783933460712e-05
1.770356757333502173e-04
3.004994368893676437e-06
6.864539159323612694e-07
3.061023562622722238e-06
5.759907799074426293e-05
1.364016407023882493e-05
2.496160277587478049e-06
4.905647529085399583e-06
2.342788548048702069e-06
2.944064760868059238e-07
3.465930262791516725e-07
3.649416555617790436e-07
1.259656983165768906e-06
2.845406470441957936e-07
1.264997173677784303e-08
2.457288417190284235e-07
1.180316999693786784e-07
3.617364825458935229e-07
5.990055740312527632e-08
2.205914370279060677e-06
1.064353000401752070e-06
1.814841255054489011e-07
5.833953764522448182e-07
4.344593946825625608e-07
2.331430323465610854e-06
2.341019580853753723e-06
5.290428930493362714e-07
9.527751672067097388e-07
2.162044836495624622e-07
8.545749352606435423e-08
3.812079967246972956e-07
9.833420335780829191e-07
3.362997063049988355e-07
1.284423660763422959e-07
7.582708576592267491e-07
4.134311438974691555e-06
4.678731784224510193e-07
4.469804480322636664e-06
1.157987185251840856e-06
4.947851266479119658e-07
4.912784561383887194e-07
1.031755445524140669e-07
1.035509100688614126e-07
2.021700993282138370e-06
2.396779018454253674e-05
1.990115197259001434e-05
4.803293336408387404e-07
2.199912159994710237e-06
4.205852383165620267e-05
4.208281552564585581e-06
6.029562428011558950e-06
1.775822653371506021e-07
5.844393000006675720e-02
9.196252562105655670e-03
1.231820351677015424e-04
8.221656753448769450e-05
8.198962360620498657e-02
1.330211125605273992e-05
4.090405069291591644e-03
5.311759305186569691e-04
6.529906386276707053e-05
3.431240562349557877e-03
3.487560525536537170e-02
2.855763211846351624e-02
5.873929709196090698e-02
1.718900725245475769e-02
6.336056590080261230e-01
1.866030506789684296e-02
2.163401246070861816e-02
2.046462896032608114e-06
7.979074894137738738e-07
8.256172350229462609e-07
2.313399363629287109e-06
2.887078835556167178e-06
7.221859505079919472e-06
5.445816896099131554e-06
1.283586243516765535e-05
3.060523158637806773e-05
2.625885281304363161e-05
5.407035587268183008e-06
5.863823275831236970e-07
3.264906354161212221e-06
8.512474778399337083e-06
1.753964966155763250e-06
3.398927447051391937e-06
1.818134478526189923e-05
1.788299528016068507e-06
1.779739068297203630e-05
1.987987843676819466e-06
1.407810941600473598e-06
4.180765813543985132e-07
3.698013131270272424e-07
1.661487090132141020e-06
2.000986796701909043e-06
2.955702029794338159e-06
2.308758979552294477e-07
7.764901056361850351e-06
2.755484729277668521e-06
2.434661837469320744e-05
3.094814928772393614e-06
7.137789737043931382e-08
3.320170662846066989e-07
8.111060014925897121e-05
4.765845176279981388e-07
2.007438524742610753e-05
1.701310594626193051e-07
6.449341327652291511e-08
1.295185393246356398e-05
6.800850678700953722e-05
6.100096015870803967e-06
7.741036824882030487e-07
2.915976722306368174e-07
8.983460588751768228e-07
1.934147803694941103e-06
2.436507202219218016e-06
4.934708499604312237e-07
6.254756357293445035e-08
1.691480946419687825e-07
1.591982027093763463e-06
9.594633638698724099e-07
1.446286432837950997e-06
2.168599166907370090e-07
1.548590603306365665e-06
1.318469276156974956e-05
2.927349441961268894e-06
2.321715510333888233e-05
2.574097834440181032e-06
1.689289319983799942e-06
1.352913727714621928e-07
5.312705866344913375e-07
1.128085295931668952e-05
1.296968861197456135e-07
5.435903176476131193e-07
2.880038891817093827e-06
8.643578439659904689e-07
4.376948936624103226e-07
3.242609523113060277e-07
5.895793719901121221e-08
9.693485480966046453e-05
1.175180159407318570e-06
9.271892849938012660e-06
8.780683128861710429e-05
7.546853453277435619e-07
7.906930363787978422e-07
3.262484824517741799e-06
1.175652073470700998e-06
9.176695847656901606e-09
4.871539204032160342e-06
5.520329978025984019e-06
3.933032530767377466e-07
5.246368800726486370e-06
8.280040333374927286e-07
4.668932433560257778e-06
1.242618623109592590e-06
1.349683657281275373e-06
1.735474256747693289e-06
1.533527438368764706e-07
2.984269258377025835e-06
2.168391347368014976e-06
2.336112032708115294e-07
3.372687444880284602e-07
6.366204161167843267e-06
3.119093662462546490e-06
1.313316317919088760e-07
2.955060881504323334e-05
1.909615320982993580e-06
1.549169610370881855e-06
1.095653715310618281e-06
1.775439955054025631e-07
3.082031907979398966e-04
6.079945364945160691e-07
4.062230345880379900e-06
4.664944299292983487e-06
8.672279250276915263e-07
3.698722503031603992e-05
1.333029672423435841e-06
1.947795535670593381e-04
6.582453693226852920e-08
2.050970124400919303e-06
2.080985694874470937e-07
1.474290115766052622e-06
1.410604113516455982e-07
1.551602035760879517e-04
4.994975370209431276e-06
2.811483227560529485e-06
1.859336043708026409e-05
1.303675247754654265e-07
7.544370532741595525e-07
8.879900974534393754e-07
8.699532190803438425e-05
3.141265665362880100e-07
5.979539423606183846e-07
5.355765964054626238e-08
4.022969903871853603e-07
2.609899070193932857e-07
1.718070308243113686e-07
1.555930975882802159e-05
6.535101420013234019e-07
9.440780246450231061e-08
1.528573875475558452e-06
3.808526116699795239e-07
2.498775302228750661e-06
7.116943834262201563e-06
8.952833354669564869e-07
6.450418368331156671e-06
2.669893603979289765e-07
4.282269969735352788e-07
2.462018528603948653e-06
3.764970699648984009e-07
1.822796775741153397e-06
6.493072760349605232e-06
1.164127638730860781e-07
1.058047132573847193e-06
4.804410878023190890e-07
2.250275247206445783e-05
4.828148121305275708e-07
2.678453938642633148e-06
2.372342578382813372e-06
3.081973090957035311e-06
6.572179245267761871e-08
4.010717091773585707e-08
2.706189832224481506e-07
1.993475535755351302e-07
2.475876215157768456e-07
4.763709853250475135e-07
2.950054067696328275e-07
3.202328343832050450e-06
3.045084122277330607e-05
4.460740456124767661e-05
3.072010713367490098e-06
4.180836185696534812e-06
3.324730357689986704e-07
2.651306431289413013e-06
2.220218675574869849e-07
4.919521643387270160e-07
1.357167911919532344e-05
1.198668996948981658e-05
3.546130392351187766e-05
5.479857463797088712e-06
8.625997338640445378e-07
4.259237584847141989e-07
3.127786953882605303e-07
8.542445470993698109e-07
6.556901439580542501e-07
7.843300409149378538e-08
4.229138085065642372e-06
3.807563757618481759e-07
2.753032504188013263e-07
2.635219971125479788e-07
1.378186453848684323e-07
1.131519638875033706e-06
9.774861382538801990e-07
1.193519210573867895e-06
4.330461322865630791e-08
3.360206619618111290e-06
2.966589534025843022e-07
2.107031377818202600e-06
6.990866950218332931e-06
1.383262571152954479e-07
5.561066700465744361e-07
1.158182243443661719e-07
5.713731638934405055e-07
1.617776348439292633e-07
1.658832786688435590e-07
5.830552396446364583e-08
2.744095809248392470e-06
3.436342126406088937e-07
6.783853336855827365e-07
1.874939670187814045e-07
5.320613581716315821e-06
1.679541128396522254e-05
2.250495072075864300e-06
1.213074369843525346e-06
3.296624129234260181e-07
1.674565481835088576e-07
1.587717815709766001e-05
5.746185252064606175e-07
2.682168940282281255e-07
4.599281169248570222e-07
1.125173980653926264e-06
2.311603282123542158e-07
1.297078483730729204e-06
1.018704324451391585e-06
8.048959898587781936e-07
1.353022753391996957e-06
2.339517550353775732e-06
1.235261777310370235e-07
2.372233893765951507e-06
1.380636717840388883e-06
1.608065645086753648e-07
3.214972139176097699e-06
3.989057859143940732e-06
3.401289632165571675e-07
9.002384103951044381e-06
1.073547196028812323e-06
6.491100066341459751e-07
6.801054496463621035e-06
5.118445756124856416e-07
5.885937071070657112e-07
2.042031383098219521e-06
2.013938001255155541e-06
7.178459213719179388e-07
2.819285327859688550e-06
4.184435624665638898e-07
1.792385319276945665e-06
3.547650351265474455e-08
6.757295523129869252e-07
2.740868239925475791e-06
2.919871576523291878e-06
9.111872714129276574e-06
6.336228125292109326e-06
1.126153051700384822e-06
4.207809922718297457e-07
1.205092212330782786e-05
2.958047844003885984e-06
4.293372057873057202e-07
1.285331789404153824e-03
5.601262387244787533e-07
3.913154387191752903e-07
9.467441230981421540e-08
5.334479283192194998e-06
6.800389655836625025e-07
4.960303158441092819e-06
1.556177949169068597e-06
2.609061994007788599e-06
5.517379690900270361e-07
1.118048587045450404e-07
4.254047780705150217e-06
5.945866732304239122e-08
1.755986659190966748e-06
6.675380745946313255e-07
2.630518565638340078e-06
1.769985146893304773e-06
1.414111636677262140e-07
1.340913877356797457e-05
2.050757927918311907e-07
2.478115561643789988e-07
1.057541680893336888e-06
8.102076094473886769e-07
6.464748025791777764e-08
2.451425018534791889e-07
1.514966072591050761e-07
8.204052193150346284e-08
5.822037110192468390e-07
4.407127676131494809e-07
2.071795677238696953e-07
2.775574898805643898e-07
6.745866585333715193e-07
7.385326483699827804e-08
2.943823710666038096e-05
3.005669532285537571e-05
1.377340936414839234e-06
1.356709731226146687e-07
9.809718193309890921e-08
1.193346719219334773e-07
8.362972039321903139e-07
2.895221086873789318e-06
4.959410944138653576e-07
5.923550816078204662e-06
5.141613655723631382e-06
3.355179387654061429e-06
5.449621767183998600e-07
2.138387208105996251e-05
2.138427959152977564e-07
3.135094743811350781e-07
2.578173734946176410e-06
1.611964980838820338e-04
8.031836955524340738e-07
1.544175120216095820e-06
4.157102182489325060e-07
6.197373068062006496e-07
1.237836073642029078e-07
6.058916710571793374e-07
7.952717169246170670e-06
1.760000372996728402e-06
9.422121252100623678e-07
5.412746759247966111e-06
3.555869625415652990e-07
2.588086545074474998e-06
9.585931366018485278e-06
4.544922092009073822e-07
6.863203338980383705e-07
2.485909135430119932e-06
1.983779839065391570e-06
4.379949587018927559e-06
8.605804396211169660e-06
3.026165984465478687e-08
2.313593768121791072e-06
9.659028137321001850e-07
5.214490229263901711e-04
1.073356770575628616e-06
3.683327349790488370e-06
1.039630390664569859e-07
1.976539579118252732e-06
6.477508236457651947e-07
4.933812306262552738e-06
2.490731276338919997e-06
6.397660854418063536e-07
1.882891922377893934e-07
2.051636300848258543e-07
4.276713383433161653e-08
2.872044717605604092e-07
7.475996881112223491e-06
2.058333950117230415e-03
9.628668067307444289e-07
6.611069807149760891e-07
4.662504977659409633e-07
7.413878222450875910e-08
4.400630473355704453e-07
2.734491033606900601e-07
6.083668608880543616e-07
1.704555506876204163e-05
2.284472884639399126e-06
1.097442509490065277e-05
4.367348537925863639e-06
6.147748763396521099e-07
1.194110700453165919e-05
7.768415457576338667e-07
5.821298714181466494e-07
1.413250856785452925e-06
9.079348615159688052e-07
5.557994427363155410e-06
5.175516548661107663e-07
5.203999648983881343e-07
3.165181681197282160e-07
8.359163672366776154e-08
4.019338177840836579e-07
4.269426767677941825e-08
8.444421268904989120e-07
1.635101943975314498e-05
8.948130130193021614e-07
2.188814733017352410e-06
1.389980479871155694e-05
3.193997031303297263e-07
1.447177737645688467e-06
1.951639632125079515e-07
1.646682790124032181e-06
3.312990770609758329e-07
7.007173280726419762e-06
8.261137907084048493e-08
4.293191864235268440e-07
7.318052666960284114e-05
2.178023379428850603e-07
4.267658223398029804e-04
4.405310392030514777e-06
2.050298490985369426e-07
2.919926009781192988e-05
3.019102337020740379e-07
4.814017302123829722e-06
2.892448662805691129e-07
1.251303842764173169e-07
2.885006324504502118e-06
4.301092815239826450e-07
8.362700327779748477e-07
5.090527679385559168e-07
3.168138107412232785e-07
3.866819611175742466e-07
6.157477514534548391e-07
3.268672443823561480e-08
2.727855630269004905e-08
3.880105396092403680e-06
1.886854647636937443e-06
1.367091726933722384e-06
1.193833440993330441e-06
7.128643915166321676e-07
4.592833988681377377e-07
1.889780065766899497e-07
6.250359092518920079e-07
2.154217872885055840e-05
1.740291554597206414e-05
5.401154794526519254e-06
4.233334948366973549e-06
1.837535421600478003e-07
2.439083345961989835e-06
6.867295496704173274e-07
9.605611239749123342e-07
2.501708195268292911e-06
2.148919884348288178e-05
2.168273340430459939e-06
9.414096894033718854e-06
2.765798399195773527e-07
1.986936013054219075e-06
5.611260576188215055e-07
9.656412203185027465e-07
5.002141847398888785e-07
4.260434252500999719e-06
6.859087875454861205e-07
2.876754194858222036e-07
2.557068910391535610e-06
4.495381290325894952e-06
1.992140369111439213e-06
1.161724298981425818e-07
2.463891632942249998e-07
4.117087541999353562e-07
2.776260714654199546e-07
8.314612500726070721e-07
4.485651672325730033e-08
1.250590457857470028e-07
4.704243679043429438e-07
4.481850282900268212e-06
1.204494765261188149e-05
3.549594680407608394e-07
5.237462801233050413e-07
5.003487331123324111e-07
1.182472442451398820e-05
4.816689852304989472e-06
5.677724175257026218e-07
3.600526270020054653e-06
2.377525873953345581e-07
1.290812718934830627e-07
1.444873419131909031e-06
2.222110282446010388e-07
8.876776291799615137e-07
4.144268928030214738e-07
4.078477502389432630e-07
9.360158514937211294e-08
2.722957503920042654e-07
1.250250079465331510e-06
2.715638174777268432e-06
6.479688750005152542e-07
3.668015779112465680e-06
2.802998778861365281e-06
3.598262310333666392e-07
1.708051740934024565e-06
5.767825768998591229e-06
4.550506105260865297e-08
4.375818036805867450e-07
2.524665205783094279e-07
2.281735987708088942e-06
1.547835353221671539e-07
4.314403270200273255e-07
9.922337085299659520e-07
2.341690787943662144e-07
7.952542802058815141e-08
4.993477205061935820e-07
1.416352802152687218e-06
3.277454823091829894e-07
2.306213900737930089e-06
6.652308456978062168e-06
9.605037831761364941e-08
1.526217033642751630e-06
2.697183845157269388e-06
3.876366008626064286e-06
1.043195425154408440e-06
4.718229718037036946e-07
3.153949819534318522e-06
1.010999426398484502e-06
1.443070800632995088e-06
9.310064342571422458e-06
3.422850625156570459e-07
5.781375307378766593e-07
2.351931016164598987e-06
2.944448169728275388e-06
5.868836296940571629e-07
2.020307420025346801e-06
3.520077882512850920e-07
1.444647496100515127e-04
1.610764002180076204e-07
3.871247429287905106e-07
5.233343927102396265e-07
1.165663434221642092e-06
1.292665530172598665e-07
2.304611143699730746e-06
2.887567518428113544e-07
1.162119951914064586e-05
9.486610906606074423e-06
1.221223465108778328e-05
1.549727386418453534e-07
9.046055424732912797e-07
1.182870528282364830e-05
4.874915475738816895e-07
1.293338300456525758e-06
9.373965212944312952e-07
2.420841838102205656e-07
1.568064590173889883e-06
4.900846874988928903e-07
3.376605491212103516e-06
1.547698843751277309e-06
5.334394472811254673e-07
3.851077963190618902e-06
8.118194614326057490e-07
8.292811344290385023e-07
5.964201932329160627e-07
7.311236913665197790e-07
1.517484292890003417e-06
1.720517502690199763e-06
1.387622205584193580e-06
5.295522669257479720e-07
1.312017616328375880e-06
1.048378089762991294e-05
1.520205330507451436e-07
5.124105655340827070e-07
1.055834036378655583e-05
2.009544687098241411e-06
1.128460212385107297e-06
1.203050942422123626e-06
4.839548637391999364e-07
4.465803613129537553e-06
2.769109414657577872e-06
1.279890398109273519e-06
4.868754786002682522e-07
1.724417188597726636e-06
1.988783253636938753e-07
1.349632157143787481e-06
5.573251087298558559e-07
5.254733537185529713e-07
2.858458856280776672e-07
1.249571113248748588e-07
1.612000346540298779e-06
1.270563757316267584e-06
1.001395446564856684e-07
7.726087574155826587e-07
3.263050984969595447e-06
9.247017260349821299e-06
1.713288611426833086e-06
4.615184479916933924e-06
1.074272290679800790e-06
2.083117351503460668e-06
7.815572189429076388e-07
2.864731641238904558e-06
4.550508378997619729e-07
2.590268195490352809e-07
6.168541233364521759e-08
6.011817390572105069e-07
5.609091658698162064e-06
4.083325155079364777e-03
7.092781743267551064e-06
2.168652883938193554e-07
5.154557584319263697e-05
9.173302260023774579e-07
1.615251903785974719e-06
3.636298231413093163e-07
1.499006521044066176e-05
9.682790391707385425e-08
1.030490875564282760e-05
3.796705883019058092e-08
2.705113786305446411e-07
5.485085807777068112e-08
1.045474164129700512e-06
2.145444710777155706e-07
3.397399268578737974e-07
5.484981357994911377e-08
3.727157491084653884e-06
1.558381086397275794e-07
4.991589364067294810e-08
1.958164972393205971e-07
2.417252176201145630e-09
9.933921774063492194e-08
2.936996246205580974e-08
1.960449253601836972e-06
1.208065469882058096e-07
4.711992858119629091e-07
7.040356564402827644e-08
1.911513010099952226e-07
3.181572196808701847e-07
2.241602601316117216e-07
1.604891366469018976e-07
1.920121121656848118e-06
1.581799295991004328e-07
7.365119472524384037e-06
2.301382437508436851e-06
8.485471312269510236e-07
3.858781667531729909e-07
1.281418121834576596e-06
6.319629051176889334e-07
2.518175108434661524e-07
9.374573437526123598e-07
1.608997649782395456e-06
3.571421416381781455e-07
3.397833552298834547e-07
1.918025645863963291e-06
3.615457899286411703e-05
3.677474467167485273e-07
1.460991398971600574e-07
1.104365594528644579e-07
4.397054098603803141e-08
5.580556461382002453e-08
6.375262273650150746e-08
1.441765959953045240e-07
1.392815306644479278e-06
6.554690656912498525e-08
1.042144390339672100e-06
6.390367843778221868e-07
1.184021239168941975e-04
1.214832991536241025e-06
7.662520511075854301e-05
1.289952024308149703e-06
2.439022864564321935e-06
3.895260160788893700e-04
9.106473157771688420e-07
7.193381861725356430e-06
4.696730320574715734e-05
3.705006383825093508e-05
2.442777486066916026e-06
8.849588795101226424e-08
1.891355168481823057e-06
3.467490898856340209e-07
3.179139821440912783e-05
3.267328168021776946e-07
3.328269031044328585e-06
3.599743422455503605e-06
3.906485744664678350e-06
6.492973625427111983e-06
7.112105777196120471e-06
9.376889238410512917e-07
1.306044055127131287e-06
1.602886754881183151e-06
3.930533239326905459e-06
4.429658292792737484e-05
1.832973680393479299e-06
4.487497733407508349e-07
8.622177119832485914e-06
4.905526111542712897e-06
