3.031034339073812589e-07
1.047909677254210692e-06
5.200988084652635735e-07
8.374886988349317107e-07
1.590125435768641182e-07
1.820303850763593800e-06
2.378826593485428020e-06
1.525800907984375954e-03
8.305308874696493149e-04
2.016262442339211702e-05
9.364086395180493128e-08
2.042277600367015111e-07
3.504542007704003481e-07
3.063391673663318215e-08
3.091296605362003902e-07
7.000553523539565504e-06
1.939302364917239174e-06
4.456020690213335911e-07
3.315362846478819847e-06
5.944925263179356989e-08
1.228221719884459162e-07
1.808396045817062259e-04
2.246704724484516191e-07
9.516018326394259930e-05
1.928262065575836459e-07
1.499175709795963485e-06
2.902057076425990090e-06
2.289829808432841673e-06
1.967181049167265883e-07
4.004542404345556861e-07
1.404209115207777359e-06
1.766899657695830683e-07
5.855608264937472995e-07
1.461353633658291074e-07
1.314223396775560104e-07
7.000656410127703566e-07
2.114392373187001795e-06
6.560828182955447119e-07
6.909370426910754759e-07
3.094424982919008471e-06
1.672871547953036497e-07
4.111088287572783884e-07
3.231822063298750436e-07
4.683738552557770163e-06
7.805285235917835962e-07
4.243591149588610278e-07
9.811746792820486007e-08
1.899428383467238746e-07
5.252543928691011388e-07
2.333873999305069447e-05
1.284808206492016325e-07
5.172772716832696460e-07
2.039336663983704057e-07
7.850921406316047069e-07
7.803647577020456083e-07
1.003059878712520003e-06
1.629496040322919725e-07
2.311307696345465956e-07
3.891572646352869924e-07
1.869987755753754755e-07
1.268148480448871851e-06
6.660486633336404338e-07
4.352128541995625710e-07
2.876327698686509393e-06
6.941283459127589595e-07
2.003395280780750909e-07
1.387439397149137221e-06
2.687044798221904784e-06
5.902141992919496261e-07
2.180384228722687112e-07
5.026134886065847240e-08
2.649947532518126536e-07
2.699172441111841181e-08
6.922561510691593867e-07
5.463047045850544237e-07
3.582396601586879115e-08
2.356554773541574832e-07
7.741438423636282096e-08
5.502411568159004673e-06
6.826920753155718558e-07
1.527974745840765536e-06
1.116797463396324019e-07
3.618127448135055602e-05
3.414380262256599963e-05
1.807066723813477438e-06
1.794524791876028758e-06
4.413436545291915536e-05
4.992115236746030860e-07
1.005496960715390742e-05
3.758530624509148765e-07
6.215854853053315310e-08
1.158278337243245915e-05
6.022171874064952135e-06
2.230387053714366630e-06
1.394999344483949244e-06
6.598282311642833520e-07
1.721132569798555778e-08
2.978147676913067698e-06
9.630389286030549556e-08
5.689407316822325811e-06
1.010346863949962426e-06
3.668174758786335588e-05
8.099178216980362777e-07
3.172751519286975963e-07
2.360267217227374204e-06
5.434371530554926721e-08
7.269742923199373763e-07
7.995691703399643302e-06
7.221621558528568130e-07
5.624987124974722974e-07
2.210767746646524756e-07
4.389945615912438370e-07
2.957194453756528674e-07
3.148427367705153301e-07
3.594897179937106557e-07
2.687586970750999171e-07
1.088664305370912189e-07
2.310139706196423504e-07
5.645360374728625175e-07
6.673626273823174415e-08
2.918380346272897441e-07
5.703912364651841926e-08
4.934778985443699639e-07
6.480291148136529955e-08
2.887577011279063299e-06
1.484618508129642578e-07
7.209705898958418402e-08
1.529259861854370683e-05
6.084472261136397719e-06
6.365147328324383125e-06
3.943642514059320092e-05
2.756832827799371444e-06
2.303290557392756455e-06
2.560516350058605894e-06
4.859959153691306710e-05
1.207152126880828291e-05
6.093844604038167745e-06
3.195922317900112830e-07
1.179878108814591542e-05
1.692281017540153698e-07
1.076706723779352615e-07
2.019575276790419593e-06
1.293705196303562843e-07
5.913853328820550814e-06
2.235321062471484765e-06
4.779240043717436492e-07
2.872965012556960573e-07
1.745304700762062566e-08
5.364690736087140976e-08
6.131804184406064451e-07
1.088334670384938363e-06
2.411286732240114361e-05
1.303517365158768371e-05
6.841392860224004835e-06
6.186282553244382143e-05
7.260729034896939993e-05
5.748523108195513487e-06
1.181080460810335353e-05
3.483592809061519802e-05
4.299198277294635773e-03
1.718873318168334663e-05
9.613459951651748270e-06
3.033977463928749785e-06
6.504240445792675018e-04
2.028785274887923151e-06
3.844989350909600034e-06
4.471091870072996244e-06
3.202486823283834383e-06
1.496986369602382183e-03
8.617247431175201200e-07
1.127933501265943050e-05
3.315427602501586080e-05
2.905165274569299072e-05
4.514096872298978269e-05
8.862171853252220899e-06
2.231450935141765513e-06
8.987620276457164437e-06
2.209716967627173290e-06
2.172809763578698039e-05
4.109375367988832295e-05
3.381166970939375460e-05
9.385306611875421368e-07
2.206875933552510105e-06
1.917430199682712555e-05
7.168731099227443337e-05
5.712170604965649545e-06
3.554049180820584297e-05
5.401765156420879066e-05
1.013115524983732030e-05
2.127958168784971349e-06
2.190128043366712518e-06
2.046315421466715634e-05
5.329203122528269887e-05
1.414483267581090331e-04
4.655391023788979510e-07
7.636679947609081864e-05
3.314964260425767861e-06
4.492385414778254926e-06
6.255084372241981328e-06
7.300579909497173503e-06
1.269766653422266245e-04
4.661242564907297492e-05
2.435721853544237092e-06
3.049278575417702086e-06
7.324112812057137489e-05
4.461697608348913491e-05
9.211712495016399771e-06
1.241416885022772476e-05
2.392321039224043489e-05
9.161700290860608220e-05
3.723837289726361632e-05
1.524914894253015518e-02
2.164237594115547836e-05
1.445601810701191425e-03
4.198694296064786613e-05
4.967119366483530030e-06
4.072955562151037157e-06
4.685176918428624049e-06
2.491868144716136158e-05
5.079405127617064863e-06
1.513420284027233720e-04
1.810776666388846934e-05
2.512723540348815732e-06
9.687255806056782603e-05
2.544345261412672698e-05
2.595064870547503233e-05
3.706029092427343130e-04
4.225962766213342547e-05
4.004945822089212015e-06
1.326194433204364032e-05
1.574945963511709124e-05
2.020269675995223224e-05
3.161570202792063355e-05
4.911077212454983965e-06
2.821086127369198948e-05
7.943548894218110945e-07
7.423241913784295321e-05
4.428851025295443833e-05
3.755098441615700722e-05
2.384630079177441075e-06
3.810629641520790756e-05
6.843788014521123841e-06
2.624570915941148996e-04
6.223384843906387687e-05
2.213145126006565988e-05
2.460733412590343505e-05
3.264910992584191263e-05
2.625933575473027304e-06
1.876795522548491135e-06
4.127562533540185541e-06
1.119526814363780431e-06
2.079536443488905206e-06
3.331147672724910080e-05
1.455248333513736725e-03
4.465324309421703219e-05
6.078869773773476481e-06
2.324223169125616550e-05
1.038447226164862514e-05
2.498795583960600197e-05
1.360624883091077209e-04
5.738737309002317488e-05
6.762919838365633041e-06
1.539935474283993244e-04
1.030146904668072239e-05
2.097421884172945283e-06
1.826504012569785118e-05
1.923804302350617945e-05
4.867807729169726372e-05
3.363712312420830131e-05
1.228707446898624767e-06
7.848024097256711684e-07
1.068101119017228484e-04
7.389983693428803235e-06
2.495923399692401290e-05
7.508396171033382416e-03
7.167972216848284006e-05
8.490036270814016461e-05
8.003045877558179200e-06
8.833811989461537451e-06
1.905909954302842380e-07
5.097044322610599920e-06
1.300186909247713629e-06
4.673837338486919180e-06
7.414730589516693726e-07
6.310287403721304145e-07
1.748907720866554882e-07
1.743368557072244585e-06
1.060928639162739273e-06
4.239447207510238513e-06
3.359219036269678327e-08
1.780154832431435352e-07
1.119536580517888069e-03
2.472219421179033816e-05
1.546824569231830537e-05
9.999319445341825485e-05
4.403873390401713550e-06
9.032162751054784167e-08
1.250526565854670480e-06
6.464865691668819636e-06
1.817813597426720662e-07
5.579672901490084769e-08
4.627899841125326930e-08
6.992112844272924121e-08
3.312019103418606392e-08
4.844807790505001321e-07
1.598406953462472302e-07
1.197762600213536643e-07
3.424312637889670441e-07
3.215289154923084425e-07
3.761582263450691244e-07
7.091661018421291374e-07
1.059314058693416882e-06
1.976342218767968006e-07
7.830033155187265947e-08
3.830843070318223909e-06
2.471200843956466997e-07
2.050380345508528990e-07
1.220614990415924694e-06
5.705596208827046212e-07
4.615859836576419184e-07
7.069110807833567378e-08
1.226499534823233262e-06
2.541685717005748302e-06
2.256239213238586672e-06
3.774444934379062033e-08
2.099925723086926155e-06
2.519851989291055361e-07
3.521014093621488428e-07
1.522205650417163270e-07
2.379590924306285160e-08
8.350501957465894520e-06
3.101534821325913072e-05
6.358121481753187254e-06
5.911560378990543541e-07
2.138959189323941246e-06
1.111242181650595739e-05
1.327122276961745229e-06
1.206518027174752206e-05
1.611500010767485946e-05
7.402105927467346191e-01
3.555807052180171013e-04
8.880374662112444639e-05
8.203031757147982717e-05
1.221696939319372177e-02
5.468937524710781872e-05
1.489290688186883926e-02
2.832015510648488998e-03
4.249441623687744141e-02
1.559360098326578736e-04
3.054953122045844793e-04
3.353210195200517774e-05
1.312378793954849243e-01
3.052287036553025246e-03
3.859157208353281021e-03
1.256696297787129879e-03
1.203801657538861036e-04
7.822625320841325447e-07
8.056208571360912174e-07
6.606745159842830617e-07
3.441431601913791383e-07
6.037159323568630498e-07
8.238935151894111186e-06
4.405815730024187360e-07
1.015459201880730689e-05
7.246598698884554324e-08
8.756841270951554179e-05
4.665249093704915140e-07
3.397385910375305684e-07
1.212535778449819190e-07
3.091047801717650145e-06
8.085927447609719820e-07
5.089617388875922188e-06
1.903615702758543193e-05
4.058998115397116635e-07
2.136594275725656189e-06
1.508141735939716455e-07
4.123783128306968138e-07
1.072704307603089546e-07
1.836461507309650187e-07
2.017416278476957814e-07
5.091464458928385284e-07
8.092329721876012627e-07
1.186045679446579015e-07
1.257134840670914855e-07
1.016857027025253046e-06
3.305873542558401823e-05
8.007301948964595795e-05
8.197106637908291304e-08
3.889277522262091225e-08
3.915896286343922839e-06
2.718945779633941129e-07
2.252817381531713181e-07
1.562847273817169480e-07
2.508352849872608203e-07
1.772766466956454678e-07
3.562520760169718415e-06
8.848368224789737724e-07
5.257968993532813329e-08
3.847591756311885547e-07
2.309817091372678988e-06
6.007678621244849637e-07
6.363723059621406719e-07
8.254826298070838675e-07
1.204600295068303240e-07
3.244510082822671393e-08
1.262886485164926853e-06
7.254305387505155522e-07
1.115723335942675476e-07
1.251324022177868756e-07
1.227428583661094308e-06
4.959763373335590586e-06
1.553201229853584664e-07
1.491136572440154850e-06
2.171089363400824368e-06
1.103640670407912694e-06
1.096483629225986078e-06
1.700650216207577614e-07
1.444916688342345878e-05
2.241123553403667756e-07
9.086554655368672684e-07
4.057597493556386326e-07
7.818407254944759188e-08
5.743106044064916205e-07
2.942221755120044691e-08
3.477095233961335907e-08
9.696369670564308763e-05
7.978100029504275881e-07
2.458577728248201311e-05
6.616830887651303783e-06
1.132239617618324701e-06
1.867086609763646265e-07
5.910399067943217233e-07
1.350951947642897721e-06
2.351665102651168127e-07
1.555663766339421272e-05
6.249386501622211654e-07
4.841272627231774095e-08
4.814129397345823236e-07
1.204233939233745332e-07
2.692159341677324846e-06
1.725672291286173277e-06
1.812324512684426736e-07
4.571087686144892359e-08
3.421639291900646640e-07
3.761804521218437003e-07
7.738723070360720158e-06
2.148042597127641784e-07
6.318977625596744474e-07
1.797911409084917977e-06
4.608826316143677104e-07
1.433091227909244481e-07
7.588191692775581032e-07
1.216445411955646705e-06
9.567650067765498534e-07
2.526141713588003768e-07
2.823413751684711315e-07
2.555821629357524216e-05
7.261468795149994548e-07
3.758043476409511641e-07
7.250574071804294363e-06
4.945595719618722796e-07
1.182337541649758350e-06
2.305965381310670637e-06
7.462508801836520433e-05
1.629993420237951796e-07
4.610683745909227582e-08
1.429440565914319450e-08
6.162093768580234610e-07
3.391756138171331258e-07
5.083335508970776573e-06
2.191640760429436341e-06
8.215001230382767972e-07
1.027415419230237603e-05
1.184324318614926597e-07
2.332311908048723126e-07
3.316524441743240459e-07
1.028461952046200167e-06
3.125684315818944015e-07
4.167577287716994761e-07
2.059376136287482950e-08
1.488977119379342184e-07
2.562476879575115163e-07
6.269782204526563874e-08
4.895946403848938644e-07
3.133943380362325115e-07
2.349602681306350860e-07
1.929403651956818067e-06
4.364651999821944628e-07
1.332588453806238249e-06
9.781043672774103470e-07
7.444087657404452330e-08
7.273068149515893310e-06
8.093904284578457009e-07
1.479165575801744126e-06
3.645026538379170233e-07
1.096121877708355896e-06
2.769370510691260279e-08
1.586437974765431136e-06
5.647791923024669813e-08
5.984305971651338041e-06
5.076574325357796624e-07
2.980521821882575750e-05
1.680392415437381715e-06
3.736280405064462684e-07
5.159751026440062560e-07
3.816717537574731978e-07
2.387405828585542622e-08
7.587159700506163063e-08
2.469659818871150492e-07
3.434536495205975370e-07
2.655713160493178293e-07
3.013487059888575459e-07
1.067429451495627291e-07
5.232944317867804784e-07
5.181146116228774190e-05
9.538360609440132976e-05
1.666441107772698160e-06
1.071658857654256281e-06
7.407118687297042925e-07
1.006033585326804314e-06
1.085066472228390921e-07
5.808227570014423691e-07
6.490979103546123952e-06
7.789438427607819904e-07
3.580340489861555398e-06
2.523136686249927152e-07
7.679117857151140925e-07
2.984107823067461140e-07
1.744909496892432799e-07
2.923532747445278801e-06
9.072925308828416746e-07
1.920110861419743742e-07
6.955176104384008795e-06
6.345869110191415530e-07
3.391769212157669244e-07
6.063412438805926286e-09
1.138317173854375142e-07
1.341369738838693593e-06
1.063894274011545349e-06
8.154244142133393325e-07
3.154111993808328407e-08
9.086597287932818290e-07
1.044180208964462508e-07
3.764002713069203310e-06
8.191285814973525703e-06
9.770270281705961679e-08
1.626760990802722517e-06
5.290774751642857154e-08
5.347408205125248060e-07
1.428241603207425214e-06
1.090595436181729383e-08
1.415116628322721226e-07
1.058960492628102656e-06
2.801266873575514182e-06
2.403430130470951553e-07
1.201856605348439189e-07
2.108076159856864251e-06
1.771321649357560091e-07
3.163468818456749432e-06
6.035211299604270607e-06
2.121521447406848893e-07
1.958269280066815554e-07
6.050039246474625543e-06
2.562457552812702488e-07
3.078962720337585779e-07
6.731913799740141258e-07
4.841103873332031071e-07
4.971862921365755028e-08
1.646951204747892916e-06
1.124588777656754246e-07
2.802941025947802700e-07
3.562026336112467106e-07
3.303511448393692262e-06
8.164230536067407229e-08
1.276949433304253034e-06
4.838796030526282266e-07
9.418720736675822991e-08
1.075203954314929433e-06
4.674224783229874447e-06
6.680133424197265413e-08
4.357941179478075355e-06
8.396327189075236674e-07
2.355629078465426574e-07
1.517254077043617144e-06
4.145974799030227587e-06
1.487670715505373664e-06
5.855457061443303246e-07
1.030575731419958174e-06
1.056258497555973008e-06
1.901677819660108071e-07
1.115376448979077395e-07
9.125737960857804865e-07
2.693977840806383028e-08
1.037671495396352839e-06
2.118016936947242357e-06
2.530350002416525967e-06
4.377359800855629146e-06
3.358053618285339326e-06
9.076957780962402467e-07
3.649141149253409822e-07
3.826987267530057579e-06
5.016081559006124735e-07
5.227808941299372236e-08
9.611273708287626505e-05
5.052367555435921531e-07
4.865217420046974439e-07
1.078632649864630366e-07
1.647200224397238344e-05
6.100121368035615887e-07
5.795507149741752073e-07
8.431311471213120967e-07
2.858770812963484786e-06
3.657584812799541396e-08
6.857200673948682379e-08
3.454449881701293634e-07
1.153448963009395811e-07
9.969943448595586233e-07
3.936814607641281327e-07
1.554694449623639230e-06
2.034900489888968877e-06
6.954243758627853822e-07
2.725774174905382097e-05
1.428962832505931146e-07
4.617735385181731544e-07
4.734022809316229541e-07
1.214791041093121748e-06
7.582920602544618305e-08
2.926293873883878405e-08
1.759076297958017676e-07
2.380892993869565544e-07
3.540716591032833094e-07
5.244925205261097290e-07
1.357704263682535384e-06
2.329762054387174430e-07
8.380231406590610277e-07
2.181756855179628474e-07
4.551334768621018156e-06
8.721133781364187598e-06
7.231586778289056383e-07
1.899731955745664891e-06
1.022688849161568214e-07
2.882618588273544447e-08
1.464535444029024802e-06
1.269495328415359836e-06
5.972563030809396878e-07
2.920325187005801126e-06
1.416340637661051005e-06
8.737144980841549113e-07
1.075355726243287791e-06
1.919225724122952670e-06
5.252796597687847679e-08
1.362050880970855360e-07
7.209644081740407273e-06
5.004399281460791826e-05
2.707666624246485298e-07
9.870715985016431659e-06
2.574614654804463498e-07
1.582914279651959077e-07
1.226701897394377738e-06
2.255085007618617965e-07
9.931027307175099850e-07
2.703434915929392446e-07
1.971588829974280088e-07
1.903935213931617909e-07
8.674800824337580707e-07
9.148917001766676549e-07
2.894533508879248984e-06
3.330156062020250829e-07
7.499328376070479862e-07
6.071693405829137191e-07
9.043755966331445961e-08
4.988593218513415195e-07
7.043025789243984036e-07
5.857683404997260368e-08
2.436287331875064410e-07
1.421306361493179793e-08
1.557883297209627926e-05
1.791031877473869827e-06
1.301320594393473584e-06
9.606191753164239344e-08
1.301608563153422438e-06
2.338640797461266629e-06
7.885950026320642792e-07
5.812660788251378108e-07
4.862318405685073230e-07
7.843186722311656922e-08
2.160744827506277943e-08
1.802669800099465647e-07
2.089263801963170408e-07
2.308476041434914805e-06
1.854880014434456825e-03
2.485673178398428718e-07
4.098029933174984762e-07
2.975621100631542504e-06
2.254786011235410115e-07
6.413646929104288574e-07
6.139767947388463654e-07
3.155768126816838048e-07
1.254906237591058016e-06
1.118328441407356877e-06
5.144870101503329352e-06
2.453643674016348086e-06
1.375987892515695421e-07
7.330995686061214656e-07
4.360163359251600923e-07
2.362038031833435525e-07
7.034594204924360383e-07
2.500781306480348576e-07
1.252741981261351611e-06
3.366950522831757553e-07
2.301942231497378089e-06
1.479533921155962162e-06
8.738766155147459358e-08
1.024160269480489660e-06
6.220729176220629597e-08
3.098007823609805200e-07
2.594198849692475051e-05
7.827700869711406995e-07
1.251165940630016848e-06
8.329298907483462244e-06
1.601786493665713351e-06
2.602716904220869765e-06
1.035294800999508880e-07
2.663924192347622011e-07
5.049214735208806815e-08
3.595541784306988120e-07
1.604470156735260389e-07
6.335441327109947451e-08
5.760917360930761788e-07
1.866749244072707370e-06
4.698166158050298691e-04
3.017123617610195652e-06
2.218095715988965821e-07
2.805844360409537330e-06
7.695168591226320132e-08
3.010216096299700439e-05
7.190914743659959640e-07
1.305939889562068856e-07
1.130604323407169431e-05
4.671132103339914465e-08
1.118750319051287079e-07
6.190177259668416809e-07
1.006747652354533784e-06
9.627514430121664191e-08
3.618402786287333583e-07
5.763920896129093308e-08
2.422764566745172488e-08
1.775262035152991302e-07
4.126301007545407629e-07
8.302116043523710687e-07
2.383156697760568932e-06
2.747436589345397806e-08
1.701915834928513505e-07
5.301937378021648328e-08
1.002008161776757333e-06
2.213618017776752822e-07
2.165871819670428522e-06
5.639387268274731468e-07
4.428035822456877213e-07
1.776071343329022056e-07
1.485607981521752663e-06
4.544713760878948960e-07
7.761209417367354035e-07
2.305716861883411184e-06
4.662409082811791450e-06
1.846768327595782466e-06
5.114954092277912423e-06
5.220716730036656372e-07
5.796380264655454084e-07
7.081841317813086789e-07
5.688942792403395288e-07
1.636099966617621249e-07
1.844536427597631700e-06
3.892108907166402787e-06
8.602993375461664982e-07
3.526802856868016534e-06
3.303714493085863069e-07
1.141679376814863645e-06
1.613287281543307472e-08
6.837899491074495018e-07
2.872302218293043552e-07
1.874453836592238076e-08
8.836393590172519907e-07
1.851055770885068341e-07
2.936611167569935787e-07
8.511254634413489839e-08
1.307386014559597243e-06
1.017101567413192242e-06
2.841417483523400733e-07
1.215861971104459371e-06
9.564306679976652958e-08
2.401415258646011353e-06
1.216277155435818713e-06
2.645054451022588182e-07
1.128349367718328722e-06
2.389621158727095462e-07
2.822530973389802966e-07
2.015182872128207237e-06
6.771832516960785142e-08
3.313391800929821329e-07
1.660985446960694389e-07
4.849615606872248463e-07
9.346438645252419519e-08
2.399612242243165383e-07
4.682954397594585316e-07
2.500448545106337406e-06
1.009511720440059435e-06
4.765508947457419708e-07
1.781521177690592594e-06
5.126212840877997223e-07
3.544354854057019111e-07
1.043036149894760456e-06
3.405935444789065514e-08
7.333057965297484770e-07
1.236428488482488319e-07
4.506999289333180059e-07
1.991951137370051583e-07
3.401934520752547542e-07
3.263556322963268030e-07
1.230400101803752477e-07
8.773746174028929090e-08
1.621653211714146892e-07
6.763225997019617353e-07
8.365012149624817539e-07
6.479249350377358496e-07
3.839556939055910334e-07
8.345466540049528703e-07
4.393358778997935588e-07
9.784196208784123883e-07
7.096034693176989094e-08
2.365888605027066660e-07
1.094536173695814796e-06
1.407476474923896603e-06
5.709586048396886326e-07
1.242633970832685009e-06
1.130340123722817225e-07
1.453041249988018535e-06
2.045344672296778299e-06
1.468823825234721880e-06
8.780886417980582337e-08
4.275071603387914365e-07
2.163050112358178012e-06
4.851347966905450448e-06
1.500355665484676138e-06
8.686896535436972044e-07
3.474193306374218082e-07
1.789751195246935822e-06
1.990525078099381062e-07
4.293467270599649055e-08
1.008477283903630450e-06
5.516978944797301665e-07
2.578423118393402547e-05
1.199118742079008371e-06
5.728143605665536597e-06
5.549119350689579733e-07
1.741074697747535538e-07
5.694445007975446060e-06
2.486456878614262678e-06
1.434486648577149026e-06
3.511907607389730401e-06
1.018544395492426702e-07
3.685839601530460641e-06
4.419277672695898218e-07
1.071129645424662158e-06
2.485886625436251052e-07
2.114927895036089467e-07
3.722865812960662879e-06
1.430843354910393828e-07
1.879152478068135679e-06
2.407645752100506797e-06
2.008558652732972405e-07
7.538361046499630902e-08
6.868768878121045418e-07
2.853255409718258306e-08
3.406403337180563540e-08
2.813002026869071415e-07
6.163337729958584532e-06
4.253998042713647010e-08
1.232532866879409994e-07
1.113012240239186212e-05
1.086356178348069079e-06
6.965580610085453372e-07
1.009230572890373878e-06
1.208551225317933131e-06
7.148406098167470191e-07
7.024401838862104341e-06
1.233927662269707071e-07
2.002193753014580579e-07
5.891198497920413502e-07
4.228603245337581029e-07
3.892582469688932179e-07
2.139768042752621113e-07
3.115668505415669642e-06
2.819512019414105453e-07
7.900975447228120174e-07
3.016917560216825223e-07
5.662623081548190385e-08
6.280937014935261686e-08
6.914683581271674484e-07
9.013469366436765995e-07
1.150455887000134680e-06
3.367220244854252087e-07
5.700761107618745882e-07
8.971512215794064105e-06
6.818370934524864424e-07
4.473542105642991373e-07
8.070588251030130778e-07
6.321279784060607199e-07
6.857814582872379106e-08
2.243286445491321501e-08
4.187020294921239838e-06
1.244648501597112045e-05
1.908530248329043388e-03
4.963172273164673243e-07
1.512927241265060729e-07
6.857796051917830482e-06
1.244785607923404314e-06
3.324570116092218086e-06
4.118292906696296996e-07
1.312409153797489125e-06
3.183030017339660844e-08
2.127477046087733470e-06
3.999837971946362813e-08
8.448778316960670054e-07
1.642685134584098705e-07
1.557603752644354245e-07
1.730843450786778703e-07
6.140286501477021375e-08
2.731149777446262306e-07
2.263933993162936531e-06
3.628223339546821080e-07
1.574947816607163986e-08
2.011729236528481124e-07
1.413946293382650765e-08
1.498358841445224243e-07
8.507318938200114644e-08
6.796402090003539342e-07
1.196143983861475135e-07
1.204140858135360759e-07
6.093652871186350239e-08
3.132016104245849419e-07
8.042973718147550244e-07
2.538901071602595039e-07
2.914875665283034323e-07
1.715204462016117759e-06
2.859464700577518670e-07
5.887944553251145408e-06
7.986668606463354081e-06
2.137260707968380302e-06
2.346718304124806309e-07
6.287358473855420016e-07
7.176678877840458881e-07
1.727607923385221511e-07
2.549460305090178736e-07
1.538916421850444749e-06
7.492608915526943747e-07
5.195393271151260706e-08
1.705413183117343578e-06
1.076415082934545353e-05
7.194525863951639622e-08
3.635850589489564300e-07
6.162860444192119758e-08
2.754962906692526303e-07
1.810107441713171283e-08
1.899691959295068955e-08
9.172763526521521271e-08
2.686578454813570715e-06
1.035084480349723890e-07
7.163365012274880428e-07
2.987517788710647437e-08
1.439199786545941606e-05
1.324696995652629994e-06
1.277308274438837543e-05
5.270876954455161467e-06
7.690961751904978883e-07
7.543694664491340518e-05
1.165675712400116026e-06
1.663069042479037307e-06
6.173049314384115860e-06
3.666927796075469814e-06
1.830259066082362551e-06
2.102054708075229428e-07
2.563250291132135317e-06
2.094458722012859653e-07
1.920788599818479270e-05
9.403754575032508001e-07
2.442870481900172308e-06
1.541633992019342259e-06
7.112719231372466311e-07
2.016835196627653204e-07
7.848300924706563819e-07
9.728812074172310531e-06
9.994380434363847598e-07
3.028012361028231680e-05
6.978876172070158646e-06
1.023300592351006344e-05
6.991642749198945239e-07
5.277906325318326708e-07
8.578902452427428216e-06
4.731152500880853040e-07
