2.436101931380107999e-05
7.211914635263383389e-06
3.870564978569746017e-05
2.755394234554842114e-05
1.095128845918225124e-05
1.220169360749423504e-04
2.255965046060737222e-05
2.945763058960437775e-02
8.115814998745918274e-03
3.732215845957398415e-04
7.170187359406554606e-07
9.929674433806212619e-07
6.462172677856869996e-06
7.730159268248826265e-08
9.537551477478700690e-07
2.750785142779932357e-06
1.726824848446995020e-06
7.154920353968918789e-07
1.693593048912589438e-06
1.492093133492744528e-07
5.594608865067129955e-06
8.174921276804525405e-06
4.162457685197296087e-07
1.818817872845102102e-05
1.794969080037844833e-07
5.999060249450849369e-06
5.653771950164809823e-05
5.719022738048806787e-06
9.992409104597754776e-07
1.757177051331382245e-05
4.859820705860329326e-07
6.816947575316589791e-07
2.555081891841837205e-06
9.920104275806806982e-07
3.438025714785908349e-06
8.902201216187677346e-07
1.163983415608527139e-05
2.045616867007993278e-07
7.689206540817394853e-06
1.115879786084406078e-05
1.209538254443032201e-06
1.340371113656146917e-06
2.330398092453833669e-05
6.478577415691688657e-05
4.416740011947695166e-06
6.839583193141152151e-07
4.056003604091529269e-07
1.436023921996820718e-06
4.516536591836484149e-06
1.687663170741870999e-04
3.658143668872071430e-06
3.139792534057050943e-05
3.772606760321650654e-06
4.790827006218023598e-07
8.649230949231423438e-06
1.010897221931372769e-06
7.300050697267579380e-08
4.367208816802303772e-07
1.073586076927313115e-06
4.209317012282554060e-06
3.509782118271687068e-06
2.212608251284109429e-06
6.419053988793166354e-06
1.064637854142347351e-05
1.436447178093658295e-06
3.745613526007218752e-07
3.782580461120232940e-05
2.428992729619494639e-06
3.552641146598034538e-06
7.802829600223049056e-07
3.558620846888516098e-07
3.208887449090980226e-07
3.708500798893510364e-06
2.547513940953649580e-05
5.091967523185303435e-06
7.479195005544170272e-07
1.588001737218291964e-06
4.846865522267762572e-07
1.237135165865765885e-05
1.667778406044817530e-06
1.029153736453736201e-06
3.373929189365298953e-07
2.067291825369466096e-05
4.944973989040590823e-05
5.995271567371673882e-05
1.530619920231401920e-05
1.129612428485415876e-04
2.685879508135258220e-06
8.928720490075647831e-05
4.687653017754200846e-06
5.500630777532933280e-07
1.270423240384843666e-06
3.832005404547089711e-06
6.750783541065175086e-07
7.479159830836579204e-05
2.364299689361359924e-06
1.164118756946663780e-07
7.058333721943199635e-06
2.973309392473311163e-06
7.257184915943071246e-05
3.874970934703014791e-05
8.830860315356403589e-05
4.542840088106459007e-06
2.527842070776387118e-06
5.890556494705379009e-04
3.505187851260416210e-05
1.577653529238887131e-05
9.258304089598823339e-06
1.096569462788465898e-06
7.479608825633476954e-07
7.019851864242809825e-07
1.805570661872479832e-07
6.777868293283972889e-06
2.333666088816244155e-06
6.556435437232721597e-06
1.372146016365149990e-05
2.148095887832823792e-07
1.538055357741541229e-06
6.766942988178925589e-07
1.656527047089184634e-06
1.159835164799005724e-06
3.310942702228203416e-06
4.609222742146812379e-05
2.799088179017417133e-06
7.614310743520036340e-05
7.052705086607602425e-07
1.143941972259199247e-06
1.449872943339869380e-04
1.319945586146786809e-04
6.805318407714366913e-03
1.755355624482035637e-03
2.249889075756072998e-05
1.238469703821465373e-04
3.283516434748889878e-06
1.670030760578811169e-03
2.539167689974419773e-05
1.860019692685455084e-04
1.019781279865128454e-06
3.101995098404586315e-04
2.874985227663273690e-07
3.621151165589253651e-07
8.626146154711022973e-05
1.225370169777306728e-06
5.734508476962218992e-07
3.472203388810157776e-05
8.651775829093821812e-07
1.899581775433034636e-06
8.977254850606186665e-08
3.654121485396899516e-07
1.696042488674720516e-07
9.015804607770405710e-06
2.127899497281759977e-04
3.937532528652809560e-05
1.554003210912924260e-05
2.573093979663099162e-06
7.604090114909922704e-06
9.299033990828320384e-06
2.909998875111341476e-05
5.153794190846383572e-04
1.461733627365902066e-04
2.017382939811795950e-04
4.501001058088149875e-06
2.147607574443100020e-06
7.478867337340489030e-05
3.797356112045235932e-05
3.628369449870660901e-05
4.153046756982803345e-04
5.403656396083533764e-04
2.025187015533447266e-03
3.363294235896319151e-04
2.230175887234508991e-04
1.586140133440494537e-03
1.853655441664159298e-03
1.471421401947736740e-02
7.124518742784857750e-05
2.305705129401758313e-05
1.352241844870150089e-03
8.310379926115274429e-04
4.778194997925311327e-04
2.996705370605923235e-05
3.480392333585768938e-04
6.647815462201833725e-05
7.060616553644649684e-06
3.684697730932384729e-04
8.687656372785568237e-04
4.057586193084716797e-05
6.611006683669984341e-04
5.638791844830848277e-05
9.252531453967094421e-04
9.684162796474993229e-05
1.348451187368482351e-04
1.111309102270752192e-04
7.989560253918170929e-05
3.788990725297480822e-04
4.038759470859076828e-06
2.694710565265268087e-04
7.712829392403364182e-05
1.439128682250156999e-04
1.962750247912481427e-04
1.893932785606011748e-04
5.870717723155394197e-05
1.312788663199171424e-04
2.317742291779723018e-05
1.873973524197936058e-04
5.989499550196342170e-05
1.772947689460124820e-05
6.071746611269190907e-05
7.302282756427302957e-05
5.761638749390840530e-05
2.594440593384206295e-04
1.543011021567508578e-04
3.157770959660410881e-03
9.378240210935473442e-04
1.858136965893208981e-03
1.276322109333705157e-05
5.280288314679637551e-05
2.247139855171553791e-05
1.329199221800081432e-05
3.571472916519269347e-05
9.153416613116860390e-06
4.715086106443777680e-05
1.784334563126321882e-05
5.537891993299126625e-04
4.422822385095059872e-04
1.431077020242810249e-03
2.518556430004537106e-04
3.436999686527997255e-04
4.045012593269348145e-02
2.085532527416944504e-03
1.411199045833200216e-04
1.864098012447357178e-04
9.091093088500201702e-04
1.922991941682994366e-04
5.821816012030467391e-05
1.860348857007920742e-05
5.480654726852662861e-05
7.492038886994123459e-03
1.994977239519357681e-03
5.610999505734071136e-05
4.464526227820897475e-06
4.680200436268933117e-05
4.679682751884683967e-05
1.401374611305072904e-04
3.251252201152965426e-05
2.331064752070233226e-05
7.096367426129290834e-06
1.903645112179219723e-03
6.851324542367365211e-06
2.110087953042238951e-04
9.167521784547716379e-05
2.874075435101985931e-04
1.382124719384592026e-05
1.293341392738511786e-05
4.549296107143163681e-03
8.844611329550389200e-06
2.556076424298225902e-06
1.916280598379671574e-05
7.196785882115364075e-04
3.473465330898761749e-04
4.339352017268538475e-05
4.109133078600279987e-05
2.334976124984677881e-05
1.060713839251548052e-04
9.467450581723824143e-06
4.454243025975301862e-06
1.661060196056496352e-05
6.335430498438654467e-06
1.825192302931100130e-04
1.088376389816403389e-03
1.099791610613465309e-03
1.881806092569604516e-04
9.228931157849729061e-04
5.379184731282293797e-04
1.667217933572828770e-03
1.145748607814311981e-02
2.469524915795773268e-04
1.587359874974936247e-04
8.696736767888069153e-05
3.704741538967937231e-05
1.761333578542689793e-06
3.666711272671818733e-04
4.966710184817202389e-05
1.069894915417535231e-05
5.461716682475525886e-06
6.275304258451797068e-06
4.230237755109556019e-05
5.834349212818779051e-05
7.102118979673832655e-05
4.393845301819965243e-05
5.853012225998099893e-07
3.905621724697994068e-06
2.009356976486742496e-04
3.926328281522728503e-05
8.932011951401364058e-06
1.527046988485381007e-04
2.325981768080964684e-05
4.572790714973962167e-07
2.675849600564106368e-06
5.651413175655761734e-06
5.154648533789440989e-06
4.428199190442683175e-06
5.603247998919869133e-08
6.476368980656843632e-06
1.275068370887311175e-06
2.336799298063851893e-06
6.612017955376359168e-08
1.160329247795743868e-05
4.200276180199580267e-07
3.516081790166936116e-07
1.285638859371829312e-06
4.317904313211329281e-06
2.245154246338643134e-05
2.394391594862099737e-05
4.384450221550650895e-06
9.007833432406187057e-05
3.458061428318615071e-06
2.401484948677534703e-07
6.277408033383835573e-07
2.377533746766857803e-06
8.357849765161518008e-06
5.546358465835510287e-07
4.581291705108014867e-06
6.093857336963992566e-06
2.254871333207120188e-06
2.932004235844942741e-06
1.636557499296031892e-05
3.332561675506440224e-07
2.095757736242376268e-05
1.332939405074284878e-06
1.295581341764773242e-06
2.040444087469950318e-05
1.079819048754870892e-04
2.046110603259876370e-05
3.411666114061517874e-07
3.413555077713681385e-06
3.663920142571441829e-05
2.309575961589871440e-07
2.786880941130220890e-06
1.590211354596249294e-06
3.135119080543518066e-01
3.148057265207171440e-03
3.783574502449482679e-04
2.840521046891808510e-04
5.575386807322502136e-02
4.164681740803644061e-05
1.509028300642967224e-02
1.651232247240841389e-03
2.967192449432332069e-05
5.923173157498240471e-04
2.488551894202828407e-03
9.000496356748044491e-04
1.609393060207366943e-01
1.659709587693214417e-02
6.866344064474105835e-02
7.629404962062835693e-02
1.910005323588848114e-02
1.469491689931601286e-05
8.163227903423830867e-06
2.400863650109386072e-06
1.098207940231077373e-05
2.258723725390154868e-06
1.323980541201308370e-05
6.333835699479095638e-06
1.325473131146281958e-04
4.283384987502358854e-05
1.558205112814903259e-04
2.117258901535024052e-07
5.162010552339779679e-07
1.583107064107025508e-06
1.599162169441115111e-05
6.130890142230782658e-06
4.271058423910290003e-05
2.613754186313599348e-04
1.920078284456394613e-05
3.935921631637029350e-05
4.396571966935880482e-06
1.173444979940541089e-05
6.922747388671268709e-07
3.978736913268221542e-07
1.923590843944111839e-06
6.527636742248432711e-06
1.410904405929613858e-05
3.358979483891744167e-06
3.479882252577226609e-06
3.589281050153658725e-06
2.147210325347259641e-04
7.160235327319242060e-06
1.173824898614839185e-06
4.723821973584563239e-07
4.250227939337491989e-03
5.457166480482555926e-06
1.179879996925592422e-03
1.728538563838810660e-06
3.534127870352676837e-07
1.831156696425750852e-04
1.970393816009163857e-03
8.168429303623270243e-06
1.275269028155889828e-06
1.259490090887993574e-06
3.531592938088579103e-06
7.279862074938137084e-06
1.339237223874079064e-05
1.792146008483541664e-06
1.636925759385121637e-07
7.872740184211579617e-07
6.492459760920610279e-06
5.045311809226404876e-06
3.786010665862704627e-06
1.261503598470881116e-06
4.320660082157701254e-06
3.935418862965889275e-05
3.057410503970459104e-05
3.651317456387914717e-05
7.022044883342459798e-06
9.204547495755832642e-06
7.370463208644650877e-07
2.943740810223971494e-06
7.420645124511793256e-05
1.143867734754167031e-06
2.599264462332939729e-06
5.191194304643431678e-06
1.567202048136095982e-06
6.180386549203831237e-07
5.417861643763899338e-07
9.584751836655414081e-08
1.004901248961687088e-03
1.182388359666219912e-06
2.878236409742385149e-05
1.082330563804134727e-04
8.390084644815942738e-07
1.237192350345139857e-06
1.885932761069852859e-05
4.545550837065093219e-05
8.148511199124186533e-08
6.578228203579783440e-05
6.247638793865917251e-06
1.250816580977698322e-06
3.506591747282072902e-05
2.921609620898379944e-06
8.918572348193265498e-06
5.373098701966227964e-06
1.495277729191002436e-06
1.260871522390516475e-05
5.722378318750998005e-06
1.151650849351426587e-05
8.759243428357876837e-06
2.280917897223844193e-06
8.748978643779992126e-07
1.806665532058104873e-04
2.146310544048901647e-05
1.499927435588688240e-07
5.532111754291690886e-05
4.130975139560177922e-05
5.889202384423697367e-06
9.186149327433668077e-06
3.136528675895533524e-06
1.435817917808890343e-03
1.891851184154802468e-06
6.513750577141763642e-06
8.914188947528600693e-05
3.834886229014955461e-06
2.415290364297106862e-04
1.093051978386938572e-04
7.431480917148292065e-04
8.883156965566740837e-08
1.021390744426753372e-05
3.136790382995968685e-07
1.872098800959065557e-04
6.411984259102609940e-07
1.187079120427370071e-03
5.700120527762919664e-05
2.046728241111850366e-06
8.288028766401112080e-05
3.869472209316882072e-07
4.186381829640595242e-06
3.136842906314996071e-06
2.516368986107409000e-04
1.085142685042228550e-06
2.094375986416707747e-06
1.725938290064732428e-07
8.153389217113726772e-07
3.804487960223923437e-06
7.526110721300938167e-07
3.768372334889136255e-05
1.715616917863371782e-06
4.814483531845326070e-07
9.050556400325149298e-06
2.580306272648158483e-06
1.152646382251987234e-05
3.740708780242130160e-05
1.759872066031675786e-05
7.193571218522265553e-05
1.328953885604278184e-06
2.217568408013903536e-06
1.545244012959301472e-04
4.116249783692182973e-06
6.339066021610051394e-05
2.273999416502192616e-05
8.431642299910890870e-07
2.485998447809834033e-05
5.046625574323115870e-06
2.837877022102475166e-03
7.882413228799123317e-06
2.352464889554539695e-06
9.397116627951618284e-06
7.760544394841417670e-05
3.514117565828200895e-07
2.762719191196083557e-07
1.078980972124554683e-06
1.295367610509856604e-06
7.027721835584088694e-07
7.596446494062547572e-07
1.869510924734640867e-06
5.003039768780581653e-05
2.744457160588353872e-04
2.208413352491334081e-04
1.932268241944257170e-05
6.267304706852883101e-05
2.594650368337170221e-06
5.349512775865150616e-06
3.515702928780228831e-07
2.352900082769338042e-06
3.980864712502807379e-04
8.363960660062730312e-05
3.053914697375148535e-04
1.188958594866562635e-05
1.335898332399665378e-06
7.102544827830570284e-07
5.906740170757984743e-06
6.839821708126692101e-06
2.257143250972148962e-06
1.338546269380458398e-07
2.874864912882912904e-05
4.984197403246071190e-06
7.593056920995877590e-07
4.984408974451071117e-07
4.757875728955696104e-07
2.283572212036233395e-05
6.742049663444049656e-06
2.252211743325460702e-05
7.482055934815434739e-07
1.971365600184071809e-05
2.057119218079606071e-06
2.517283519409829751e-06
7.372270192718133330e-05
4.592860136654053349e-07
9.846516149991657585e-06
3.011045919265598059e-07
2.802314838845632039e-06
2.118988959409762174e-06
2.451233456213230966e-07
1.543083669730549445e-07
1.569573578308336437e-05
8.782424743003502954e-07
5.211447387409862131e-06
1.092253683054877911e-06
3.022545570274814963e-05
1.129966913140378892e-04
7.937499321997165680e-05
2.617107566038612276e-05
4.618669890987803228e-07
2.836706300968216965e-07
1.320065803156467155e-05
1.876276769507967401e-06
3.395794465177459642e-06
7.920348821244260762e-07
1.352769231743877754e-05
1.270340817427495494e-06
8.075458936218637973e-06
1.291789999413595069e-06
3.463910161372041330e-06
4.915045792586170137e-06
1.204429281642660499e-05
3.925841269847296644e-07
5.672756014973856509e-05
1.415046699548838660e-05
3.652924760899622925e-06
1.760601444402709603e-04
7.582839316455647349e-05
1.318798013016930781e-06
1.993975820369087160e-05
5.852710955878137611e-07
1.248857643076917157e-05
1.318262511631473899e-04
1.767940716490556952e-06
2.623968839543522336e-06
2.423143769192392938e-06
2.712609784794040024e-06
1.955551169885438867e-06
5.543082806980237365e-06
5.307732635628781281e-07
2.315181882295291871e-05
5.400006486411257356e-08
2.173646180381183513e-06
3.836600080830976367e-05
8.615831575298216194e-06
7.283504965016618371e-05
1.358496501779882237e-05
2.625303068271023221e-06
5.101343504065880552e-06
5.506247180164791644e-05
7.842070044716820121e-05
4.331572654336923733e-06
1.493866788223385811e-03
1.851937895480659790e-06
1.258660290659463499e-06
5.937319542681507301e-07
4.554016413749195635e-05
3.017978542629862204e-06
1.098726443160558119e-05
4.525161784840747714e-05
5.944441727478988469e-05
1.413658719684462994e-05
2.288464457933514495e-07
3.166048190905712545e-05
4.739798953323770547e-08
3.365604243299458176e-06
3.155881586280884221e-06
3.523964187479577959e-05
1.669219273026101291e-05
2.053606522167683579e-06
1.414655343978665769e-05
6.369504603753739502e-07
3.804108530403027544e-07
5.914654593652812764e-06
2.920002543760347180e-06
7.531050982834130991e-07
1.663047726196964504e-07
3.998368356405990198e-07
5.931026407779427245e-07
1.068960045813582838e-06
5.596425012299732771e-07
8.638807003080728464e-07
1.576671166958476533e-07
4.069411261298228055e-06
3.777979884489468532e-07
5.853071925230324268e-04
1.407750678481534123e-04
2.295135163876693696e-05
3.782827434406499378e-06
2.507726435396762099e-07
4.894229164165153634e-07
4.154005182499531657e-06
2.815299740177579224e-05
1.304718898609280586e-05
8.092971984297037125e-05
1.109127406380139291e-04
3.032620725207380019e-06
8.865558243087434676e-07
6.240240327315405011e-05
9.181642894873220939e-07
8.123027441797603387e-07
3.456894091868889518e-06
3.700144297908991575e-04
1.665700892772292718e-06
2.842865251295734197e-05
5.412370228441432118e-06
1.773364374457742088e-06
3.901556283381069079e-06
2.324350589333334938e-06
9.093378321267664433e-05
2.402038489890401252e-06
1.348654336652543861e-06
2.438537921989336610e-05
2.335103999939747155e-06
1.784664709703065455e-05
4.059990169480443001e-05
3.621840278356103227e-06
3.698727596201933920e-06
2.222555485786870122e-05
3.536662006808910519e-06
8.027936019061598927e-06
2.131664041371550411e-05
1.864940628593103611e-07
1.468842947360826656e-05
1.158960571956413332e-06
1.696097780950367451e-03
4.836944754060823470e-06
2.611829040688462555e-05
3.192943438534712186e-07
2.007555303862318397e-05
6.292353191383881494e-06
8.478842573822475970e-06
3.031812593690119684e-05
8.584509487263858318e-06
4.967984068571240641e-07
9.398218736578201060e-08
8.396019524070652551e-08
2.526600610508467071e-06
8.901445835363119841e-05
3.053746186196804047e-02
6.125585514382692054e-07
2.317147846042644233e-05
2.293799070685054176e-06
7.891155746619915590e-07
1.608068146197183523e-06
5.509117272595176473e-06
1.197501205751905218e-05
4.105455082026310265e-05
2.131851215381175280e-05
3.885217302013188601e-05
2.200121161877177656e-05
6.160029442980885506e-06
3.551335612428374588e-05
3.583415491448249668e-06
3.599077444960130379e-06
4.985053692507790402e-06
6.204129476827802137e-06
4.879676453128922731e-06
2.100182427966501564e-06
3.656033641163958237e-06
6.666950298495066818e-07
1.509628333451473736e-07
6.237274192244512960e-06
3.710083831265365006e-07
5.607080765912542120e-06
1.177653030026704073e-04
2.119977352776913904e-06
1.798499033611733466e-05
1.042739895638078451e-04
6.221450234988878947e-07
2.931913513748440892e-05
8.728884495212696493e-07
3.530086178216151893e-05
1.030015823744179215e-06
2.624818625918123871e-05
7.447787453429555171e-08
3.144024731227545999e-06
6.081879837438464165e-04
1.656520794313109946e-06
6.885198527015745640e-04
3.961419497500173748e-05
3.099308685250434792e-07
5.826575579703785479e-05
1.242980147253547329e-06
2.756642934400588274e-04
2.844575192284537479e-06
8.974301834996367688e-08
3.429794378462247550e-05
2.091148871841141954e-06
2.139869366146740504e-06
1.259175951418001205e-05
3.434869768170756288e-06
2.681357273104367778e-06
9.720275784275145270e-07
8.707811360864070593e-08
2.581498677045601653e-07
4.953533789375796914e-06
1.192204854305600747e-05
3.907268364855553955e-06
5.852538743056356907e-05
2.733296014412189834e-06
8.603859896538779140e-06
5.820127171318745241e-07
1.177600097435060889e-06
1.476356374041642994e-05
1.640074515307787806e-05
7.777930477459449321e-06
5.392459570430219173e-05
3.774904371312004514e-07
9.056756425707135350e-06
2.304217787241213955e-06
2.627729008963797241e-05
9.735810635902453214e-06
4.315148180467076600e-05
2.498328649380709976e-05
9.645984391681849957e-05
2.722891622397582978e-06
1.915835582622094080e-06
4.023908331873826683e-06
5.613105258817085996e-06
4.524717098774999613e-07
8.763666846789419651e-05
4.436099061422282830e-06
9.991580327550764196e-07
6.148200918687507510e-05
1.717978739179670811e-05
8.840444934321567416e-06
1.623845605536189396e-06
3.265525947426795028e-06
3.790555638261139393e-06
8.414660328526224475e-07
7.344344339799135923e-06
1.295929052957944805e-07
9.581594895280431956e-07
1.461880060560361017e-06
6.331048643914982677e-05
6.048657814972102642e-05
5.504380624188343063e-06
4.940352482663001865e-06
4.475862169783795252e-06
1.319162838626652956e-04
6.957913865335285664e-05
1.447030058443488088e-06
6.536090040754061192e-06
2.891383019232307561e-06
2.776156406980589963e-06
1.494960633863229305e-05
3.889754793817701284e-07
4.293476649763761088e-06
1.592185526533285156e-06
9.115587999986018986e-07
5.586933298218355048e-07
9.341873123958066572e-07
6.756564289389643818e-06
6.505506007670192048e-06
4.193318545731017366e-06
1.515983603894710541e-05
4.440287011675536633e-05
7.962427730490162503e-07
9.084480552701279521e-06
1.025229430524632335e-04
4.634434844774659723e-07
1.314255541728925891e-06
1.095031166187254712e-06
1.528332722955383360e-05
6.821263013989664614e-06
1.200156475533731282e-06
2.836283329088473693e-06
1.099906285162433051e-06
2.100401559346209979e-07
4.121375695831375197e-06
1.006059119390556589e-05
2.355232709305710159e-06
3.494963675620965660e-05
3.144782021990977228e-05
3.116767004485154757e-07
1.714652717055287212e-05
1.509406774857779965e-05
4.205016011837869883e-06
5.968623213448154274e-07
5.634391982312081382e-06
1.057394038070924580e-04
1.065099354491394479e-06
2.213470543210860342e-05
1.195601271319901571e-05
1.160862098004145082e-06
1.728574716253206134e-06
6.231596216821344569e-06
2.794054307742044330e-05
5.644532575388439000e-05
9.473927093495149165e-06
1.213732230098685250e-05
9.997390210628509521e-03
5.790364525637414772e-07
3.899328476109076291e-06
7.595914212288334966e-06
1.970486664504278451e-06
5.672041538673511241e-07
1.565189450047910213e-05
1.529857172499760054e-06
1.382397022098302841e-04
2.047994530585128814e-05
7.600780372740700841e-05
6.678847967123147100e-06
6.882917205075500533e-06
9.479390428168699145e-05
2.921316990978084505e-06
8.980612619780004025e-06
5.755709935328923166e-06
4.457293925952399150e-06
3.865630787913687527e-06
2.365419823036063462e-05
4.132990852667717263e-06
5.146259354660287499e-06
5.935663921263767406e-06
3.829651177511550486e-05
7.147596079448703676e-07
5.460170086735161021e-06
1.007386345008853823e-06
8.177354175131767988e-06
1.584589699632488191e-05
1.064628759195329621e-05
2.937271347036585212e-06
3.028227865797816776e-06
5.346488705981755629e-06
5.998033520882017910e-05
3.337647456191916717e-07
1.355922677248599939e-06
1.321598101640120149e-04
7.375895620498340577e-06
3.338753685966366902e-06
1.503250473433581647e-06
6.361075975291896611e-06
4.258843910065479577e-05
3.362025745445862412e-05
5.823023457196541131e-06
1.192867875943193212e-05
1.105265437217894942e-05
1.042145413521211594e-06
1.060294107446679845e-05
6.236878675736079458e-07
3.550991550582693890e-06
3.718374046002281830e-06
5.659646262756723445e-07
8.735797223380359355e-07
1.831025656429119408e-06
6.617124768126814160e-07
2.875077370845247060e-06
5.860894088982604444e-05
1.904024429677519947e-05
3.912656666216207668e-06
1.372775659547187388e-05
2.205747296102344990e-05
1.647919998504221439e-05
2.966070724141900428e-06
1.583651464898139238e-05
1.406654178026656155e-06
5.385993517847964540e-07
4.543279885638185078e-07
3.890918378601782024e-06
4.598490195348858833e-04
1.080599986016750336e-02
3.951209509978070855e-05
2.567659521446330473e-06
1.607129961485043168e-04
5.657355814037146047e-06
2.241235051769763231e-05
1.008553340398066211e-06
1.889601990114897490e-04
7.020574344096530695e-07
6.051742238923907280e-04
2.101110823105045711e-07
2.221461045337491669e-06
8.466927283734548837e-07
5.347844762582099065e-06
2.002412657020613551e-06
1.433145484952547122e-06
6.321552064036950469e-07
5.523373602045467123e-06
4.914166993330582045e-07
5.606166197935635864e-08
9.240260396836674772e-07
6.135501440240886950e-09
9.822745141718769446e-07
1.165151601867364661e-07
2.625006527523510158e-05
3.627196178968006279e-07
2.279295813423232175e-06
8.104568394173838897e-08
9.525562063572579063e-07
7.211422712316561956e-07
9.761167802935233340e-07
7.542263347204425372e-07
1.463149260416685138e-06
4.188891580270137638e-07
1.768821857695002109e-05
2.386794949416071177e-05
1.756358528837154154e-06
4.344351509644184262e-06
3.789832817346905358e-06
1.897780180115660187e-06
2.052651097983471118e-06
8.392753443331457675e-06
3.597497197915799916e-05
3.073639845752040856e-06
1.022356968860549387e-06
9.785075235413387418e-05
2.413772890577092767e-04
2.327957645320566371e-06
1.382573600494652055e-06
3.328934212731837761e-07
1.164470177172916010e-06
3.730007449576078216e-07
4.481172766190866241e-07
1.067084895112202503e-06
1.164749482995830476e-05
6.102234237914672121e-07
6.669924459856702015e-06
3.311002501504844986e-06
2.764943055808544159e-04
5.518082616617903113e-06
1.013217493891716003e-03
5.902314569539157674e-06
2.995169552377774380e-06
1.159064588136970997e-03
8.830148544802796096e-06
7.288681081263348460e-05
3.121008630841970444e-04
1.262438163394108415e-04
1.409210090059787035e-04
1.660604027620138368e-07
2.569433263488463126e-06
1.059607143361063208e-06
1.225218293257057667e-04
1.187675138680788223e-06
1.151765172835439444e-04
5.082562711322680116e-05
1.151996912085451186e-05
1.149827512563206255e-04
4.990818561054766178e-04
2.948141809611115605e-05
2.808231329254340380e-05
3.396434112801216543e-05
5.060766125097870827e-04
4.939744831062853336e-04
2.105296880472451448e-05
7.852528142393566668e-06
7.498779450543224812e-05
1.006997899821726605e-05
