2.445933660055743530e-07
9.148193669261672767e-08
2.109351413537297049e-07
2.233924078609561548e-06
3.166097997109318385e-07
6.106725436438864563e-07
4.374065198931020859e-08
1.877336399047635496e-05
8.032427103898953646e-06
5.780720130132976919e-06
3.700473882872756803e-07
3.273829634053981863e-07
7.081460466906719375e-07
5.744371733840125671e-08
1.745932536323380191e-07
3.519792699080426246e-06
5.298025484989921097e-07
4.024717839001823450e-07
5.251482434687204659e-06
5.049106732712971279e-08
1.576802759473139304e-07
7.780241503496654332e-06
1.131820681621320546e-07
2.222838520538061857e-05
1.191034755265718559e-07
2.546520363466697745e-06
3.628805416155955754e-06
9.361092168092000065e-08
3.468259990313526941e-07
6.986594485169916879e-07
1.346277713309973478e-06
2.973218613533390453e-07
5.656902430928312242e-07
7.171904314873245312e-08
3.280740088484890293e-07
1.843248696786758956e-06
5.176743229640123900e-07
3.872128218063153327e-07
1.981991772481705993e-06
3.707165888044983149e-06
1.386126996294478886e-06
1.506619582869461738e-06
1.051269464369397610e-06
5.870795575901865959e-06
9.043480986292706802e-07
9.293165135204617400e-07
1.519518946224707179e-07
5.207969024922931567e-07
1.400100813953031320e-06
1.585883751431538258e-06
6.417887732368399156e-08
1.176105160993756726e-05
6.181809908412105870e-07
2.380171082450033282e-08
7.492770350836508442e-07
3.073669461173267337e-07
2.510847991743503371e-07
1.529416664425298222e-07
2.842348578724340769e-07
8.229936270254256669e-07
2.787703806461649947e-06
4.207748133921995759e-05
1.451955449738306925e-05
7.301955520233605057e-06
3.128455318801570684e-06
1.393486286360712256e-07
4.841314876102842391e-05
3.245779396365833236e-07
1.853170260801562108e-06
1.221746970259118825e-07
1.336998138867784292e-07
4.347534741100389510e-07
4.436566086951643229e-06
2.635977944009937346e-05
1.762012470862828195e-05
1.145922610135130526e-07
8.198394425562582910e-06
4.970818281435640529e-06
3.836003998003434390e-06
1.077573230645612057e-07
1.110096150114259217e-06
9.423101232641784009e-08
1.309144863625988364e-06
5.433255410025594756e-06
1.924038406286854297e-05
7.402466053463285789e-06
1.009327024803496897e-05
3.681676616906770505e-07
7.140704383346019313e-07
2.056351149803958833e-06
5.019101223524558009e-08
2.161069687645067461e-06
8.489247420584433712e-07
4.799581461156776641e-07
5.708546723326435313e-06
1.115158511311165057e-06
2.218317973756711581e-08
4.369075213617179543e-06
2.964914074254920706e-07
1.118913132813759148e-05
3.057058961530856322e-07
4.939643076795618981e-06
4.310365056880982593e-06
5.796452740014501614e-08
4.561705864034593105e-04
1.154802930614096113e-06
9.005582796817179769e-06
1.123309061767940875e-06
3.687051020051512751e-08
8.001302376214880496e-08
1.115421177644293493e-08
7.825759951174404705e-08
1.165563432437011215e-07
3.738859390978177544e-07
5.897402388654882088e-07
1.463397580891978578e-07
1.008400829505262664e-08
6.890991954833225464e-08
3.083037256601528497e-07
7.492099030059762299e-07
5.161818990018218756e-06
1.979755950287653832e-07
1.972929339899565093e-07
3.782776616390037816e-07
1.305646856053499505e-05
4.535139055406034458e-07
3.059800519622513093e-07
1.880885520222363994e-06
1.129231691265886184e-06
1.283175515709444880e-05
1.016067585624114145e-06
3.873803507303819060e-06
3.232396238672663458e-06
1.235566969626233913e-06
5.557936310651712120e-05
2.935040811280487105e-06
1.675882776908110827e-05
8.319304356518841814e-07
2.997378396685235202e-05
1.203988801989908097e-07
5.793951913801720366e-07
1.299719514236130635e-07
1.686059079020196805e-07
3.351245823068893515e-07
1.110249627345183399e-06
4.403944728892383864e-07
8.558906188227410894e-07
1.412153327606802122e-08
4.233413264387309027e-08
3.646389501454905258e-08
2.800022400606394513e-07
5.937374226050451398e-05
1.317860778726753779e-06
3.646669881618436193e-07
7.348523212158397655e-08
1.518912654319137800e-06
7.303358984245278407e-07
8.908044037525542080e-06
6.487867794930934906e-04
9.497456630924716592e-05
1.104010243579978123e-05
3.500814727885881439e-06
1.816313101699051913e-06
1.864917521743336692e-06
3.975299478042870760e-05
2.516043878131313249e-06
1.932926097651943564e-04
1.014646724797785282e-03
4.797170549863949418e-05
7.437795400619506836e-03
6.201337673701345921e-04
2.606385201215744019e-02
5.900469422340393066e-01
1.390934735536575317e-01
3.351353143443702720e-06
2.724825662880903110e-06
3.054601140320301056e-03
1.098788343369960785e-03
8.012431790120899677e-04
2.361904262215830386e-05
2.153727982658892870e-04
2.849083393812179565e-04
4.930710019834805280e-06
1.011831409414298832e-04
2.557374828029423952e-04
1.308895207330351695e-06
5.284519829729106277e-06
8.778741175774484873e-06
7.332601235248148441e-04
6.900866719661280513e-05
2.446997859806288034e-05
7.506510155508294702e-05
5.531159331439994276e-05
1.633277679502498358e-05
1.287591544496535789e-06
3.074565320275723934e-04
3.511168324621394277e-05
3.522326369420625269e-05
5.477099330164492130e-05
2.256954030599445105e-05
3.165794623782858253e-06
5.285240604280261323e-06
3.306335929664783180e-05
1.612745336387888528e-06
4.204757260595215484e-06
4.616360456566326320e-05
1.221193724632030353e-05
5.213055374042596668e-06
2.256428706459701061e-05
4.027548129670321941e-05
1.275283750146627426e-03
6.604255177080631256e-04
1.155550999101251364e-04
9.989879617933183908e-05
1.868737490440253168e-05
7.739192369626834989e-06
6.449886313930619508e-06
1.018927832774352282e-05
8.204181540349964052e-06
7.652431577298557386e-07
3.017326662302366458e-06
8.560032256355043501e-07
3.892041149811120704e-06
4.472403361432952806e-06
1.512575545348227024e-04
2.165080280974507332e-03
1.292101751459995285e-05
1.744806650094687939e-04
4.457149407244287431e-05
1.951804551936220378e-05
6.527313234983012080e-05
2.970077621284872293e-04
3.972168997279368341e-05
2.791446831906796433e-06
2.449051180519745685e-06
6.644459790550172329e-05
1.496729627251625061e-02
6.502783071482554078e-05
4.132748472329694778e-06
6.071778670957428403e-07
1.868887011369224638e-05
2.369838512095157057e-06
8.630992961116135120e-04
1.816061012505088001e-05
1.457173937069455860e-07
1.205516946356510743e-05
8.577201515436172485e-03
6.087308065616525710e-06
9.717115062812808901e-06
1.595309754520712886e-06
2.499145921319723129e-06
2.421013959974516183e-05
1.243069618794834241e-06
6.203555385582149029e-04
1.221341108248452656e-06
1.227411121362820268e-05
1.172819565908866934e-06
2.181764466513413936e-05
1.755641051204293035e-06
2.641210585352382623e-06
2.225462054639137932e-07
3.485079957954440033e-07
2.365382351854350418e-05
4.854485951000242494e-07
1.715624193820985965e-06
1.856708195191458799e-06
2.083247409245814197e-06
2.199077716795727611e-04
1.400703215040266514e-03
2.506891032680869102e-04
1.649669320613611490e-05
2.497232926543802023e-04
2.215381828136742115e-04
6.184487574500963092e-05
6.238910718820989132e-04
5.980483838357031345e-04
2.103906153934076428e-04
2.706234226934611797e-04
1.897598267532885075e-04
2.435163423797348514e-06
1.930110374814830720e-05
7.699831030549830757e-07
6.923839919181773439e-07
3.301377660136495251e-08
1.177656827167083975e-06
2.548403244873043150e-06
3.577733309612085577e-07
1.424652282366878353e-06
3.281206204519548919e-07
3.212598187474213773e-08
3.384065507816558238e-07
1.220975377691502217e-06
2.666112777660600841e-06
1.285737425860133953e-06
1.961966154340188950e-05
2.654948957570013590e-06
2.973809820616679644e-08
1.511075282678575604e-07
6.963684882066445425e-07
4.860881745116785169e-06
8.337472934272227576e-08
7.469044760455290088e-08
6.307453759291092865e-08
1.329441801090069930e-07
1.424226496737901471e-07
1.813226191416106303e-07
1.566234573147085030e-06
9.174615115625783801e-06
2.754197225840471219e-07
5.245112788543337956e-07
1.600126893208653200e-07
8.065534530032891780e-06
1.744781570778286550e-06
8.921910193748772144e-06
1.230476527780410834e-06
4.211503437545616180e-06
7.701245152702540508e-08
2.951205260615097359e-06
1.517117539151513483e-06
1.262488694919738919e-06
1.317560958113972447e-07
3.836843234239495359e-07
1.459356781197129749e-06
8.606789378973189741e-07
3.084649051743326709e-07
4.480533846162870759e-07
2.035950785739260027e-07
7.330960727358615259e-08
2.631695110721921083e-07
2.218051520230801543e-08
7.616994844283908606e-05
4.512550367508083582e-04
3.728289811988361180e-06
1.799455446871434106e-07
6.338040634545905050e-07
3.928097430616617203e-05
3.658412606455385685e-05
2.412119329164852388e-06
2.845221835912070674e-08
1.068881824612617493e-01
3.467886563157662749e-05
6.411031354218721390e-04
9.576036245562136173e-05
4.462668439373373985e-04
1.331223870693065692e-06
1.382356858812272549e-04
5.217765647103078663e-06
2.920112747233361006e-04
1.532279071398079395e-03
2.376490272581577301e-03
4.670990630984306335e-03
9.628210100345313549e-04
5.534805677598342299e-05
3.424375609029084444e-04
1.173736643977463245e-03
4.126142244786024094e-03
3.823049610218731686e-06
2.782481942631420679e-06
8.243148386100074276e-07
3.882209512084955350e-06
4.599739611421682639e-07
5.264002993499161676e-06
2.457453956594690681e-05
1.434453297406435013e-04
3.666088730369665427e-07
4.151496341364691034e-06
3.074745222875208128e-07
6.903347866682452150e-07
1.131959493250178639e-06
1.788363420018868055e-06
1.331614953414828051e-06
1.732423334033228457e-05
8.500726949023373891e-07
1.223609842782025225e-06
4.503362163177371258e-07
9.379366616713014082e-08
6.815943720539507922e-07
2.466583914895181806e-08
8.995415328172384761e-07
6.411977437892346643e-08
4.260255082044750452e-07
2.833181270034401678e-06
3.899830289810779504e-07
4.944997726852307096e-06
1.080113975149288308e-06
8.829832950141280890e-06
8.200892125387326814e-07
2.679864223864569794e-07
6.730649459996129735e-08
6.990827387198805809e-05
4.958595241078000981e-07
6.284985829552169889e-06
1.697909368658656604e-07
1.274742977841469838e-08
1.709159732854459435e-05
1.412053970852866769e-04
3.440483851591125131e-06
1.351101417412792216e-07
7.540896973523558700e-08
3.137620581128430786e-07
7.285077572305453941e-07
2.654238357990834629e-07
4.638778818844002672e-07
2.332065207610867219e-08
6.934416063586468226e-08
7.122262957182101673e-08
4.187072306649497477e-07
1.305474910395787447e-07
2.692620348909713357e-08
1.505346318708689068e-07
2.991862174894777127e-06
2.102043765717098722e-07
5.029024578107055277e-06
1.315964368586719502e-06
2.270749632771185134e-07
7.877884655727029894e-08
8.863990501595253590e-07
6.863341695861890912e-06
1.309810926386489882e-07
1.234060107435652753e-07
1.754625031935574953e-06
1.313222469434549566e-06
4.195998712930304464e-07
4.953658816475581261e-08
7.333257556751959783e-09
4.656997407437302172e-05
4.250527751992194680e-07
1.687520707491785288e-04
5.582457015407271683e-05
3.613461785789695568e-06
5.301442342897644266e-07
1.304385932598961517e-07
4.258342016782989958e-07
3.844104057293407095e-08
5.882071491214446723e-06
2.044707088089126046e-07
5.178207374001431162e-08
1.372274255118099973e-06
5.094317998555197846e-07
2.703084646782372147e-06
7.664592089895450044e-07
8.584099191466521006e-07
2.612582363781257300e-07
2.294886343179314281e-07
5.788793941974290647e-07
6.892815918035921641e-07
1.083479901353712194e-07
2.147585007605812280e-07
9.054498150362633169e-06
3.661102994101383956e-07
2.296710306382010458e-07
2.420277814962901175e-05
5.198826329433359206e-06
1.016110715568174783e-07
1.262353066522337031e-07
3.986335173067345750e-07
4.923917731503024697e-05
2.863428676391777117e-07
3.386355956536135636e-06
2.170705556636676192e-06
9.691992772786761634e-07
8.430693924310617149e-06
5.130675617692759261e-07
1.657600951148197055e-04
8.079999957999461913e-08
1.091554395316052251e-06
7.665062895512164687e-08
5.858753866050392389e-06
2.724639500684133964e-07
1.669141283855424263e-06
4.282566123947617598e-07
1.322359025834884960e-06
5.782137122878339142e-06
7.168744531327320146e-08
2.245636778752668761e-07
1.968027390830684453e-06
6.243609277589712292e-06
1.195504779616385349e-07
3.287207164248684421e-07
8.168051124357589288e-08
2.025813614636717830e-07
3.147021629956725519e-07
1.798470634639670607e-07
5.745287126046605408e-06
1.557043418642933830e-07
9.829782499082284630e-08
4.902396426587074529e-07
2.471645075274864212e-07
1.073080511559965089e-05
6.724548711645184085e-06
6.483030006165790837e-07
4.074046046298462898e-06
2.262649587692067144e-07
1.017155923932477890e-07
4.315899673201784026e-07
2.268257404125506582e-08
4.538576803270188975e-08
7.721965857854229398e-07
5.867878982712682046e-08
1.794070726646168623e-06
7.858326398491044529e-07
1.671079644438577816e-06
2.112391115360878757e-07
1.984122093290352495e-07
4.724905124930955935e-07
3.596001533878734335e-06
3.618365340685159026e-08
6.784888029187641223e-08
8.226086833929002751e-08
1.465695191882332438e-07
1.220438008431301569e-07
1.949177885762765072e-07
1.746600304386447533e-07
1.173811028820637148e-06
2.004950511036440730e-05
1.459462509956210852e-04
1.681363954730841215e-07
1.647044769015337806e-06
1.640290292925783433e-06
4.243773219059221447e-06
1.712706065859492810e-08
1.310160797629578155e-07
2.941807179013267159e-05
1.562654688314069062e-05
9.506948117632418871e-06
1.237969513567804825e-06
5.638608158164970519e-08
5.298953098531455908e-08
6.003652686104032909e-08
4.574637557652749820e-07
2.572271853296115296e-07
4.066615844067200669e-08
5.356644123821752146e-07
3.044836915933046839e-08
4.187957003409792378e-08
1.409853211953304708e-07
4.932530117685018922e-08
1.380838739351020195e-06
1.975922259589424357e-06
9.857274108071578667e-07
2.068579441072415648e-08
2.019164185185218230e-06
9.775276339496485889e-07
1.970884113688953221e-06
7.841273372832802124e-07
1.278622647760130349e-07
6.266889727157831658e-07
6.428962961990691838e-08
5.552746529247087892e-08
1.488577794361845008e-07
5.609965825215113000e-08
3.908477452796432772e-08
5.380651941777614411e-07
2.212943570611969335e-07
2.830803111919522053e-07
6.937723640021431493e-08
5.363918376133369748e-07
2.241072479591821320e-06
1.471711811973364092e-06
2.744979155977489427e-06
1.162263970400090329e-06
3.079267116845585406e-07
1.307802813244052231e-05
2.487692825070553226e-07
6.509337424631667091e-08
1.736231638460594695e-06
9.754337781942012953e-08
2.684570574729150394e-07
3.897532394603331340e-07
2.701446533137641381e-07
4.747683703953953227e-07
2.837739157257601619e-05
1.494945536251179874e-07
1.327988314869799069e-07
7.023066245892550796e-06
3.066057274736522231e-07
5.131798630486628099e-08
5.365770334719854873e-07
1.606940600140660536e-06
4.239174344888851920e-08
1.200896690534136724e-06
5.980032824481895659e-07
5.809095569020428229e-07
3.456951617408776656e-06
1.727673826223963260e-08
2.725559511418396141e-07
5.427447149486397393e-07
8.677308869664557278e-06
8.939485383052669931e-07
7.207118102314780117e-08
1.227765693556648330e-07
1.611520019650924951e-06
9.741526696416258346e-08
1.540207108519098256e-07
4.271695388524676673e-07
5.127322765474673361e-06
1.102234364225296304e-05
2.780439444904914126e-06
6.816674158471869305e-08
1.322753035992718651e-07
1.809847162803635001e-05
4.261748472345061600e-06
3.114349738098098896e-07
8.803683449514210224e-04
3.285734067048906581e-07
1.847481883032742189e-07
5.870598940305171709e-08
1.133946909703809069e-07
6.047823717381106690e-07
1.541525989523506723e-06
3.209707756468560547e-06
1.560073428663599771e-06
2.402219081432122039e-07
2.222968653597945377e-08
6.920983963709659292e-08
1.374726963376815547e-07
1.969670393009437248e-06
5.906430828872544225e-07
4.478867481338966172e-07
5.903856958866526838e-07
1.618377467593745678e-07
2.178216618631267920e-06
1.287815649675394525e-07
5.051023777014052030e-08
3.068278786599876184e-08
9.047548132912197616e-08
7.840831095506928250e-09
3.836040107785265718e-08
7.407316360286131385e-08
2.449125702241872204e-08
1.470092172439763090e-07
3.227106049052963499e-07
1.254959016705470276e-07
4.281214387447107583e-07
8.707827987564087380e-07
7.447578553865241702e-08
5.350525498215574771e-06
1.472422900405945256e-05
1.842000983742764220e-06
1.399435234361590119e-07
1.201182300292202854e-07
6.502810379060974810e-08
3.669135253403510433e-07
2.476261670381063595e-06
1.250137415809149388e-06
3.117746416592126479e-07
2.550686303948168643e-06
7.782374495945987292e-07
5.706445804776194564e-08
3.452293185546295717e-06
6.861652224188219407e-08
5.271462910627633391e-08
4.148221250943606719e-07
6.973457857384346426e-06
1.403028591084876098e-07
1.717670784273650497e-06
1.232303816323110368e-06
1.116462044592481107e-06
1.277486632034197100e-07
4.021899613348978164e-08
1.363931801279250067e-06
8.388531824721212615e-08
1.502456399293805589e-07
1.357266228296793997e-06
1.001746454676322173e-07
1.086902375391218811e-05
9.353778978038462810e-07
1.837299947737847106e-07
2.906901670485240174e-07
2.380228920628724154e-07
2.600071638880763203e-06
1.820450734157930128e-06
8.511775604347349145e-07
3.115317781521298457e-09
2.523980526802915847e-07
9.302719661263836315e-08
1.621915143914520741e-03
1.281217828363878652e-05
1.746998714224901050e-05
2.771160723114007851e-08
2.322254601949680364e-07
3.494908469292568043e-07
1.709988850961963180e-06
1.259714537127365475e-07
8.527663908353133593e-08
1.290224957983809873e-07
1.921013925709758041e-08
4.416516041771956225e-09
1.698715834663744317e-07
4.152803285251138732e-06
2.598781429696828127e-05
8.301091725115838926e-07
6.174580562401388306e-07
3.171782338995399186e-07
5.457564000721504271e-08
6.266830041568027809e-07
3.111040030034928350e-07
1.011417865015573625e-07
5.408760443970095366e-06
8.426204658462665975e-07
3.070430693696835078e-06
3.074714413742185570e-06
3.695429313665954396e-06
1.451909793104277924e-05
1.305063619838620070e-06
3.353835609232191928e-07
2.364392059917008737e-07
5.242607699074142147e-07
1.108095511881401762e-05
4.342866688489266380e-08
1.929374207065848168e-07
9.939251555124428705e-08
6.831179888422411750e-08
8.716281740817066748e-08
8.546781060658759088e-08
4.399218198614107678e-07
1.987902578548528254e-05
4.350409028575086268e-07
9.726085181682719849e-07
4.752977929456392303e-06
1.320595117704215227e-07
2.344643519336386817e-07
4.170243528278660960e-07
5.621981813419552054e-07
3.572255735662110965e-08
2.862720293705933727e-06
1.379270599954907084e-07
4.740175896245091280e-08
6.033827958162873983e-06
1.525614550246245926e-07
3.879093856085091829e-04
2.168748096664785407e-06
3.009870397363556549e-07
1.343136500508990139e-05
1.049489469551190268e-06
5.205722573009552434e-06
2.706898385440581478e-07
1.133583680257288506e-07
3.844538696284871548e-07
8.408985081587161403e-07
1.131033044998730475e-07
6.984559064449058496e-08
1.641004558905478916e-07
1.493019254894534242e-07
2.030629048022092320e-06
1.002647209702445252e-08
3.125294156802738144e-08
4.008644793884741375e-07
5.835369734086270910e-07
4.074214814409060637e-07
3.899915839156165021e-07
1.171061896343417175e-07
1.032773297993117012e-06
1.039901604826809489e-07
4.226136240959021961e-08
1.143619783761096187e-06
9.368692190037108958e-06
5.818748718411370646e-07
1.620252987777348608e-06
2.198406434672506293e-07
9.388126898102200357e-08
1.697502796105254674e-07
3.900315448390756501e-08
2.798561126837739721e-06
8.303613867610692978e-06
7.953294129947607871e-07
2.864558155124541372e-06
2.625821196033939486e-07
5.014092494093347341e-06
2.804168843795196153e-06
3.210529371244774666e-07
1.063240162579859316e-07
5.446855766422231682e-07
1.585845126328422339e-07
7.170662570388230961e-07
3.811543933807115536e-07
3.004285190399968997e-06
7.053892545627604704e-07
1.204132331622531638e-07
2.284009951836196706e-06
2.825527474215050461e-07
1.590186968769558007e-07
1.891183813995667151e-07
1.645855292053965968e-07
2.560331040513119660e-07
1.342365294476621784e-07
3.867845407512504607e-06
6.957104233151767403e-06
1.063112406995969650e-07
1.107857627857811167e-07
1.958369324484010576e-07
3.668374574772315100e-06
8.693688755556649994e-07
6.352352102112490684e-07
5.064222818873531651e-07
8.084205092018237337e-07
1.038223018667849828e-07
2.349482883801101707e-07
3.985875309808761813e-07
1.573134795762598515e-07
1.307558772367656275e-08
3.119908740245591616e-07
1.615851807912349614e-08
9.036648407345637679e-08
5.169027303963957820e-07
8.431067544734105468e-05
3.161173935950500891e-07
2.171676669604494236e-06
3.997594376414781436e-06
5.685260617838139297e-08
6.957945686281163944e-08
2.709803084144368768e-06
1.126945932128364802e-07
2.791290683035185793e-07
8.052582955997422687e-08
3.361641120136482641e-06
2.528156528569525108e-08
7.251470179880925571e-08
4.790975367541250307e-07
1.390071133755554911e-07
1.264131270772850257e-07
1.089239205498415686e-07
1.094631784326338675e-06
9.081183804937609239e-08
1.988883695958065800e-06
3.677460654216702096e-06
1.491867891445508576e-07
2.717358142945158761e-07
2.507294709630514262e-07
4.832421041101042647e-07
2.143363957429755828e-07
5.716489681617531460e-08
1.067458015313604847e-06
1.625307504582451656e-06
1.882886749626777600e-06
4.870849807048216462e-06
1.138049242399574723e-06
7.812912372173741460e-06
3.965338692069053650e-06
5.323821028468955774e-07
5.489716841111658141e-07
4.065301709488267079e-06
3.853425596389570273e-07
1.451820367037726101e-06
8.660806827265332686e-08
5.939825769019080326e-07
5.399290330387884751e-07
1.510566534079771372e-07
7.015829339707124745e-08
7.065852969390107319e-08
1.473948429975280305e-07
1.399080429109744728e-05
1.704500464256852865e-04
2.996996727233636193e-06
3.389053304658773413e-08
1.425367912588626496e-07
7.692231520195491612e-06
2.706018449316616170e-07
2.873102403100347146e-06
8.082439535428420641e-07
4.626450689215744205e-08
4.030537184007698670e-07
5.005031766813772265e-07
8.748085747356526554e-06
1.853916984373427113e-07
1.313363355848196079e-07
3.314112973384908400e-06
5.525928941096935887e-07
1.416273107679444365e-07
1.165820890491886530e-06
5.821085551360738464e-07
4.270559088581649121e-07
7.564673978777136654e-06
4.851965968555305153e-06
1.527096458175947191e-07
2.950612838503730018e-07
1.212213305734621827e-06
6.257393465602945071e-07
1.180418891522094782e-07
4.795521363121224567e-06
5.906076125938852783e-07
6.526556006747341598e-08
5.082887582830153406e-06
8.386228245171878370e-08
2.769523916867910884e-07
8.419569326179043856e-07
3.930086904802010395e-07
2.338306330784689635e-07
2.095202034979593009e-06
1.205119133373955265e-07
5.106346634420333430e-07
4.965227518027859333e-08
3.543336219991033431e-07
1.253816606094915187e-07
3.108214841063272615e-08
4.736369021429709392e-07
8.448649424508403172e-08
5.083343168621468067e-08
2.907131886331626447e-07
1.006879756459966302e-06
3.475280891507281922e-06
1.843142172219813801e-07
4.875308263763145078e-07
2.035036459346883930e-07
5.669908205163665116e-07
1.943373746371435118e-07
6.743062840541824698e-06
1.252421952813165262e-07
1.361478894068568479e-07
9.374125653494047583e-08
3.540033048921031877e-07
1.948388899108977057e-06
6.091902405023574829e-02
3.193047177774133161e-06
1.835927498916589684e-08
3.194926648575346917e-06
4.611009387645026436e-07
8.847858907756744884e-07
9.502117137571985950e-08
9.111477993428707123e-06
1.679846093338710489e-07
6.731866619702486787e-07
6.826071263787980570e-09
1.448010209514905000e-07
3.202766407639501267e-08
1.776485731852517347e-07
1.040808470520460105e-07
2.310988378440015367e-08
3.775149082230200293e-08
1.906515535665675998e-06
2.834093209003185621e-07
1.665260924710310064e-07
1.113595686774715432e-07
2.415172506431417787e-09
7.504609556008290383e-08
7.538142199337016791e-08
3.169493538734968752e-07
3.897392986118575209e-08
2.110971450974830077e-07
3.617495991647956544e-08
5.486213083827351511e-08
9.904931630444480106e-08
5.086815235699759796e-08
1.131231499584828271e-07
5.559759301831945777e-07
1.816030525958467479e-08
1.506220201008545700e-06
5.414372594714222942e-07
5.194373215999803506e-07
9.239413856221290189e-08
4.041094712192716543e-07
6.502789346995996311e-07
9.306157835453632288e-07
4.832006084143358748e-07
1.231869646289851516e-05
8.761264780332567170e-07
3.456504771293111844e-07
6.027825634191685822e-07
3.813183866441249847e-05
1.202446497927667224e-07
8.143706509144976735e-08
1.998998300223320257e-08
1.135370979454819462e-07
5.870406383223780722e-09
9.588261740134385036e-09
1.405942562371365057e-08
3.872272316129965475e-07
9.899530084567231825e-08
1.614832996210679994e-07
5.885734921662333363e-08
1.046698816935531795e-04
7.220901920845790301e-07
4.423986683832481503e-05
5.358789962883747648e-07
6.424290290851786267e-07
8.562971925130113959e-05
1.522105662843387108e-06
1.074633473763242364e-06
1.344037173112155870e-05
1.210044865729287267e-05
5.673960004060063511e-07
3.739880938269379840e-08
5.756999712502874900e-07
6.164607952996448148e-07
1.938475179485976696e-04
7.240872719194157980e-07
1.171797634924587328e-06
3.274382470408454537e-05
5.493763183039845899e-06
5.001589215680724010e-06
4.420943241711938754e-06
1.107378579945361707e-06
2.440297635075694416e-07
1.504965212006936781e-06
2.676259327927255072e-06
2.504988515283912420e-05
4.430889646300784079e-07
1.563554974381986540e-07
1.244595332536846399e-04
2.088556584567413665e-06
