2.739361661951988935e-07
1.024278439842873922e-08
6.122704121480637696e-08
1.709710062414160348e-07
7.629248344187544717e-09
7.824264258715629694e-08
1.854138815815531416e-07
3.629355092016339768e-07
2.045923110927105881e-07
1.253833488590316847e-06
5.863789453997014789e-09
8.222730052409588097e-09
8.328595590967324824e-09
2.648441910224619278e-09
3.108597379508637459e-09
2.671093284334347118e-07
2.207061200465432194e-08
5.547437620379014334e-09
7.301451176999762538e-08
2.671195042935892161e-09
5.969664762517368217e-09
2.915469622166710906e-06
9.044451410034071159e-09
2.758274604275356978e-06
6.601782676085576895e-09
9.125481881255836925e-08
2.548377686650837859e-08
3.141109816695575319e-09
5.447418960358163531e-09
1.192490728385564580e-08
1.424646178804778174e-08
1.007826933019373428e-09
3.710320717331683227e-09
6.315987377547571668e-08
1.798899518234975403e-08
7.455761164010255015e-08
1.827451825420212117e-07
1.638707125550808996e-08
4.832171995872158732e-08
6.004761132771818666e-08
6.415822317862307500e-10
4.516861551451256673e-09
3.671118076198354174e-09
5.388446666643176286e-08
2.811343335906713037e-08
4.222758320793218445e-08
7.335614338188634065e-10
2.171431034980741970e-08
1.205903199519298141e-08
1.937664819706697017e-06
8.430371956080762175e-09
2.620296868371951859e-07
1.171470742633573536e-08
5.392250912450435862e-08
1.274258067951450357e-07
8.800594031299624476e-09
2.995639070135780457e-09
7.532703349966141104e-09
8.495001146968661487e-09
6.496882321016528294e-08
1.584190023606879549e-08
2.153937117554960423e-08
2.329164772163494490e-07
1.347343783208998502e-07
2.687303890525072347e-08
1.165862428820219066e-08
4.830338440342529793e-08
2.418509268409252400e-07
1.993921294740630401e-08
9.445908943916947464e-09
5.775534273055882295e-09
4.567403788513502150e-09
2.497233886344929488e-08
5.847419259907837841e-08
1.897003798490004556e-08
3.575374440956125000e-09
8.135415896504127886e-09
1.592456388976870585e-09
6.927565721071005100e-08
4.464649450142132991e-08
1.886669309669741779e-08
1.066399746285640049e-09
6.856527789977917564e-08
2.825710907927714288e-06
9.799885347661074775e-09
1.000166136577718135e-07
3.756567252821696457e-07
1.567921081857548415e-08
1.394488009509586846e-07
1.966485996263145353e-08
4.809999509802764805e-09
2.157307648076312034e-07
2.436850081721786410e-07
7.261355250420820084e-08
1.959880968627203401e-08
1.052767402143217623e-07
2.925508502116258569e-09
3.252189983982134436e-08
1.595642840079847247e-09
1.677148304679576540e-07
1.367825852582882362e-08
1.575325441081076860e-04
5.786872492308248184e-08
2.007372579271304858e-08
2.481125193298794329e-06
1.581891284629932670e-09
2.625114063903311035e-07
4.266160829047294101e-07
9.017907309782913217e-09
4.844194378961219627e-09
6.375861172358554541e-09
1.101011459780920632e-08
2.194933124144426984e-08
1.957396555951618211e-08
1.008188821316480244e-08
7.896598930301479413e-09
7.927793532758187212e-09
1.520951364852862753e-08
2.492327944025873876e-08
7.959018333281164814e-09
8.534319029251946631e-09
2.895945705461144826e-09
6.931544049848525901e-08
6.505657346167481592e-09
1.295278053703441401e-07
1.563941864901607914e-09
6.563301013784439419e-09
1.869349546268495033e-07
6.331048894026025664e-07
1.540910943731432781e-06
1.752922287323599448e-07
1.194246266322807060e-07
2.426923799703217810e-07
5.185610802982409950e-07
3.361056087669567205e-06
7.904891674570535542e-08
1.398877031988376984e-07
4.108033380134656909e-08
2.111613866873085499e-06
2.905234497418973660e-09
8.701746878614358138e-09
1.221279788410356559e-08
6.986757394855658276e-09
7.714634620015203836e-08
4.997402935913441979e-09
1.036387864417065430e-08
1.997053900026912743e-08
3.862568043189185119e-10
4.005130893602881770e-09
3.914682977779193607e-08
1.142161831779731074e-08
4.302729621485923417e-07
1.281428581023646984e-07
3.315739149911678396e-08
2.038089697009581869e-08
4.297527667063150147e-08
7.657212819367487100e-08
1.942333369697735179e-07
2.735833504630136304e-06
1.557102950755506754e-04
3.473529659459018148e-06
1.126928850680997130e-06
1.091435777311744459e-07
2.113305163220502436e-05
5.478642606249195524e-07
2.625350816742866300e-06
2.305235511812497862e-06
1.110422772399033420e-06
1.665029958530794829e-05
2.191899000081320992e-07
2.486466655682306737e-06
9.193134246743284166e-06
4.824816528525843751e-07
8.686537512403447181e-06
2.138791046490950976e-07
1.829724141089172917e-07
4.651020901746960590e-07
9.312093993685266469e-07
7.601117431477177888e-06
3.224835836590500548e-06
1.367209824820747599e-05
5.574380779194143543e-08
9.637363262982034939e-08
8.145290735228627454e-07
4.299103864013886778e-07
3.179726704161112139e-08
6.668420269306807313e-07
1.076902435670490377e-06
1.002156409413146321e-06
6.386429163285356481e-08
2.607361864193080692e-07
7.801531864970456809e-06
1.722987974517309340e-07
1.160257966148492415e-06
8.237830861901329627e-09
7.782218744978308678e-06
4.038245435822318541e-07
3.681803264043992385e-06
4.452626569673157064e-07
1.770095821029826766e-07
3.502775030028715264e-07
2.723092791256931378e-07
5.788428936170930683e-08
2.056543451089964947e-07
1.177817523512203479e-07
1.063024228642461821e-06
1.220329977513756603e-06
3.359263018865021877e-07
1.436237653251737356e-06
3.292054543635458685e-06
5.091506409371504560e-06
1.054425883921794593e-04
2.366948592680273578e-06
4.365757831692462787e-06
1.167468690255191177e-05
2.706445627609355142e-07
6.055635708435147535e-07
5.407399044088379014e-07
4.705472917976294411e-07
6.809138426433491986e-07
9.044033504324033856e-06
6.352119044095161371e-07
3.713046226039296016e-07
7.313886953852488659e-07
3.452169494266854599e-06
8.194263500627130270e-06
4.569560769596137106e-05
3.267451347710448317e-06
1.802714706400365685e-07
9.430922887077031191e-07
1.696586991783988196e-06
3.594739973777905107e-05
6.618816996706300415e-07
6.649939905400970019e-07
4.290587185096228495e-06
8.150823305186349899e-07
1.081405134755186737e-04
1.375931105940253474e-06
7.212141099444124848e-06
7.373914741037879139e-07
5.647682428389089182e-07
7.811116233824577648e-07
4.713998350780457258e-05
2.426285391265992075e-05
1.002551641704485519e-07
8.092168855000636540e-07
3.791135895880870521e-05
6.649261194979771972e-07
8.277652341348584741e-08
2.986306526508997194e-07
7.211487229596968973e-08
2.299904906521987868e-07
5.337631705515377689e-07
3.356478600835544057e-06
4.768659778164874297e-07
7.695884960412513465e-07
1.286519477616820950e-06
7.379937301266181748e-07
2.469933519932965282e-07
1.743505890772212297e-07
1.360246528747666162e-07
8.025623543517212966e-08
1.577254124640603550e-06
1.948578471910877852e-07
3.354113786713242007e-08
2.375158736356297595e-08
1.414012462674918424e-08
1.853559012943151174e-07
5.718723514291923493e-06
4.599169642460765317e-06
4.154530017785873497e-07
1.463208027416840196e-04
3.972013928432716057e-06
6.761908480257261544e-06
1.968339165614452213e-05
3.154119985993020236e-05
1.144325688073877245e-05
1.955359266503364779e-06
1.776326485014578793e-06
5.164987015859878738e-08
1.944385985552798957e-06
1.041135533341730479e-07
1.645465346200580825e-07
2.045926095206596074e-08
1.139347958201142319e-07
2.554543421240396128e-08
1.060240538208745420e-05
6.919074621691834182e-06
7.371398282884911168e-07
5.594317453727626344e-09
4.936301678526433534e-08
6.574452709173783660e-05
1.942434437296469696e-06
5.218905698711751029e-07
9.015400792122818530e-06
4.338112830737372860e-06
3.663746994675420865e-08
2.658942150901566492e-07
7.213152741769590648e-08
3.460122854903602274e-08
3.141049864652245560e-09
7.000493518205530563e-10
4.847530821194823147e-09
6.786343487164003818e-09
1.470388166779912353e-08
6.743209990389686936e-09
4.631895933471241733e-08
5.265729630110627113e-09
6.240959748993191170e-09
5.194474628211764866e-09
2.267601884042846905e-09
3.233658674162143143e-08
9.354952368312297040e-09
4.806028464088285546e-09
3.119105684845635551e-08
3.989037100637915501e-09
1.839656427193858690e-08
3.879161880604442558e-08
1.369614199830948564e-08
7.578934813068372023e-09
1.911104607899005714e-09
1.254753811963382759e-07
3.078577037740615197e-08
1.231472026574920164e-07
6.969491095354385379e-10
2.491049500008557516e-08
1.568037788501897012e-08
6.582971945334747943e-09
7.518506706105654303e-09
2.751110095289277524e-08
5.895732257954477973e-08
2.133619545929832384e-06
1.772259565768763423e-07
5.914504885851101790e-09
2.910810437128930062e-08
1.121766359801767976e-07
2.220031269928313122e-08
2.617928771542210598e-07
5.978260020356174209e-08
7.337610586546361446e-04
3.655167529359459877e-05
1.338025176664814353e-04
7.616773655172437429e-05
7.827701978385448456e-03
8.959684055298566818e-05
6.106729153543710709e-03
3.326121368445456028e-04
9.184416267089545727e-04
8.432587492279708385e-06
5.294510629028081894e-06
1.687599433353170753e-05
9.718469977378845215e-01
4.505010787397623062e-03
2.669781912118196487e-03
1.112746531362063251e-06
1.041914856614312157e-06
2.073623051046524779e-08
8.188235867123694334e-09
2.747130167790601263e-08
2.897665574153052148e-08
4.145545684508533668e-09
6.282022013692767359e-08
4.244749050030804938e-07
8.342013870787923224e-07
3.003941317913927378e-09
2.889877805500873365e-06
7.864688456038493314e-09
1.728975185244507884e-08
6.733005708525752198e-09
9.722013061264078715e-08
2.526681441850087140e-07
9.090698540603625588e-07
1.975374971152632497e-06
3.272861803793603030e-08
2.861262942133180331e-07
3.206554666235206241e-08
4.938646824825809745e-08
4.343210235902006389e-09
3.777790880121756345e-08
4.294790656445002242e-08
4.475588255559159734e-08
7.648556987760457559e-08
1.989617004483079654e-08
1.906147240049449465e-08
7.598000451025654911e-08
1.824198698159307241e-04
2.686800689843948931e-05
5.016837612004110269e-09
1.235296487323012116e-08
5.353363690119294915e-07
2.224053297084083169e-08
9.950875323738728184e-08
2.546740063280594768e-08
2.933263631987870212e-09
8.334797740872090799e-08
1.475559088248701300e-06
5.402061020731707686e-08
4.768054839843216541e-09
4.301536016271256813e-09
8.384017746720928699e-08
1.304708945326638059e-07
8.409835317024771939e-08
6.345268133145509637e-08
6.753027581574144733e-10
6.823852038984057344e-10
4.528025598915519367e-08
7.836103321778864483e-09
1.138681504642136133e-08
9.666427658316933957e-09
3.659319247617531801e-08
6.066097739676479250e-07
1.987170783479541569e-08
3.833893345017713727e-07
8.286123147627222352e-07
5.870932895390978956e-08
1.333702925876423251e-09
1.099248780889183763e-08
1.345451664747088216e-06
3.399259318470626567e-09
3.736355225214538223e-09
6.985775513612679788e-08
1.226143986343686265e-08
1.402869376221360653e-08
6.680048070251132231e-09
1.375010771909046525e-09
1.214218536915723234e-05
9.205964879299699533e-09
7.141205742300371639e-07
2.902458618336822838e-06
4.078732018797381897e-08
3.336342535575909096e-09
1.582697883861783339e-08
1.061010124203676241e-07
3.569473605580242292e-09
8.970358322812899132e-08
5.467125774316627940e-08
7.564104009816219332e-09
1.982053099425229448e-08
1.543121186386997579e-08
1.010601735629279574e-07
3.533897441343469836e-08
1.785554104571929201e-08
8.028053777309196448e-09
2.236806295741189388e-09
1.390977644177837647e-07
3.090732647592631110e-08
3.062154751987122836e-09
8.033862997081087087e-08
6.195975288392219227e-08
5.725980756210446998e-08
4.318700952410381433e-09
3.920886797459388617e-07
1.033926295690434927e-07
1.398103943728301601e-08
1.617146239141220576e-08
5.425953908400060755e-09
7.053344575069786515e-07
8.587784350311267190e-08
1.719854836323975178e-08
3.130925207983636938e-08
1.428360008048912277e-08
4.838784661842510104e-08
1.398922933049107087e-08
5.999080485707963817e-07
1.076365885310792692e-09
6.007532959984018817e-08
2.999017922888924659e-09
2.967977685841560742e-08
7.138623914215713739e-09
3.412489206766622374e-07
6.284311382387386402e-08
9.748380591645400273e-08
1.376603108838025946e-06
3.430961736938797912e-09
1.196598642394519629e-08
6.430100540910643758e-08
4.997338365342329780e-08
5.602304398166779720e-09
6.393141127603030327e-09
1.798421633836255751e-09
7.477219732265893981e-09
7.004904212237761385e-09
6.267883989607980766e-09
2.748057958967820014e-08
4.061635472396574187e-09
4.074959036870495765e-09
4.680545728774632153e-08
5.433879479710412852e-08
6.495787907567773800e-09
1.861554821402933158e-08
1.366423063586807984e-08
9.340443085648075794e-08
3.201738962843592162e-08
5.508502098905410094e-08
1.497445545339814998e-08
3.767420153621969803e-09
3.138876047970029504e-09
4.674024367545825953e-08
6.420045051136469283e-10
2.910290106683532940e-07
4.264693842515043798e-08
4.721570121546392329e-07
2.317785074978928606e-08
2.590518732858981821e-08
8.101461901333095739e-08
1.117547512308192381e-07
9.351753815778351964e-10
1.560104490039293523e-09
7.544824320859788713e-09
2.193479842205192654e-09
6.086349646494682020e-09
1.666479398920728272e-08
4.614196580376983547e-09
4.350143356646185566e-08
2.578018893473199569e-06
1.927930497913621366e-06
7.948551150604998838e-09
4.912266859946612385e-08
1.651947201253278763e-08
2.320089542706682550e-08
1.115179726340898014e-09
2.103166529821010045e-08
1.349993112853553612e-07
4.760959626537442091e-08
9.214998897277837386e-08
2.237135809934898134e-08
9.504573128538140736e-09
7.085259490224871115e-09
1.793519666115628297e-09
5.473083319884608500e-08
2.439780999452523247e-08
3.904464751514069576e-09
4.407377574011661636e-08
1.253527148747934916e-08
2.808347510097064514e-08
4.242923345998406148e-09
2.252811048819580719e-09
3.682227855961173191e-08
9.297016489995257871e-09
3.118368141485916567e-08
8.427489261997322956e-10
4.125048036485168268e-08
8.617643487696113880e-09
4.826902966215129709e-08
2.653781905337382341e-07
8.074153790005311748e-09
2.847565916397343244e-08
1.902892421412616386e-08
2.433367640719552583e-08
1.615811129340727348e-08
1.045383335451788298e-08
4.917598328546546327e-09
4.064342107312768348e-08
3.520938918200045009e-08
8.232523107665201678e-09
1.231532387180322985e-08
8.741026391589912237e-08
2.306711088806423504e-08
9.119948174429737264e-08
3.261260701492574299e-07
8.773492155000894854e-09
4.473889703149325214e-08
6.942936181530967588e-08
1.635575230807262415e-08
4.663585517761248411e-09
1.554415121063357219e-07
2.071124782787592267e-08
7.699665793836629746e-09
3.504083068150976032e-08
1.627971712991893583e-08
2.045504565728606394e-08
2.513897072731197113e-07
2.353005434940769192e-08
2.747313665452111309e-08
1.338538595518912189e-07
3.746024219708488090e-07
2.036180779541041375e-09
4.394685504394146847e-08
5.715634188163676299e-07
1.445359831819814644e-08
9.975465076195177971e-08
1.210341338264697697e-08
4.573959433429308774e-09
1.029530167784287187e-07
1.047762765438164934e-08
2.049667813253108761e-08
1.378324583356516086e-07
4.400439479468332138e-08
1.939598526234931342e-08
3.916266422265834990e-08
3.492119660108983226e-08
1.828919238278103876e-08
7.780933675149981354e-10
1.298489991086171358e-07
6.314445499810972251e-08
5.366807727114064619e-07
1.723630589367530774e-07
2.911958461027097655e-07
1.267764027090834134e-08
2.841391832930639794e-08
1.156974462901416700e-07
4.491451477406371851e-08
3.999771625018411214e-09
3.409773125895299017e-05
1.222410084267266939e-08
1.126549431518242272e-08
9.598504213670366880e-09
3.726061095221666619e-07
2.333759319128603238e-08
3.144098172924714163e-07
7.029629500721057411e-08
3.229313350061602250e-08
1.110788687697095156e-07
4.191540892151124353e-09
3.194443820575543214e-08
2.669702459101586101e-09
9.506240239431917871e-09
8.077249979976386385e-09
5.669845482003665893e-09
6.171219268935601576e-08
4.486246041324193357e-08
8.873492447492026258e-07
9.183639626542117185e-09
1.813350025692272993e-09
7.379360233983334183e-09
2.744939608945173859e-09
9.119822230729823787e-09
1.407659144803119489e-08
1.043846786785707081e-09
6.665310525733048053e-09
6.409660358031032956e-09
2.797756337713508401e-08
1.474955357849694337e-08
5.648936873825505245e-09
1.907301054870913504e-07
4.517016982674704195e-09
4.472987598092004191e-07
5.495094228535890579e-07
2.372686580542904267e-08
1.240696700932630847e-08
2.015254851883696574e-09
2.387821718130567206e-09
5.191763463585630234e-08
7.441767735372195602e-08
2.084639305621749372e-08
1.366649815537357426e-08
3.183725638677969982e-08
7.986786343394669530e-09
5.420833559810489533e-09
1.086705907482610201e-07
6.165803423385796123e-09
1.078096367734815431e-08
7.038427725092333276e-07
2.574206064309692010e-06
1.712954542654188117e-07
1.981999133704448468e-07
1.500616342298144446e-08
3.423113525968801696e-08
2.326447257061659002e-09
7.637444454644537473e-09
1.278953902783541707e-07
2.407336978649254888e-07
4.781280438237445196e-08
2.022549416835772718e-08
3.113316537906030135e-08
1.915803409247018863e-07
4.621905702606454724e-08
3.379685509230512253e-08
8.696188658063874755e-09
3.188952391042221279e-08
2.908102381127264380e-08
7.809157409610634204e-07
7.053589712313623750e-08
1.059502596767458726e-09
1.639431590483297896e-09
4.581179879892260942e-09
8.072841410466935486e-06
6.712364353234079317e-08
1.766537565117687336e-07
8.930451933508720685e-10
1.513655512042078044e-08
4.889962212928367080e-08
4.192350289144997078e-08
4.462904001911738305e-08
5.026645766292858752e-09
1.990868803147805011e-09
6.416363884653719651e-09
1.520135572974368188e-09
1.366110335965231570e-08
6.182738729876291472e-07
2.778883557766675949e-03
1.384828038908381131e-07
8.580510524325291044e-09
1.058305869605646876e-07
5.331785235540564827e-09
1.716760777981107822e-08
9.366534214905186673e-10
2.738272275593089944e-09
2.122546405303182837e-08
5.062653229970237589e-08
1.390325081729315571e-07
5.304939918460149784e-07
7.072095353777285709e-09
1.040192643131376826e-07
2.642966512311772931e-09
1.750123601595987566e-08
5.116332690846547848e-09
6.878529745790729066e-09
6.392291140855377307e-08
1.542712091406883701e-08
1.512506919709721842e-08
1.363093726780562065e-08
1.408450689410756240e-09
8.387740280113575864e-09
5.251186596666457262e-09
7.750012187557331345e-09
8.006664131698926212e-08
1.298060858800909045e-08
4.393536912061790645e-08
6.227458015928277746e-07
1.402168514630375284e-08
1.190829213015831556e-08
8.187861055830580881e-09
8.155629060979663336e-09
1.958097683996129490e-09
8.111697979984455742e-08
4.758188953957187550e-09
8.109601323802451134e-10
1.597630046035192208e-07
1.542626826278592489e-08
2.053031057585030794e-04
4.697986710766599572e-08
4.380734353048865160e-08
1.085732179717524559e-07
1.008233141419623280e-08
1.206638984285746119e-07
1.182646602870818242e-08
3.850654017867327639e-09
1.690431190581875853e-07
1.806484384303530533e-08
3.521294900110660819e-08
2.252451203332839214e-08
4.303080558543115330e-08
1.784855996334044903e-08
5.787755696928797988e-08
1.157367313098234263e-09
6.998063240004626095e-10
2.901879980754529242e-08
1.499457624731803662e-08
1.509475033856233495e-08
1.038967312183558533e-07
1.186360232274807913e-09
8.597465850357366435e-09
7.223005749068533987e-09
6.749183967258431949e-08
4.941143671999270737e-08
2.079943897115299478e-07
9.372548248620660161e-08
1.656847814501816174e-08
1.450856235152286899e-08
3.953710248083552870e-08
3.411901872141243075e-08
1.409494121418219947e-08
3.804440666499431245e-06
5.662529360961343627e-07
2.484445928985223873e-07
8.413633167947409675e-07
1.632088242331519723e-08
6.193691337585960355e-09
1.617278932997123775e-08
4.959921806602096694e-09
2.401565168952402018e-09
1.157531226425589921e-08
2.663910514399958629e-08
6.486180481601877545e-09
2.285860034589859424e-07
9.927614286198149784e-08
8.791856487277982524e-08
4.889743054903306074e-10
1.625047048037231434e-07
7.436315119235814564e-09
1.088899970191903321e-09
4.148268217818440462e-08
5.258773860816745582e-09
6.515778583349174369e-09
1.005747751747776420e-08
1.709096153490463621e-08
2.379393748697111732e-08
1.757863965501371695e-09
2.567845491796560964e-08
4.966662636718410795e-09
2.236756024842634361e-08
1.514927134849131107e-07
1.058031386946822749e-07
1.299056595627234856e-08
6.311142275450265515e-09
1.463775856080928861e-08
3.501552612306113588e-07
4.289876454066643419e-09
1.987477915577073873e-08
3.334605480631580576e-09
5.432117688997095684e-08
4.709495016186338034e-09
7.989060435420469730e-08
3.083696142880398838e-08
1.731315961706059170e-07
8.405132589928143716e-09
1.615437525970264687e-07
5.247003898034563463e-08
2.698926859778794096e-09
1.290917950313996698e-08
1.489189145331692998e-07
4.466989889095884791e-09
1.580170128079316783e-08
2.534396914555259173e-09
1.851844189104667748e-08
1.799529969481739045e-09
3.084011712672918293e-09
9.760488417498436320e-09
1.770364077557928795e-09
2.077241134657015209e-08
1.064538768247302869e-08
5.606133868241158780e-08
1.749022260355559411e-08
7.771030041681115108e-09
2.413970534576037608e-08
6.308663369480882466e-09
1.207930893087905133e-07
8.575814725020336482e-09
2.234709306492277392e-08
3.711391372007710743e-08
7.317675354556740785e-09
1.535232172500400338e-07
1.336068944368662414e-08
2.363216680123514379e-07
3.744002885497366151e-09
4.197462999400158878e-08
8.159880593439083896e-08
1.510525606818191591e-07
3.509197599171898219e-09
1.277916883424268235e-08
1.825945972200315737e-08
9.570210579568083631e-08
3.465736853058842826e-08
6.337245839205252196e-09
6.180026268509664078e-09
6.669662866443104576e-08
2.850592828451681271e-08
1.804744353961496017e-09
9.866202965724824026e-09
3.940646031708183727e-09
5.778360900876577944e-07
6.902044447087973822e-08
5.480541886981882271e-08
2.046659908216952317e-08
1.121382897650846644e-08
4.468229519716260256e-07
3.908930423790479836e-08
3.020942829223827175e-09
3.392119367617851822e-07
4.358687633043700771e-09
1.205164608109043911e-07
2.333434423462676932e-08
6.327381640858220635e-08
1.152919448799138991e-08
1.153510731377593856e-09
9.159643923339899629e-06
5.069987452088753344e-08
2.788869402081672888e-08
1.082010996356075339e-07
8.799552198013316229e-09
7.427030546125479304e-09
3.036245459497877164e-07
1.852133002522293737e-09
4.539637110667626985e-09
1.859915066404482786e-08
1.052030711434781551e-07
2.083109151840289996e-08
6.231051674632226423e-09
5.628792791867454071e-07
2.759439787780593178e-08
2.050496661354372918e-08
1.991758580288660596e-08
1.145469710195357038e-07
1.930920490167409298e-08
1.021746243168308865e-07
1.706119334698996681e-08
1.450850728446084759e-08
1.541240806091082050e-07
4.070655368337838809e-09
6.026500631861608781e-09
3.275341242670037900e-08
4.105589468395010044e-08
1.693329743090998818e-08
4.699006073138889406e-09
1.955489814520205982e-08
2.004264976207537075e-09
1.141102989876685569e-09
3.268495163410989335e-08
1.435216887557544396e-07
3.314017931188573129e-07
6.211973868630593643e-08
5.002266156850510015e-09
5.100958944126432471e-08
3.253027713867595594e-08
7.451009587100543285e-09
8.627235814628875232e-08
1.863753773534426728e-08
6.313153111392466599e-09
4.232496575440336528e-09
2.493948381143695769e-09
1.719940101452266390e-08
5.419769513537175953e-05
4.995194302637173678e-08
2.551060918065672922e-09
2.364873950000401237e-07
2.991044922850960575e-08
4.357001870403109933e-08
1.099378810209827861e-08
1.209822642067592824e-07
6.072434999282450008e-09
2.335038544742928934e-07
8.306349497111398250e-10
3.633807565961433284e-08
3.275664406388045791e-09
3.237880363826661778e-08
3.140912196997192041e-09
1.541528793502777717e-09
1.000615479362920723e-09
7.036577898134055431e-08
5.884595921656909923e-09
1.006163596883880018e-09
2.147581890099559132e-09
3.242759394339600476e-10
9.953489588099273533e-09
3.014709148985161846e-09
1.647998573162112734e-07
7.310462457610356068e-09
6.448409362036500170e-09
1.206954713950381120e-08
2.874337035052576539e-08
8.940209994534598081e-08
1.080640910089414319e-08
9.014793356243444578e-09
2.427197820509263693e-08
1.532325022424174676e-08
1.826805373639217578e-07
1.678647549852030352e-07
4.608270742778586282e-08
8.988576105650736281e-09
9.041036364010324178e-09
1.447304676105432009e-08
1.661264348307156524e-09
1.062995238498842809e-07
4.834725686464480532e-08
1.242055791550455979e-08
1.714032116240105097e-08
1.063297432324361580e-07
3.228172715807886561e-07
8.006431961860016600e-09
1.664118509658862877e-09
2.321797420989923921e-09
2.296437484616831171e-09
1.408606564723413612e-09
2.317708913679439320e-09
2.553451006193085959e-09
1.006736596309565357e-07
1.811265470941236799e-09
1.720442099895080901e-08
8.956175800989285563e-10
2.984723153076629387e-07
4.748797977072172216e-08
6.868082209621206857e-07
2.351977990144860087e-08
4.504294182083867781e-08
1.477944806538289413e-06
4.660333274841832463e-08
3.344078436384734232e-08
7.189815676156285917e-08
3.023537260560260620e-07
3.927054308405786287e-07
6.156308351989991934e-09
5.594264393948833458e-07
8.264790629652907228e-09
1.062136561813531443e-06
1.152273121363123209e-08
2.326364167970496055e-08
1.156957907255673490e-07
7.358463705031681457e-08
2.059527481890199851e-08
4.586051716160000069e-08
4.144535736827492656e-08
2.663468379182631907e-08
3.158758659083105158e-07
3.646396748990810011e-07
1.777620468601526227e-07
6.236012950466829352e-08
1.260559390203752628e-08
1.318806880590273067e-06
2.951521693717040762e-08
