7.962937161209993064e-06
3.825524618150666356e-05
1.576844988449010998e-05
4.734784670290537179e-05
2.937714089057408273e-05
1.986519346246495843e-04
7.684921911277342588e-06
6.243556854315102100e-04
3.914077242370694876e-04
1.346370263490825891e-04
2.146974002243950963e-04
3.494775737635791302e-04
4.955521319061517715e-03
1.127604700741358101e-04
1.333628752036020160e-04
9.881332516670227051e-04
3.190273127984255552e-04
2.639905142132192850e-05
1.212685765494825318e-05
6.797813693992793560e-05
4.908624396193772554e-05
2.113326445396523923e-05
3.398930857656523585e-05
4.877153318375349045e-03
1.497931953053921461e-04
2.625078013807069510e-05
2.674620482139289379e-04
3.951901817345060408e-05
4.910595453111454844e-05
1.914878608658909798e-03
2.356093682465143502e-05
1.866568163677584380e-05
1.670117489993572235e-04
3.532164100761292502e-06
6.533613031933782622e-06
2.003152330871671438e-04
1.791065587894991040e-04
1.439353036403190345e-05
6.434506503865122795e-04
2.862019173335283995e-04
2.349873284401837736e-05
3.863318997900933027e-04
4.483496741158887744e-05
5.503661814145743847e-04
1.483879459556192160e-04
1.051444633048959076e-04
1.383545895805582404e-05
2.468221937306225300e-04
4.305741458665579557e-05
3.367405588505789638e-05
8.134455129038542509e-06
8.266948134405538440e-05
6.420778809115290642e-04
2.463163982611149549e-04
1.657710963627323508e-04
1.692463047220371664e-05
3.226146145607344806e-05
1.417901221429929137e-04
1.001152559183537960e-04
7.056881440803408623e-05
3.174453740939497948e-04
2.783011768769938499e-05
2.414987684460356832e-04
3.715581551659852266e-04
1.112021491280756891e-04
3.748817835003137589e-03
2.812788006849586964e-04
4.109903602511622012e-05
5.822932580485939980e-04
2.680371835594996810e-06
3.475223275017924607e-05
1.719340070849284530e-05
1.146783233707537875e-05
1.748741604387760162e-02
2.940482227131724358e-04
9.845958993537351489e-05
6.375397060764953494e-05
9.204263187712058425e-05
2.407320134807378054e-04
5.537926335819065571e-05
1.405980437994003296e-04
1.431521377526223660e-05
2.848869189620018005e-04
1.214261355926282704e-04
4.691341018769890070e-06
3.738526720553636551e-04
6.733774789609014988e-04
6.312759796855971217e-05
3.217369667254388332e-04
5.797769517812412232e-06
7.862117490731179714e-04
2.736230453592725098e-05
3.409550481592305005e-05
5.040048563387244940e-06
2.166877384297549725e-04
5.879113814444281161e-05
9.222821245202794671e-05
5.091193543194094673e-06
1.085297117242589593e-05
4.348835318523924798e-06
3.238047065678983927e-05
4.589789547026157379e-03
1.122887188103049994e-04
2.969588967971503735e-05
2.481423689459916204e-05
1.620288821868598461e-04
1.455742039979668334e-05
3.810902999248355627e-04
2.735678572207689285e-03
2.985751489177346230e-04
3.128065145574510098e-04
3.243167011532932520e-04
1.278696232475340366e-03
8.391974261030554771e-04
3.178461338393390179e-04
6.649268325418233871e-04
1.301301759667694569e-03
5.684792995452880859e-05
2.541666908655315638e-04
4.508771235123276711e-04
1.675843814155086875e-04
7.114033214747905731e-04
1.996247738134115934e-04
1.047278987243771553e-03
1.159800594905391335e-04
6.845702300779521465e-04
6.462623423431068659e-05
3.775014556595124304e-05
5.783816959592513740e-05
9.787577437236905098e-04
1.081453083315864205e-04
1.470231218263506889e-04
5.693875573342666030e-05
1.209488182212226093e-04
1.354954656562767923e-05
6.512006075354292989e-05
9.696459164842963219e-05
1.582374352437909693e-06
6.196256890689255670e-06
4.938503934681648389e-06
4.111610451218439266e-06
1.282727862417232245e-05
1.097488734558282886e-06
5.760213753092102706e-05
3.734740676009096205e-05
9.092884283745661378e-06
4.872053068538662046e-06
1.001339751383056864e-05
4.967305358150042593e-05
5.194010100240120664e-06
2.180261944886296988e-04
4.211668856441974640e-04
1.807772205211222172e-04
2.050858893198892474e-05
5.919818795518949628e-05
8.819928189041092992e-05
2.509463811293244362e-04
3.809464105870574713e-04
1.364330091746523976e-04
1.521313533885404468e-04
4.063757660333067179e-04
2.018135455728042871e-05
1.151180549641139805e-05
3.622303847805596888e-05
8.388697460759431124e-05
9.273194154957309365e-05
4.067755071446299553e-05
7.819476741133257747e-05
3.214974130969494581e-04
8.020181121537461877e-05
1.201068633235991001e-03
1.132773904828354716e-04
1.689932541921734810e-04
1.303743338212370872e-04
1.394385071762371808e-05
3.439090214669704437e-04
2.833866747096180916e-04
8.718952449271455407e-05
1.098588807508349419e-03
9.384293662151321769e-05
2.732071152422577143e-05
1.742861932143568993e-04
1.647231256356462836e-04
1.100267400033771992e-05
1.514947653049603105e-04
3.002780431415885687e-04
8.284837240353226662e-04
1.696159248240292072e-03
1.242480793735012412e-04
2.311387652298435569e-04
2.995981049025431275e-05
2.362721279496327043e-04
2.562155132181942463e-04
6.070598028600215912e-04
1.968739088624715805e-04
4.547934076981619000e-05
1.083509996533393860e-04
9.039683936862275004e-05
4.291829536668956280e-04
6.581325578736141324e-05
1.564199628774076700e-04
5.637176218442618847e-05
3.944619311369024217e-05
2.400591256446205080e-05
1.050511400535469875e-05
4.860861808992922306e-04
4.173301567789167166e-04
4.351577663328498602e-04
4.024956724606454372e-04
3.059137379750609398e-04
3.148137184325605631e-04
2.431736327707767487e-03
7.533695315942168236e-04
2.985600440297275782e-04
2.117631811415776610e-04
3.933196130674332380e-04
2.804760297294706106e-04
1.046457837219350040e-04
1.935289183165878057e-04
2.646241046022623777e-04
8.712942362762987614e-04
3.969864919781684875e-04
4.172999178990721703e-04
9.334790229331701994e-05
5.703391798306256533e-05
1.324689947068691254e-04
3.341162519063800573e-04
2.080830308841541409e-04
5.089254584163427353e-03
3.537549491738900542e-05
6.017543000780278817e-06
3.526353248162195086e-05
7.761836604913696647e-05
8.132035145536065102e-05
2.085355663439258933e-05
3.764339489862322807e-04
1.180754115921445191e-04
9.204561138176359236e-06
8.510705811204388738e-05
1.168514154414879158e-05
1.098486100090667605e-04
3.850039138342253864e-05
3.620476491050794721e-05
1.899712515296414495e-04
1.498735800851136446e-04
4.899607301922515035e-05
3.958402376156300306e-04
1.072485247277654707e-05
1.944284485944081098e-05
2.041877996816765517e-05
9.767799383553210646e-06
4.581226676236838102e-05
2.294949226779863238e-04
3.984108479926362634e-05
2.055074401141609997e-05
7.927128899609670043e-05
1.769944210536777973e-04
3.670017758850008249e-04
3.377858956810086966e-05
4.631729098036885262e-05
6.677005330857355148e-06
4.767435166286304593e-05
8.761512435739859939e-05
1.067098401108523831e-05
2.204309112130431458e-06
4.598700979840941727e-05
2.571951154095586389e-05
2.169281942769885063e-04
4.964688559994101524e-04
4.951946903020143509e-04
1.135907950811088085e-04
1.770243834471330047e-04
1.039767448673956096e-04
4.846031515626236796e-05
5.720485933125019073e-05
3.047135251108556986e-04
4.467209873837418854e-05
7.309756620088592172e-05
2.283138201164547354e-05
1.747495298332069069e-05
5.518504185602068901e-04
1.430331467418000102e-04
5.596247865469194949e-05
4.192499181954190135e-05
3.132021447527222335e-05
2.256317202409263700e-05
3.227765264455229044e-04
2.702944620978087187e-04
5.309862899594008923e-05
2.530316851334646344e-05
2.545649185776710510e-04
2.527534961700439453e-04
1.085473573766648769e-03
3.155138620059005916e-05
4.558872751658782363e-05
1.959106593858450651e-04
8.952834832598455250e-06
3.799892147071659565e-04
7.102156814653426409e-05
1.639757974771782756e-04
3.112605772912502289e-04
4.521234586718492210e-05
5.733047146350145340e-05
3.744933637790381908e-04
7.248411566251888871e-05
1.738059218041598797e-04
1.116785424528643489e-04
2.537496402510441840e-05
9.570203110342845321e-05
7.680621347390115261e-04
2.508856123313307762e-04
1.980329398065805435e-04
6.491057774837827310e-06
1.520639671070966870e-05
5.361625426303362474e-06
4.373409319669008255e-05
2.158231836801860482e-06
7.752496458124369383e-06
2.562481131462845951e-05
1.288550556637346745e-04
2.138517083949409425e-05
1.973920443560928106e-04
2.022447530180215836e-03
1.267295912839472294e-03
3.524865605868399143e-04
2.576998958829790354e-04
5.463509660330601037e-05
3.242843667976558208e-04
6.496845744550228119e-04
2.661155886016786098e-04
3.528814122546464205e-04
1.996906503336504102e-04
1.062180235749110579e-04
1.753732612996827811e-05
9.223691886290907860e-04
5.775673198513686657e-04
5.059806062490679324e-05
9.433352970518171787e-04
6.586757081095129251e-05
3.537545853760093451e-05
1.540692173875868320e-04
2.631631505209952593e-04
3.725725982803851366e-04
1.119535590987652540e-04
3.525837091729044914e-04
4.371968389023095369e-04
4.796350258402526379e-04
1.002655608317581937e-05
5.778838385595008731e-05
1.404491486027836800e-04
8.322316716657951474e-05
2.622270585561636835e-05
1.196242374135181308e-04
3.997280509793199599e-05
1.001700293272733688e-03
2.308634866494685411e-04
2.719480544328689575e-04
3.922685049474239349e-03
3.223140374757349491e-04
4.900205385638400912e-05
1.081098380382172763e-04
5.372812738642096519e-04
7.350878877332434058e-05
2.213614352513104677e-04
3.608553015510551631e-05
2.335813769605010748e-04
9.127963858190923929e-05
6.526416837004944682e-05
1.688742777332663536e-04
2.155014226445928216e-04
2.929261536337435246e-04
1.068440964445471764e-03
3.091495251283049583e-03
2.157316193915903568e-04
2.087066823150962591e-04
5.575517425313591957e-04
2.445791869831737131e-05
3.491519310045987368e-04
9.050808148458600044e-05
1.042228032019920647e-04
6.699336227029561996e-04
3.922221003449521959e-05
1.575019850861281157e-04
1.474349392083240673e-05
3.556801311788149178e-05
4.403221420943737030e-03
6.112051778472959995e-05
6.382314313668757677e-05
7.979459769558161497e-05
1.812767586670815945e-04
1.233321498148143291e-03
2.557425068516749889e-05
9.752427286002784967e-05
5.535434320336207747e-05
9.146851516561582685e-05
1.867945538833737373e-04
2.029074821621179581e-04
7.018624455668032169e-05
2.364766987739130855e-05
3.083331685047596693e-04
4.685651583713479340e-05
3.817827382590621710e-05
2.298636718478519469e-05
1.193141088151605800e-06
1.391389105265261605e-06
5.991859325149562210e-06
7.546214852482080460e-03
3.323939745314419270e-05
3.247978384024463594e-05
1.303573662880808115e-04
3.690926678245887160e-05
1.175870875158580020e-05
1.523654907941818237e-03
1.774614975147414953e-05
7.254306638060370460e-06
4.899060586467385292e-04
9.715171530842781067e-03
2.395413903286680579e-04
2.941191496574901976e-06
2.179759940190706402e-05
2.654084710229653865e-05
2.334278542548418045e-04
7.153891601774375886e-06
3.562144411262124777e-05
8.113614057947415859e-06
2.161824522772803903e-04
8.089878065220545977e-06
4.989362787455320358e-04
8.838381618261337280e-03
1.153391531261149794e-05
1.330160594079643488e-04
3.979383036494255066e-04
8.613060344941914082e-05
1.375736319459974766e-04
8.474336027575191110e-06
4.264332892489619553e-05
4.186023215879686177e-05
6.536925502587109804e-05
3.935019412892870605e-05
9.610936103854328394e-05
1.333852651441702619e-05
2.470274193910881877e-05
1.045049648382700980e-04
5.101823262521065772e-06
4.847008967772126198e-04
1.515876152552664280e-03
6.916030542925000191e-06
1.924805837916210294e-05
7.092001382261514664e-03
8.208761573769152164e-04
8.242602780228480697e-05
1.772186260495800525e-05
1.616309309611096978e-04
2.516490349080413580e-04
3.892291715601459146e-05
2.632114774314686656e-05
4.188476887065917253e-04
3.040358751604799181e-05
1.293490095122251660e-05
3.414109349250793457e-03
2.720376687648240477e-05
7.047774852253496647e-05
5.278932396322488785e-03
1.010731561109423637e-03
3.391635618754662573e-05
9.229032912116963416e-06
1.720895966172975022e-06
8.560373447835445404e-03
3.376829909029765986e-06
2.574928337708115578e-03
6.487679202109575272e-03
7.360142626566812396e-05
3.929581958800554276e-03
5.799033147013687994e-07
1.335420711257029325e-05
1.277429691981524229e-05
1.514644944109022617e-03
1.007326045510126278e-05
5.890804459340870380e-05
4.668209840019699186e-06
3.839382316073169932e-06
1.169207462226040661e-05
1.841856101236771792e-05
2.901339321397244930e-04
7.766838280076626688e-06
4.749629624711815268e-06
1.368394987366627902e-05
2.692075395316351205e-05
7.941365765873342752e-05
9.654125460656359792e-05
9.841321116255130619e-06
5.602901364909484982e-05
2.863823901861906052e-04
4.456831447896547616e-05
9.664631215855479240e-04
3.694219049066305161e-05
2.104904706357046962e-04
3.567750536603853106e-05
1.438612671336159110e-04
1.366421463899314404e-03
3.529876121319830418e-04
1.196137382066808641e-04
5.963845644146203995e-03
5.466792936204001307e-05
2.978577504109125584e-05
4.411932604853063822e-05
4.460983618628233671e-04
3.931652827304787934e-06
2.582700744824251160e-06
1.061309948563575745e-01
3.956560703954892233e-06
2.874506171792745590e-04
4.844169598072767258e-05
2.211148967035114765e-05
3.070890670642256737e-04
3.087424847763031721e-04
1.214543444802984595e-04
3.882712189806625247e-05
3.864549507852643728e-04
1.032195985317230225e-03
2.431781467748805881e-05
1.364843483315780759e-04
9.331176261184737086e-05
1.778693258529528975e-04
9.652781591285020113e-05
1.840477852965705097e-05
2.818482171278446913e-04
1.366096239507896826e-05
7.571191872557392344e-06
1.288116800424177200e-05
2.133007365046069026e-05
1.855872937994718086e-06
6.119120866060256958e-03
1.802004226192366332e-05
1.041724135575350374e-05
3.584678779589012265e-06
5.425256404123501852e-06
6.381194543791934848e-05
1.702845656836871058e-05
5.393296014517545700e-04
1.444263907615095377e-04
1.100846799090504646e-03
1.182828491437248886e-04
7.787575668771751225e-06
4.956667544320225716e-04
1.714058453217148781e-05
6.901752840349217877e-06
6.265599381549691316e-07
4.439859767444431782e-04
1.215511019836412743e-05
7.028218988125445321e-06
5.363740638131275773e-05
6.126054213382303715e-04
8.418566721957176924e-05
1.159164821729063988e-04
1.560551318107172847e-04
4.451689019333571196e-04
7.355405978159978986e-05
9.325682767666876316e-04
9.450587094761431217e-05
9.579805009707342833e-06
2.988540245496551506e-06
1.752052688971161842e-03
2.726785851336899213e-06
3.062302494072355330e-05
2.497648711141664535e-05
2.567576484580058604e-05
2.007788134505972266e-05
5.025968130212277174e-05
3.230938746128231287e-04
1.497338507761014625e-05
9.854769814410246909e-06
1.353108818875625730e-04
2.257295418530702591e-04
4.327374335844069719e-05
1.757831778377294540e-04
1.066976343281567097e-03
1.939972513355314732e-03
3.103387716691941023e-04
6.192213186295703053e-05
1.868048124015331268e-02
2.561891051300335675e-06
1.466430164873600006e-02
5.606054910458624363e-04
1.751770381815731525e-03
4.813008126802742481e-05
8.273656130768358707e-04
4.831578553421422839e-05
2.159215211868286133e-01
4.161920514889061451e-05
2.607576107038767077e-06
8.067381713772192597e-06
8.383162821701262146e-07
1.084724863176234066e-05
3.156461461912840605e-04
1.919213391374796629e-04
8.540679700672626495e-04
4.215851731714792550e-06
7.372767140623182058e-05
5.634462577290832996e-04
1.014809822663664818e-04
2.573512902017682791e-04
1.850462103902827948e-05
1.758016995154321194e-03
2.754565684881526977e-05
1.747774376781308092e-06
1.156213056674459949e-05
4.643081774702295661e-05
1.690280623733997345e-05
1.001117780106142163e-04
3.622331496444530785e-05
1.108779542846605182e-04
1.514720031991600990e-03
3.986044703196967021e-06
7.129508885554969311e-04
1.027422968036262318e-05
1.455474994145333767e-03
5.159402462595608085e-06
3.635799803305417299e-04
7.786410424159839749e-05
1.968762626347597688e-05
9.608539403416216373e-05
1.570264612382743508e-05
1.995639468077570200e-05
2.293830220878589898e-05
3.592627399484626949e-05
1.686323048488702625e-05
2.164081233786419034e-04
4.998551958124153316e-06
5.037105802330188453e-05
1.156297344095946755e-06
2.009334129979833961e-04
1.200145852635614574e-04
4.259892193658743054e-06
2.502450661268085241e-04
2.637908210090245120e-06
9.101359864871483296e-06
5.143561429576948285e-05
8.167040650732815266e-04
3.516452852636575699e-05
7.787252229718433227e-07
2.220789901912212372e-04
3.916948626283556223e-04
3.303153440356254578e-02
1.619723334442824125e-04
8.228560327552258968e-04
4.535728367045521736e-04
8.234620509028900415e-06
2.486004632373806089e-05
5.008556399843655527e-05
9.371963642479386181e-06
5.046409205533564091e-05
4.614740828401409090e-05
8.680319297127425671e-04
2.112460060743615031e-05
3.468359500402584672e-05
7.757614366710186005e-05
2.465674015184049495e-06
7.966424163896590471e-05
1.720156869851052761e-04
4.031162243336439133e-04
5.856642965227365494e-04
7.007885869825258851e-06
5.899906318518333137e-05
2.039025130216032267e-04
6.709863373544067144e-05
1.277899427805095911e-04
1.971995661733672023e-04
8.351781616511289030e-06
4.708555206889286637e-05
2.050240145763382316e-04
2.711116685532033443e-04
2.293480065418407321e-05
3.267811280238674954e-06
2.865218448278028518e-05
1.685396819084417075e-05
2.822357964760158211e-05
6.143577047623693943e-04
1.583920529810711741e-04
5.737011815654113889e-05
1.647055069042835385e-05
1.688013981038238853e-05
1.681766661931760609e-05
2.747539656411390752e-05
4.489146249397890642e-06
1.076864555216161534e-05
1.174312092189211398e-05
5.439236338133923709e-05
2.529561788833234459e-05
4.419786855578422546e-04
1.988685922697186470e-03
3.628421609391807579e-06
2.903303247876465321e-04
1.284381723962724209e-03
2.026753063546493649e-04
1.285673934035003185e-04
2.677947340998798609e-04
5.515725933946669102e-05
1.801207836251705885e-04
1.869120751507580280e-03
2.323019180039409548e-05
2.080907688650768250e-05
1.037277070281561464e-05
2.214786363765597343e-03
1.636051274545025080e-05
2.275295628351159394e-05
1.360383030259981751e-04
6.084264896344393492e-05
6.673462485196068883e-05
4.478439223021268845e-06
8.303025242639705539e-05
5.693313432857394218e-04
4.592172899720026180e-06
6.623887657042359933e-06
7.492353233828907833e-06
4.523783718468621373e-05
3.448111703619360924e-03
7.874648872530087829e-05
1.327186619164422154e-04
7.830890535842627287e-05
7.486096365028060973e-06
7.218190876301378012e-05
3.962267874157987535e-05
1.448361872462555766e-04
1.130869379267096519e-03
3.934280175599269569e-05
2.114255767082795501e-05
4.959040961693972349e-05
5.565501051023602486e-04
4.446235107025131583e-05
6.364141154335811734e-05
3.600172931328415871e-04
2.927786681539146230e-06
4.952024901285767555e-04
6.134373506938572973e-06
1.960210211109369993e-04
1.579120580572634935e-04
4.312491000746376812e-06
5.244003981351852417e-02
1.074961182894185185e-04
8.497983799315989017e-06
1.359187444904819131e-04
2.597981074359267950e-05
2.920583256127429195e-06
1.752003299770876765e-06
7.135493888199562207e-06
2.639486183397821151e-06
3.835689312836620957e-06
1.679112901911139488e-04
2.531336504034698009e-04
3.167585819028317928e-04
1.726278424030169845e-05
5.969031190034002066e-05
4.890385298494948074e-06
2.494976570233120583e-06
5.699827397620538250e-06
5.452729528769850731e-04
5.199335646466352046e-05
6.682104140054434538e-05
1.321457148151239380e-05
2.328291157027706504e-05
4.348399670561775565e-06
3.719174303114414215e-03
1.111203710024710745e-05
1.946761221915949136e-05
7.128706783987581730e-04
3.615803143475204706e-04
1.071357655746396631e-05
2.693106353035545908e-06
1.769865593814756721e-05
1.129877546190982684e-05
2.924142336269142106e-06
1.056863839039579034e-04
1.502023860666668043e-05
9.600914381735492498e-06
7.917677285149693489e-04
1.750883384374901652e-04
1.911743856908287853e-05
2.773121377686038613e-05
1.562787474540527910e-05
2.790881444525439292e-05
8.202844765037298203e-05
1.348977384623140097e-04
1.021437037707073614e-05
2.364391548326238990e-06
4.031760181533172727e-05
2.172601089114323258e-04
1.944378891494125128e-05
2.742042415775358677e-04
2.689177345018833876e-04
2.905366942286491394e-03
2.051027258858084679e-03
5.478087041410617530e-05
2.172768727177754045e-04
1.889914710773155093e-05
1.759089536790270358e-05
2.239277382614091039e-04
3.139178716082824394e-06
2.712493483159050811e-07
2.326009598618838936e-05
2.187178179156035185e-04
8.543660806026309729e-05
6.165037484606727958e-05
3.873116838803980500e-06
5.153346864972263575e-05
1.116228577302535996e-05
4.520213042269460857e-05
2.981993566208984703e-05
4.789215163327753544e-04
3.789809397858334705e-06
1.636908127693459392e-04
1.225079358846414834e-05
2.661802000147872604e-06
2.674339702934958041e-05
3.429128992138430476e-05
3.169841511407867074e-05
4.037639882881194353e-05
9.372026397613808513e-06
1.447205522708827630e-05
1.925273863889742643e-05
1.168343624158296734e-05
2.089592089760117233e-05
3.400249115657061338e-04
1.881285811577981804e-06
4.581121902447193861e-04
2.951211063191294670e-04
9.454358860239153728e-07
1.995806087506935000e-04
2.532914732000790536e-05
8.616822015028446913e-06
3.338531314511783421e-05
1.967007847269997001e-04
6.914022378623485565e-05
1.157502720161573961e-05
3.641464354586787522e-05
3.209865462849847972e-05
2.387536369496956468e-05
1.147278235293924809e-04
5.765330206486396492e-05
9.850738933891989291e-06
8.524287841282784939e-04
2.723555326156201772e-06
6.692174065392464399e-05
2.695025759749114513e-04
6.466713784902822226e-06
1.148783121607266366e-05
2.389981818851083517e-04
3.160752385156229138e-05
9.775169928616378456e-06
7.819759775884449482e-05
4.362482868600636721e-04
2.310643758391961455e-04
1.311127198277972639e-05
5.169674754142761230e-03
1.816304720705375075e-04
1.460615458199754357e-04
8.910373435355722904e-04
2.076739474432542920e-04
1.063079107552766800e-04
4.318747378420084715e-04
2.412663772702217102e-03
1.019918636302463710e-04
8.059668471105396748e-05
1.329032093053683639e-04
4.354295015218667686e-05
3.338362649083137512e-02
4.186787700746208429e-04
1.453077566111460328e-04
1.411356031894683838e-03
3.164934469168656506e-06
2.410345477983355522e-04
9.587089152773842216e-06
7.423816896334756166e-06
9.360066542285494506e-06
3.706285951921017841e-06
2.299329571542330086e-05
7.135603809729218483e-04
2.172474523831624538e-06
2.783587660815101117e-05
1.240016863448545337e-04
2.453700290061533451e-04
1.682055590208619833e-04
7.911223292467184365e-06
1.937576336786150932e-03
5.441031316877342761e-05
2.583677705843001604e-04
1.484311796957626939e-04
2.935315424110740423e-04
2.278946340084075928e-05
1.839294418459758162e-04
1.064834395947400481e-05
5.703660917788511142e-06
1.372528349747881293e-04
7.803644734849513043e-07
8.011450518097262830e-06
3.571592060325201601e-06
2.451524960633832961e-05
1.499719473940785974e-05
5.217666966927936301e-06
1.369222765788435936e-03
5.797056473966222256e-06
2.644239066285081208e-05
3.129958349745720625e-05
4.639198014046996832e-04
4.947064444422721863e-04
7.957941852509975433e-05
1.319715374847874045e-05
1.463152148062363267e-04
5.502186581907153595e-07
3.764615976251661777e-04
8.577566768508404493e-05
2.731796586886048317e-03
2.101282589137554169e-02
4.020126652903854847e-05
4.865817118115955964e-06
1.700161083135753870e-04
3.848350752377882600e-05
2.803385723382234573e-04
3.336171175760682672e-06
1.073925814125686884e-04
8.729269211471546441e-06
1.505918044131249189e-04
1.079957110050600022e-05
2.210687147453427315e-03
4.221166364004602656e-06
8.966236782725900412e-05
1.476605189964175224e-03
2.730159612838178873e-04
1.418179090251214802e-05
1.096730193239636719e-04
3.196452453266829252e-04
2.861066604964435101e-06
8.974389493232592940e-05
2.435263695588218980e-06
3.954953626816859469e-06
3.609367240642313845e-06
1.463248627260327339e-03
1.625438562768977135e-05
4.257636319380253553e-04
1.414905636920593679e-05
8.205657650250941515e-05
1.347027864539995790e-04
8.227579201047774404e-06
4.026177339255809784e-04
1.660322304815053940e-03
3.948255107388831675e-05
5.472239106893539429e-02
8.674067212268710136e-04
7.292933878488838673e-05
4.361603059805929661e-04
3.049488259421195835e-05
2.256042762383003719e-06
2.242371556349098682e-04
2.524409501347690821e-04
5.459030217025429010e-05
1.104243492591194808e-04
9.043982572620734572e-05
2.418257936369627714e-04
1.418699976056814194e-04
6.105290958657860756e-04
3.980660039815120399e-05
2.903690801758784801e-05
1.457326288800686598e-04
1.678081753198057413e-05
3.204066888429224491e-05
1.298291408602381125e-05
1.309764455072581768e-03
3.838492830254836008e-06
9.461381705477833748e-05
5.295061273500323296e-04
5.807692068628966808e-04
2.700943732634186745e-04
3.616763569880276918e-04
2.011802047491073608e-02
6.102791303419508040e-05
3.306047758087515831e-03
9.511103417025879025e-05
8.684003842063248158e-05
1.404902723152190447e-04
7.844494539313018322e-04
1.339545269729569554e-04
6.039614163455553353e-06
2.176502952352166176e-03
6.225787365110591054e-05
1.991779754462186247e-05
4.382896004244685173e-04
2.771897379716392606e-05
4.173472698312252760e-04
2.040954132098704576e-04
1.547159045003354549e-03
3.457101993262767792e-04
1.060039922595024109e-02
4.405430809129029512e-04
7.657732814550399780e-03
2.042915113270282745e-02
1.490202266722917557e-02
1.719648577272891998e-02
2.755545778200030327e-03
2.722630044445395470e-03
5.265419076749822125e-06
