1.246103511221008375e-05
2.746960035437950864e-06
8.217763934226240963e-06
9.303784463554620743e-05
8.213728506234474480e-06
2.331332552785170265e-06
1.521800072623591404e-06
6.593445868929848075e-05
9.897543350234627724e-06
3.978961103712208569e-05
1.971863525795924943e-07
1.124276309383276384e-06
3.371843149579945020e-06
6.396333418479116517e-08
4.966965434505254962e-07
1.797424602045794018e-06
1.002311250886123162e-06
7.745548487037012819e-07
1.708344939288508613e-06
6.032799859667647979e-08
2.002307610382558778e-06
1.040129718603566289e-04
3.274832124589011073e-06
4.020739812403917313e-03
4.211434827539051184e-07
1.565084239700809121e-04
2.812617458403110504e-04
3.292410838184878230e-05
2.346850669709965587e-05
1.289888023165985942e-04
4.853051450481871143e-06
4.641805844585178420e-06
3.449522046139463782e-05
3.916694026884215418e-07
6.359427970892284065e-07
3.565719453035853803e-06
7.677621397306211293e-06
1.414551888956339099e-06
1.994009835470933467e-05
1.132962279370985925e-04
1.827417145250365138e-05
4.975127012585289776e-06
6.250624210224486887e-06
3.842973455903120339e-06
3.664950781967490911e-05
1.141841607932292391e-06
4.301324679545359686e-06
2.684032006072811782e-05
1.698042979114688933e-05
1.618449277884792536e-05
1.308179321313218679e-06
2.357736229896545410e-04
1.046620855049695820e-05
2.568568106653401628e-06
2.287215465912595391e-06
3.852017925964901224e-06
4.444798662461835193e-07
5.435224466054933146e-07
7.296358148778381292e-07
2.658088988027884625e-06
8.572952197027916554e-07
1.445884481654502451e-05
3.601346634241053835e-06
1.213206132888444699e-06
1.277164574275957420e-05
1.335745309916092083e-06
1.851049773904378526e-06
1.712909465823031496e-06
3.011881233305757632e-07
3.645193373813526705e-07
1.303958754306222545e-07
7.789004484948236495e-06
3.958590468755573966e-07
1.549413354950957000e-06
6.706729891448048875e-07
2.549712085908595327e-08
2.658266339494730346e-06
3.331760467517597135e-07
7.294115221156971529e-06
2.090562475132173859e-06
1.576879526510310825e-06
2.042949631686497014e-07
1.148936826211865991e-05
5.073721695225685835e-06
5.668837729899678379e-06
6.661827569587330800e-07
3.787764217122457922e-05
1.302960663451813161e-05
3.530225512804463506e-06
8.056662181843421422e-07
3.364398821759095881e-07
1.562921397635363974e-06
5.940655114500259515e-07
3.122139276001689723e-07
7.040090963528200518e-07
2.165133565767973778e-07
1.697179783377578133e-07
1.343717394775012508e-05
2.087982011289568618e-06
1.762277970556169748e-04
1.413495465385494754e-05
6.895801052451133728e-04
9.992852028517518193e-06
8.163117854564916342e-06
1.798481753212399781e-05
1.890641669888282195e-07
1.009018524200655520e-05
1.226970994139264803e-06
2.836885073520534206e-07
2.776814085336809512e-07
1.004264959192369133e-06
1.176024397864239290e-06
3.686820718939998187e-06
5.851895821251673624e-07
5.715734459954546764e-06
2.532931148380157538e-06
4.411286056438257219e-07
3.121518687976276851e-08
1.814329834814998321e-06
9.098824875763966702e-07
8.333266805493622087e-07
3.606575944559153868e-07
1.012909706332720816e-05
1.095589936994656455e-06
4.385742613521870226e-06
1.242536171730534988e-07
2.424623062324826606e-06
1.518890144325268921e-06
4.717462616099510342e-06
6.615403253817930818e-05
5.159099146112566814e-06
1.092439651984022930e-05
7.481070838366576936e-07
7.097439151948492508e-07
4.454705958778504282e-06
1.848969645834586117e-06
2.251681326015386730e-05
9.736534593685064465e-06
3.380356019988539629e-06
2.345610852216850617e-07
5.316276485700655030e-08
5.752282845605805051e-07
2.423972205178870354e-07
7.566155545646324754e-06
3.751998883672058582e-05
1.943648157975985669e-06
1.301178781432099640e-05
2.184014647355070338e-06
8.560484729969175532e-07
3.716202627401798964e-05
9.142669114226009697e-06
3.119127723039127886e-05
1.293669538426911458e-05
2.247305928904097527e-06
3.309577039090072503e-07
1.038623963722784538e-06
6.808420039305929095e-06
2.830528865160886198e-05
3.663193638203665614e-05
2.099226228892803192e-03
7.590193999931216240e-04
6.260580903472146019e-06
7.528062724304618314e-07
5.077760943095199764e-05
6.637909791606944054e-06
1.391347814205801114e-05
1.000209067569812760e-05
1.023696040647337213e-05
1.381275505991652608e-04
5.759666091762483120e-04
8.359109051525592804e-04
5.945615339442156255e-05
2.803460229188203812e-04
5.178567953407764435e-04
1.001649525278480724e-05
2.078235047520138323e-05
9.288399014621973038e-04
5.717264139093458652e-04
1.325290533713996410e-03
4.501591320149600506e-05
2.040524705080315471e-04
8.575062383897602558e-05
9.877213415165897459e-06
1.860426709754392505e-05
1.670737838139757514e-04
1.052442166837863624e-05
1.866878483269829303e-05
1.658190558373462409e-05
2.831001438607927412e-05
1.188041060231626034e-04
9.810073606786318123e-06
6.710818706778809428e-05
3.919595201296033338e-06
1.093626488000154495e-03
8.247174264397472143e-06
9.531150863040238619e-05
1.898642767628189176e-05
1.818982491386123002e-05
9.007425433082971722e-06
1.770745802787132561e-05
4.037625330965965986e-05
1.832492125686258078e-05
2.047883026534691453e-05
1.601246731297578663e-05
1.559887459734454751e-05
6.993324961513280869e-03
4.737735725939273834e-04
5.057250964455306530e-04
1.018191542243584991e-04
1.251533161848783493e-03
1.848148094723001122e-04
8.833104511722922325e-04
1.124083355534821749e-04
2.389435842633247375e-02
5.501819541677832603e-04
5.300797784002497792e-05
7.548775465693324804e-05
4.591029573930427432e-05
7.991690072230994701e-04
5.644726115860976279e-05
4.302522866055369377e-04
1.556646384415216744e-05
8.252032421296462417e-05
1.276752936973934993e-05
3.510566893965005875e-03
7.928677950985729694e-05
8.678062295075505972e-05
4.172317858319729567e-04
4.031234857393428683e-05
1.394149730913341045e-04
1.263663725694641471e-04
1.462683314457535744e-03
7.973122410476207733e-04
1.350385991827351972e-05
2.642198160174302757e-05
1.454462471883744001e-04
8.131224312819540501e-04
4.528597855824045837e-05
1.430675729352515191e-05
2.512840001145377755e-05
9.531759860692545772e-05
2.382412640145048499e-05
2.016744256252422929e-04
5.747682007495313883e-05
1.579902709636371583e-05
3.050599161724676378e-06
7.742254820186644793e-05
1.285108646698063239e-05
2.993370117110316642e-06
1.909863931359723210e-05
2.517893108233693056e-06
2.075958764180541039e-05
2.297950231877621263e-06
1.363512419629842043e-04
3.697189640661235899e-06
3.508913505356758833e-04
1.382403570460155606e-04
3.439082865952514112e-05
9.644484816817566752e-05
3.091332473559305072e-05
3.792721145146060735e-06
5.314801455824635923e-06
3.121368354186415672e-05
3.273567472206195816e-06
9.239836913366161752e-07
1.073816019925288856e-05
6.125968411652138457e-06
4.946879344061017036e-04
3.666707873344421387e-02
1.315218396484851837e-04
1.243511906068306416e-05
4.557474676403217018e-05
1.647919998504221439e-05
9.146222146227955818e-05
9.758720407262444496e-04
6.068785442039370537e-04
4.705948813352733850e-04
4.034211451653391123e-05
6.288483746175188571e-06
1.186161171062849462e-05
1.254070684808539227e-05
2.433145027680438943e-06
2.781551756925182417e-06
5.348392733139917254e-07
4.643295312689588172e-07
5.253263225313276052e-06
5.152033736521843821e-06
2.399902086835936643e-06
1.448737975806579925e-06
1.353737104636820732e-07
5.001982572139240801e-06
1.362582988804206252e-04
1.537366733828093857e-05
6.957544883334776387e-06
4.563285037875175476e-04
4.130888555664569139e-05
1.925556261994643137e-06
4.429030923347454518e-06
9.661947615313692950e-07
9.501581530457769986e-07
9.664860272096120752e-07
2.725828665006702067e-07
1.313856955675873905e-06
1.998865855057374574e-06
1.012445636661141180e-06
2.252153592507966096e-07
1.783872562555188779e-06
1.441850486116891261e-06
1.620523164547194028e-07
1.892890509225253481e-06
1.458181600355601404e-06
1.155191694124368951e-05
2.936814325948944315e-06
7.444805305567570031e-06
9.696901543065905571e-06
1.036342928273370489e-05
5.440368795461836271e-07
6.426937034120783210e-06
1.210164100484689698e-05
3.022004648300935514e-06
9.181765676657960285e-07
1.729882455947517883e-06
1.902961457744822837e-06
2.307323825334606227e-07
1.641731444124161499e-07
2.372406015638262033e-06
7.490401117138389964e-07
1.030932594403566327e-06
2.044506999254736002e-07
6.738915203641226981e-07
4.416968977238866501e-07
3.414403181523084641e-05
1.684872700025152881e-06
4.375020807856344618e-07
7.572660251753404737e-06
4.967858330928720534e-06
1.743917209751089104e-06
8.920451364247128367e-06
4.610097050772310467e-07
7.954565286636352539e-01
1.215744414366781712e-03
9.453132748603820801e-03
9.775900980457663536e-04
1.462111528962850571e-02
2.755033224821090698e-02
4.658189602196216583e-03
7.810368202626705170e-03
5.982007132843136787e-04
2.158745337510481477e-04
2.167500351788476110e-04
3.054159460589289665e-03
4.211182240396738052e-03
3.502582840155810118e-04
1.706505077891051769e-03
7.012455025687813759e-04
7.838155725039541721e-04
9.277040589950047433e-06
1.955895459104795009e-05
2.358249048484140076e-06
2.205683131251134910e-06
1.059074634213175159e-06
4.896665996056981385e-05
1.408215757692232728e-05
1.223052677232772112e-04
3.678545908769592643e-06
1.414780126651749015e-04
3.345016239109099843e-06
2.234356725239194930e-05
2.744760195128037594e-06
1.589152452652342618e-05
1.459254235669504851e-06
1.068870915332809091e-05
1.294238900300115347e-04
1.118325872084824368e-05
9.200527529173996300e-06
7.228835556816193275e-07
2.172199629058013670e-06
2.047515863523585722e-07
1.992995521504781209e-06
1.415364295098697767e-06
3.933394054911332205e-06
3.634202357716276310e-06
7.335274858633056283e-07
8.088442200460121967e-07
9.853048368313466199e-07
1.651084166951477528e-03
5.896083894185721874e-05
6.559746452694525942e-07
1.149963892999039672e-07
1.040460119838826358e-04
2.237077387690078467e-05
4.918030463159084320e-04
8.512315048392338213e-07
2.189705128330388106e-07
8.777384209679439664e-05
3.613894514273852110e-04
7.700848527747439221e-07
1.514705871841215412e-07
7.888454547355649993e-07
1.248483044946624432e-06
7.254329830175265670e-06
8.064699613896664232e-06
4.583240297506563365e-06
1.299803898291429505e-06
4.037765847897389904e-06
5.902880002395249903e-05
5.598357688541000243e-07
1.291796706937020645e-05
4.985999566997634247e-06
4.924459631183708552e-07
5.532478098757565022e-06
2.003932451088985545e-07
1.974036786123178899e-05
9.207712719216942787e-05
1.722705036399929668e-07
3.418792005049908767e-07
7.894803275121375918e-06
1.538174110464751720e-04
2.865029273380059749e-06
3.529417654135613702e-06
1.020347917801700532e-05
6.540447884617606178e-06
1.168172957477509044e-06
3.128174625999236014e-07
3.133885329020813515e-08
3.807041211985051632e-04
4.100606361134850886e-07
1.955317202373407781e-05
3.550576730049215257e-05
8.825282748148310930e-06
1.062240698956884444e-06
5.518500643120205496e-07
1.205931312142638490e-05
5.841781671733770054e-07
1.746789530443493277e-05
2.042864934992394410e-06
8.848899710756086279e-07
3.805041342275217175e-05
1.579221134306862950e-06
7.391167855530511588e-06
7.183331490523414686e-06
3.122450834780465811e-06
2.023867182288086042e-06
1.656080570455742418e-07
1.126950792240677401e-05
3.029205618076957762e-05
1.846432041929801926e-06
4.084228294232161716e-06
7.642884156666696072e-06
3.109670797130092978e-05
7.455672061951190699e-07
1.366176661576901097e-06
2.679255658222245984e-06
1.011659946925647091e-06
1.403106125508202240e-06
2.097302058245986700e-06
1.169924507848918438e-04
5.651542323903413489e-06
6.759547886758809909e-06
7.788124207763758022e-07
4.679311587096890435e-07
9.061307537194807082e-06
1.165813046100083739e-05
1.462540967622771859e-04
1.081142045222804882e-06
3.121578174614114687e-06
1.965218871191609651e-06
2.101093741657678038e-06
1.475995077271363698e-06
6.875499821035191417e-05
4.324303972680354491e-06
5.141723886481486261e-05
1.906440156744793057e-04
4.306029950384981930e-07
1.010844130178156774e-06
6.472484983532922342e-06
7.202504548331489787e-06
5.848899604643520433e-07
3.184357410646043718e-06
3.834147264569764957e-06
6.231669544831675012e-07
2.629605432957760058e-06
1.367031075005797902e-07
6.303966802079230547e-05
5.439956566988257691e-06
4.237130823980805872e-08
1.940379206644138321e-06
1.715937514745746739e-06
1.368129233014769852e-05
5.593979039986152202e-06
1.243828023689275142e-06
1.708773424979881383e-06
1.306603394368721638e-06
6.145849056338192895e-07
1.427784013685595710e-06
6.614975944785328466e-08
1.534611158149346011e-07
3.310793999844463542e-06
2.337166051802341826e-07
4.151959365117363632e-05
3.722675785411411198e-07
5.364187381928786635e-05
1.415065980836516246e-06
1.745674353514914401e-06
5.809083631902467459e-06
3.387162905710283667e-07
3.720386700933886459e-07
1.322743514720059466e-07
7.627399440934823360e-07
9.958322380043682642e-07
4.963445007888367400e-06
1.031815463647944853e-05
1.750614160300756339e-06
5.319365300238132477e-06
3.013786626979708672e-04
6.996716838330030441e-04
3.177163421241857577e-07
3.382847353350371122e-05
3.930278126063058153e-06
3.174188123011845164e-06
5.827027749205626606e-08
3.353254669491434470e-07
3.379305417183786631e-04
1.533626709715463221e-05
1.079710273188538849e-05
1.644983603910077363e-05
4.154648820531292586e-07
9.421055580105530680e-08
2.481459659975371324e-07
4.709160748461727053e-06
1.855149548646295443e-06
2.732548978201521095e-07
1.149722265836317092e-06
7.393497867269616108e-07
1.964943976417998783e-07
2.006181034630571958e-07
4.400281738980993396e-07
1.856313218695504474e-07
6.551512683472537901e-07
1.715316648187581450e-05
2.915185632446082309e-06
8.855836313159670681e-06
2.540757805036264472e-06
3.171891194142517634e-06
5.146018793311668560e-06
1.202939188260643277e-07
1.317427745561872143e-06
3.263273242737341207e-07
8.263253334916953463e-07
2.058671498161857016e-06
1.335637591637350852e-07
2.202388174055158743e-07
6.728290827595628798e-06
7.451442343153757975e-07
2.390823965470190160e-06
3.255451247241580859e-06
1.278649619962379802e-06
7.916860340628772974e-05
2.616060555737931281e-06
5.591306944552343339e-06
3.533302515279501677e-05
1.176675027636520099e-06
3.243255923734977841e-05
6.010208835505181924e-06
2.954319313630549004e-07
2.319516624993411824e-06
2.085323558276286349e-06
9.694764457890414633e-08
4.832095896745158825e-07
1.125647372646199074e-06
1.499317249908926897e-06
3.771138835872989148e-06
3.136059149255743250e-06
2.985804599120456260e-07
1.535995033918879926e-05
6.485397989308694378e-06
2.077604648320630076e-07
3.625753777214413276e-07
8.610351869720034301e-06
1.720755449241551105e-06
4.788357728102710098e-06
1.386714529871824197e-06
4.239891950419405475e-06
7.969777470862027258e-06
5.464107744046486914e-06
1.293588638873188756e-06
1.396963853039778769e-05
9.937654795066919178e-06
2.284263928231666796e-06
1.351576997876691166e-06
4.359444005785917398e-07
1.060870090441312641e-06
1.366320674378584954e-07
7.565939085907302797e-06
1.061548664438305423e-05
1.132134930230677128e-04
1.651977981964591891e-05
4.645133958547376096e-05
1.265453306587005500e-06
4.705297556029108819e-07
5.275885996525175869e-06
2.277440216857939959e-06
4.814069711756019387e-07
1.461705076508224010e-03
2.802557673931005411e-06
1.427202619197487365e-06
8.623857752354524564e-07
1.334575244982261211e-06
8.924889129957591649e-07
3.021069824171718210e-05
3.392240387256606482e-06
4.869109943683724850e-06
4.030079253425356001e-06
1.451616782333076117e-07
5.973845418338896707e-07
1.593258502907701768e-07
1.770967969605408143e-06
1.763011425737204263e-07
8.807494396023685113e-07
1.403069973093806766e-06
3.531334868966951035e-07
2.273190511914435774e-05
4.526866064225032460e-07
1.214550138683989644e-06
2.233595921552478103e-07
3.329402261442737654e-06
1.656964741414412856e-06
8.115775017358828336e-06
2.625318984428304248e-07
5.120100468047894537e-07
1.200625774799846113e-06
9.978609796235105023e-07
1.051355184245039709e-06
2.585488800832536072e-06
1.364412469229137059e-06
2.671528704922820907e-07
5.252311439107870683e-06
2.896623527703923173e-06
2.713982394197955728e-05
2.296009597557713278e-06
6.600733826189753017e-08
7.534009682785836048e-07
1.402715497533790767e-06
5.246884484222391620e-06
3.314898094686213881e-06
5.835775482410099357e-06
3.147756842736271210e-06
4.077419362147338688e-07
2.508424756797467126e-07
3.443195237196050584e-05
7.218378073048370425e-07
3.442718536916800076e-07
8.560627975384704769e-06
5.757178587373346090e-05
3.426532884986954741e-06
3.607678536354796961e-06
6.000947905704379082e-06
4.655496013583615422e-06
1.181421751539346587e-07
6.663816520813270472e-07
1.043156044033821672e-05
9.900705663312692195e-06
2.214551102497352986e-07
3.362668394402135164e-06
3.244241042921203189e-06
5.927528945903759450e-06
4.466323389351600781e-06
2.606458110676612705e-06
1.428176830131633324e-07
3.690968242153758183e-06
1.199745611302205361e-06
4.775641355081461370e-05
1.758781399985309690e-05
5.823028104146033002e-08
6.774484404559188988e-07
5.603073987003881484e-07
1.616899622604250908e-03
3.307832230348140001e-05
2.780090426313108765e-06
1.503448743278568145e-07
3.416952040424803272e-06
1.338830315944505855e-06
3.766124791582114995e-06
6.839893103460781276e-06
1.300967142014997080e-06
3.068796843308518874e-07
1.134717706463561626e-07
7.667463819416298065e-08
1.711140242832698277e-07
2.052271156571805477e-06
1.769878872437402606e-04
1.568665879858599510e-06
1.781997889338526875e-05
2.913126309067592956e-06
9.951430683940998279e-07
4.694166818808298558e-06
2.984483558066131081e-07
2.589598580016172491e-07
1.750267801980953664e-05
4.160724984103580937e-06
3.187733227605349384e-06
1.565587299410253763e-04
1.538815126878034789e-06
4.422739948495291173e-05
3.115946185516804690e-07
1.521109538771270309e-06
6.829114909123745747e-07
3.781894406529318076e-07
1.019486171571770683e-05
1.023833078761526849e-06
5.929253347858320922e-06
2.201352913289156277e-07
4.261992216925136745e-07
7.219844633254979271e-07
8.467678185297700111e-07
1.401178622018051101e-07
4.282719237380661070e-05
1.126898132497444749e-05
4.252865255693905056e-05
1.231869682669639587e-04
2.036440037045395002e-06
1.386878579978656489e-06
1.453323989153432194e-06
7.662314942535886075e-07
2.355409094434435247e-07
1.061203874996863306e-06
5.532016302822739817e-07
7.458730237885902170e-07
2.093709917971864343e-05
3.489131756850838428e-07
1.589258550666272640e-03
3.178563929395750165e-05
4.349255505076143891e-06
3.178806218784302473e-05
5.392240836954442784e-06
2.282437890244182199e-05
1.462591899326071143e-05
1.708599029370816424e-06
7.368649335148802493e-07
6.070049494155682623e-07
8.380783924621937331e-07
4.329049261286854744e-06
7.293484713954967447e-07
8.696906661498360336e-06
1.133955083787441254e-05
4.680675047552540491e-08
2.779059293800401065e-08
2.117839358106721193e-06
2.765707222351920791e-06
1.629272446734830737e-05
1.494723892392357811e-05
2.202849373134085909e-06
5.326304290065309033e-06
7.396628802780469414e-07
5.606628405985247809e-07
2.516921995265875012e-05
1.844834878284018487e-05
1.500984762969892472e-05
5.737016181228682399e-06
1.798826474441739265e-07
5.201963176659774035e-06
7.784374247421510518e-07
1.298677602790121455e-06
4.537339191301725805e-05
3.972522972617298365e-05
1.692522459961764980e-06
2.660593418113421649e-05
3.070194679821725003e-06
7.018078031251206994e-05
6.200077223184052855e-06
4.833303819395950995e-07
3.764571658848581137e-07
3.165170937791117467e-06
9.355014185530308168e-07
9.477138291913433932e-07
3.453956378507427871e-05
3.345432560308836401e-05
1.630234510230366141e-05
5.361164880923752207e-07
3.108836153842275962e-06
2.898668753914535046e-06
1.018668399410671555e-06
1.634455657040234655e-06
6.622408363909926265e-07
6.488741632892924827e-07
1.874504278021049686e-06
4.975321644451469183e-06
2.863831650756765157e-05
4.681338339196372544e-07
6.872693347759195603e-07
1.592198231037400546e-07
2.172696895286208019e-06
2.884169816752546467e-06
5.720429726352449507e-06
2.616365009089349769e-06
5.696642233488091733e-07
4.376702804620435927e-07
3.658719151644618250e-06
2.224136096629081294e-06
1.238142431247979403e-06
2.268008501005169819e-07
1.248242597284843214e-06
1.224426853241311619e-07
2.740696913861029316e-07
9.430193586013047025e-07
6.131027475930750370e-05
1.163071715382102411e-06
8.565838470531161875e-06
5.025462087360210717e-05
1.215273641719250008e-07
1.416902591699908953e-06
1.054924177879001945e-05
1.338030074293783400e-06
1.238464335528988158e-07
8.482622888550395146e-07
2.455776211718330160e-06
6.469944651144032832e-07
1.479016077610140201e-06
1.423808043909957632e-06
1.615094788576243445e-06
2.195432244889161666e-07
1.874640020105289295e-06
1.993206524275592528e-06
4.341843578004045412e-07
4.968934263160917908e-06
5.180111656954977661e-06
9.859994634098256938e-07
1.776399358277558349e-06
5.994701950839953497e-06
7.850008501009142492e-07
7.050280601106351241e-06
1.645007841943879612e-06
2.035566467384342104e-06
2.217000474047381431e-05
4.551704023469937965e-06
4.580802396958461031e-06
1.864909449977858458e-06
1.383257404086180031e-05
2.114324888680130243e-05
7.129302730390918441e-07
2.819653673213906586e-06
2.181298441428225487e-06
1.183670610771514475e-05
8.046200491662602872e-06
1.538672051992762135e-07
1.557918267280911095e-06
1.359367956865753513e-06
1.066680056283075828e-06
6.683753639435963123e-08
8.104425432975403965e-07
1.391196491340451757e-07
1.600313771632499993e-05
2.323711305507458746e-05
1.393107668263837695e-04
3.048563485208433121e-06
1.528704956399451476e-06
9.244173270417377353e-05
6.064327067178965081e-07
1.357866153739450965e-06
8.470659054182760883e-07
6.993917054387566168e-07
1.586851112733711489e-06
2.016934558923821896e-06
9.009795576275791973e-06
4.568886652123183012e-06
5.883956077923357952e-07
7.633163477294147015e-05
6.054627192497719079e-06
1.149022318713832647e-05
2.314842731721000746e-06
1.481055619478865992e-06
1.243622818947187625e-06
1.649168893891328480e-06
2.726661705310107209e-06
4.218875631067930954e-07
3.340511739224893972e-06
2.003871304623316973e-05
2.582032720965798944e-07
6.019768648002354894e-07
3.326709338580258191e-05
1.032926957122981548e-05
3.872011802741326392e-05
3.106571739408536814e-06
3.658905427528225118e-07
1.805766146389942151e-06
3.522987981341429986e-06
1.029497184390493203e-06
5.012634005652216729e-07
9.577391756465658545e-05
3.633209360032196855e-07
6.387385383277432993e-06
2.101862293102385593e-07
3.339656018397363368e-07
1.712421067168179434e-06
2.803100329629160115e-08
4.305251877667615190e-06
1.492769285960093839e-07
8.452327904251433210e-08
2.425728553134831600e-06
1.368394691780849826e-06
5.779597813670989126e-06
7.615668664584518410e-07
5.494037850439781323e-06
9.891428817354608327e-06
5.824527761433273554e-06
1.494707362326153088e-06
9.835079026743187569e-07
6.242399877010029741e-07
1.114973474614089355e-05
8.003632245845437865e-08
6.043819098522362765e-07
1.290854015678633004e-06
6.313220132142305374e-03
4.409856046549975872e-05
4.323909763570554787e-07
1.540776429465040565e-05
5.665621756634209305e-06
1.194480864796787500e-05
7.765800091874552891e-07
1.451774642191594467e-05
2.228136679605086101e-07
3.184082743246108294e-05
5.626009524917208182e-08
1.111802475861622952e-06
3.537844008860702161e-07
6.782468062738189474e-07
2.945429571354907239e-07
5.597431496084936953e-08
7.208248575807374436e-08
3.590357664506882429e-05
1.702236545497726183e-06
7.942726654164289357e-08
1.944823679878027178e-06
1.095952484320150688e-08
2.179593138862401247e-06
1.266849665171321249e-07
1.367372806271305308e-05
2.936355031124548987e-06
6.887165000080130994e-06
4.019570042146369815e-06
1.992753055901630432e-07
1.414638290953007527e-06
6.779861791983421426e-07
1.173546752397669479e-05
1.973824964807135984e-06
5.753435061706113629e-07
7.148983513616258278e-06
7.603172707604244351e-05
1.641053017920057755e-06
6.546079021063633263e-07
1.174832846118079033e-06
9.102991498366463929e-07
3.345057621118030511e-06
1.283032361243385822e-06
8.716509910300374031e-06
1.449283900001319125e-06
2.966102670143300202e-07
9.968190170184243470e-06
4.367725705378688872e-05
1.096967352509636839e-07
2.055660957012150902e-07
6.874893188069108874e-08
4.734804122108471347e-07
2.832639012240178999e-08
1.010262522527227702e-07
1.818680459564347984e-07
5.177681487111840397e-06
3.792181857420473534e-08
6.008481250319164246e-07
2.312540203774915426e-07
5.595443872152827680e-05
1.242954749614000320e-05
3.394873056095093489e-04
4.612610609910916537e-06
4.802024022865225561e-07
1.331459352513775229e-04
5.277415766613557935e-06
2.114629569405224174e-05
3.229219510103575885e-05
6.776546797482296824e-05
1.266100298380479217e-04
6.352340278681367636e-06
3.692742438943241723e-06
7.905207894509658217e-06
4.496543551795184612e-04
5.446203203973709606e-07
3.159103471261914819e-06
3.914147237082943320e-05
1.101636917155701667e-05
2.966299462059396319e-06
2.527435935917310417e-05
5.906053047510795295e-06
5.986275027680676430e-06
1.333026466454612091e-05
2.382470484008081257e-06
2.004859561566263437e-05
1.905934595924918540e-06
2.491371446922130417e-07
1.373180857626721263e-04
2.441298647681833245e-06
