3.359244146849960089e-05
6.845238658570451662e-06
5.104093361296691000e-06
1.800627433112822473e-05
8.361879508811398409e-07
1.221371439896756783e-05
4.883526798948878422e-06
8.011661120690405369e-04
4.116673953831195831e-04
2.215285785496234894e-04
8.333749974553938955e-06
1.349086051050107926e-05
1.000362863123882562e-05
4.341587214184983168e-07
5.905056696065003052e-06
1.370606878481339663e-05
1.632701059861574322e-05
3.362205825396813452e-05
1.851479901233687997e-04
1.448512375645805150e-05
6.570235564140602946e-05
4.039432315039448440e-05
3.581813416531076655e-06
3.362271527294069529e-04
4.888895091426093131e-06
6.732862675562500954e-05
3.861061122734099627e-05
8.548946425435133278e-06
4.726674887933768332e-05
6.359453982440754771e-05
2.433970257698092610e-05
8.374285243917256594e-06
7.388318772427737713e-05
1.213945233757840469e-05
1.945026997418608516e-05
2.984682214446365833e-04
6.936927675269544125e-04
2.845591370714828372e-05
2.479631439200602472e-05
3.213772652088664472e-05
6.035494152456521988e-06
2.908610213125939481e-06
3.611290139815537259e-06
7.789288247295189649e-06
3.036497582797892392e-05
6.359566214086953551e-06
3.100064077443676069e-06
8.848154720908496529e-06
1.100937606679508463e-05
1.489167188992723823e-04
2.603883331175893545e-05
2.127306215697899461e-04
2.056737866951152682e-05
8.701562364876735955e-06
4.706550316768698394e-05
1.303255339735187590e-05
3.411114903428824618e-06
6.410355126718059182e-06
4.332548087404575199e-06
4.989917579223401845e-05
3.199723141733556986e-05
3.370112608536146581e-05
1.373133181914454326e-05
7.502696007577469572e-06
1.279727530345553532e-05
1.789079192349163350e-06
9.796989616006612778e-05
4.533847004495328292e-06
9.591793968866113573e-06
1.130219698097789660e-05
4.506086952460464090e-06
9.638522897148504853e-06
1.079781486623687670e-05
1.916268047352787107e-05
1.551897184981498867e-05
1.059214241649897303e-06
1.707023511698935181e-05
9.310792847827542573e-06
1.055507964338175952e-04
1.557421455800067633e-05
9.465266884944867343e-06
1.645673364691901952e-06
6.997083983151242137e-05
5.347057594917714596e-05
5.254331044852733612e-04
8.852025348460301757e-05
1.171321273432113230e-04
5.218687147134914994e-05
9.439917448617052287e-06
1.754981640260666609e-04
1.532437636342365295e-06
5.239494385023135692e-06
2.124565980921033770e-06
9.185309863823931664e-06
3.133304926450364292e-05
6.828852292528608814e-06
9.953955668606795371e-07
2.195643173763528466e-04
2.009898344113025814e-05
1.109491009265184402e-02
7.423293427564203739e-04
3.720373206306248903e-05
3.520400787238031626e-05
1.521017566119553521e-05
1.116542145609855652e-03
1.350521233689505607e-05
1.740558072924613953e-04
1.241683548869332299e-05
1.091956528398441151e-05
1.289051965613907669e-06
2.628886022648657672e-06
9.444235047340043820e-07
1.777515535650309175e-05
5.839905134052969515e-05
3.126537558273412287e-05
3.977159576606936753e-05
3.473758397376514040e-06
1.598060748619900551e-06
5.365996912587434053e-06
1.097306630981620401e-05
2.447998485877178609e-05
4.959064426657278091e-06
3.470147930784150958e-05
3.582277940950007178e-06
3.709974407684057951e-05
3.333002041472354904e-06
2.896959995268844068e-05
4.209684993838891387e-05
1.246468400495359674e-05
1.400473644025623798e-03
7.329308573389425874e-05
6.535161446663551033e-06
3.997934254584833980e-05
2.862424253180506639e-06
1.679819106357172132e-04
2.080404556181747466e-05
1.967018215509597212e-05
1.839911128627136350e-04
7.826873479643836617e-05
1.149023592006415129e-05
1.312027143285376951e-05
4.393395556689938530e-06
3.099345804002950899e-06
2.719520807659137063e-06
1.619571994524449110e-04
9.442812006454914808e-05
3.594582449295558035e-05
1.352197273263300303e-06
3.008031171702896245e-06
4.336330221121897921e-06
5.871660960110602900e-06
1.993521582335233688e-03
7.986738637555390596e-05
1.158517079602461308e-05
7.825675311323720962e-06
2.756430149020161480e-05
1.797319600882474333e-05
1.637787208892405033e-04
1.816052681533619761e-04
3.761122061405330896e-04
1.254693052032962441e-04
9.924638288794085383e-05
5.810112998005934060e-05
6.848431803518906236e-05
1.242942380486056209e-04
1.719764077279251069e-05
6.285076233325526118e-05
2.116641408065333962e-04
9.870256326394155622e-05
6.244673277251422405e-04
3.793389536440372467e-03
7.415425498038530350e-04
3.613922744989395142e-03
7.942926022224128246e-04
1.022522803395986557e-03
3.354448926984332502e-05
1.315413741394877434e-03
2.393191214650869370e-03
5.217584548518061638e-04
1.647394528845325112e-04
7.982612005434930325e-04
1.110488083213567734e-04
2.058788668364286423e-04
1.805077772587537766e-04
3.258613869547843933e-04
3.475208359304815531e-05
3.320081159472465515e-04
3.440372529439628124e-05
7.537734345532953739e-04
5.064976867288351059e-04
2.454779169056564569e-04
2.952235809061676264e-05
3.462965833023190498e-04
5.259981262497603893e-04
3.565425868146121502e-05
7.300960714928805828e-04
1.253370865015313029e-04
2.183469332521781325e-04
3.709601296577602625e-04
4.478338814806193113e-04
3.793078212765976787e-05
1.496722543379291892e-04
4.294730315450578928e-04
6.315680802799761295e-04
1.578309747856110334e-04
9.377919195685535669e-05
1.236352109117433429e-04
4.583308691508136690e-05
7.863207720220088959e-04
1.209678521263413131e-04
4.855700244661420584e-04
1.907769765239208937e-04
2.584473695605993271e-04
1.504042302258312702e-04
6.017032137606292963e-05
4.085824184585362673e-05
1.161393302027136087e-04
7.671938510611653328e-05
8.276769221993163228e-05
5.063322532805614173e-05
1.259923883480951190e-04
1.559294105391018093e-05
1.329949940554797649e-03
7.461574859917163849e-04
1.568425446748733521e-03
1.325636985711753368e-03
8.447736763628199697e-05
9.914196096360683441e-03
3.703989495988935232e-04
2.255137369502335787e-04
1.446747453883290291e-03
4.630501382052898407e-03
3.333471016958355904e-03
4.407050437293946743e-04
3.937292058253660798e-05
2.890079340431839228e-04
4.250386729836463928e-03
1.792506081983447075e-04
7.575345080113038421e-05
3.935381391784176230e-05
2.307521208422258496e-04
3.462572931312024593e-04
7.316302071558311582e-05
2.779363421723246574e-04
2.821543785103131086e-05
1.273002999369055033e-04
5.659828311763703823e-04
6.431880319723859429e-05
3.275099734310060740e-04
1.039747614413499832e-03
5.101991700939834118e-04
2.383082319283857942e-04
3.330347681185230613e-05
5.787282134406268597e-04
7.203810964711010456e-04
2.332845178898423910e-04
2.696097544685471803e-05
1.534894923679530621e-03
5.779935163445770741e-04
1.232434879057109356e-04
5.513845826499164104e-05
4.699443816207349300e-04
3.226786502636969090e-04
1.018691764329560101e-04
8.022399561014026403e-05
1.300582225667312741e-04
1.553040347062051296e-04
1.082427101209759712e-03
2.883544890210032463e-03
2.720286138355731964e-03
3.502304665744304657e-03
2.082747087115421891e-04
2.010709577007219195e-04
7.558300276286900043e-04
4.279132990632206202e-04
2.602947410196065903e-03
1.442607957869768143e-03
4.813104460481554270e-04
3.122679117950610816e-05
1.794456766219809651e-04
3.513311967253684998e-04
3.062529140152037144e-05
1.543282451166305691e-05
1.910067112476099283e-06
7.033757719909772277e-05
8.744028491491917521e-06
1.864453770394902676e-05
4.898736005998216569e-05
1.430332031304715201e-05
5.140947450854582712e-06
3.889833169523626566e-05
7.243598520290106535e-05
7.971816376084461808e-05
7.592507608933374286e-05
5.063028220320120454e-05
2.771362233033869416e-05
6.105788543209200725e-06
3.444990397838409990e-06
7.809832823113538325e-06
1.879662886494770646e-05
1.291231546929338947e-05
4.593799985741497949e-06
2.082854371110443026e-05
3.340274997754022479e-05
6.217376358108595014e-05
1.964136936294380575e-05
2.969614579342305660e-04
6.415428651962429285e-05
1.017275826598051935e-05
4.671718852478079498e-05
1.242920552613213658e-05
9.004076673591043800e-06
1.365676143905147910e-05
1.313039774686330929e-05
5.081840936327353120e-05
3.936085249733878300e-06
3.834305061900522560e-06
5.158581188879907131e-05
1.807866101444233209e-05
6.307795047177933156e-06
6.309112905000802130e-06
5.639440132654272020e-06
2.430622953397687525e-05
7.101939900167053565e-06
1.189600698126014322e-05
8.601161425758618861e-06
2.605711779324337840e-05
3.834239578281994909e-06
3.398140052013332024e-06
4.665897449740441516e-06
3.365975499036721885e-05
1.042973744915798306e-04
5.427569703897461295e-05
1.031208648782921955e-05
1.610470826562959701e-05
4.423073551151901484e-05
1.482050720369443297e-04
3.594273948692716658e-05
4.700732461060397327e-05
1.568915508687496185e-02
3.797742305323481560e-03
3.010114841163158417e-02
8.364923298358917236e-03
1.873306483030319214e-01
8.028771844692528248e-04
2.478160150349140167e-02
2.883128356188535690e-03
1.445304369553923607e-03
1.225919201970100403e-01
1.295903474092483521e-01
1.617119610309600830e-01
4.075419856235384941e-04
4.036690515931695700e-04
2.691480144858360291e-02
2.617056714370846748e-03
6.724719703197479248e-02
5.397826680564321578e-05
1.088027238438371569e-05
3.738009399967268109e-05
6.316237704595550895e-05
1.415664974047103897e-05
1.096801832318305969e-03
6.130978581495583057e-04
5.144157330505549908e-04
3.226098488084971905e-05
1.054424410540377721e-05
1.832744055718649179e-05
1.642340976104605943e-05
6.631583346461411566e-06
9.567164852342102677e-06
5.578418495133519173e-06
1.698101550573483109e-05
1.609015453141182661e-05
1.905833960336167365e-05
1.391204568790271878e-05
5.241673534328583628e-06
9.511451935395598412e-06
2.710210310397087596e-06
5.780392712040338665e-06
7.196710612333845347e-06
4.508287474891403690e-06
1.333567070105345920e-05
1.949332499862066470e-06
4.335890116635710001e-05
3.656767876236699522e-05
9.084412158699706197e-05
4.044995148433372378e-05
1.349403919448377565e-05
2.072469760605599731e-05
2.024911809712648392e-04
3.743747811313369311e-06
2.056024095509201288e-05
5.916099325986579061e-06
2.290808879479300231e-06
3.908608414349146187e-05
4.534329127636738122e-05
1.960433655767701566e-05
3.011771241290261969e-06
7.049065061437431723e-06
7.208765509858494624e-06
9.910063818097114563e-05
1.071518563549034297e-04
2.543130176491104066e-05
1.762614147082786076e-06
3.885819751303642988e-06
1.135631100623868406e-04
8.573162631364539266e-06
1.699690037639811635e-04
1.488932230131467804e-05
1.232117028848733753e-05
9.264204709324985743e-05
8.646955393487587571e-06
3.963719354942440987e-04
5.645136116072535515e-05
2.712308742047753185e-05
4.019643711217213422e-06
2.628373476909473538e-05
4.572592733893543482e-04
3.549535904312506318e-06
4.323764187574852258e-06
7.153229671530425549e-05
4.995676135877147317e-06
5.897431492485338822e-06
1.835401690186699852e-06
2.306661883721972117e-07
1.327453763224184513e-03
1.566058563184924424e-05
8.697840530658140779e-05
1.947488402947783470e-03
8.474380592815577984e-05
9.295718882640358061e-06
1.073228486347943544e-05
4.422858546604402363e-05
3.465418387804675149e-07
9.285073610953986645e-05
2.084983716486021876e-04
1.191154751722933725e-05
1.487711560912430286e-04
1.075117506843525916e-05
3.206362598575651646e-04
5.974307714495807886e-05
5.756399696110747755e-05
5.629056249745190144e-05
4.776741661771666259e-06
2.215452550444751978e-04
2.709666296141222119e-05
1.025980145641369745e-05
8.892508049029856920e-06
4.219250695314258337e-05
8.259300375357270241e-05
6.135470357548911124e-06
1.456428872188553214e-04
4.214224099996499717e-05
1.403000169375445694e-05
3.466201815172098577e-05
1.105135925172362477e-05
3.550748515408486128e-04
2.007102011702954769e-05
1.241314166691154242e-04
2.364222382311709225e-05
5.219839295023120940e-06
1.558356889290735126e-04
2.964246959891170263e-06
5.335639580152928829e-04
4.604230070981429890e-06
8.098933176370337605e-05
1.700937718851491809e-05
1.102039550460176542e-05
5.115720796311507002e-06
4.720413591712713242e-03
2.380509795329999179e-05
7.451298733940348029e-05
1.751947274897247553e-04
1.041421728587010875e-05
4.464071025722660124e-06
7.512684078392339870e-06
1.459199702367186546e-04
7.865554835007060319e-06
4.001527486252598464e-05
1.001540749712148681e-05
3.101640459135523997e-06
5.696650987374596298e-06
4.656282726500649005e-06
6.274760235100984573e-04
2.595416663098149002e-05
1.826134166549309157e-06
1.303139870287850499e-04
6.026958999427733943e-06
5.310457709128968418e-05
1.303389581153169274e-04
2.954441151814535260e-05
4.975699266651645303e-05
4.484153032535687089e-05
2.022955595748499036e-05
1.832634006859734654e-05
8.531240382581017911e-06
6.240315087779890746e-06
1.533402537461370230e-04
3.893327630066778511e-06
7.439703767886385322e-05
1.375782744617026765e-06
4.209028556942939758e-04
1.620072362129576504e-05
1.758402504492551088e-05
2.784542266454081982e-05
9.701828821562230587e-05
3.127451691398164257e-06
1.583218931955343578e-06
9.121594302996527404e-06
4.099435955140506849e-06
1.028164479066617787e-05
3.563630889402702451e-05
1.292252909479429945e-05
1.317641726927831769e-04
1.762147876434028149e-04
5.736328312195837498e-04
1.680582681728992611e-05
3.417270272620953619e-05
1.164537479780847207e-05
1.933058956637978554e-05
3.679479959828313440e-06
4.306137634557671845e-05
5.621055606752634048e-04
1.349085505353286862e-04
3.968579694628715515e-04
1.304226407228270546e-05
6.957744972169166431e-06
4.801514478458557278e-06
4.739514679386047646e-06
2.828791548381559551e-05
5.746000169892795384e-05
3.503201014609658159e-06
3.080220631090924144e-05
2.340769924558117054e-06
5.430440523923607543e-06
6.793244665459496900e-06
2.629949221955030225e-06
4.213729334878735244e-05
4.912382428301498294e-05
1.949191355379298329e-04
4.480179541133111343e-06
4.848620446864515543e-04
1.862154203990940005e-05
9.475869774178136140e-06
4.971115267835557461e-04
2.665486363184754737e-06
8.906808943720534444e-06
4.705295850726542994e-06
5.610804237221600488e-06
6.395993295882362872e-06
1.982799221877939999e-05
2.082166020045406185e-06
4.252833241480402648e-05
4.670344878832111135e-06
5.955424967396538705e-06
1.575418536958750337e-06
7.273669325513765216e-05
5.448368028737604618e-04
1.036843332258285955e-05
2.250434226880315691e-05
7.716931577306240797e-05
2.934838221335667185e-06
5.152076482772827148e-05
4.576414085022406653e-06
1.032332329486962408e-05
1.013911150948842987e-05
4.317750426707789302e-05
1.195356253447243944e-05
1.572035034769214690e-05
1.524845993117196485e-05
5.878923275304259732e-06
2.950158705061767250e-05
3.684506373247131705e-05
1.061244574884767644e-06
3.576706803869456053e-04
6.545712676597759128e-05
6.657862286374438554e-06
1.142140808951808140e-05
6.735653005307540298e-05
1.534721377538517118e-05
1.726866321405395865e-04
1.257207077287603170e-05
1.709852040221448988e-05
6.162054341984912753e-05
7.719971108599565923e-06
6.338313596643274650e-06
9.031192166730761528e-05
3.302247569081373513e-05
1.317468831985024735e-05
5.422579306468833238e-06
1.014364715956617147e-05
4.171649925410747528e-05
6.944045480850036256e-07
1.289853207708802074e-05
4.586216164170764387e-05
8.913908823160454631e-05
3.719284432008862495e-04
2.981272700708359480e-05
2.980422686960082501e-05
1.467361744289519265e-05
1.107887965190457180e-05
5.395016705733723938e-05
8.833038918965030462e-06
2.188339130952954292e-03
2.258617496408987790e-05
6.734454473189543933e-06
2.678757937246700749e-06
3.532787377480417490e-05
4.888209787168307230e-06
2.022245753323659301e-04
1.337145658908411860e-05
5.869513915968127549e-05
7.743485184619203210e-06
2.332651774850091897e-06
1.029793384077493101e-05
5.581403456744737923e-06
8.933903700381051749e-06
5.752126980951288715e-06
4.266747419023886323e-05
6.620720796490786597e-06
2.235986585219507106e-06
6.229294231161475182e-04
3.433621941439923830e-06
4.690806690632598475e-06
3.285385173512622714e-05
9.206110917148180306e-06
8.729955879971385002e-06
2.051478077191859484e-05
5.304451860865810886e-06
1.094631443265825510e-06
9.899838005367200822e-06
5.253444214758928865e-06
1.384119241265580058e-05
5.361183411878300831e-06
7.174733127612853423e-06
4.497053851082455367e-06
1.553426118334755301e-04
6.793458305764943361e-05
1.647356111789122224e-05
2.133393991243792698e-06
4.021464974357513711e-06
1.611359493836062029e-06
2.874889833037741482e-05
1.509378034825203940e-05
1.704302121652290225e-05
3.531832480803132057e-04
2.236156142316758633e-04
1.608188540558330715e-05
9.593029062671121210e-06
1.402576104737818241e-03
2.132348299710429274e-06
7.324557373067364097e-06
7.177782390499487519e-05
1.517826807685196400e-03
3.000566175614949316e-05
1.391682235407643020e-05
4.565609924611635506e-05
2.744819721556268632e-05
2.440544903947738931e-06
8.669059752719476819e-06
1.645938755245879292e-04
2.761992800515145063e-05
1.039489779941504821e-05
1.060202703229151666e-04
1.556103234179317951e-05
1.032042928272858262e-04
2.519963018130511045e-04
3.695951090776361525e-05
1.174906356027349830e-05
1.584317760716658086e-05
5.636243804474361241e-05
7.580388773931190372e-05
8.417387143708765507e-04
7.835752739993040450e-07
4.464433004613965750e-06
1.676770989433862269e-05
3.845186904072761536e-03
2.893354030675254762e-05
8.229250670410692692e-05
3.564828830349142663e-06
2.295213926117867231e-05
2.711556044232565910e-05
2.186774654546752572e-04
5.019231321057304740e-05
5.589798547589452937e-06
3.830040441243909299e-06
3.414173988858237863e-06
1.390044758409203496e-06
5.669487109116744250e-06
6.379368278430774808e-05
6.060911342501640320e-03
1.004614296107320115e-05
2.711075103434268385e-05
3.248126859034528024e-06
1.825855633796891198e-06
7.318880307138897479e-06
7.078716066644119564e-07
3.257976914028404281e-06
5.349186831153929234e-04
2.663942541403230280e-05
7.625866419402882457e-05
3.568356332834810019e-04
1.106835043174214661e-05
8.549313643015921116e-04
4.637779511540429667e-06
1.586016878718510270e-05
2.845645940396934748e-05
1.143775898526655510e-05
8.051771146710962057e-05
1.292310844291932881e-05
1.743710527080111206e-05
4.451962922757957131e-06
5.646185741170484107e-07
1.072902068699477240e-05
1.626697780920949299e-06
9.140803740592673421e-06
3.160419582854956388e-04
1.569058986206073314e-05
1.482417519582668319e-05
1.644990174099802971e-03
3.502820391076966189e-06
1.061107468558475375e-05
4.698592420027125627e-06
2.001825851039029658e-05
3.747298478629090823e-06
1.459244958823546767e-04
4.094637915841303766e-06
2.989720451296307147e-05
9.071482054423540831e-05
1.042074927681824192e-06
3.942881710827350616e-03
6.698738434351980686e-05
5.574137048824923113e-06
2.021982654696330428e-04
4.851684934692457318e-05
5.866380161023698747e-05
2.819212022586725652e-05
5.995057108520995826e-06
1.216826785821467638e-05
9.683336429588962346e-06
3.975572326453402638e-06
1.942815470101777464e-05
3.436590077399159782e-06
4.317429556977003813e-05
2.659165693330578506e-05
1.445929456167505123e-06
6.129671419330406934e-07
1.153538232756545767e-05
1.209703987115062773e-05
2.076196687994524837e-05
7.157692743930965662e-05
2.662060796865262091e-05
1.562759825901594013e-05
4.881007953372318298e-06
1.310882817051606253e-05
3.599438059609383345e-04
1.465760433347895741e-04
3.033062093891203403e-04
7.651329724467359483e-06
3.703312813740922138e-06
9.135222353506833315e-05
7.402893515973119065e-06
1.143470399256329983e-05
3.142102286801673472e-05
2.372019662288948894e-04
1.075862201105337590e-05
2.338752819923684001e-04
4.553571670840028673e-06
2.208465011790394783e-04
2.060397309833206236e-05
9.876612239168025553e-06
7.052864020806737244e-06
6.388622568920254707e-05
1.228905239258892834e-05
1.292934484808938578e-05
3.219773134333081543e-05
1.901475916383787990e-04
1.654385596339125186e-05
6.171196218929253519e-06
1.060232443705899641e-05
8.756287570577114820e-06
2.620949453557841480e-05
6.271236088650766760e-06
1.378459387524344493e-06
2.774370159386307932e-06
6.104979092924622819e-06
2.248145392513833940e-05
2.382501697866246104e-04
6.397365723387338221e-06
1.179794980998849496e-05
9.328320629720110446e-06
1.044698437908664346e-04
7.538489444414153695e-05
4.783477197634056211e-05
6.278243745327927172e-06
2.329052904315176420e-06
2.934538770205108449e-06
5.250817048363387585e-05
1.344726479146629572e-05
1.073677867680089548e-05
8.563805749872699380e-06
7.700493370066396892e-06
1.204910176966222934e-06
1.135405909735709429e-06
3.843903323286212981e-05
2.017200313275679946e-04
2.925356739069684409e-06
1.268536434508860111e-04
5.712190977646969259e-05
3.076144594160723500e-06
6.075309647712856531e-05
3.262545942561700940e-05
6.241904429771238938e-06
4.925082976114936173e-06
5.697699634765740484e-06
1.541976052976679057e-05
1.209815195579722058e-06
2.548345037212129682e-05
2.087499706249218434e-05
6.099991878727450967e-06
4.129126409679884091e-06
5.794373009848641232e-06
4.600817555910907686e-05
3.950315203837817535e-06
1.568475563544780016e-04
6.211032741703093052e-04
4.133742186240851879e-05
1.238578988704830408e-04
5.194668847252614796e-05
1.053565501933917403e-04
3.233771712984889746e-05
1.121150489780120552e-05
2.903188396885525435e-05
1.867289938672911376e-05
1.748679824231658131e-05
9.104081982513889670e-05
2.128738924511708319e-05
3.914987973985262215e-05
2.649005546118132770e-05
1.674856321187689900e-05
1.460387102270033211e-05
1.129481643147300929e-05
6.084821507101878524e-06
1.325075863860547543e-04
4.122563495911890641e-06
1.670137407927541062e-06
5.582819539995398372e-06
1.950996011146344244e-05
5.926986887061502784e-06
2.800187394313979894e-05
4.185144462098833174e-06
1.003857323667034507e-04
3.555149596650153399e-04
1.521056110505014658e-04
3.292060910098371096e-06
5.114725809107767418e-06
2.458147937431931496e-04
4.189345418126322329e-06
1.571522261656355113e-05
1.091302256099879742e-04
4.113867817068239674e-06
2.473429412930272520e-05
1.547692409076262265e-05
9.473760292166844010e-05
2.153227978851646185e-05
5.014583166484953836e-06
1.810418762033805251e-04
3.293978443252854049e-05
1.515565963927656412e-05
5.105855507281376049e-06
3.078285590163432062e-05
1.120099932450102642e-05
5.557738040806725621e-05
1.866799429990351200e-04
1.560701457492541522e-05
6.120395846664905548e-05
2.022958506131544709e-04
4.039291525259613991e-06
2.326995854673441499e-05
2.295048907399177551e-04
5.943512587691657245e-05
8.490879554301500320e-05
7.442740752594545484e-06
7.206057489383965731e-06
1.715487087494693696e-05
3.650496000773273408e-05
2.591034535726066679e-05
8.214090485125780106e-06
7.832877599867060781e-05
1.322685784543864429e-05
1.001898090180475265e-05
2.562186818977352232e-05
4.685137355409096926e-06
4.868604264629539102e-06
2.046496092589222826e-06
1.812615482776891440e-05
4.917409569316077977e-06
1.836765818552521523e-06
9.185721864923834801e-06
2.819295150402467698e-05
1.789198722690343857e-04
5.462381523102521896e-05
3.452734745224006474e-05
9.144430805463343859e-06
2.992019290104508400e-05
7.503941105824196711e-06
1.463399894419126213e-05
1.444919689674861729e-05
3.373353683855384588e-05
1.112268137148930691e-06
1.396268817188683897e-05
3.635424945969134569e-05
1.103630848228931427e-02
4.147120125708170235e-05
1.032564114211709239e-06
3.775439690798521042e-03
3.212225055904127657e-05
1.041203267959645018e-05
5.069233793619787320e-06
1.714245736366137862e-04
5.195920039113843814e-06
4.778635047841817141e-05
2.416652023384813219e-06
1.453373442927841097e-05
4.998783424525754526e-06
3.424653186812065542e-05
2.018178747675847262e-05
3.532522896421141922e-06
1.123711513173475396e-06
1.621964620426297188e-04
1.043519387167179957e-05
7.898459557509340812e-07
3.379179815965471789e-06
2.913270122917310800e-07
7.513157015637261793e-06
2.730849473664420657e-06
6.976129225222393870e-05
6.186617156345164403e-06
3.944203490391373634e-05
1.448208604415412992e-05
4.793635980604449287e-06
3.896312409779056907e-05
1.249653632839908823e-05
5.338159098755568266e-06
1.068344226951012388e-05
1.514952600700780749e-06
1.745402551023289561e-05
1.933436869876459241e-04
1.564633021189365536e-05
6.097537152527365834e-06
1.026591871777782217e-05
1.229617919307202101e-05
1.445577163394773379e-05
1.391735440847696736e-05
5.745041198679246008e-05
3.107339807684184052e-06
4.609823008649982512e-06
6.125721120042726398e-05
6.450397777371108532e-04
6.136986030469415709e-06
3.991121047874912620e-06
4.491139407036826015e-06
5.096038876217789948e-06
1.003214151751308236e-06
3.476568963378667831e-06
8.684657586854882538e-06
4.708449341706000268e-05
3.324383442304679193e-06
1.517975942988414317e-05
1.068691653927089646e-05
2.702258992940187454e-03
2.184418190154246986e-05
6.579314358532428741e-04
2.642916660988703370e-05
3.001756886078510433e-05
1.620934903621673584e-02
1.968342985492199659e-05
1.054932363331317902e-04
1.511347218183800578e-04
8.953530341386795044e-04
4.197754242341034114e-05
3.380284033482894301e-05
2.499270158295985311e-05
2.711621846174239181e-06
5.835871561430394650e-04
8.603688002040144056e-06
2.004053203563671559e-05
2.188392390962690115e-04
1.982144167413935065e-04
1.551410423417109996e-05
1.224002102389931679e-03
5.220662933425046504e-05
4.786790304933674634e-05
6.939088052604347467e-05
2.089418703690171242e-04
1.196875702589750290e-03
1.002207209239713848e-04
3.742114859051071107e-05
2.981305588036775589e-04
3.723660483956336975e-05
