3.566318795833467448e-08
9.467849793054483598e-08
4.500746513258491177e-07
6.057190944375179242e-07
2.540462773481522163e-08
9.180174629364046268e-07
9.419967454959987663e-07
3.321356052765622735e-05
1.383827111567370594e-06
1.032465952448546886e-04
3.147823690596851520e-08
1.559924953653535340e-07
5.265887352834397461e-07
1.048320719121420552e-08
1.616729434772423701e-07
7.068368859108886681e-07
2.165059811432001879e-07
3.171943419033596001e-08
8.488289608976629097e-07
1.494028012416492857e-08
1.878048436765311635e-07
2.801696973619982600e-05
6.500561653410841245e-07
5.476058504427783191e-05
3.993700659066234948e-07
4.441948249223059975e-07
2.503009454812854528e-06
1.860221345850732177e-07
1.272729406309736078e-07
1.950752448465209454e-07
4.157150499395356746e-07
3.190936581631831359e-08
7.477167685010499554e-08
3.759842215345088334e-08
5.762576549273035198e-08
4.438643230741945445e-08
3.763040012927376665e-07
3.335950538030374446e-08
7.320999770854541566e-07
5.115899739394080825e-07
9.861186356374673778e-08
2.853355738352547633e-07
5.175786910172064381e-08
1.296360323976841755e-06
2.536351075832499191e-07
1.339457185167702846e-07
6.997685630949490587e-08
1.874242769872580539e-07
2.215508771996610449e-07
9.165276537714817096e-07
3.531223313757436699e-08
6.890411896165460348e-06
9.282864965598491835e-08
3.734421909484808566e-07
1.534946960646266234e-07
1.105563455894298386e-06
2.509252006177575822e-08
7.210485364339547232e-08
6.340660263504105387e-08
1.903950277437616023e-07
1.428434757144714240e-07
5.011482926420285366e-07
6.336564979392278474e-07
1.824305059017206077e-06
8.163466418409370817e-07
5.572808703391274321e-08
1.022043306875275448e-06
7.031351287878351286e-07
1.030373084631719394e-07
2.441398407881933963e-07
2.561995060545996239e-08
4.079767634834752243e-08
1.286154827084828867e-07
1.311209985033201519e-06
7.936221777526952792e-07
2.037782920183417446e-08
7.397262891117861727e-08
4.331158152126590721e-07
1.562510419717000332e-06
4.607171320003544679e-07
1.837497336509841261e-07
1.345210698389109893e-08
1.108767946789157577e-06
3.986009232903597876e-06
3.491777761155390181e-06
1.223085064339102246e-07
3.061327788600465283e-06
4.859599016526772175e-07
8.290469850180670619e-06
8.392883188435007469e-08
4.630678063222148921e-08
3.749560164578724653e-07
5.090975605526182335e-07
2.043729665501814452e-07
3.538607700193097116e-07
1.478028252677177079e-06
2.963549050605251978e-08
2.108604633122013183e-07
7.414792690951799159e-08
5.483625500346533954e-07
2.104879683884064434e-07
4.690697824116796255e-05
1.105207587670520297e-07
5.049288276381957985e-08
4.461009268652560422e-07
1.181380469006398926e-07
2.115152284432042507e-07
5.225859786150977015e-05
1.844516788196415291e-07
1.294076952262912528e-07
1.387771391136993770e-07
2.531119775994739030e-07
6.612209091372278635e-08
1.037179586660386121e-07
3.639890167050907621e-07
2.644356413838977460e-07
8.327807421437682933e-08
9.528829991722886916e-08
2.819136852849624120e-07
2.690869038701748650e-08
3.147398786040866980e-07
3.751704369392427907e-08
3.426721661980991485e-07
2.158487291126220953e-07
2.470104845997411758e-06
6.524389561946009053e-08
1.239318834223013255e-07
1.945199983310885727e-05
7.096947956597432494e-05
1.396502102579688653e-05
1.294009143748553470e-05
6.425364063034066930e-06
7.358571110671618953e-06
1.713409915282682050e-06
4.429291948326863348e-05
1.481287108617834747e-05
7.870831723266746849e-06
6.693713316963112447e-08
1.964307739399373531e-05
1.314431870014232118e-07
3.743291188129660441e-08
9.240747544936311897e-07
4.347896265244344249e-08
1.012231678032549098e-06
7.613317620780435391e-07
1.070703419259189104e-07
5.332244654709938914e-07
1.506343316748370853e-08
2.543672472654634475e-08
4.167866762827543425e-08
2.360649489219213137e-07
1.216270675286068581e-06
9.730011697683949023e-06
2.573138772277161479e-06
2.778236193989869207e-06
4.295300186640815809e-06
6.521372597489971668e-06
1.647661156312096864e-05
1.180998697236645967e-05
4.157642833888530731e-04
3.344371361890807748e-05
9.708438710731570609e-07
1.153965456524019828e-07
1.082139351638033986e-05
3.186861704307375476e-06
8.617542334832251072e-06
1.471035830036271363e-05
1.893320040835533291e-05
3.556963201845064759e-05
1.715039729788259137e-06
1.184629763884004205e-05
5.590927321463823318e-05
7.460448250640183687e-05
5.496075755218043923e-05
3.993784503109054640e-07
3.828873786915210076e-07
1.378180459141731262e-03
5.016583600081503391e-06
5.890706597710959613e-05
2.137764795406837948e-06
6.542277787957573310e-06
1.045814428835001308e-06
5.764277375419624150e-07
6.789709459553705528e-06
3.358323510838090442e-06
1.214040423747064779e-07
1.509094090579310432e-06
1.748011527524795383e-05
1.677162117630359717e-06
5.325790084498294163e-07
2.122414315408605034e-07
2.306364194737398066e-06
3.205805114703252912e-07
1.628282689125626348e-06
1.217337626258085947e-07
1.137811887019779533e-05
9.131199476541951299e-07
2.055045115412212908e-06
2.338289277759031393e-06
3.870023022045643302e-07
1.140166350523941219e-04
4.672577233577612787e-06
1.529567384750407655e-06
1.462304339838738088e-06
2.760278948699124157e-05
7.935741450637578964e-06
2.205229520768625662e-06
3.200729452146333642e-06
1.096743403650179971e-06
3.553112946974579245e-06
3.366573218954727054e-05
8.570719510316848755e-04
6.129830580903217196e-05
5.121655412949621677e-04
7.467886462109163404e-05
2.594351826701313257e-06
4.820547019335208461e-06
2.068909634544979781e-05
5.123773007653653622e-06
1.643745918045169674e-06
1.942060043802484870e-05
1.841139919633860700e-06
4.690706703058822313e-07
8.399465656339089037e-08
4.680869096773676574e-06
1.147805278378655203e-06
5.155633516551461071e-06
8.583299859310500324e-06
1.993858313653618097e-05
1.335357956122606993e-05
3.986663159594172612e-06
9.614498594601172954e-06
1.447158138034865260e-05
4.791198193743184675e-07
9.648010745877400041e-07
1.276675334338506218e-07
3.233152165194042027e-05
7.223548891488462687e-06
4.024880126962671056e-06
1.543761868560977746e-06
5.558483735512709245e-06
1.107195771510305349e-06
2.356871555093675852e-04
1.326427627645898610e-05
6.798381377848272678e-07
1.482345624026493169e-07
1.116421408369205892e-04
1.406125988978601526e-06
8.559883326597628184e-07
5.972200938231253531e-07
4.678269078794983216e-07
3.347515757923247293e-06
5.786523615824989974e-07
2.013724588323384523e-05
4.531216859504638705e-07
2.090808266075327992e-06
6.151894467620877549e-06
2.357438006583834067e-06
3.171069465679465793e-06
1.375642796119791456e-06
4.897704002360114828e-07
2.763178770237573190e-07
5.745063731410482433e-07
1.982292587854317389e-07
1.490760226374732156e-08
1.264404204448510427e-06
1.109360781015311659e-07
8.555398380849510431e-06
5.275774674373678863e-05
1.247881073140888475e-06
1.869348125183023512e-07
6.534377462230622768e-06
3.990025561506627128e-06
2.763725433396757580e-06
6.201134965522214770e-05
6.300536915659904480e-05
4.657362296711653471e-06
4.951501750838360749e-07
2.449983753649576101e-07
7.257466450028005056e-08
1.171608573713456281e-06
9.216073237894306658e-08
5.719954287997097708e-07
9.329014716286110342e-08
5.380355361239708145e-08
1.282739532371124369e-07
3.032996005458699074e-07
2.411002242297399789e-07
4.653630867323954590e-07
1.078948219657149821e-08
1.399161391191228176e-07
1.195682489196769893e-05
6.961292911000782624e-07
2.840322622432722710e-06
2.450330839565140195e-06
4.291563584502000595e-07
1.504333546620273410e-08
2.147275068864473724e-07
5.911283906812059286e-08
2.648735630828014109e-07
2.202680775553744752e-07
4.906237549562320055e-08
3.025239720955141820e-07
1.261642808003671234e-07
2.154111200525221648e-07
1.176042019324086141e-07
2.689615996587235713e-07
1.474541448942545685e-07
2.634324800965259783e-06
6.941623951206565835e-07
2.158319830414257012e-06
5.055275664744840469e-07
1.148299134001717903e-06
1.726628511278249789e-07
5.577144861490523908e-07
9.497082373854937032e-07
7.160174675391317578e-08
1.656405743233335670e-06
1.946912817629709025e-07
1.965596084119169973e-06
8.148202113034130889e-08
2.253372315408341819e-07
1.695594050943327602e-06
6.394295155587315094e-07
6.804935992477112450e-08
5.717968747376289684e-07
1.299236060958719463e-07
9.750205265390832210e-08
2.204519518045344739e-07
1.396651683194249927e-08
2.750703060883097351e-07
1.771613597156829201e-06
5.682698542841535527e-07
6.621713311005805735e-08
1.289264304205062217e-07
4.741181101053371094e-07
2.691360805329168215e-07
4.192481526388291968e-07
1.770922786192841158e-08
9.540230035781860352e-01
3.404591116122901440e-04
9.250993571185972542e-07
5.626803272207325790e-07
2.660414065758232027e-05
2.179063812945969403e-06
1.149018993601202965e-03
7.949789142003282905e-05
1.071964972652494907e-03
1.976094426936469972e-05
3.410577119211666286e-05
1.357378005195641890e-05
1.797029376029968262e-02
2.854727674275636673e-03
1.217586221173405647e-03
4.680822137743234634e-03
1.087408672901801765e-04
1.082561382759195112e-07
4.781491114158598066e-08
6.005667074759912794e-08
1.123426045523956418e-07
1.784815673033790517e-08
3.210412558019015705e-07
6.304566113612963818e-08
1.000180304799869191e-06
1.944937189080064854e-08
1.668661025178153068e-05
2.912628644935466582e-07
9.546657508963107830e-08
1.686266131173397298e-07
4.992835442862997297e-07
2.761250357252720278e-07
1.844516077653679531e-06
1.191491833196778316e-06
1.029703113886171195e-07
2.101288828271208331e-06
2.991115479744621553e-07
6.943255925762059633e-08
2.555728251252276095e-08
1.750714204717951361e-07
6.358608573009405518e-08
5.173968702365527861e-07
1.206922348728767247e-07
1.396952171717202873e-07
3.109353130525960296e-08
5.005916037248425710e-08
3.140346962027251720e-05
1.248043554369360209e-05
1.682804828817552334e-08
1.417185302443613182e-08
3.163153223795234226e-06
8.149616803621029248e-08
1.088597088028109283e-07
6.871677271647058660e-08
3.382491442494028888e-08
7.460710094164824113e-07
6.567545369762228802e-06
6.902109248585475143e-07
6.870261870517424541e-08
3.038462068616354372e-07
1.255258666787995026e-06
1.061221973941428587e-05
1.447967861167853698e-06
1.250076365977292880e-06
1.300400498394083115e-08
3.863435082962496381e-08
3.141458364552818239e-07
4.421939365784055553e-07
2.506224383580502035e-08
2.839306745272551780e-08
2.762925817023642594e-07
1.652029595788917504e-06
9.556932667464934639e-08
6.283836455622804351e-07
3.255503315813257359e-07
1.492549813519872259e-06
1.003148639711071155e-07
2.077192220895085484e-06
5.158505700819659978e-06
6.037193855945588439e-08
3.048693599794205511e-07
2.283302933392405976e-07
2.764965927326556994e-07
7.677663234062492847e-07
1.957360495907778386e-07
5.872938757534029719e-08
1.028117112582549453e-04
6.427625720561991329e-08
1.098512984754052013e-05
5.894255536986747757e-06
1.310841071244794875e-06
2.013286461988172960e-07
2.538974399612925481e-07
1.117835154218482785e-06
1.074944293577573262e-07
1.601741132617462426e-06
2.562844372278050287e-07
3.165549244954490860e-08
2.712680498007102869e-06
4.897103522694123967e-08
1.160699230240425095e-05
7.464101514642607071e-08
3.502348420170164900e-07
3.067767977427138248e-07
6.676130226423993008e-08
4.595775067173235584e-07
8.720986443222500384e-06
3.451533530096639879e-07
3.097025569331890438e-07
1.126458414546505082e-06
2.896209139180427883e-07
6.002998986787133617e-08
2.763110387604683638e-05
7.141046353353885934e-06
1.375310176854327437e-07
1.790414927427264047e-07
2.008967214806034463e-07
4.142867328482680023e-05
2.233642589999362826e-06
1.235534909937996417e-06
9.506502465228550136e-06
9.649707521930395160e-08
4.796895154868252575e-05
2.286186827404890209e-06
1.346669614576967433e-05
1.125838124949041230e-07
6.511795191954661277e-08
3.214785948557619122e-08
2.878677832995890640e-06
1.048279330007062526e-07
8.864672054187394679e-07
2.610740239106235094e-06
4.322785684962582309e-07
1.234624392054683995e-06
3.626787048460755614e-08
5.353288088372210041e-07
5.258118562778690830e-07
3.119118218819494359e-06
1.506451781096984632e-07
1.036815717725403374e-07
3.725818586985951697e-08
9.649501180319930427e-07
1.266993905346680549e-07
3.380331037305950304e-08
3.540325792528165039e-07
2.567684376231227361e-08
4.892192606575918035e-08
2.979658688673225697e-07
4.700127931300812634e-07
2.117955091307521798e-06
1.028665337798884138e-06
4.227757699482026510e-07
2.312617198185762390e-06
1.629226318300425191e-07
1.588752667203152669e-07
2.429949006454990013e-07
7.599103923894290347e-08
1.407146754672794486e-08
5.112358962833241094e-07
1.701671408227412030e-07
1.902713506751751993e-06
5.202880402066512033e-07
3.824323357548564672e-05
7.348875215029693209e-07
6.728540142830752302e-07
5.425499693956226110e-07
1.482397919971845113e-07
8.429799436271423474e-08
5.286393189862792497e-08
2.712185853681603476e-08
3.039441764940420398e-07
7.651476607861695811e-08
4.911324253953353036e-07
2.183595597671228461e-07
9.190081300403107889e-07
1.367775548715144396e-04
1.344356103800237179e-03
5.109780545353714842e-07
5.156899760550004430e-07
2.306420299191813683e-07
3.335424025863176212e-07
3.573072859808235080e-08
1.853508138083270751e-07
3.639591886894777417e-05
1.104156308429082856e-05
2.792597842926625162e-05
3.822372036665910855e-07
1.633537465295376023e-07
1.172616208577892394e-07
1.164999758884732728e-07
3.292339272320532473e-07
5.685994324267085176e-07
4.396799013761665265e-08
1.742292056405858602e-06
1.317981741522089578e-07
3.966559347645670641e-08
3.724594632714683939e-09
4.364164141179571743e-08
5.449262374668251141e-08
9.263149536309356336e-07
2.333638917662028689e-07
2.757746031534225040e-08
1.946199063240783289e-06
2.269744499017178896e-07
7.825206921552307904e-06
1.114249357669905294e-06
1.079371756418368022e-07
6.660864073637640104e-07
5.985791773355231271e-08
2.306946100816276157e-07
2.710868614030914614e-07
3.374224633034828003e-08
1.313916726530806045e-07
2.556505933171138167e-06
1.095107677429041360e-06
1.445815911438330659e-07
1.008847405614687887e-07
5.995232754685275722e-07
4.679326650602888549e-07
1.576827230564958882e-06
2.582177785370731726e-06
1.031826059261220507e-06
2.048172547119975206e-07
2.940057811429142021e-06
2.939621595032804180e-07
6.697658960774788284e-08
6.711358651045884471e-07
2.649286443556775339e-07
2.929492026737534616e-08
4.610272299032658339e-06
1.051364932891374337e-07
5.739182711295143235e-07
3.909774022758938372e-06
1.082686821973766200e-06
6.467259794362689718e-08
8.855272426444571465e-06
3.163030726227589184e-07
6.481090508714260068e-08
4.304216361106227851e-07
1.564139347465243191e-05
1.024877107624888595e-07
3.711661292982171290e-06
4.809459142052219249e-07
1.702597387520654593e-06
4.584046109812334180e-06
1.953432501977658831e-06
1.096478740691964049e-06
1.422852164978394285e-07
1.365337197967164684e-06
2.622436113597359508e-06
4.390754781979921972e-07
2.180353533276502276e-07
6.814115636188944336e-07
9.635766673454781994e-08
3.791382141571375541e-07
2.665235342647065409e-06
1.632912130844488274e-06
5.087954377813730389e-06
3.949995516450144351e-06
3.543186437582335202e-07
8.870296142049483024e-07
4.392229016048077028e-07
4.884943791694240645e-06
1.238733915442935540e-07
7.610164466314017773e-04
1.036958678923838306e-06
1.681730878999587731e-07
7.716475636243558256e-08
2.333591055503347889e-06
4.789512786373961717e-07
4.418920980242546648e-07
1.688857992121484131e-06
5.649148420161509421e-07
2.560412440288928337e-06
4.317929480635029904e-08
1.763170160984373069e-07
1.255729813465222833e-07
8.638635904389957432e-07
2.099911284858535510e-07
3.185839148045488400e-07
3.411097395655815490e-07
2.118467108402910526e-07
3.957510216423543170e-06
6.090348847465065774e-08
1.160080529416518402e-07
1.119097419177705888e-07
3.777950396965934488e-08
1.940598082228461863e-08
3.499181389088334981e-08
3.232635492622648599e-08
1.842793722062197048e-07
2.603771918074926361e-07
4.443249110863689566e-07
5.060325634076434653e-07
1.456656661957822507e-07
3.676745734537689714e-07
8.211983981709636282e-08
2.342350308026652783e-05
2.997146111738402396e-05
8.143565537466201931e-06
1.532356009192881174e-06
2.375734808879315096e-08
1.183176507879579731e-07
2.180300725740380585e-06
4.973648174200206995e-06
1.534423859084199648e-06
2.753875151029205881e-06
2.348768930460209958e-06
3.738398390851216391e-07
9.711303050607966725e-08
1.364156560157425702e-06
3.813884745795803610e-07
1.095594939215516206e-07
7.927446290523221251e-07
3.627696969488169998e-06
9.149517410378393834e-08
3.317997106933034956e-05
1.674433320886237198e-07
7.841267546382368891e-08
1.113026399934824440e-07
1.288361914930646890e-07
1.746495854604290798e-06
4.508586641804868123e-07
5.080223672848660499e-07
3.438595399529731367e-07
2.925969795342098223e-07
4.736485266221279744e-07
8.325889666593866423e-07
5.655021595885045826e-06
2.804958398883172777e-07
8.545316063646168914e-07
9.310615922686338308e-08
1.460853980006504571e-07
4.824233315048331860e-07
7.860670336867769947e-09
3.744833776408995618e-08
3.003158610681566643e-08
2.630647213663905859e-04
2.318820634172880091e-06
3.540189027262385935e-06
3.032294770832777431e-08
3.166012731981027173e-07
6.342036158457631245e-07
5.113246288601658307e-07
1.168606189594356692e-07
6.536995300621128990e-08
4.741685089015845733e-08
3.402979231736935617e-08
2.250617825438894215e-08
1.067111128350006766e-07
1.970010816876310855e-05
1.714392419671639800e-04
1.980095305498252856e-07
9.183098654830246232e-07
2.003099695002674707e-07
8.893441361124132527e-08
2.232203968333124067e-07
1.006222873911610804e-06
1.431857526767998934e-06
1.025826236400462221e-06
1.632037083254544996e-06
1.763692239364900161e-06
2.015531435972661711e-06
8.972819500741024967e-07
3.127619493170641363e-06
4.618160005520621780e-07
2.444683389057900058e-07
3.895955558164132526e-07
2.582191314104420599e-07
8.110579074127599597e-06
4.658254582068366290e-08
1.260790668311528862e-06
9.111053032029303722e-07
9.698013059278309811e-08
1.891123559971674695e-07
3.046613983315182850e-08
1.813808694350882433e-07
1.632886414881795645e-05
5.469273105518368538e-07
1.698403593763941899e-06
2.658381390574504621e-06
5.262944569039973430e-07
7.417427241307450458e-07
4.347100102108925057e-08
2.540616890200908529e-07
1.499194723919572425e-08
2.903980771407077555e-07
8.172728271915730147e-09
1.103578242123148812e-07
2.021192358370171860e-06
9.791578037265935563e-08
1.128336880356073380e-03
3.459760591795202345e-06
1.100693680200492963e-06
7.870118679420556873e-06
5.960567506235747715e-08
4.306988848838955164e-04
6.725954904140962753e-07
4.108026629978667188e-08
1.916013161462615244e-06
1.818876995685059228e-07
4.835944267256309104e-08
1.732307964630308561e-06
2.804645475862344028e-07
3.590392623209481826e-07
1.532526283654078725e-07
9.327075645160221029e-08
1.924644443818124273e-08
1.368348847563538584e-07
1.946146994669106789e-06
1.020083118419279344e-06
2.596332024040748365e-06
3.111031787739193533e-08
5.618459226752747782e-07
6.702553889681439614e-08
5.052438467600950389e-08
4.943461249240499455e-07
8.229342711274512112e-06
1.195085701510834042e-06
1.588220897019709810e-07
2.660611642113508424e-07
4.400702664497657679e-07
1.958245547939441167e-07
7.925405611786118243e-07
1.062083128999802284e-06
1.690933800091443118e-06
1.274079181712295394e-06
1.065132209987496026e-06
3.532915968662564410e-07
1.732023093836687622e-07
9.175276716177904746e-08
1.335371848654176574e-07
9.201424688853876432e-08
1.391975274600554258e-06
4.343335433532047318e-07
2.081424810285170679e-07
7.346440725086722523e-06
6.781979209335986525e-07
5.202388706493366044e-07
2.159330314555063524e-08
1.454119598065517494e-07
6.928993911969882902e-08
7.208478081111024949e-08
5.430583200904948171e-07
1.387298880217713304e-07
2.994641690179378202e-08
7.383124511761707254e-08
9.548365369482780807e-07
2.367335127928527072e-06
1.551660773202456767e-07
1.948480417013342958e-07
2.261026992300685379e-07
6.016390443619457074e-07
4.531349077296908945e-06
5.659550765813037287e-07
5.035753929405473173e-07
1.123343551512334670e-07
1.462045560174374259e-07
3.585058436783583602e-07
1.178708828319940949e-07
1.341784070518770022e-07
1.518510259757022141e-07
1.493681054398621200e-07
2.679717781006729638e-09
2.643144902947369701e-08
1.992029581288079498e-07
3.436892029640148394e-06
7.247489293149556033e-07
8.879826509655686095e-07
6.284046685323119164e-05
7.859969741730310488e-08
1.300120970881835092e-07
1.486477231082972139e-06
2.671879784088559973e-08
1.664935069811690482e-07
3.380421276233391836e-08
8.827283295431698207e-07
3.885916299850578071e-08
4.449724144706124207e-07
2.035802026512101293e-06
4.538647147001029225e-07
9.663889954936166760e-08
1.612744142676092451e-07
2.117701842507813126e-05
4.123922394683177117e-07
3.725381930053117685e-06
4.090214247298717964e-07
4.631859553683170816e-07
7.975512517077731900e-08
8.706181802153878380e-07
2.939630121545633301e-07
2.419290368038673478e-08
9.708660400065127760e-07
4.854879307458759286e-07
2.681348973965214100e-07
5.703795068257022649e-06
4.415041416905296501e-07
9.429638794244965538e-07
6.200676580192521214e-06
1.424794027116149664e-05
4.113256224513861525e-08
7.297353022295283154e-06
3.543793127391836606e-06
2.060487076960271224e-06
1.760967847985739354e-06
1.265775324554851977e-07
1.913950313792156521e-07
2.306949454577988945e-06
1.584738100746108103e-07
6.138807151501168846e-08
3.602658011914172675e-07
7.014041614183952333e-08
8.111599527182988822e-06
4.190964318695478141e-06
4.632674972526729107e-06
4.079968505266151624e-07
1.901165234130530735e-07
7.047855433484073728e-06
3.960007575187773909e-07
6.056260986042616423e-07
9.499677616986446083e-06
1.232795483474546927e-07
2.495257547252549557e-07
1.289600618292752188e-06
7.562489372503478080e-07
5.832383465076418361e-08
1.295825597935618134e-07
7.663256837986409664e-06
2.222892732106629410e-07
2.468409547873307019e-06
3.603398454288253561e-06
2.966327201647800393e-07
4.847977663757774280e-08
8.829935609355743509e-07
2.315849201295350213e-07
9.949263812814024277e-08
4.083728697423794074e-07
1.790590090422483627e-06
5.469797059731718036e-08
1.329594994103899808e-07
1.377583203066023998e-06
4.256127965618361486e-07
5.214379825702053495e-07
4.413290071170195006e-07
3.757449462682416197e-07
1.628799140007686219e-07
1.745178087730892003e-05
1.445622785922751063e-07
6.422591809496225324e-07
4.265453696916665649e-07
1.796479836002617958e-07
7.820926839485764503e-07
2.088309081216266350e-08
1.217647081830364186e-06
8.682202974341635127e-07
3.181158803045036620e-08
1.513562750687924563e-07
5.324766760850252467e-08
1.232957771435394534e-07
6.833313364040805027e-07
8.592721201239328366e-07
5.126079940964700654e-06
1.247937575499236118e-07
7.274887536823371192e-08
5.941473500570282340e-05
9.831341003518900834e-07
2.152808519895188510e-06
3.123571559626725502e-06
3.613424439663504018e-07
6.014264641862610006e-08
1.359622370245006096e-08
2.639831393480562838e-07
2.683748607523739338e-05
3.970781806856393814e-03
1.699379765796038555e-07
1.161516749448310293e-08
3.474981667750398628e-06
8.009518523977021687e-07
1.513249662821181118e-05
1.849716824153802008e-07
2.151903345293249004e-06
5.601945218813852989e-08
3.549040775396861136e-05
2.362868833927223022e-08
3.137697603960987180e-07
1.389442587651501526e-07
1.219116398942787782e-07
1.811919858596411359e-08
6.052066225947783096e-08
1.565952629789535422e-07
1.850882426879252307e-06
1.065677253109242884e-07
1.100484681160196487e-08
1.149401853695053433e-07
2.942516008630491342e-09
4.655989371826763090e-08
6.790401840817139600e-08
4.701869784184964374e-06
1.326313707750159665e-07
3.884977104462450370e-07
1.750307632164549432e-08
1.164243386142516101e-07
2.946866288766614161e-07
8.158746567232810776e-08
6.740968387930479366e-07
1.030902467391570099e-06
9.812896450966945849e-07
1.084069936041487381e-05
8.137951226672157645e-06
1.095199650080758147e-06
5.103239573145401664e-07
4.606428944953222526e-07
3.231666312331071822e-07
9.631099118223573896e-08
1.633556223623600090e-07
2.615400262584444135e-06
4.098324097867589444e-07
2.244846228904862073e-07
1.744228825373284053e-06
2.155842048523481935e-05
4.074977155710257648e-08
5.405311753747810144e-07
2.419188760427459783e-08
1.161263867288653273e-07
1.485052303351608316e-09
1.840604468839046604e-08
8.800360440375243343e-09
4.067002919327933341e-06
1.234329403132505831e-07
3.901640752701496240e-07
7.723942019310925389e-08
2.367823981330730021e-05
1.041689642988785636e-06
2.364951251365710050e-05
1.961334191946662031e-06
7.076820907059300225e-07
1.898603295558132231e-05
3.221472013592574513e-07
8.602798970969161019e-07
9.690775186754763126e-06
7.646189260412938893e-06
1.062219325831392780e-05
6.796141605036609690e-08
6.225986908248160034e-07
9.197196249033368076e-08
1.123162219300866127e-03
1.555460244162532035e-06
4.585996521200286224e-06
5.297310053720138967e-06
1.383866788273735438e-06
1.876953774626599625e-06
4.546781383396591991e-06
3.781735358643345535e-06
1.218944930769794155e-06
1.137447361543308944e-05
7.681600436626467854e-06
1.694109596428461373e-05
4.156238730956829386e-07
8.089713077197302482e-08
3.415827450226061046e-05
2.495881119557452621e-07
