2.112556558131473139e-06
3.126057208646670915e-07
2.214487267337972298e-06
2.564763417467474937e-05
5.843339295097393915e-06
9.913102985592558980e-06
5.432372290670173243e-06
1.829832427802102757e-07
2.832078962455852889e-07
1.843448217186960392e-06
9.017347757378502138e-09
3.102400469856547716e-08
3.018430660972626356e-08
6.812486219587299274e-08
9.807473588807624765e-08
4.680693166392302373e-08
1.087859491377685117e-08
1.503920827872207155e-07
1.040452752931741998e-05
1.581936572847553180e-07
1.460279008824727498e-06
2.452823650855862070e-07
1.132916440838016570e-05
2.373298002567025833e-06
2.496680338026635582e-07
1.899591666187916417e-07
1.765434234357599053e-07
8.346385982349602273e-08
4.955315091592638055e-08
5.781461354104067141e-08
1.167754362541018054e-06
6.914595473972440232e-08
9.842027992590374197e-08
6.497245340142399073e-05
7.449021359207108617e-05
1.032968430081382394e-05
6.327019946184009314e-06
4.985669193047215231e-07
6.219413251074001892e-08
4.452681992006546352e-07
2.198681059439877572e-08
2.083353578541391471e-08
8.476448698502281331e-08
4.985367141330243612e-08
1.474206499096908374e-07
2.856200183032342466e-07
4.639150574803352356e-08
5.906701261437774519e-08
2.010300903521056171e-07
5.312361963660805486e-07
7.100043148966506124e-06
5.366679829421627801e-07
6.173850408686121227e-08
1.488227923118756735e-07
2.096165445664155413e-07
1.673686611525226908e-08
6.742612299603933934e-07
1.069278852128263679e-07
1.808439265005290508e-06
5.296883998084922496e-08
3.194990370047889883e-07
1.030480021313451289e-07
3.735079872058122419e-07
1.243058989075507270e-07
2.318014225011211238e-07
1.914352651510853320e-06
3.311155580831837142e-07
6.865652153464907315e-07
2.205791531650902471e-07
1.875876137091836426e-06
3.316355901006318163e-08
5.005833614291077538e-08
1.173733021886391725e-08
3.609124021863863163e-08
1.317599327421703492e-07
5.817155823706343654e-08
6.203242008950837771e-08
1.174583559304664959e-07
4.988163126995459606e-08
3.491570410574240668e-08
1.329584756604162976e-05
5.194953700993210077e-06
1.251953904102265369e-06
2.120433464369853027e-07
1.548142449792067055e-07
1.258064514786383370e-07
2.858647292214300251e-07
4.049742017286916962e-07
1.094269634904776467e-07
2.491146062766347313e-07
9.482453933173928817e-09
1.485785929844496422e-07
2.117687891711739212e-08
7.720452686044154689e-07
4.301418954355540336e-08
3.481614996303505905e-08
1.342504418744283612e-07
2.597756747491075657e-07
1.210075993185455445e-06
9.492576282355003059e-06
1.844195480771304574e-06
1.481851199969241861e-06
3.088424023189872969e-07
4.302818524593021721e-06
5.413895678429980762e-07
7.934460199976456352e-08
2.958884692816354800e-07
1.295496190323319752e-06
6.095726234889298212e-07
4.822883852284576278e-07
1.554042405871314259e-08
1.764450452412802406e-08
2.869652178105752682e-07
1.704671035440696869e-07
8.154878372579332790e-08
1.316279423235755530e-07
2.881183434055856196e-07
4.030062541460210923e-07
2.165302959156178986e-07
3.735010750460787676e-06
7.069179730478936108e-08
1.805910983421199489e-06
6.702086352561309468e-08
2.312179780972201115e-08
8.771112192107466399e-08
6.949912290110660251e-08
1.055199945199092326e-07
1.811203276247397298e-07
8.459720675091375597e-07
1.481373033129784744e-07
6.137336328038145439e-08
5.012853989683208056e-07
7.607495149386522826e-07
1.142356325090077007e-07
1.926987579281558283e-06
2.135580956519333995e-07
1.003070565275265835e-06
5.204248623158491682e-07
1.578618054054459208e-07
5.694801075151190162e-07
1.549530850297742290e-07
2.283308759842839208e-07
2.965513345998260775e-08
5.525365395442349836e-06
9.799334748095134273e-07
1.514680207037599757e-05
8.056574188231024891e-06
1.918623092933557928e-05
5.408513243310153484e-04
6.305511988102807663e-07
1.569555752212181687e-05
3.024523778094589943e-07
3.224071178919984959e-07
1.443147880308970343e-06
1.857227118762239115e-07
9.844144415183109231e-07
4.685009855620592134e-07
7.680649218855251092e-07
7.535688695270437165e-08
4.544963758235098794e-06
1.762042757036397234e-06
8.646455853522638790e-07
9.007550261230790056e-07
1.787347230219893390e-07
1.922131104947766289e-06
5.658283797060903453e-08
1.491740562187260366e-07
2.919247663157875650e-06
1.731028618223717785e-07
5.206919695410761051e-07
5.997387120260100346e-07
4.479169035676022759e-07
1.941449227160774171e-06
2.982179694299702533e-07
4.832329523196676746e-06
1.254263253258613986e-07
1.181285028906131629e-06
3.188165237588691525e-06
1.288138832933327649e-06
1.130693476625310723e-06
3.020816734533582348e-07
6.865586215099028777e-07
4.007335689948376967e-07
1.369887286273296922e-06
1.500698658674082253e-07
3.254388332152302610e-07
4.798964070573674690e-08
4.359103513706941158e-07
5.349875664251158014e-06
1.775228338374290615e-05
2.795086857076967135e-06
1.887630446617549751e-06
2.510688091206247918e-06
5.526785571419168264e-07
5.147297770236036740e-07
5.168651000531099271e-07
3.840223996576241916e-07
4.845243529416620731e-05
9.950898629540461116e-07
1.185689689009450376e-05
1.206767365147243254e-06
2.222324440026568482e-07
2.568995682850072626e-07
1.534731563879176974e-05
4.258563706116547110e-07
3.486770947347395122e-05
5.743970177718438208e-06
7.407295470329700038e-07
1.013622022583149374e-05
2.122648083968670107e-06
2.583507466624723747e-06
2.552123305576969869e-06
6.658439815510064363e-06
7.611232035742432345e-07
5.410300673247547820e-06
2.012026243392028846e-06
1.121282480198715348e-06
3.111357273155590519e-06
2.387722815910819918e-06
6.682849289063597098e-06
5.966842309135245159e-07
2.081242882923106663e-06
1.393960815221362282e-06
1.446117585146566853e-05
2.480388320691417903e-05
3.116579421202914091e-07
5.633397904603043571e-06
3.895609381743270205e-07
2.546094265198917128e-06
3.795033535425318405e-06
1.607480953680351377e-06
9.503653927822597325e-06
7.264251507876906544e-06
2.473697122695739381e-06
1.189060185424750671e-06
2.159317773475777358e-06
2.296906416177080246e-07
5.515323096005886327e-07
6.727708296239143237e-06
1.487066037952899933e-05
9.087955731956753880e-06
1.110242283175466582e-05
4.918940135212324094e-07
5.596543246610963251e-07
2.467930926286499016e-06
3.217111270714667626e-07
1.381430934088712092e-06
2.830225412253639661e-06
4.442140834726160392e-06
1.545301711303181946e-05
3.049136239496874623e-06
1.626389007469697390e-06
1.124587356571282726e-06
7.959709478200238664e-07
8.798076009952637833e-07
2.242179107270203531e-06
1.114202459575608373e-04
9.273330192627327051e-07
3.658316563814878464e-05
3.908322923962259665e-06
1.860025008681986947e-06
8.516140042047481984e-07
1.912913489832135383e-07
8.542218665752443485e-07
4.720921822354284814e-07
1.066998606802371796e-06
2.140550066087598680e-07
1.624125252419617027e-05
1.178533182155661052e-07
8.317222182085970417e-07
6.100893187976907939e-06
2.943029073776415316e-07
1.002679368866665754e-06
6.440494075832248200e-07
2.753198202753992518e-07
1.373451254949031863e-07
1.115924490591169160e-07
1.056644464370037895e-06
6.725892376380215865e-08
4.801216618943726644e-06
6.969415267121803481e-07
6.679284183519484941e-07
5.392729462982970290e-08
5.293039180287451018e-07
1.248463519232245744e-07
2.728391912398819841e-08
6.062413717700110283e-07
4.500346619806805393e-07
1.292034568223243696e-07
3.322029726859909715e-07
1.426474227628204972e-07
6.947420416736349580e-08
1.738942501106066629e-07
5.627576626920927083e-08
5.771430096501717344e-06
2.003467216127319261e-06
1.970786615856923163e-05
9.783487939785118215e-07
3.165472861610396649e-08
2.416643951619334985e-07
6.641003302831904875e-09
1.910350135858607246e-07
2.593398740202701447e-08
8.224196434980513004e-09
1.657769210794413084e-08
5.639052602646188461e-08
9.242251408636548149e-09
2.245983843351950782e-08
4.176583345838480454e-08
3.998837598828686168e-07
3.662662209080735920e-07
4.909630391125574533e-08
3.302607609612095985e-08
5.101703237642141175e-08
5.683366666175970749e-08
1.663073945223914052e-08
1.180916520127084368e-08
1.879494959666772047e-08
2.122265030379821837e-08
1.221759333702721051e-07
4.540985898415783595e-08
1.796979915980045917e-07
1.260459725926921237e-06
1.142565508871484781e-07
8.141051353049988393e-07
1.489707557311703567e-07
5.617389220446966647e-08
2.491860186637495644e-06
7.201580842775001656e-07
2.410491219961841125e-07
4.297730811231303960e-07
9.215566478815162554e-07
1.784467116294763400e-07
2.183968916824596818e-08
4.855523911828640848e-06
2.579034408256575261e-08
4.311023076297715306e-05
4.492191010285750963e-07
3.928848855139221996e-07
3.876628440480089921e-08
5.176660124561749399e-06
2.557200559749617241e-06
7.569659601358580403e-07
3.026052866061945679e-07
1.030677140079205856e-06
1.041368068399606273e-05
1.217627686855848879e-05
1.735725963953882456e-04
3.356458182679489255e-05
2.529734047129750252e-05
1.455011260986793786e-05
5.112018541808538430e-08
2.094390936235868139e-07
4.181575832262751646e-07
1.100931740438682027e-06
9.254865290131419897e-05
3.879828000208362937e-06
8.919035963117494248e-07
7.276595965777232777e-07
1.765538684139755787e-07
9.026399538925033994e-07
3.715874981935485266e-06
6.448674412240507081e-07
2.271318351176887518e-07
6.139303110330729396e-08
9.576154269552716869e-08
4.139137956826743903e-07
1.665047335563940578e-07
5.512785605787939858e-08
2.342065954508143477e-07
6.925260009893463575e-08
1.192791643234158983e-07
1.508682885287271347e-07
5.995768788125133142e-07
1.494971968440950150e-07
1.423779622200527228e-06
2.574094049023756270e-09
5.048772422355796152e-08
2.333302262513825553e-07
2.281491191524764872e-07
1.996915699464807403e-07
6.833842292053304845e-08
2.205901772356355650e-08
3.626526634548099537e-08
7.471431331396161113e-07
3.218792983261664631e-07
7.776872621434449684e-07
4.842761995860200841e-07
1.654981360843521543e-06
1.600183509253838565e-06
7.832065307411539834e-08
1.400882752022880595e-06
3.489947459911491023e-07
4.506756212663276528e-08
9.514127668808214366e-06
8.621289453003555536e-06
2.427016454475960927e-07
1.277463042015369865e-07
2.143553103906015167e-07
8.686317869432969019e-07
6.321995726921159076e-08
3.779879023113608127e-07
7.041240337457566056e-07
1.892207728815265000e-05
1.317672968070837669e-06
4.685423391492804512e-06
8.279444330128171714e-08
6.723919909745745827e-07
7.090644430718384683e-06
6.818273732278612442e-07
2.358004991265261197e-07
5.648697865012763941e-08
6.892746569064911455e-07
5.389446755543758627e-07
2.195400981008788222e-07
1.568684666608533007e-07
3.089743643158726627e-07
1.945308940776158124e-05
9.903033060254529119e-09
4.101140405055048177e-08
7.360099374409401207e-08
1.780446268639934715e-06
1.548572043930107611e-07
7.794064771360353916e-08
1.278237515833779980e-08
1.307930069742724299e-04
9.139947820813176804e-08
4.015357717435108498e-07
2.164628995160455815e-06
1.637072557514329674e-07
8.241284632504175534e-08
7.516610622815278475e-08
1.095328343581059016e-07
4.760508431900234427e-07
1.581117743398863240e-07
1.017716726892103907e-06
2.705443193917744793e-06
2.421743993181735277e-04
3.326219299992771994e-08
8.110835665320337284e-07
5.035680601395142730e-07
2.671740446658077417e-07
4.375261141831288114e-06
1.463221082076415769e-07
7.808204145476338454e-07
9.718449973661336116e-07
1.767959929566131905e-07
3.112149670414510183e-06
2.384896333751385100e-06
7.095870387274771929e-05
6.746835879312129691e-06
1.183180302177788690e-06
2.543876860272575868e-07
2.002116694654887397e-08
1.245279008799116127e-07
1.504880628999671899e-07
2.384381048159411876e-07
5.799892619506863412e-07
9.366450512970914133e-07
4.116660079489520285e-07
2.661951475602108985e-05
4.333582808158098487e-07
3.599672595555603039e-07
4.762969751936907414e-07
7.298547899381446769e-08
1.342466049436552566e-07
4.908836785944004077e-07
5.423227200651581370e-09
8.121416499307088088e-07
2.421248268547060434e-07
3.710387659339176025e-07
2.017609858739888296e-06
4.363762491266243160e-05
9.303052195264172042e-08
6.792726026105810888e-08
2.411439936622628011e-06
1.018808347907906864e-06
1.031344609714324179e-08
1.739977619763521943e-07
1.217671297126798891e-06
9.666321432177937822e-08
1.811250704975009285e-08
2.037446300562351098e-08
7.916914182715117931e-05
3.904422555933706462e-06
7.490219644523676834e-08
1.116624392949461253e-08
1.477504412150665303e-07
5.824419986311113462e-07
5.311374025041004643e-07
2.544106258994816017e-08
1.824061968136447831e-07
4.841605161232109822e-08
3.665959269483209937e-08
1.739310050652420614e-06
1.724721521156880044e-08
3.359386369083949830e-08
3.603918594308197498e-05
9.786898402808219544e-08
9.943371992449101526e-08
8.979970516520552337e-06
5.849090030096704140e-07
1.599050705181070953e-07
6.570074617684440454e-08
1.301518892660169513e-07
1.709962731410996639e-07
1.187677526104380377e-06
1.406952634397384827e-07
3.237032615288626403e-07
6.193331625325981804e-09
1.151748710981337354e-05
2.633239319038693793e-06
2.479760219387117104e-08
4.175450953880499583e-07
3.091715825576102361e-07
3.192086751369060948e-06
1.497641903824842302e-07
1.074216129381966311e-06
1.328443318016070407e-06
3.870828635399448103e-08
3.534271186822479649e-08
1.002883536216359062e-07
1.672197100788253010e-07
9.626915016269776970e-07
8.132588646958538448e-08
3.513019066303968430e-03
4.387745988765345828e-08
1.225970436280476861e-07
3.823229732802246872e-08
1.382165493168940884e-07
4.039468137762014521e-08
1.193757093176373019e-08
1.796099269313344848e-07
7.658768197416065959e-08
3.515238589102409605e-08
1.175172954503977962e-07
5.897416599509597290e-07
5.693581897503463551e-06
1.083642746380064636e-05
1.181448894271852623e-07
8.743577382119838148e-06
2.214810024270263966e-08
4.497276506754133152e-08
2.459112522501527565e-07
2.113282988602804835e-07
3.790434277561871568e-07
8.973189835614903131e-08
2.812715536038012942e-07
2.209840346267810673e-07
9.645018508308567107e-07
3.335613785182545143e-09
4.085329123881820124e-07
1.389792316786042647e-07
4.715793977538851323e-08
4.295668077247682959e-06
1.105753568708678358e-07
4.875280623650724010e-08
8.199673175113275647e-06
1.000980660137429368e-06
1.395950448568328284e-07
9.684914203944572364e-08
2.285177913563529728e-07
1.704720716588781215e-06
6.663184848321179743e-08
1.027377294349207659e-07
6.431490078284696210e-07
7.721531147808491369e-08
9.258647537535580341e-08
5.111297340931741928e-08
3.722750534507213160e-07
2.925427793343260419e-07
5.230136252976080868e-07
1.468138464133517118e-07
3.245006894303514855e-07
8.847567301017988939e-07
1.550573324493598193e-05
1.164091045779969136e-07
4.721646860161854420e-07
1.663524471950950101e-06
6.942532593257055851e-08
1.715697180770803243e-06
2.482985792084946297e-06
3.108797486106595898e-08
5.594261409669343266e-08
2.428079142191563733e-07
1.463073147078830516e-07
1.665102104198012967e-06
8.372965965008916100e-08
1.014287178691120062e-07
6.075548952821918647e-08
1.153752720028933254e-07
6.761343911421135999e-07
1.230164947685352672e-08
1.245256555648666108e-07
1.281323562807301641e-07
4.929736974190745968e-07
5.635912359025496698e-08
2.918462627121698461e-08
6.768876659180023125e-08
6.224304911484068725e-07
1.826319504516504821e-07
4.526469581378478324e-07
3.547772209344657313e-08
3.537857651281228755e-07
1.436643799479497829e-07
3.787953417599965178e-08
9.565657421717332909e-08
3.417590832555106317e-08
4.705999856469134102e-08
2.205711643910035491e-05
6.217547934284084477e-07
8.141143439388542902e-07
4.486618365717731649e-08
7.933567047757605906e-08
3.387008291610982269e-07
3.317638572752912296e-07
4.306414666643831879e-06
1.828742846043951431e-08
5.107087375222363335e-08
1.971415208856797108e-08
1.017322915686236229e-06
8.590909601480234414e-07
2.101301106449682266e-07
1.368956787928254926e-07
9.005543688545003533e-08
1.077274305316677783e-06
4.072649062436539680e-08
6.133337251412740443e-07
5.959958343737525865e-06
4.252651919500749500e-08
6.097828020301676588e-08
3.641276080657007697e-08
7.548563729642410181e-08
4.074731663195052533e-08
3.037752776435809210e-06
3.070547620609431760e-07
1.839606369458124391e-07
2.096940079354681075e-06
3.801925174684583908e-07
5.138150527272955514e-07
1.566277205711230636e-06
8.607798918092157692e-08
6.473312197385894251e-08
2.516842982913658489e-07
9.115661470104896580e-08
5.184438691685500089e-07
1.306449667026754469e-05
3.368690215665992582e-08
1.368197821705052775e-08
1.184021857625339180e-05
6.388847850757883862e-08
1.827627116313124134e-08
5.572237000706081744e-07
1.764922643587851780e-07
1.312957692789495923e-06
9.597273731287714327e-08
3.390605706954374909e-05
1.818143209675326943e-05
1.485355198838078650e-07
7.468037921398718026e-08
5.716705800296040252e-06
5.467801429404062219e-07
1.590824894037723425e-07
9.928448889695573598e-06
2.481096771589363925e-06
4.648169351639808156e-07
4.783574425459846680e-08
9.396189284416323062e-07
3.943323179100843845e-07
1.046064070919783262e-07
9.968338190446957015e-07
3.784980071941390634e-05
2.683700877241790295e-04
7.546763924892729847e-08
2.041526947493821353e-08
8.460341405225335620e-07
4.102524897575676732e-08
4.691839095016803185e-08
1.258581789898016723e-07
2.857791230326256482e-07
9.905504327889502747e-08
1.054626466157060349e-07
2.741984644671902061e-06
4.197418945750541752e-08
1.240697429238935001e-07
9.514825194401055342e-08
6.319692857914560591e-08
2.450159541922403150e-08
3.677451587691393797e-08
3.029985862212924985e-07
8.681166718815802597e-07
4.250408096595492680e-07
5.076764182376791723e-07
5.296495601214701310e-06
2.815158723024069332e-06
3.786669537930720253e-07
2.203847543569281697e-06
5.969685901163757080e-08
2.497135392331983894e-05
3.158345691645081388e-07
3.373150718744000187e-07
6.040201333235017955e-05
1.422583295607182663e-07
1.058328234648797661e-05
2.017535649656565511e-07
3.320176915622141678e-07
6.053449851606274024e-06
1.918785699217551155e-07
5.400511327025014907e-08
2.679613686495940783e-08
2.254791553468749044e-08
7.951579306109124445e-08
6.566920092154759914e-07
1.480848936807888094e-07
2.486126220446749358e-07
3.368299701378418831e-07
1.058530051523121074e-05
2.142797711712773889e-06
6.074482826079474762e-06
1.830584608342178399e-07
2.153257305792521947e-08
2.735156385824666359e-07
2.601682602687560575e-08
2.229873672376925242e-07
2.712734158194507472e-06
1.434313787740393309e-07
1.332705501511100010e-08
1.516802853984700050e-06
2.433321469652582891e-06
3.935431536206124292e-08
1.635439616620715242e-06
2.140854320487051154e-07
3.991531372093959362e-08
4.176257334620459005e-06
4.742384618339201552e-08
1.817325824049476068e-06
1.827410045507349423e-07
8.195153355927686789e-08
9.515882766208960675e-07
4.935226911584322806e-07
3.855765484672701859e-09
2.312423532657703618e-07
1.180548991897012456e-07
7.956264198583085090e-07
3.628537115218932740e-06
4.952234888833118021e-08
1.770178386095722090e-07
1.825480921979760751e-08
3.934649157599778846e-07
2.417403493382153101e-06
5.452947334561031312e-06
1.275969793823605869e-06
1.212554394669496105e-07
5.099835576061195752e-08
1.499559054707333416e-08
1.211344351759180427e-05
8.140445402204932179e-07
7.291601650649681687e-05
5.416549697656591889e-07
6.720800627135758987e-08
7.212722152871720027e-07
9.733322059446436469e-08
1.239778413264502888e-07
1.692349904658385640e-08
1.239795551555289421e-06
1.793211907852310105e-07
1.976143515491912694e-08
1.638368196665851428e-08
1.087701377855410101e-07
2.869497528479314497e-08
3.822870837666414445e-07
3.056972559534187894e-07
1.292644640216167318e-07
2.919235271292563993e-07
3.592515440686838701e-07
3.088996891165152192e-06
2.195218939959886484e-07
1.564628178130078595e-07
5.934771785121029097e-09
9.233847890754987020e-07
4.132860794925363734e-06
1.364590218599914806e-07
1.662536419644311536e-06
8.285052643941526185e-08
1.913751823678921937e-08
1.368985635963326786e-07
4.925152907730989682e-08
4.898085990134859458e-07
1.772355928686408788e-09
1.179780952043074649e-06
7.264780332860709677e-09
1.557474206492770463e-06
1.179944092655205168e-06
4.094600569715112215e-07
3.085697812821308617e-07
6.378848047461360693e-05
1.349755734736390878e-06
3.612295586208347231e-06
1.785133463272359222e-08
4.764016381386682042e-08
4.092911609632210457e-08
3.118397444268339314e-06
7.114745130820665509e-06
2.541283720347564667e-06
1.060118570705981256e-08
5.179392701393226162e-07
8.245262961281696334e-08
1.473623342462815344e-05
8.148126653395593166e-07
9.010629753447574330e-08
9.434714343115047086e-08
3.237833823277469492e-08
3.865877715725218877e-06
3.831261778941552620e-07
6.089128419262124225e-06
1.126178972299385350e-06
1.054323206517437939e-08
3.744131333860423183e-07
6.295678645074076485e-08
1.325028264886896068e-08
6.288120744102343451e-07
1.068144501914503053e-05
2.109662347038465668e-07
5.662526803007494891e-08
6.729569122398970649e-06
3.490268682071473449e-06
1.811592085232405225e-07
5.012665127424043021e-08
2.615798955218906485e-08
1.548835825815331191e-06
3.934499090973986313e-07
2.921296413660456892e-07
2.136149305442813784e-05
1.133929836214520037e-04
2.081738017523093731e-07
1.647656745262793265e-06
8.387045227209455334e-07
4.149952701482106932e-07
1.525889615550113376e-06
2.625074193929322064e-05
8.895636227634895477e-08
2.538697856380167650e-07
1.149689907720130577e-07
1.514513201072986703e-06
1.131159805822790076e-07
6.285551990004023537e-08
3.143824045537257916e-08
3.684975354190100916e-06
3.469629561436704535e-08
1.583816100492185797e-07
9.144778090330873965e-08
1.273484303965233266e-05
5.226735311225638725e-07
5.341025826055556536e-06
1.406409353421622654e-07
1.692582252132979193e-08
2.676920587418862851e-07
5.804089298067083291e-08
1.903005113490507938e-06
8.066083978519600350e-08
1.154132878156133302e-08
1.022263404593104497e-06
3.799211967248083965e-08
6.375500106514664367e-06
5.255726023278839421e-07
1.273504324217356043e-08
3.016326900251442567e-06
6.531934104714309797e-06
1.779631361387146171e-06
1.799370465960237198e-07
8.799083275334851351e-07
3.427360297791892663e-06
2.983375679832533933e-06
3.091220150963636115e-07
8.916433102967857849e-07
2.959542371172574349e-07
1.026145923788135406e-06
1.100330777603630850e-07
7.435528193155960253e-09
7.366296017607965041e-07
1.505360069131711498e-05
5.869796382285130676e-08
4.314187407317149336e-08
1.216540113091468811e-07
1.017264594338485040e-06
1.401859776706260163e-06
3.972679962771508144e-08
1.077635474189264642e-07
2.992992267536465079e-05
5.157687965606783109e-08
5.398502977982388984e-08
1.227472012033103965e-06
7.278918445763338241e-08
2.232330054141584696e-08
4.145535470456707117e-08
1.740380394039675593e-04
9.065188777412913623e-08
1.022993316723841417e-07
1.492942374170524999e-06
1.071859898615912243e-07
1.409410856467729900e-06
1.252329440148969297e-07
9.622660002150951186e-08
1.730328733628994087e-07
2.527690185161191039e-06
1.942759553230644087e-07
2.286575266907675541e-07
2.244096890535729472e-07
5.163256719242781401e-05
3.706492179844644852e-08
2.043550182406761451e-07
2.243684775748988613e-06
3.606590325944125652e-05
7.107994315447285771e-05
1.038822233567771036e-06
5.715078441426157951e-05
8.257322861027205363e-07
1.019588324879805441e-07
2.093701851890727994e-07
5.253456265563727356e-07
2.058708787444629706e-06
1.216889927491138224e-06
2.934281084776557691e-08
2.170053647887471016e-07
4.609435677593864966e-08
8.654833294485797524e-08
1.196563292893415564e-08
2.512080641281499993e-07
1.454867515349178575e-08
2.412855621969356434e-07
6.629476700936720590e-08
7.299337578814402150e-09
1.294761275971723080e-08
7.512966249123564921e-09
2.589247038997655181e-08
3.735469888965781138e-08
1.781174773896054830e-06
1.923486081523151370e-08
8.684862962127226638e-08
3.061995812458917499e-08
6.719788103737300844e-08
4.974519995926129923e-08
1.455461440258432049e-08
2.302001611553805560e-08
1.770499267195191351e-07
7.441292382281972095e-08
2.890637063046597177e-07
2.453363947552134050e-07
2.114351360660293722e-07
1.836286571688106051e-07
1.330090526607818902e-07
3.873590870284715493e-08
1.868780969971339800e-07
5.646898415534451487e-08
4.963383659628561873e-08
1.057110043944931022e-08
1.131567728407389950e-07
1.076722622173065247e-08
4.019754669570829719e-06
2.334447124496819015e-08
6.224966853096702835e-08
2.728583012867602520e-07
3.113628110895660939e-08
1.981267816475451582e-09
1.304438423943565795e-08
1.489109564545287867e-07
1.914125107305153506e-07
2.971934343065640860e-08
2.255739275369705865e-07
3.133215997763727501e-08
8.223884701728820801e-01
3.007404245636280393e-07
3.424950642511248589e-03
1.132769029936753213e-04
2.706381201278418303e-05
1.176568679511547089e-03
5.281548015773296356e-03
3.787889145314693451e-04
1.136228558607399464e-03
1.529417783021926880e-01
5.165197420865297318e-03
1.600344461394342943e-07
6.801985250604047906e-07
4.753030225401744246e-06
6.346630470943637192e-06
1.490964564254682045e-06
1.175283870225030114e-07
2.390937758889322140e-08
1.327074983237253036e-07
4.348565312284335960e-07
2.591893007775070146e-06
3.626793613875634037e-06
1.139651288895038306e-07
1.519424159823756781e-07
1.087700312041306461e-07
7.755990736768580973e-06
1.203618012368679047e-06
3.002726884915318806e-07
1.846434685148778954e-07
1.019537734237019322e-07
