7.168136448854056653e-07
9.980475397242116742e-07
2.308845068910159171e-05
1.605043653398752213e-04
1.298960796702886000e-05
7.528092828579246998e-05
1.285917242057621479e-04
5.487705129780806601e-05
4.074529897479806095e-06
9.947540820576250553e-05
1.383454673486994579e-06
2.325324203411582857e-06
9.074782610696274787e-06
8.676713605382246897e-07
7.411627507281082217e-07
7.347913992816756945e-07
1.323245942330686375e-05
1.088073418031854089e-06
8.124969099299050868e-06
2.304290546817355789e-06
7.464303166671015788e-07
3.470644151093438268e-05
4.953182360623031855e-05
5.541619611904025078e-04
2.309645651621394791e-06
2.979062855956726708e-06
5.003619207855081186e-06
5.744345230596081819e-07
5.522262654267251492e-06
2.978312977575114928e-06
1.030291855386167299e-06
2.355637207074323669e-06
6.830396159784868360e-06
6.913884135428816080e-06
1.071069505087507423e-06
2.469799085247359471e-07
2.997446927111013792e-06
3.012720526385237463e-07
3.647214180091395974e-05
5.033369234297424555e-06
1.433525426364212763e-06
4.125685791223077103e-06
5.466931156661303248e-07
2.360999205848202109e-04
2.049562226602574810e-06
8.048304152907803655e-06
1.036845063140390266e-07
2.934932126663625240e-05
2.598198989289812744e-06
8.698118108441121876e-06
4.771780481860332657e-07
8.106084424071013927e-04
3.502822073642164469e-05
2.743788354564458132e-05
3.379987174412235618e-05
7.223837201308924705e-06
3.143218236800748855e-06
4.492420430324273184e-06
1.026654535962734371e-05
3.804609514190815389e-05
8.337096078321337700e-04
1.342889881925657392e-04
1.028035476338118315e-04
4.383351188153028488e-04
1.410709373885765672e-04
1.010120540740899742e-04
2.055163349723443389e-05
1.721526314213406295e-05
9.749339369591325521e-06
2.669414982392481761e-07
4.073556567618652480e-07
2.650477426868746988e-06
1.204681439048727043e-06
7.087791345838923007e-06
1.935490899995784275e-06
9.448756941310421098e-07
5.704368231818079948e-05
1.348374735243851319e-05
2.034958306467160583e-04
6.586775270989164710e-06
1.079835055861622095e-05
1.664678279666986782e-06
1.969974800886120647e-05
2.985480750794522464e-05
3.267547981522511691e-06
1.413722770848835353e-06
3.024125726369675249e-05
1.854288484537391923e-06
1.073040184564888477e-04
4.848282515013124794e-06
4.714370618330576690e-07
9.285034138883929700e-06
3.554268005245830864e-06
3.182024738634936512e-05
1.515757389825012069e-06
3.913455202564364299e-06
3.574543370632454753e-05
6.183561254147207364e-06
1.673764018050860614e-05
3.917465619451832026e-06
5.380431502999272197e-06
1.110648037865757942e-03
8.084081855486147106e-06
2.039179526036605239e-05
1.479327420383924618e-05
6.793225184082984924e-04
1.976827115868218243e-05
2.495047738193534315e-05
6.911019590916112065e-05
1.400604469381505623e-05
1.228209112014155835e-05
2.985574610647745430e-05
3.978521272074431181e-05
1.027988855639705434e-05
3.766145164263434708e-05
1.081452955986605957e-05
1.115058184950612485e-04
1.304698344029020518e-06
2.850237024176749401e-06
3.651183305919403210e-06
1.040411461872281507e-06
6.526242486870614812e-06
7.023134094197303057e-05
2.096467324008699507e-05
2.545717961766058579e-06
2.956668822662322782e-06
1.821313890104647726e-05
2.983720150950830430e-06
1.556753340992145240e-05
4.648353751690592617e-06
4.262755101080983877e-04
1.410065033269347623e-05
1.886817881313618273e-05
9.270787813875358552e-06
3.115576646450790577e-06
1.421013257640879601e-05
1.859792746472521685e-06
2.456525862726266496e-06
7.846959306334611028e-06
1.032489194585650694e-06
1.616126468206857680e-07
6.349272325678612106e-07
1.283564046161700389e-07
1.551809077682264615e-06
9.662247975938953459e-06
2.327449619770050049e-04
6.124978995103447232e-07
7.490898951800772920e-06
1.111245510401204228e-04
6.254634286051441450e-07
1.347045064903795719e-03
9.153422433882951736e-05
1.815450923459138721e-05
6.709194053655664902e-07
3.252816895837895572e-06
5.831312228110618889e-05
6.191194552229717374e-05
5.084080112283118069e-05
8.686897672305349261e-07
2.611098578199744225e-03
9.255351615138351917e-04
4.490599621931323782e-06
1.826712377805961296e-06
6.673637108178809285e-05
6.089959242672193795e-06
5.484537268785061315e-06
1.654122206673491746e-05
2.212815306847915053e-04
6.856237450847402215e-05
2.777751069515943527e-04
9.739735396578907967e-04
1.333393447566777468e-04
1.659311674302443862e-04
5.693785715266130865e-05
4.542073838820215315e-06
2.261865665786899626e-05
1.215575830428861082e-04
9.547430818201974034e-05
9.201077045872807503e-05
1.464308570575667545e-05
1.075240470527205616e-05
2.973702612507622689e-05
1.344958491245051846e-05
7.613210982526652515e-06
9.450253128306940198e-05
2.351591501792427152e-05
2.948070177808403969e-04
2.088015207846183330e-05
1.145182613981887698e-05
1.257184248970588669e-05
2.943850176961859688e-06
4.897964754491113126e-05
1.694919660621962976e-06
2.382916136411949992e-04
1.992519719351548702e-05
6.134227442089468241e-05
9.375498848385177553e-06
1.686196628725156188e-05
2.389202199992723763e-05
3.058009724554722197e-06
7.012987043708562851e-05
1.281509412365267053e-05
1.800227255444042385e-05
2.702280471567064524e-05
8.083306966000236571e-07
6.106607179390266538e-05
7.584112609038129449e-05
2.480447437847033143e-05
2.511697493901010603e-05
2.782049523375462741e-05
4.009654803667217493e-04
1.363680348731577396e-03
3.395566454855725169e-05
1.834387774579226971e-03
2.791880979202687740e-05
1.326708206761395559e-05
4.790208095073467121e-06
3.364279109518975019e-04
1.583510456839576364e-04
1.115299601224251091e-04
4.623798013199120760e-04
4.980693338438868523e-04
3.082429175265133381e-04
1.635278204048518091e-05
4.140054443269036710e-05
4.626653753803111613e-05
2.847350515366997570e-05
8.112434297800064087e-04
2.624856424517929554e-04
4.066957917530089617e-04
7.709340025030542165e-06
2.265769144287332892e-04
2.515770574973430485e-05
1.489265832788078114e-05
1.526022788311820477e-05
1.851981323852669448e-05
2.801867376547306776e-04
2.347653207834810019e-06
1.256674877367913723e-04
1.518533190392190591e-05
1.048779158736579120e-04
4.728483036160469055e-04
1.314618566539138556e-04
4.851527046412229538e-05
7.341064629144966602e-04
6.969904461584519595e-06
1.470850402256473899e-04
1.439361949451267719e-05
1.402733178110793233e-04
6.651557487202808261e-05
5.577192132477648556e-05
1.560822056489996612e-05
1.203881038236431777e-04
7.072784501360729337e-05
5.737213996326318011e-06
7.460627330146962777e-06
6.336107617244124413e-04
2.056232769973576069e-04
2.376458360231481493e-05
5.920603143749758601e-06
6.610304353671381250e-06
9.884771316137630492e-06
5.216589215706335381e-06
1.123411379921890330e-06
2.955541276605799794e-06
2.671351921890163794e-06
8.874347940945881419e-07
3.419620770728215575e-05
3.611042047850787640e-04
1.042791154759470373e-05
5.009308097214670852e-07
6.033045792719349265e-05
6.704969564452767372e-06
1.161798718385398388e-04
1.435624835721682757e-05
2.688128188310656697e-05
5.060510375187732279e-06
4.843518127017887309e-06
8.905802246772509534e-07
8.395103350267163478e-07
2.647348810569383204e-05
2.434414682284113951e-06
1.588797090334992390e-06
4.386566615721676499e-06
6.525480421259999275e-05
2.423091973469126970e-05
3.784301588893868029e-05
4.054590135638136417e-06
2.474166649335529655e-06
3.287096319581905846e-07
6.418188149837078527e-07
1.018401781038846821e-05
1.065064407157478854e-05
1.470100642109173350e-06
6.822242721682414412e-05
2.536374995543155819e-05
1.010003870760556310e-06
8.060583058977499604e-05
8.641464773972984403e-06
4.738318966701626778e-05
5.273693204799201339e-06
3.119761515790742123e-07
2.005122496484545991e-06
3.969722456531599164e-06
1.665453282839735039e-06
2.469361106705036946e-07
4.404999799589859322e-06
2.599282993287488353e-07
2.238824208689038642e-06
4.358219939604168758e-06
5.147000592842232436e-06
8.506493031745776534e-06
4.296155566407833248e-06
2.053382559097371995e-05
2.155635775125119835e-05
1.936275793923414312e-06
3.837624831248831470e-07
8.848955701523664175e-08
2.441315018586465158e-06
3.154557816742453724e-06
6.106675982664455660e-07
4.851846460951492190e-05
6.002394002280198038e-05
1.743135180731769651e-05
3.608356792028644122e-06
7.285050287464400753e-06
8.620952485216548666e-08
3.843573358608409762e-05
1.869529660325497389e-05
5.157771283847978339e-06
1.372706356050912291e-05
3.260424273321405053e-05
7.203879249573219568e-06
2.413604761386523023e-06
1.024606899591162801e-04
3.554398790583945811e-05
5.499789040186442435e-06
5.400601367000490427e-05
3.212989440726232715e-06
3.222576342523097992e-03
1.739597064442932606e-04
1.544346159789711237e-04
3.000282595166936517e-05
6.078670412534847856e-05
3.542074409779161215e-05
1.484427880495786667e-02
2.613744291011244059e-04
1.012154734780779108e-05
4.928877024212852120e-05
8.877844084054231644e-05
3.769066097447648644e-05
5.001320387236773968e-04
7.140354719012975693e-04
2.764331293292343616e-04
1.247260496020317078e-01
2.014531055465340614e-03
1.667360338615253568e-04
1.537996722618117929e-04
1.443240907974541187e-04
9.836619574343785644e-05
3.779425242100842297e-05
5.056714289821684361e-04
3.471845775493420660e-05
2.083122308249585330e-05
1.155882840976119041e-03
1.857523992657661438e-02
7.495132740586996078e-05
6.297907093539834023e-04
4.076846875250339508e-03
9.064659243449568748e-04
2.366856206208467484e-04
2.142266748705878854e-04
8.958706748671829700e-04
3.754862700589001179e-05
1.814440125599503517e-03
5.206867936067283154e-04
2.784454591164831072e-05
6.641554500674828887e-05
3.530465182848274708e-04
4.231829661875963211e-04
5.600897711701691151e-04
1.877927425084635615e-04
2.394201874267309904e-05
5.691028127330355346e-05
3.420233842916786671e-04
2.511547645553946495e-03
1.024702651193365455e-04
1.070403232006356120e-05
1.559213887958321720e-05
2.605905501695815474e-05
1.775174132490064949e-05
7.861943913667346351e-07
3.835991265077609569e-06
6.029329711054742802e-07
2.843748006853275001e-06
9.112794032262172550e-06
1.050995888363104314e-05
6.429300469790177885e-07
1.647150202188640833e-05
3.537088923621922731e-04
1.596280024386942387e-03
1.942416929523460567e-05
1.438310846424428746e-05
4.716403338989039185e-07
1.406147134730417747e-06
1.530081317469011992e-05
1.618542737560346723e-04
1.195399454445578158e-05
1.010084361041663215e-05
5.266468724585138261e-05
1.029475697578163818e-06
9.513396435067988932e-07
2.423089608782902360e-05
9.282833343604579568e-05
2.434751422697445378e-06
6.746359758835751563e-06
1.504020474385470152e-04
4.575781640596687794e-04
2.813855530803266447e-07
1.178715410787845030e-05
3.109908357146196067e-05
3.568664033082313836e-05
3.392950748093426228e-05
5.055807378084864467e-06
1.005541162157896906e-05
9.888514796330127865e-06
1.861943701442214660e-06
9.865098036243580282e-06
3.161035710945725441e-04
1.987937866942957044e-05
7.499787607230246067e-04
7.180904049164382741e-07
4.334255063440650702e-04
1.005867234198376536e-04
3.278901203884743154e-06
7.552906026830896735e-06
8.317209903907496482e-06
1.177896774606779218e-04
3.089044412263319828e-06
4.277205467224121094e-02
1.481955987401306629e-04
7.907715917099267244e-05
1.221994170919060707e-04
9.668397069617640227e-06
1.416335435351356864e-04
1.180321797728538513e-01
9.373630746267735958e-06
3.136883242405019701e-05
2.312959622940979898e-05
9.071848580788355321e-06
3.574434231268242002e-05
3.878474235534667969e-04
1.021198404487222433e-04
7.474978247046237811e-06
1.034942106343805790e-04
2.111941967086750083e-06
2.049705246463418007e-03
3.821661230176687241e-04
1.670365963946096599e-05
6.837383378297090530e-03
1.049374873218766879e-06
5.317284259945154190e-03
6.190161366248503327e-05
2.970408822875469923e-04
2.104507984768133610e-05
1.170930336229503155e-04
7.354784088420274202e-07
2.787640392780303955e-01
2.928446747318957932e-06
3.046131459996104240e-04
3.209467686247080564e-04
1.024792509269900620e-04
1.824265564209781587e-05
1.926353661474422552e-06
2.124549382642726414e-06
3.669940497275092639e-06
9.352067857980728149e-02
2.024967670877231285e-06
3.800303147727390751e-06
8.685622105986112729e-07
2.571164986875373870e-05
2.559270797064527869e-05
5.453199491967097856e-07
4.707766856881789863e-05
7.536234988947398961e-06
3.706886388954444556e-07
2.169555045838933438e-05
1.240185338247101754e-05
8.651154115796089172e-03
1.017750309983966872e-05
6.392462528310716152e-04
7.651282794540748000e-05
5.119742127135396004e-06
5.393807214204571210e-07
2.735257148742675781e-04
1.338101697001548018e-06
8.125216481857933104e-06
6.744471465935930610e-05
9.635586320655420423e-05
1.052951207384467125e-03
2.543215123296249658e-05
2.419026102870702744e-03
5.400406007538549602e-05
2.192327701777685434e-05
1.068658002623124048e-05
3.416042090975679457e-05
2.143760793842375278e-04
3.157706260026316158e-06
1.046478587340970989e-06
1.065904289134778082e-04
5.751490789407398552e-06
1.271811925107613206e-04
7.997778448043391109e-05
1.855211099609732628e-03
7.350490195676684380e-04
2.743770135566592216e-03
3.019717723873327486e-06
4.860214539803564548e-05
1.484813546994701028e-04
7.968995305418502539e-06
1.871107315309927799e-06
3.589322204788913950e-06
2.274398502777330577e-05
9.427002805750817060e-05
3.623471595346927643e-03
1.685123606876004487e-06
1.299343011851306073e-06
8.658528827254485805e-07
1.872574785011238419e-06
6.439257049350999296e-06
4.453877863852540031e-06
1.792017883417429402e-06
2.559784625191241503e-04
3.734768597496440634e-06
1.565838800843266654e-07
2.977866664366501936e-08
8.507678103342186660e-06
6.106650289439130574e-06
1.088398203137330711e-04
2.405941631877794862e-05
3.206113251508213580e-05
4.501415882259607315e-03
9.016892727231606841e-05
7.304469909286126494e-05
4.521678420132957399e-06
4.881440418103011325e-06
1.086006304831244051e-04
7.245269557643041480e-07
2.297810397067223676e-06
2.933489213319262490e-06
9.579429161021835171e-07
1.575110559315362480e-06
5.777223850600421429e-04
6.625693913520080969e-07
2.430715721857268363e-05
2.062223393295425922e-05
1.143666668212972581e-05
1.922237570397555828e-04
1.184213324449956417e-03
6.771178595954552293e-05
4.526871271082200110e-05
4.676256253333122004e-07
1.039352500811219215e-03
1.280412902815442067e-06
1.385941345688479487e-06
1.785654717423312832e-06
2.714671245485078543e-05
4.752209406433394179e-06
4.240123089402914047e-03
5.169395444681867957e-05
1.562786565045826137e-05
1.183767835755134001e-05
1.183756558020832017e-05
1.862067961155844387e-06
3.161177119181957096e-06
3.047550671908538789e-05
8.535092638339847326e-05
1.589639869052916765e-04
8.111300121527165174e-05
3.383520152056007646e-06
1.270282082259654999e-04
5.034449259255779907e-06
1.788952201604843140e-02
1.725272042676806450e-03
2.451218664646148682e-03
2.197416324634104967e-05
9.408900950802490115e-06
4.805559456144692376e-06
3.009533247677609324e-05
3.155774902552366257e-05
1.060887257153808605e-06
3.725969145307317376e-05
2.678777093478856841e-07
5.478935418068431318e-05
4.712595837190747261e-04
9.923005563905462623e-06
5.096746099297888577e-05
2.532068174332380295e-05
1.743847633406403475e-06
5.949310889263870195e-06
1.262603764189407229e-04
3.063513431698083878e-04
1.324881741311401129e-04
2.274783561006188393e-03
3.749940333364065737e-06
3.434506197663722560e-06
7.561705842817900702e-06
7.345472567976685241e-06
1.597779555595479906e-05
1.197078745462931693e-05
1.267280094907619059e-05
6.861025467514991760e-04
5.064749857410788536e-04
2.256972067016249639e-07
1.441912609152495861e-04
4.019290827272925526e-06
3.485919660306535661e-05
8.724005056137684733e-06
1.693111989879980683e-04
4.479098715819418430e-04
3.332552296342328191e-05
2.743261120485840365e-06
5.916744498790649232e-07
4.493071628530742601e-06
9.887977503240108490e-04
3.205599568900652230e-05
1.189097019960172474e-05
8.160546713043004274e-05
4.897238341072807088e-06
8.175163202395197004e-06
2.483878461134736426e-06
4.368359077489003539e-05
8.943225839175283909e-05
5.310406550051993690e-07
2.591359370853751898e-04
1.719779447739711031e-06
5.659328598994761705e-05
1.068340043275384232e-05
1.348947081714868546e-02
9.698465582914650440e-04
5.663015940626792144e-07
2.912167110480368137e-04
3.347450110595673323e-04
9.959801100194454193e-03
1.101044563256436959e-05
2.361858263611793518e-03
3.232220769859850407e-04
3.532329060362826567e-07
5.207160484133055434e-06
2.292113349540159106e-04
3.304758138256147504e-05
4.096963834854250308e-07
3.366064920555800200e-04
7.617412484250962734e-05
5.031576802139170468e-05
2.609602233860641718e-04
3.235086978747858666e-06
2.832138670783024281e-05
7.456700586772058159e-06
1.302171949646435678e-05
6.773468157916795462e-06
3.969120371039025486e-06
1.112587369789252989e-06
4.529138459474779665e-05
1.867281025624834001e-05
3.602568176575005054e-05
2.947092289105057716e-04
6.078256410546600819e-04
1.218331635755021125e-05
6.290109922701958567e-06
3.969809768022969365e-06
3.564660801202990115e-05
4.008239557151682675e-06
3.921268785234133247e-07
1.199106236526858993e-06
5.761336296927765943e-07
1.959453948074951768e-05
4.807024015462957323e-05
7.493896555388346314e-05
6.844951258244691417e-06
8.783166776993311942e-06
6.806428245909046382e-06
7.970629958435893059e-04
2.274850849062204361e-04
1.067129414877854288e-05
4.637264225948456442e-07
5.282897177494305652e-07
1.524920207884861156e-05
5.386576958699151874e-06
2.257217856822535396e-04
5.883628968149423599e-03
1.060892827808856964e-05
5.697256710845977068e-05
8.545583841623738408e-05
3.812525847024517134e-06
2.965369494631886482e-04
8.077592610788997263e-06
1.318651047768071294e-04
4.858493048232048750e-04
1.992321107536554337e-03
1.982829417102038860e-05
8.210538362618535757e-05
1.298370043514296412e-04
1.908815102069638669e-05
3.068387377425096929e-05
5.031257842347258702e-06
7.699919478909578174e-06
5.935072840657085180e-05
5.954144216957502067e-05
6.532708880513382610e-07
8.081850069174834061e-07
4.167017323197796941e-05
3.043286653792165453e-07
3.215147216906188987e-06
4.788910700881388038e-06
3.303110133856534958e-05
2.266932133352383971e-04
2.764162445600959472e-06
7.530792208854109049e-05
1.107987714021874126e-06
1.278033414564561099e-05
5.948474063188768923e-05
2.361622819080366753e-06
2.735739599302178249e-06
1.331601059064269066e-03
6.143101927591487765e-05
5.800896815344458446e-06
1.701907312963157892e-04
3.364008080097846687e-05
3.551030545168032404e-07
1.354433334199711680e-04
7.006729720160365105e-05
5.015273814024112653e-07
3.104816190898418427e-03
7.507154805352911353e-06
3.930406237486749887e-04
1.714052632451057434e-05
2.419795237074140459e-06
1.383286580676212907e-04
5.601829980150796473e-05
7.433528708133962937e-07
7.798083970556035638e-05
3.509534508339129388e-06
2.569097559899091721e-04
1.295214460697025061e-04
2.622843112476402894e-06
2.908680869495583465e-07
1.286436690861592069e-05
1.963056274689733982e-05
1.854299057413300034e-06
6.342582310026045889e-06
2.243857306893914938e-05
1.497731955169001594e-05
6.861633323751448188e-07
1.373580403196683619e-06
2.726555521803675219e-06
1.404372142133070156e-05
2.432030487398151308e-05
6.895117621752433479e-06
2.303107430634554476e-05
1.158478335128165781e-05
4.764986556438088883e-07
1.693510101176798344e-03
3.105840505668311380e-06
2.205952769145369530e-03
1.578393857926130295e-05
7.588757580379024148e-05
9.834564025368308648e-07
9.988412784878164530e-05
7.638057013537036255e-07
1.691512579782283865e-06
5.599789574262103997e-07
5.786674591945484281e-06
1.426478320354362950e-05
2.843697802745737135e-05
6.463603349402546883e-04
2.167115053453017026e-05
1.044443852151744068e-04
1.036978665069909766e-05
5.593651053459325340e-07
4.830511898035183549e-05
1.159512976300902665e-05
9.379586117574945092e-06
2.510999365767929703e-06
1.894897422971553169e-06
2.481457386238616891e-07
2.004637826757971197e-05
5.608479841612279415e-04
1.943336974363774061e-04
1.853444337029941380e-05
9.134372703556437045e-06
7.327557250391691923e-05
1.754106415319256485e-05
1.108109281631186604e-04
1.431721284461673349e-05
4.186012665741145611e-05
8.780466305324807763e-05
2.296225289910580614e-07
3.128443495370447636e-07
1.698993060017528478e-06
5.925481673330068588e-04
5.601995508186519146e-05
4.183278861091821454e-07
5.128000069021254603e-08
2.614018512758775614e-06
1.891500323836226016e-05
4.463504865270806476e-06
1.283061865251511335e-04
1.757575199007987976e-03
6.686275924039364327e-07
2.926019624283071607e-05
1.926326149259693921e-06
4.363298103271517903e-06
1.053083815349964425e-05
2.753256194409914315e-05
4.126366548007354140e-06
5.505317676579579711e-05
3.350610086272354238e-06
1.662544491409789771e-06
3.974626451963558793e-05
6.639334969804622233e-06
2.209956437582150102e-05
2.998064446728676558e-04
1.952169441210571676e-06
1.592899498064070940e-04
3.862413905153516680e-06
8.531186495019937865e-07
6.178029821057862137e-07
3.541220212355256081e-05
9.583742939867079258e-05
8.333502591995056719e-06
1.805149076972156763e-05
3.979405300924554467e-05
2.635458986333105713e-05
2.477241832821164280e-05
3.039614966837689281e-05
1.836207084124907851e-04
3.116685547865927219e-04
3.962122718803584576e-04
2.882173930629505776e-06
6.234865850274218246e-06
4.858483407588209957e-06
6.990508176386356354e-03
2.719271928071975708e-03
1.103030399463023059e-06
1.506918579252669588e-05
7.594288763357326388e-05
1.718374551273882389e-04
1.927550101754604839e-06
3.382957220310345292e-05
1.072869235940743238e-05
9.242940723197534680e-05
2.450591864544549026e-06
1.133467652834951878e-03
1.776402932591736317e-04
5.538174264074768871e-06
2.194724074797704816e-04
9.617890464141964912e-05
2.551730358391068876e-05
1.456227346352534369e-05
1.198536367155611515e-03
2.224029231001622975e-05
1.000241609290242195e-03
7.929767161840572953e-05
5.168116331333294511e-06
2.877897815778851509e-03
9.803756984183564782e-05
1.439359834876086097e-06
1.287387916818261147e-03
5.865017556061502546e-06
8.767676263232715428e-06
3.318719564049388282e-06
2.480086550349369645e-06
1.251358917215839028e-04
1.302664372815343086e-06
1.042844960466027260e-03
2.194914559368044138e-04
3.332341066197841428e-06
6.777564522053580731e-06
1.958739478141069412e-03
2.549998462200164795e-03
2.874585516110528260e-05
4.244715000822907314e-06
4.318683058954775333e-04
1.133154728449881077e-04
4.178310700808651745e-05
2.439879153826041147e-06
2.435689821140840650e-04
2.092104068651678972e-06
1.319503353442996740e-04
2.671213354915380478e-03
6.274756856328167487e-07
3.037593851331621408e-04
2.299588004461838864e-06
1.382544087391579524e-05
4.989191438653506339e-06
6.486162646979209967e-07
4.687112777901347727e-06
2.280894250361598097e-06
5.230545139056630433e-05
2.227942559329676442e-06
6.881650733703281730e-06
4.364336564322002232e-05
1.404155977070331573e-02
1.695335959084331989e-05
1.061892999132396653e-05
5.323875229805707932e-04
3.949039819417521358e-05
1.263599870071629994e-06
1.897572838061023504e-05
1.430571428500115871e-04
4.943336243741214275e-04
6.715100025758147240e-04
3.916124569514067844e-06
6.119464160292409360e-06
2.185234916396439075e-05
2.019562816713005304e-05
1.918499730527400970e-02
2.045003384409938008e-06
9.424805757589638233e-04
1.539351796964183450e-05
2.004921901971101761e-03
9.303869774157647043e-06
1.064732932718470693e-04
1.676798774497001432e-06
1.480016635468928143e-06
1.963454224096494727e-06
5.265610161586664617e-05
8.695617725607007742e-05
2.906243753386661410e-05
8.209774932765867561e-06
1.450937361369142309e-07
1.095886458642780781e-03
2.722256624565488892e-07
1.155199515778804198e-05
6.944999313418520615e-07
8.284702780656516552e-04
2.742646302067441866e-06
9.748539014253765345e-06
2.424378180876374245e-06
8.520812002643651795e-07
1.023238610287080519e-06
2.590625399534474127e-06
1.846378654590807855e-05
2.126799699908588082e-06
1.964038574442383833e-06
1.220544709212845191e-05
1.488091074861586094e-04
1.446106580260675400e-05
1.994827835005708039e-05
5.341687938198447227e-06
1.401635245201759972e-06
1.610999242984689772e-05
6.745047357981093228e-06
5.300530392560176551e-05
1.611545594641938806e-04
3.238351200707256794e-05
1.062704450305318460e-05
3.986354386142920703e-06
2.375335725446348079e-06
1.050977967679500580e-03
3.978489075961988419e-06
1.319837338087381795e-06
1.351678378114229417e-07
1.028792553370294627e-06
3.483957243588520214e-06
6.299841334111988544e-04
1.000385691440897062e-05
4.182433258392848074e-05
1.020238141791196540e-05
1.320262905210256577e-03
1.563019177410751581e-04
1.714298874139785767e-02
1.356896362267434597e-03
2.740827949310187250e-05
1.000763513729907572e-04
1.399257234879769385e-05
1.201111517730168998e-04
1.967068761587142944e-03
2.819829096551984549e-04
2.729651750996708870e-04
2.508612851670477539e-06
3.848786946036852896e-06
4.978998185833916068e-05
6.851664693385828286e-06
4.480671123019419611e-06
1.138714196713408455e-06
6.337059312500059605e-05
1.783160951163154095e-05
4.437309144122991711e-06
5.532679497264325619e-04
1.602428499609231949e-03
2.070000664389226586e-05
7.464154623448848724e-03
3.223071107640862465e-04
7.883319631218910217e-04
2.474186709150671959e-03
9.066823622561059892e-06
1.902187825180590153e-03
3.221055067115230486e-06
