1.996126641756745812e-08
2.275958621567042428e-07
1.149035142589127645e-06
5.157484110895893537e-07
4.881992481386987492e-07
5.886527674192620907e-07
5.645929235242874711e-08
2.721307978958975582e-08
1.025483142846894680e-09
9.638016251756198471e-08
3.223616262815198752e-09
2.614101823894543486e-09
5.392102053747294121e-08
9.273290468847505963e-10
1.024762141810242611e-08
6.063787338916881708e-08
4.068928305400731915e-09
4.424731248064972533e-09
5.248077972197506824e-09
4.785927210093632311e-09
1.140969718704809566e-08
2.082196637331890088e-09
8.419388741742750426e-09
1.938365201681335748e-08
5.461935903561254690e-10
1.154797946156804755e-08
6.968146060160052002e-09
7.193028395136025210e-09
3.735154852080313503e-09
6.180690403922994847e-10
1.170132080119401508e-08
1.976919294932599769e-09
2.555095468537160741e-09
1.586603985970214126e-07
5.819642368010136124e-08
1.634020918572787195e-08
4.545717757764577982e-08
1.509193658932872495e-09
3.183035168774495105e-09
1.440462504831430124e-08
7.915935684721375765e-10
3.085332878072222229e-09
1.899586488107729565e-09
5.237078326558730623e-09
2.089103645630530082e-08
9.623188468310672761e-09
5.534758207303980271e-10
1.471629840210653128e-08
3.337937037883875746e-09
2.556266487374614371e-08
4.109276119379501324e-08
1.129037840996716113e-07
1.419047457318356464e-08
1.681137895559459139e-08
1.557502393723098066e-08
3.705882711813046626e-09
1.312279174214836530e-08
1.497998347588236356e-08
3.420910843487945385e-08
5.893801446887891871e-09
9.191310823553067166e-08
2.485763594961554190e-09
1.649213032806073898e-08
2.472293658684066031e-08
7.195086748623680251e-09
2.424160605585257144e-08
4.328617908555543181e-09
7.998929518748809642e-09
1.274969241293888444e-09
1.533782700846586522e-08
3.841634121926063017e-09
2.353864214654777243e-09
2.504342511144841410e-09
3.079859034471610357e-09
4.652324747667080374e-09
1.850489428356638655e-09
3.462316211511051733e-09
3.250205382610005245e-10
8.365668158205608052e-09
8.787870875437420182e-09
3.654489688642570400e-08
2.010531829910178203e-08
4.445210421977208171e-09
1.181078879142205551e-08
2.220378464423689024e-10
7.279317149055941627e-09
2.688284261864737346e-09
6.667876562005403684e-08
7.196860707381347311e-08
1.368015123404120459e-08
1.505919300370806013e-08
5.448398954222000157e-10
2.451308489526127232e-09
3.290069106043347347e-09
1.069751078830449842e-07
3.185171293385025137e-10
1.158150819691172728e-08
2.349382355326667948e-10
1.185676001824731429e-09
2.097104001563820930e-08
3.864639452899609751e-08
2.546613018239440862e-07
2.379617392023192224e-09
3.823797278812435252e-09
8.279362084806507482e-09
3.609893273193165442e-09
1.297500329400236296e-08
1.129856627812841907e-05
3.217413890865827852e-08
1.565892659982637269e-07
2.194155745982584449e-09
3.259629788310292042e-10
2.534883094540418824e-07
5.063215624545591709e-09
1.702343865872535389e-08
5.206909126087566619e-09
5.395208546588037279e-08
7.187135508956998819e-08
1.540436528557620477e-06
4.582924191254278412e-07
5.863843810516300437e-08
1.282559082937950734e-06
4.548139429516595555e-07
2.269168390967024607e-07
1.445047814740973990e-07
1.091631531835446367e-07
8.141182838983240799e-09
2.807111876279577700e-09
2.027533030357631105e-09
3.727374632944702171e-06
2.108061494254798163e-07
2.533538934201828852e-09
1.869634047579893377e-08
3.626041245041733418e-09
3.994426123199446010e-08
1.428183793450443773e-09
9.587682647804740554e-09
9.307489778898059285e-10
5.304482408874378052e-10
3.887429933513431024e-09
6.570798127825128176e-09
8.429780207208636966e-10
3.830620542988327770e-10
5.122577029226249579e-09
3.173985518856170529e-08
5.510388945140221040e-08
6.424884446687428863e-08
1.411373546034155879e-06
1.544730002933647484e-05
4.134749076456500916e-08
1.528585698906681500e-06
6.953041520318947732e-08
5.132199998314490585e-09
4.433865896658062411e-08
2.517124997325481672e-08
1.779843472604625276e-08
1.342909694557192779e-08
7.046026695434193243e-08
1.119168224761324382e-08
6.007493169590816251e-08
2.689537126343566342e-08
2.756456183305999730e-07
7.862465167818299960e-08
8.934878614752506110e-09
8.551860553041024104e-09
2.412564548137652309e-08
1.042835329201352579e-08
1.330277665800849718e-08
7.963434711655281717e-08
4.575083067948071402e-08
3.594513486859796103e-07
8.131085138529670076e-08
3.027201671557122609e-07
2.612295020298915915e-07
1.030024137094187608e-07
1.349395351013527034e-08
1.657422501466498943e-07
2.049268204018517281e-07
1.571664682842310867e-07
2.930684850355191884e-08
2.458444336994602963e-09
3.297320461115305079e-08
2.143038813073872006e-08
2.921453834403564542e-08
1.602443688852872583e-08
6.796847173973219469e-08
3.204393550504391897e-08
9.268577372267827741e-08
2.404713050907503202e-08
1.722988116625856492e-07
1.498820836332015460e-07
2.297246197713320726e-07
4.529023556187894428e-08
1.170806296357795873e-08
2.451519875990015862e-08
2.266550325202842942e-08
2.852907421413419797e-08
7.354584852237167070e-08
2.465503357029774634e-08
1.914585396889378899e-07
4.365580785758993443e-09
2.171680835161282630e-09
3.143458116028341465e-08
1.390601056527884793e-07
1.506947233664845953e-09
2.893516750646085711e-07
4.713465173722397594e-08
4.717899315664908499e-08
1.435917909020645311e-07
1.712108570472992142e-07
4.239257478388935851e-08
3.006194049248733791e-07
4.149016419319195847e-08
7.255479061996084056e-08
8.244241200827673310e-08
1.272985201694609714e-07
6.081126002754899673e-08
3.945027060581196565e-07
2.590210179675977997e-08
1.343437361356336623e-08
1.487007228462289277e-08
9.238885212425884674e-09
4.309678729441657197e-07
9.658527233114000410e-06
5.310530681867930980e-08
1.166621785841925885e-07
2.706075363789750554e-08
4.644223849936679471e-08
2.395766784957231721e-07
1.217756704363637255e-07
2.935859910735416634e-08
2.005840684660142870e-07
7.621042641403619200e-08
2.318365943665412487e-07
5.339660447134519927e-08
1.511714629032212542e-07
5.368076649858721794e-09
5.179267148491817352e-08
3.048684504847187782e-07
1.424577646957914112e-07
1.008933395496569574e-06
1.040221150105935521e-06
3.159778927397383086e-08
1.717050857052981883e-08
2.421694205168023473e-07
2.935389531444343447e-08
2.967641243856178335e-08
6.847817246580234496e-08
2.528282436742301797e-07
3.553628857844159938e-07
2.650536998771713115e-07
3.980631220201757969e-07
3.398122006004200557e-09
2.308651403382100398e-07
8.078960149759950582e-07
5.528225415218912531e-07
2.126719778061669786e-07
1.479306899199173131e-08
2.981433453896897845e-06
7.423402337281004293e-08
8.138703577742489870e-08
3.122824807633151067e-07
2.867943926787575037e-08
9.841188557402347215e-07
1.427757609917534865e-07
3.626776390319719212e-08
8.091397774023789680e-09
2.977898283518243261e-08
1.018781059514139997e-08
3.134872272880784294e-08
2.470351745387233677e-08
1.159986382504030189e-07
7.304310489786303151e-09
2.633389861728119286e-08
7.348832209430611329e-09
1.359081558405250689e-08
8.452293087657380966e-09
4.772165240751746751e-08
1.954651773772297929e-09
4.356283866968624352e-08
2.909432907927111955e-07
1.054219183060922660e-07
2.600387638551637792e-08
3.558405836656675092e-08
1.338059441025052365e-08
4.020130006665567635e-08
1.146975208143885538e-07
1.675219607477629324e-08
8.686019903336728021e-09
2.284967592913744738e-08
6.853248635252384702e-09
7.597627416089380858e-09
3.142445237358515442e-08
5.990361540142430385e-09
2.976752853101061191e-07
1.625336309984959371e-08
5.453106268760166131e-07
4.698529210145352408e-08
2.640636376227689652e-09
6.432487253960061935e-08
3.390073499698331716e-10
7.227244580576552835e-09
2.187737102588016569e-09
9.834981717915525223e-10
2.151987699150481603e-09
4.914469386996245248e-10
1.294761098336039140e-08
6.209465386319834579e-09
5.350229592693267477e-09
7.560927173244635924e-08
5.235792599478372722e-08
4.851985035969619275e-09
3.743747534201702365e-10
1.337107846666185651e-08
1.462722476475164513e-08
1.147320283223507431e-08
6.199193158806792781e-09
1.901123258818415707e-09
3.531412495760832826e-09
1.351172418395663044e-08
1.920330028326588945e-08
2.422848055516624299e-08
2.892840411661268263e-09
6.870450874885136727e-08
1.473451693989602518e-09
7.525189715806845925e-08
1.028315432805015917e-09
1.750520084442541702e-07
5.988639628640157753e-08
2.889825623242359143e-08
1.704790619783125294e-08
2.376266827752715471e-08
1.791078396706780040e-08
3.580525387292254891e-08
1.922000869569728820e-08
1.172688079975614528e-08
4.935438937536673620e-07
1.286036166447956930e-08
1.174210062515612663e-08
1.610013988795344630e-08
5.128865865344778285e-08
2.314097173439222388e-06
1.801854487837317720e-08
1.778499836291302927e-08
3.737287812555223354e-08
1.725592846923973411e-05
7.226276011351728812e-06
1.571627308294409886e-07
1.243727894006951828e-07
3.482365684703836450e-08
2.848515805453644134e-07
7.139122182309165510e-09
1.827683071553565242e-08
1.058308463086632401e-08
2.736400972480623750e-07
1.415309270669240505e-06
3.845154949999596283e-08
2.160972023546037235e-08
6.029246435446111718e-08
1.105745628393606239e-08
1.145492234400080633e-08
1.289531326165160863e-08
2.964816170347717161e-09
1.805952365430130158e-08
2.001260712702901401e-09
2.148096989174064220e-08
1.320237608126717532e-08
2.327649362143802136e-08
2.078264671467877633e-09
1.021837947590142903e-09
8.152692965168739647e-10
5.825067095344138579e-10
1.639800117914091970e-08
4.253366014950188401e-08
3.106745305458957773e-09
2.239647578505810088e-09
4.814744783421254226e-11
4.354750726687228735e-10
4.582939028274779503e-10
1.531671123267130952e-09
3.285215655068896012e-09
3.046398133754735227e-10
2.564210399569333276e-09
1.709396846294453098e-09
1.895370083104808145e-09
1.778470846147683915e-06
9.286467417268795543e-08
1.769951474273057102e-08
1.600958832170817914e-08
6.014693809675009106e-08
7.287165981750831634e-09
8.656224395053868648e-07
2.261402975989312836e-08
3.476477328234750530e-09
4.550538790226710262e-07
1.007643049888429232e-06
2.212807714840892004e-07
6.879389502500998788e-09
8.405212952311558183e-07
2.123448723523324588e-07
1.270956406784762294e-08
5.880467597307870165e-07
1.170657313309675374e-07
1.100139343179762363e-06
2.917585106843034737e-07
6.668420974165201187e-05
1.590113640759227565e-07
3.238226327084703371e-06
1.907616933749523014e-06
1.614880176248334465e-07
2.563595380422611925e-08
3.694185579661279917e-07
3.697223576182295801e-07
4.310706174237566302e-07
6.766591553741818643e-08
2.895116324452828849e-08
5.807658567391627003e-07
1.869242079555988312e-02
5.693562954434128187e-09
4.663563757389965758e-09
9.438377190917890402e-08
1.498376320796523942e-07
5.735988750643628009e-08
1.098136294785945211e-06
5.994361895744759750e-09
2.162485316148377024e-06
1.220982315253138495e-09
6.847777456187031930e-08
6.739572313563257921e-07
5.393079050008964259e-08
4.697758271277052700e-08
9.443400728059714311e-08
3.075839671851099411e-08
1.771705484543417697e-07
1.939914007209608826e-09
5.422951332434422511e-08
5.005884418096684385e-07
6.934695306881621946e-07
3.798190917336796701e-08
1.899985932141134981e-06
1.591241449716562784e-08
6.483428904857646558e-09
5.038020844949642196e-07
4.208851578368921764e-08
8.626134331279899925e-06
1.521000854154408444e-06
7.078809982630218656e-09
2.966360739264928270e-07
1.571237646658119047e-07
4.664825155487051234e-06
6.795317858632188290e-06
8.890934211081003014e-09
2.408170871603942942e-07
3.031498962968726119e-08
3.180409180458809715e-08
7.091932374692078156e-09
4.529252692009322345e-06
3.780663604402434430e-08
8.731566580877370143e-09
2.388747816439718008e-06
6.628415860632230761e-08
3.006443876074627042e-07
3.598416924432967789e-07
8.090892578138664248e-08
2.589512382300540594e-09
2.916977059896908031e-08
5.851766005093850254e-08
8.400709248235216364e-07
4.907102280071740097e-08
1.463219803099491401e-07
8.831854074742295779e-07
1.912651896418537945e-06
2.612067619338631630e-04
3.620830080208747859e-09
1.865113175014698754e-09
1.746918655953777488e-06
6.823365310992812738e-06
2.424299339054414304e-08
2.437473085592500865e-07
1.608885042969632195e-07
4.452459023696064833e-08
1.845702479741362367e-09
2.672675636361532270e-09
9.177363153867190704e-07
1.511515711172251031e-05
4.023539279529586565e-10
1.546012100561711122e-07
8.046446708931398462e-08
3.233501644217540161e-08
3.240968453610548750e-07
5.530890589966475090e-08
1.619385692208652472e-08
7.298503135189093882e-09
9.174632609187938215e-09
1.341155666523263790e-07
1.514389724732723153e-09
5.589078355683341215e-08
5.660086443981526827e-08
4.333386627308755124e-08
4.963405331182002556e-07
5.493511707754805684e-07
5.268945528769108932e-07
3.207850340913864784e-07
2.915575514350621233e-08
5.477955511423715507e-08
9.910205562846385874e-07
5.785036094607676205e-08
2.526994613560873404e-09
1.450058206842186337e-08
2.848575491043447983e-07
1.113278358388924971e-06
3.586514765174797503e-07
4.527831265477288980e-08
7.027991273389488924e-07
2.462830366312118713e-07
6.157554821584199090e-07
2.058658878922869917e-07
2.458527887938544154e-06
4.309049757011962356e-07
1.264888727092738918e-08
1.284557384906293009e-07
3.335531406634117957e-09
2.551395361649611004e-08
8.630486547644977691e-08
1.547786155242647510e-06
3.418794221943244338e-06
5.787047143712698016e-07
3.081112254221807234e-08
1.924763459726364090e-08
8.781425009374288493e-08
6.640006233737949515e-08
3.818037830338738559e-10
1.796942399323597783e-07
3.059030717622590601e-08
4.897777738932518332e-09
1.924052241975005018e-07
2.973662844851787668e-07
1.627307483431650326e-06
2.265676215529310866e-07
7.682935176944738487e-09
2.723943907767534256e-06
1.780136216211758438e-07
1.912988381036484498e-07
1.353058252107075532e-07
7.371173751380410977e-07
9.101137976585960132e-08
4.289572075322212186e-08
5.949796104687266052e-07
7.630423937143859803e-08
3.977525153686656267e-08
5.013169435130748752e-09
3.690366412456569378e-08
3.782308155564351182e-08
2.561386303057133773e-08
1.407102390658110380e-04
4.215966328047215939e-06
1.096736834682587869e-08
1.420642656739801168e-04
5.329595182956836652e-07
3.015188440258498304e-06
4.357006844202260254e-08
1.283518855643706047e-07
1.187699012916709762e-06
1.432201912621167139e-09
1.133144866827251462e-08
2.671939398624090245e-07
1.335017714154673740e-07
5.782189660408221243e-08
1.544085392879424035e-08
1.207045272622053744e-07
2.818143052252253256e-08
1.302669971892100875e-07
3.784667867989810475e-08
1.728444544824014883e-06
2.034864934330471442e-07
1.056356381923251320e-06
1.253409095625102054e-06
1.569207825014018454e-06
2.260357405248214491e-06
1.213542475397844100e-07
4.135354458867368521e-07
7.567549431541920057e-08
1.559848215038073249e-06
5.597339054475014564e-07
5.028782013027921494e-08
5.820186288474360481e-08
5.557006375056516845e-07
3.160472061836117064e-08
2.618371013340947684e-07
3.226466205319411529e-08
1.033930807636807003e-08
3.646094342002470512e-07
1.672578298084204107e-09
7.564288040384781198e-08
2.622434465138212545e-07
6.895808382978430018e-06
6.792492968088481575e-08
2.873582038986910447e-09
1.086927809978988080e-07
2.239692378225299763e-07
1.745968489785809652e-07
2.669979494385188445e-06
2.786098605156439589e-07
4.388575689517892897e-06
5.367045474713449948e-08
3.700888928648282672e-09
1.355431411553809085e-08
3.338760379278937762e-08
2.130215079887420870e-07
2.342429070267826319e-06
1.814386223486508243e-07
6.859425383254347253e-08
6.137750460766255856e-05
1.667345905786987714e-08
3.646093091447255574e-06
1.081782485812254890e-08
1.561870277555499342e-07
4.574132006496256508e-08
3.714156804335289053e-08
4.550354788079857826e-06
1.568263741091868724e-08
3.738194607194600394e-07
4.994291646909232441e-09
4.178374535257489697e-09
3.253533620295456785e-08
2.161714219255372882e-04
2.559789180622829008e-08
7.031496718212792985e-09
1.363768774353957269e-06
7.956658443220021582e-09
4.984059276402774685e-10
7.046201488947190228e-08
1.558613291763322195e-07
1.161672313898520770e-09
3.387853439562604763e-06
2.562515000192888692e-08
1.594590344211610500e-07
7.560389576610759832e-07
1.643905648052168544e-06
1.494857997386134230e-07
9.466223360732328729e-10
2.597112711555382702e-07
9.410071584170509595e-07
1.247471033138936036e-07
3.898547262792817492e-08
2.796355147438589483e-07
7.268710646712861490e-07
4.871504977188578778e-09
2.555002653892302078e-09
4.380680351800947392e-08
7.648667121884500375e-08
1.419001360858374028e-08
1.292188755996903637e-07
2.460337213960883673e-07
1.894650694111987832e-07
2.411535433566314168e-07
9.644080591897363774e-07
9.134772881225217134e-06
1.299563479051357717e-08
3.569663320490690239e-08
6.680330102426523808e-07
2.191694363773422083e-07
8.461358724787260144e-09
7.083341984071012121e-07
2.094565843435702845e-06
1.133899559135898016e-06
5.882446973970445470e-09
1.731158327800130792e-08
1.003796370468990062e-07
1.884149440911642159e-07
5.146198418515268713e-07
7.676886161789298058e-05
3.991416087956167758e-05
5.047113837974848138e-09
8.168796483687401633e-08
6.794203244453456136e-08
3.358598732461359759e-08
1.007536276631526562e-08
5.193898289235221455e-08
2.133780441226917901e-08
7.257510148406254302e-09
7.789800093860321795e-08
3.557700267720065312e-08
2.071379867629730143e-08
5.009616188544896431e-08
3.759843547612717884e-09
1.293455387241237986e-08
4.668536113250354447e-10
5.303202499362669187e-08
7.843861027367893257e-08
1.245995554199907929e-05
7.635679111217541504e-08
1.368955651059877709e-07
2.347317786188796163e-04
7.949775863380637020e-06
9.294526925884838420e-09
2.578027817889960716e-07
1.788868502217155765e-07
3.339803242852212861e-07
3.926629332795528171e-08
2.214363519215112319e-07
9.545060992240905762e-01
3.556246497282700147e-07
1.735738379693430034e-07
1.442876751411859004e-08
3.497651448469696334e-07
5.201857220527017489e-07
3.840537488031259272e-08
2.940814347596187872e-08
1.501104485157611634e-08
1.514124825519047590e-08
2.371661054212381714e-07
1.219072398583875838e-08
1.077844569152830445e-08
3.192826625308953226e-08
3.121626335200744506e-08
4.578904793106630677e-07
6.014006004306793329e-08
9.004617140817572363e-08
2.944618415767763508e-07
5.107766654077749990e-09
1.591359080066467868e-07
3.622614386245004425e-08
5.590435421254369430e-07
5.873142799828201532e-05
1.740288979590332019e-08
1.487099887675924492e-09
1.180686552970655612e-07
3.246550913900136948e-04
5.066075114967816262e-09
1.825472509153769352e-06
1.144837540323351277e-07
5.444014683497755414e-10
1.296297000408230815e-06
3.991940999981125060e-09
1.460445417933442513e-07
1.867020273493835703e-06
3.779306645412816579e-09
7.425257564364073914e-08
3.989872610077327408e-08
6.993430723412075167e-09
1.449590936175582101e-08
6.433382537807119661e-08
4.585225710229678953e-08
3.941796649087336846e-07
2.435074009099480463e-08
3.663944703191646113e-09
3.417330617594416253e-06
3.472456810982293973e-08
1.938593641170882620e-07
9.434939585162283038e-08
1.144277121056802571e-06
1.603869321797901648e-07
1.311328379216547546e-08
1.810232141963297181e-08
5.484150278789456934e-06
1.016334181258571334e-07
4.535027528618229553e-06
1.034823071677237749e-07
4.365714012521948462e-09
4.913639628512100899e-08
1.887603495731582370e-08
2.868655201382352971e-06
8.181749500124624319e-09
4.229136152389401104e-07
3.750337555175065063e-06
3.546382458807784133e-06
1.133564264677033862e-08
2.457812442457907309e-08
6.267197427689552569e-09
3.079379240489288350e-08
7.909694943464273820e-08
3.225715516919080983e-08
3.439497930912693846e-08
5.303435202108630619e-08
2.454750983815756626e-06
5.744210795910476008e-08
2.419546163423547114e-08
8.401522677559114527e-08
1.028891247756291705e-07
4.110208919883007184e-06
3.209631529443868203e-07
6.356628432513389271e-07
1.541340211019814888e-08
3.694550088084724848e-08
9.798307054609267652e-09
2.147390659956727177e-06
3.148871030589361908e-08
5.485985710151908279e-08
3.783251543154619867e-07
2.057979742176030413e-07
8.588206128479214385e-07
7.443691174557898194e-08
4.978518700227141380e-05
6.964415888432995416e-08
3.638990892795845866e-05
1.478876697547093499e-06
2.139587013516575098e-05
4.998177427495420488e-10
8.564103204378170631e-09
2.529411879947929265e-08
4.785453029398922808e-07
3.627966179919894785e-06
1.015890484268311411e-05
3.497736145163798938e-08
1.246625824791181003e-08
1.360242833925440209e-07
7.283723789441864938e-06
4.621536390914116055e-06
1.602806554146241069e-09
2.267613012918445747e-07
5.678935011133035005e-08
3.316267566333408467e-06
8.173564935987087665e-08
8.877163054421544075e-06
5.208938347323055496e-08
6.264675445066814063e-09
1.082863377632747870e-06
3.156641810164728668e-07
2.405967052254709415e-07
9.218766763297026046e-07
7.006783562246710062e-07
2.016254825321084354e-07
3.821655525371170370e-08
2.207109695007147820e-08
1.935974758282554831e-08
7.575488680799935537e-09
1.521464270126671181e-07
1.021187578942317487e-08
2.685590061446418986e-08
6.493648925243178383e-06
5.974686700938036665e-08
4.033204095321707428e-05
1.947437112903571688e-06
3.070734067023295211e-08
2.305793112000742440e-09
9.712459103639048408e-08
6.248416752896446269e-07
1.087150707235196023e-07
8.196858658493511030e-08
7.418307035322868614e-08
1.341913602459499089e-08
5.684291295438015368e-07
5.747989462179248221e-07
1.642698777004625299e-08
2.058598980170245341e-08
4.674691354011883959e-07
2.409970875305589288e-06
1.803343252504419070e-08
5.182963036531873513e-08
5.523697836906649172e-07
7.777990504109766334e-06
2.414479638446209719e-08
3.435772555349103641e-07
3.250827376177767292e-07
2.829361811507169477e-08
5.249177320365561172e-06
6.649295869465277065e-08
5.669753999626436780e-09
3.374394097477306786e-08
3.173446927462464373e-08
7.948184332917662687e-08
9.428068551642354578e-06
2.870344815164571628e-07
2.153622062905924395e-07
1.512452286078769248e-06
4.207782330922782421e-05
1.468437631046981551e-06
3.568752333649172215e-07
6.601273305761878873e-09
1.603130840521771461e-05
1.124858317780308425e-05
3.431588993407785892e-06
7.441615323955375061e-09
3.719275198932336934e-08
4.570741793941124342e-07
9.718370819200572441e-08
3.238056223153762403e-08
8.400733442215368996e-09
4.397201701067388058e-04
3.602126753321499564e-06
2.823006362007163261e-08
1.526273107899100978e-09
1.466859345100601786e-07
5.785022381132876035e-07
6.082607306723275542e-09
2.024655856303070323e-07
1.794730586368586955e-08
1.190735687828237133e-07
5.283426958158088382e-07
3.469557086077657004e-08
2.298395429534139112e-08
4.246992535428262272e-09
1.627044277086042712e-09
1.023494888841014472e-07
2.155694573957589455e-06
1.664418789459887194e-07
2.581524682909730473e-08
9.319062854729054379e-08
1.373638156110246200e-06
1.319885853945379495e-07
2.634937423806604784e-08
1.412587913307561394e-08
5.955446980010492553e-08
2.116477730851329397e-07
3.610749388371914392e-08
4.486513827117732944e-09
8.220292002647511254e-09
1.226082190441957209e-06
1.809751353221145109e-07
5.701615179987129522e-09
7.266489632229422568e-08
8.034947995838592760e-07
1.226651761498942506e-06
1.387907559546874836e-05
3.080823080381378531e-05
1.111985966417705640e-06
5.142097165844461415e-07
1.152698048123568242e-09
1.960984974402890657e-07
5.456141138893144671e-08
8.422408654951141216e-07
1.315424125181152704e-08
7.015706415813838248e-08
4.624335758762754267e-08
1.006598471242625692e-09
6.671826424664573096e-10
1.192073000311211217e-07
3.184425834135140576e-09
1.304142926983331563e-07
5.042014361578139869e-09
7.263229129250703409e-09
2.619078820487175108e-08
1.855247155901906808e-08
1.572100956082067569e-07
3.154295713514443378e-10
5.262203472966575646e-08
1.221963197295394821e-09
8.524843053692165995e-09
8.838569875990742730e-09
2.987716296587450415e-09
8.351304536802217626e-09
9.096531305985422478e-10
1.523108972278919282e-09
1.952013883865788557e-09
1.929365112118830439e-08
4.974128664514410048e-09
2.942510400316677988e-05
3.751999155809926378e-09
3.256853915445390157e-07
3.692603911531477934e-07
6.559753185086947269e-09
1.702161966932180803e-08
5.935466163009550655e-08
3.311489393809097237e-08
1.766150958815160266e-08
1.513948788556263025e-08
7.657659040205544443e-08
1.313640382250014227e-06
2.799658282981454249e-09
1.645479419387640974e-09
9.470711148651389522e-08
3.914095270118878034e-09
5.680903303328932452e-09
3.891131417077531296e-09
2.124124165447938140e-08
1.788846191175252898e-07
4.750197746261619614e-08
4.084098179646389326e-07
4.081481819184773485e-09
2.329541742801666260e-02
3.700784745319651847e-08
3.348920727148652077e-04
3.236923248550738208e-06
2.051996403906741762e-07
7.615474169142544270e-05
1.387791053275577724e-05
1.850354578891710844e-06
1.182252708531450480e-05
1.897440233733505011e-04
3.876413029502145946e-05
1.737586643457689206e-07
2.900606261846405687e-07
5.897360892959113698e-07
2.829216150246338657e-08
1.680827033112564095e-08
1.215816869404306999e-08
1.090450609808613081e-07
1.167953556091561040e-08
2.311917796760099009e-06
3.038497453644595225e-08
5.923116574990672234e-08
1.025878373184241354e-05
9.507959219945405493e-08
9.305758652544682263e-08
1.196769545686038327e-07
2.623550017233355902e-07
1.275764702768356074e-07
1.532723992170303973e-08
2.496522100159381807e-08
