3.058952202650289109e-08
5.825597327202558517e-06
4.541481757769361138e-06
1.866620095825055614e-06
1.515877897872996982e-06
3.812732245478400728e-07
3.725101294094201876e-08
3.081558388657867908e-04
5.479809988173656166e-05
1.806230284273624420e-04
9.362138939650321845e-07
2.717517190831131302e-06
1.248498483619187027e-05
4.018212678147392580e-07
1.152305983964652114e-07
8.805373568065988366e-07
3.431937102504889481e-06
5.113875545248447452e-07
2.345738266740227118e-06
3.843264494207687676e-06
4.275876790416077711e-07
3.498711521388031542e-06
6.378889793268172070e-06
1.225031912326812744e-03
3.160390042467042804e-05
6.490625992228160612e-07
8.188941933440219145e-07
1.528962911834241822e-07
1.344006818726484198e-06
2.344568656553747132e-06
2.665330498530238401e-07
3.778593793413165258e-07
2.639406204707483994e-07
3.259296761370933382e-07
3.616976300691021606e-07
4.233269521591864759e-07
7.806170287949498743e-06
8.554126651461047004e-08
4.570376859192037955e-07
4.107788754481589422e-06
1.884115903294514283e-07
3.628109197961748578e-06
7.459391326847253367e-08
1.472708390792831779e-06
9.704935109766665846e-06
1.412861934113607276e-06
4.703879596945625963e-08
6.802127700211713091e-06
1.443824316993413959e-06
6.726529591105645522e-06
3.869276099521812284e-08
2.843359652615617961e-05
6.314164238574448973e-06
1.507302840764168650e-05
4.686807733378373086e-05
1.553586457703204360e-06
7.853916940803173929e-06
4.434635047800838947e-05
8.643009095976594836e-06
6.163316811580443755e-06
1.405374787282198668e-04
2.252306103400769643e-06
4.042932778247632086e-05
4.104215258848853409e-05
8.691122275195084512e-06
2.049089198408182710e-05
1.939369030878879130e-05
8.860071829985827208e-06
6.478458999481517822e-06
2.098704356967573403e-07
4.402122044666612055e-07
1.821043440486391773e-07
1.634619934520742390e-06
4.839670873479917645e-05
1.412297478964319453e-06
9.199553119287884329e-07
4.291251116228522733e-06
6.242667950573377311e-06
1.492308820161269978e-05
4.640163679141551256e-04
2.696051888051442802e-05
1.691513034529634751e-06
2.903405038523487747e-05
8.392836207349319011e-06
6.761820714018540457e-06
4.843293027079198509e-06
5.150306606083177030e-06
1.444564622943289578e-05
3.266293497290462255e-04
1.871934273367514834e-06
2.009617310250177979e-05
9.404735124007856939e-07
8.805142215351224877e-08
4.402554623084142804e-05
2.807304554153233767e-06
1.112311238671281899e-07
4.869722761213779449e-05
1.467606978167168563e-07
3.698915307381867024e-08
8.208888289118476678e-07
5.008263906347565353e-05
2.958825207315385342e-04
3.968425517086870968e-06
1.053786832017067354e-06
4.425158692811237415e-07
2.185110190566774691e-07
1.238909476342087146e-06
9.707341632747557014e-06
5.094844709674362093e-06
9.116891305893659592e-06
1.863743932517536450e-06
1.827538994803035166e-06
1.575757960381451994e-05
1.229663466801866889e-04
1.553008041810244322e-05
6.498321909020887688e-06
3.234714768041158095e-06
3.086256583628710359e-06
2.668781007741927169e-06
1.228562723554205149e-06
3.254584953538142145e-05
2.571493268987978809e-06
2.206873688237465103e-07
4.586350769386626780e-06
6.931999223525053822e-07
2.428075163152243476e-07
1.662225440668407828e-05
4.105280027033586521e-07
7.523404747189488262e-06
2.058045993180712685e-06
1.646970777073875070e-04
8.942805834522005171e-06
1.406045066687511280e-05
6.610454192923498340e-07
1.367677123198518530e-05
2.044328539341222495e-05
9.447921343053167220e-07
2.532302971758326748e-07
5.208614197727001738e-07
1.045901285579020623e-06
9.432738323766898247e-08
5.375129674689560488e-08
1.270606375669558474e-08
2.220026686927667470e-07
6.027433983035734855e-07
3.897307124134385958e-06
1.695609768148642615e-07
2.734832605710835196e-06
3.441976559770409949e-06
1.258687660765644978e-07
4.674472165788756683e-06
2.825971932907123119e-05
9.431923331248981413e-07
2.974477411044063047e-07
6.067152753530535847e-07
1.383917697239667177e-05
1.589308340044226497e-06
7.873737558838911355e-06
4.053696329719969071e-07
1.330567442892061081e-06
4.333646211307495832e-05
1.507796696387231350e-06
4.121707206650171429e-06
7.677595021959859878e-06
8.377019184990786016e-06
2.163842327718157321e-05
5.812414087813522201e-07
1.042197982314974070e-05
1.436084744455001783e-06
3.070280854444717988e-06
3.973881030105985701e-05
2.570869219198357314e-05
8.278950190288014710e-06
1.206559431921050418e-06
4.475916739465901628e-07
7.779019597364822403e-07
4.826352778763975948e-06
1.195059030578704551e-05
6.274516636040061712e-06
6.238103196665178984e-06
4.404184039685787866e-07
8.671190880704671144e-05
8.507805659974110313e-07
4.167638689978048205e-05
3.329733772261533886e-06
6.553656021424103528e-06
3.729423724507796578e-06
6.995958756306208670e-06
5.155358394404174760e-06
8.668768714414909482e-05
6.610410423490975518e-07
4.395290488901082426e-06
1.347402644569228869e-06
1.751543550199130550e-06
1.382859591103624552e-05
5.913985660299658775e-06
3.475179619272239506e-05
9.741596295498311520e-05
8.082346175797283649e-05
3.439173087826929986e-05
4.129040917177917436e-06
6.698797278659185395e-06
9.900628583636716940e-07
6.047122496966039762e-06
1.424674564987071790e-07
1.805078209144994617e-04
1.069932022801367566e-05
4.160129378760757390e-07
9.959076851373538375e-05
2.151171685227382113e-07
3.909021615982055664e-04
2.983331341965822503e-06
5.498107384482864290e-06
1.013512473946320824e-06
2.735037378442939371e-05
7.127670869522262365e-06
3.695492068800376728e-06
1.673012775427196175e-05
1.477395585425256286e-06
1.195264212583424523e-05
7.833890776964835823e-06
4.153303234488703310e-05
9.453550774196628481e-06
7.672833453398197889e-05
1.362495822831988335e-05
5.063828666607150808e-06
8.514824003214016557e-06
5.929510280111571774e-06
5.948867692495696247e-05
3.796370492636924610e-06
3.451526993103470886e-07
1.665788886384689249e-06
3.699353328556753695e-06
6.021332956152036786e-05
1.730526605570048559e-06
7.261347718667821027e-07
8.589310709794517606e-06
1.191599403682630509e-05
1.811545189411845058e-06
4.121274741919478402e-06
6.191851298353867605e-07
1.990367309190332890e-06
6.685051175736589357e-06
1.472295480198226869e-06
1.123514666687697172e-04
1.307443471887381747e-05
3.409182318137027323e-05
3.057138656004099175e-06
1.418766487404354848e-06
4.534018671620287932e-07
1.659327722336456645e-06
5.336347840056987479e-06
6.108065281296148896e-05
2.478880105627467856e-07
4.900704516330733895e-05
4.146668288740329444e-06
2.981680336233694106e-05
6.682915227429475635e-06
2.280900162077159621e-07
3.851312442293419736e-07
1.004631258183508180e-06
3.033761458937078714e-06
3.806205768341897056e-06
6.218815684633227647e-08
4.668448738698316447e-08
2.467123522365000099e-05
3.736069857041002251e-06
2.045209112111479044e-04
3.217473567929118872e-04
2.356325467189890333e-06
9.292436971009010449e-07
1.988690200960263610e-06
1.082736616808688268e-06
4.413414899318013340e-06
9.363180453192399000e-08
1.440951455151662230e-04
3.369104035755299265e-07
5.072356543678324670e-07
1.910021154571950319e-07
2.523248383567988640e-07
1.573285544509417377e-06
5.736394996347371489e-06
5.461018304231401999e-07
1.939988578669726849e-07
3.645555125331156887e-06
2.074193389489664696e-06
1.322445882578904275e-06
1.734093416416726541e-06
1.362907028124027420e-06
5.599117685051169246e-07
4.605227786669274792e-06
2.787205062304565217e-07
1.978775117095210589e-06
5.783994083685684018e-08
7.473269761248957366e-06
8.104938751785084605e-05
4.222157485855859704e-07
1.032917498378083110e-05
1.200353096919570817e-07
1.342766722700616810e-06
8.640894861855485942e-07
3.799403884841012768e-07
6.404827217920683324e-06
2.335837734790402465e-06
2.855507773347198963e-06
2.849854219277858647e-08
5.075351623418100644e-07
8.640087116873473860e-07
6.580392437172122300e-06
9.770611359272152185e-05
7.566303338535362855e-06
4.803874617209658027e-06
7.639939099135517608e-07
2.366798071307130158e-06
1.171999770122056361e-06
3.354270177169382805e-07
4.405345421787387750e-08
2.214199241734604584e-07
2.652579496498219669e-06
4.856916575590730645e-07
2.956745781546032958e-08
1.611625157238449901e-05
2.171746928070206195e-06
1.992424131458392367e-06
1.419536488356243353e-06
1.397234200339880772e-06
2.006535879672810552e-07
3.117364030913449824e-06
6.166050752653973177e-06
1.680447667240514420e-06
6.015392273184261285e-07
2.166188778573996387e-06
4.423844984557945281e-06
1.541892657996868365e-07
4.753002576762810349e-05
5.301555574988014996e-06
9.839224901497800602e-08
9.358086572319734842e-07
5.319691354088718072e-08
4.597096904035424814e-06
1.718888990581035614e-03
2.078514371532946825e-04
3.268343862146139145e-04
7.008279226283775643e-06
4.599679868988459930e-06
2.364317923784255981e-01
6.860680296085774899e-04
3.021485754288733006e-04
3.820813144557178020e-04
7.476509927073493600e-05
5.547419423237442970e-04
3.681209636852145195e-05
3.897476199199445546e-05
9.288375440519303083e-05
2.409170847386121750e-04
5.421068635769188404e-04
6.678895260847639292e-06
1.150196931121172383e-05
4.991082278138492256e-06
2.332632220714003779e-06
1.676363439173655934e-07
1.023582663037814200e-04
3.063696794924908318e-06
8.036748113227076828e-06
3.682494570966809988e-05
2.337861515115946531e-04
4.066540393978357315e-03
8.303945884108543396e-03
6.047716597095131874e-04
2.246401563752442598e-04
1.044763921527191997e-04
4.185279249213635921e-05
3.077065412071533501e-05
6.057772225176449865e-06
3.274001210229471326e-05
4.110437876079231501e-04
3.476828624116024002e-06
7.419399025820894167e-06
4.398970850161276758e-05
1.111575547838583589e-04
2.583361856522969902e-05
2.159921905331430025e-06
6.670537004538346082e-06
2.166608055631513707e-06
2.113129312419914640e-06
2.212787512689828873e-03
3.927111902157776058e-05
1.398255221829458605e-06
1.119523585657589138e-05
1.177244598693505395e-06
6.971701623115222901e-06
2.858642460523697082e-07
3.504137794152484275e-06
3.556437491170072462e-07
1.443078190277446993e-06
8.821746746434655506e-07
1.947214768733829260e-04
1.865798731159884483e-05
4.899818577541736886e-06
8.031285833567380905e-04
1.555067428853362799e-04
2.642383151396643370e-05
2.298720573890022933e-06
9.160659431017847965e-08
7.322330475290073082e-08
1.322158254879468586e-06
1.601965923327952623e-04
4.461916614673100412e-05
1.527105087006930262e-05
2.990967368532437831e-05
1.288157704948389437e-06
2.718359581876939046e-08
4.844826435146387666e-06
9.827733447309583426e-05
4.587884063766978215e-07
2.012899813053081743e-06
7.984238909557461739e-04
8.113105432130396366e-04
3.164059876326064114e-07
4.257115051586879417e-07
1.068325127562275156e-05
2.031313488259911537e-05
1.194416381622431800e-05
7.188844847405562177e-06
5.489853210747241974e-04
2.117832309522782452e-06
1.719475761774447164e-07
6.073451004340313375e-07
7.389302936644526199e-06
1.483508276578504592e-05
1.193276784761110321e-05
7.150454734983213712e-07
2.128806409018579870e-05
1.873364794846565928e-06
4.329211833464796655e-08
1.958357955800238415e-07
3.646998038675519638e-06
6.501194889096950646e-07
4.533536866802023724e-06
1.208210140466690063e-01
1.246410556632326916e-05
7.479291525669395924e-05
6.988976565480697900e-06
1.465391051169717684e-06
1.342668747383868322e-05
6.052924072719179094e-05
3.451263808074145345e-07
4.696120413427706808e-06
1.145555415860144421e-05
6.544839834532467648e-07
6.723111146129667759e-04
2.174512519559357315e-05
9.230772775481455028e-06
2.793489102259627543e-06
7.102049949025968090e-06
1.672311009315308183e-05
7.544004172086715698e-02
7.732001540716737509e-05
3.336186182423261926e-06
1.225543092004954815e-04
1.678595928922277380e-08
3.558805910870432854e-04
4.906842150376178324e-06
7.689329208915296476e-07
7.009114142420003191e-06
6.053088782209670171e-06
4.709678691483532020e-08
6.781113334000110626e-04
4.079080099472776055e-06
6.324889545794576406e-05
2.051650699286255985e-05
1.444699682906502858e-05
1.380101366521557793e-06
1.381551214763021562e-06
7.580028977827169001e-07
1.521923331893049181e-05
2.760629653930664062e-01
1.192380977954599075e-06
4.712574082077480853e-07
3.558498519851127639e-06
3.651285624073352665e-06
1.725998117763083428e-07
1.769998618783574784e-07
1.229789540957426652e-05
1.446124855419839150e-07
5.048318598710466176e-07
2.818008226768142777e-07
4.820593403564998880e-06
2.699575561564415693e-04
2.612228672660421580e-05
9.276889613829553127e-04
9.555772066960344091e-07
1.216041596308059525e-07
6.710958899702745839e-08
2.743177115917205811e-03
5.408486686064861715e-06
5.228718691796530038e-06
4.870096290687797591e-06
1.174210556200705469e-04
1.884840276034083217e-05
4.375218622953980230e-07
3.855303293676115572e-05
1.732841951707086992e-06
5.913432687520980835e-06
1.350234560959506780e-05
7.093950671333004721e-07
1.349288413621252403e-05
1.115383929572999477e-04
5.592966800804788363e-08
1.423234469257295132e-03
2.532158021040231688e-07
9.038380085257813334e-06
3.860006927425274625e-06
4.782383621204644442e-05
7.087452104315161705e-05
1.289978972636163235e-04
2.124769906686196919e-07
3.133306790914502926e-06
3.528394518070854247e-05
4.093852226105809677e-07
2.810741534631233662e-06
7.292977244333087583e-08
3.035647182514367159e-07
1.847672137955669314e-05
9.151081321761012077e-04
3.603481246727824328e-08
4.120483083625003928e-07
1.713709849582301104e-07
4.418723733579099644e-07
9.496276902609679382e-07
6.104733074607793242e-07
1.861186973428630154e-07
1.595979028934380040e-06
3.310672354928101413e-06
4.257454747857991606e-06
1.801235640641607461e-07
5.810110792481282260e-08
9.379553375765681267e-06
4.294827249395893887e-07
3.205868097211350687e-06
1.810843059502076358e-05
2.074051153613254428e-04
2.513296385586727411e-05
2.409727812846540473e-06
8.282029995143602719e-08
4.977057687938213348e-05
3.628695776569657028e-05
3.792259661850039265e-08
3.024267698492622003e-07
4.840256337956816424e-07
6.168923505356360693e-07
1.732270931142920745e-07
1.454474258935078979e-04
7.094755574144073762e-07
1.452067408536095172e-05
2.629239170346409082e-04
1.508996319898869842e-06
2.165954560041427612e-03
9.322057594545185566e-04
3.949078575260500656e-07
1.591151703905779868e-05
6.553677849296946079e-07
2.055097284028306603e-04
1.771485472090716939e-06
2.240654310980971786e-07
1.153907049911140348e-07
1.100332247006008402e-05
2.129233500625105080e-08
1.867605751613155007e-04
1.103119075196445920e-06
1.627768324397038668e-05
1.350360707874642685e-05
3.992098572780378163e-05
1.442974280507769436e-05
5.777627393399598077e-06
5.846159183420240879e-05
4.706874824478290975e-05
9.945704368874430656e-04
2.724296609812881798e-05
1.224026277668599505e-06
5.657263318425975740e-05
2.531812970119062811e-05
4.898896077065728605e-05
3.090397804044187069e-04
2.861880602722521871e-05
2.381124431849457324e-06
9.573272109264507890e-06
1.923105401147040538e-06
6.057298378436826169e-06
5.650240382237825543e-06
1.308995933868573047e-08
2.270984396091080271e-06
8.781686489101048210e-08
3.918438324035378173e-06
3.341033880133181810e-05
5.669745632985723205e-07
2.894457338697975501e-06
1.078380137187195942e-05
1.443866949557559565e-06
6.002061127219349146e-06
6.700212543364614248e-05
1.115564828069182113e-06
3.686403797473758459e-04
1.513540773885324597e-04
1.058386078511830419e-05
5.227088422543602064e-06
5.407549679148360156e-07
3.088407254381309031e-07
8.019628694455605000e-06
2.908398892031982541e-05
5.123626579006668180e-06
4.415726380102569237e-06
8.415317861363291740e-04
1.397942526182305301e-07
1.080153044313192368e-03
5.305149102241557557e-07
8.761180652072653174e-05
8.845853699313011020e-06
1.128819712903350592e-05
1.556069582875352353e-05
3.485913566692033783e-07
5.620236606773687527e-06
2.928158551185333636e-07
1.913716232593287714e-06
3.433469146330025978e-06
2.484606739017181098e-06
1.018038983602309600e-05
2.766957732092123479e-05
8.781456131146114785e-07
2.070033588097430766e-06
3.274623949778288079e-08
3.846353706649097148e-07
2.748089355009142309e-05
1.437613121879621758e-07
2.665893816811149009e-06
4.678362870436103549e-07
6.809789283579448238e-07
1.363732735626399517e-06
8.614408579887822270e-05
1.478768581364420243e-06
1.878941802146982809e-08
2.879154453694354743e-05
1.184311913675628603e-04
1.452280879020690918e-01
1.276483658330107573e-06
1.780392485670745373e-03
2.283707090100506321e-06
1.968987248801568057e-07
1.330208903027596534e-07
4.516040803537180182e-07
6.539680907735601068e-05
1.436977186131116468e-07
8.345181122422218323e-04
9.396277164341881871e-06
3.246311462135054171e-05
6.855620995338540524e-06
6.265110641834326088e-06
2.614002596601494588e-07
5.401581688602163922e-07
1.644105168452369981e-06
2.094734099955530837e-06
2.592446435301098973e-05
1.183833475693063519e-07
6.405663498298963532e-06
2.997419414896285161e-06
1.448241391699411906e-06
1.007407831821183208e-06
5.342507211025804281e-05
1.288456246584246401e-06
4.544459955013735453e-07
1.492768478783546016e-05
1.126489805756136775e-04
1.378552383357600775e-07
2.076992267063815234e-08
3.356663853537611431e-07
3.207936742910533212e-07
8.928140232455916703e-06
1.126358165493002161e-05
5.082322240923531353e-05
8.192340033019718248e-07
8.648475159134250134e-06
6.497779168057604693e-07
3.710274313561967574e-06
1.469588914915220812e-05
1.349154626950621605e-05
2.508817829038889613e-07
4.693859409599099308e-06
7.646933227078989148e-06
7.929436378617538139e-07
1.420549551767180674e-06
5.498690158128738403e-02
9.204209163726773113e-06
1.400602195644751191e-04
1.686987729954125825e-06
1.641488051973283291e-04
1.926193654071539640e-04
4.464956145966425538e-05
8.117605830193497241e-06
2.838992222677916288e-04
3.316047368571162224e-03
4.215310127619886771e-07
3.243911487516015768e-04
4.065853863721713424e-05
3.011324224644340575e-06
3.009080683114007115e-05
2.897409558499930426e-06
1.577799793039957876e-07
1.535308911115862429e-05
1.029244867822853848e-05
8.931704087444813922e-07
5.393136959241928707e-08
6.782270793337374926e-05
3.513634538876431179e-08
6.171067212790148915e-08
2.947340135506237857e-06
7.634505163878202438e-05
3.363380528753623366e-05
1.069179234036710113e-05
2.984422451390855713e-07
1.419759882992366329e-06
2.077254777077541803e-07
1.195677441501175053e-06
7.495206659768882673e-07
1.253751906915567815e-05
4.177308583166450262e-04
5.832857368659460917e-06
6.299566024381419993e-08
5.217145258029631805e-07
2.988921551150269806e-06
1.874557682413069415e-07
2.781809052976313978e-05
1.017984177451580763e-04
5.983817175092553953e-08
3.173712873831391335e-03
8.567300255890586413e-07
2.422817669867072254e-05
7.134077350201550871e-06
1.109045260818675160e-04
1.991836325032636523e-05
9.613674592401366681e-06
2.491749000910203904e-06
1.575879650772549212e-05
4.581181656249100342e-07
2.453058725222945213e-03
3.416365075281646568e-07
4.256244423572752567e-08
4.176571383140981197e-05
3.069348531425930560e-05
8.712561907486815471e-07
2.256151901747216471e-06
7.123807677089644130e-07
7.065970567055046558e-05
6.963043688301695511e-06
1.610032086318824440e-05
3.188778521234780783e-07
1.693172890782079776e-07
1.095576863008318469e-06
1.540696871416002978e-06
8.762458492128644139e-07
4.347897174739046022e-06
7.752246915515570436e-07
8.600642331657581963e-07
8.053881174419075251e-06
1.135683942266041413e-05
6.623069057241082191e-04
9.764531796463415958e-07
3.106001486230525188e-06
8.263966719823656604e-07
1.822446392907295376e-06
3.211380601442215266e-07
1.146868839896342251e-06
2.366373564655077644e-06
7.579881184938130900e-06
1.173009991362050641e-07
4.622747553639783291e-07
9.829799637373071164e-06
1.162765602202853188e-05
2.362653049203800038e-06
8.034858751670981292e-07
1.226608674187446013e-06
5.580484412348596379e-06
3.179389750584959984e-05
4.922249559058400337e-07
2.208767682532197796e-06
4.224890744808362797e-06
4.523333529959927546e-07
1.579501076776068658e-05
3.924081393051892519e-04
6.905932677909731865e-04
1.550785236759111285e-05
2.329250946786487475e-06
2.345585198781918734e-05
6.216640031198039651e-06
3.533709968905895948e-04
3.286022183601744473e-05
8.186037302948534489e-04
3.575245151296257973e-03
4.491804261874676740e-08
1.091786927531757101e-07
2.175645204260945320e-05
2.965619205497205257e-04
1.870933033387700561e-06
1.610685444575210568e-06
4.526643522240192397e-07
1.092870363095244102e-07
1.288255816689343192e-06
8.635844324089703150e-07
7.109155149009893648e-07
2.927010180428624153e-03
1.716191064815575373e-07
7.599500122523750179e-07
1.090164460038067773e-06
1.077392767001583707e-06
2.027373113833164098e-07
4.165455266047501937e-06
1.473575957788852975e-05
9.137106076195777860e-07
1.685350753177772276e-06
5.186366706766420975e-06
8.630653610453009605e-06
2.471104153300984763e-06
3.033568987120816018e-07
9.063364705070853233e-04
3.954503569048029021e-08
1.282789980905363336e-05
1.808975440553695080e-07
1.223203639710845891e-06
6.262009577540084138e-08
1.859598228293180000e-06
3.036634370801039040e-05
2.283444700879044831e-05
1.104072069324502081e-07
6.971036782488226891e-06
1.112479594667092897e-06
9.022895937960129231e-06
3.292592737125232816e-06
3.796520832111127675e-05
2.557327024987898767e-05
4.217541800244362094e-07
8.043146522140887100e-07
2.256704028695821762e-04
4.154174746417993447e-07
4.526866177911870182e-06
3.055871056858450174e-04
1.103811541725008283e-06
4.519491767496219836e-07
3.592104121707961895e-06
4.264504696038784459e-06
4.565850417748151813e-07
3.770384864765219390e-06
6.521758677990874276e-06
5.505033186636865139e-06
1.020815943775232881e-06
1.823019010771531612e-05
1.700492066447623074e-05
2.301191489095799625e-05
7.148495114961406216e-06
4.944509055349044502e-05
1.046022433115467720e-07
6.590434168174397200e-06
6.712076719850301743e-05
2.820184818119741976e-06
3.114835126325488091e-03
2.926781016867607832e-04
2.114077688020188361e-05
2.954243216663599014e-03
9.130456419370602816e-06
1.290690215682843700e-05
1.876241640275111422e-06
2.710218950596754439e-06
3.443572268224670552e-06
1.622329364181496203e-06
1.428551399840216618e-06
2.430886752335936762e-06
1.136976698035141453e-05
2.235636493423953652e-04
2.784532000532635720e-07
1.301081738347420469e-06
4.819788955501280725e-06
1.294453104492276907e-04
2.949339395854622126e-04
2.465882516844430938e-06
6.539835908370150719e-07
2.225362186436541378e-05
7.080261184455594048e-06
1.557324594614328817e-06
1.691847137408331037e-04
6.544775096699595451e-04
2.329191914896000526e-07
1.062978990375995636e-04
2.581947956059593707e-05
1.224813814815206570e-07
1.370248355669900775e-06
2.252551780657086056e-07
8.543845979147590697e-06
2.913099933721241541e-06
2.279796717630233616e-06
3.514524360070936382e-05
6.161459168652072549e-06
3.884512807417195290e-06
3.321783879073336720e-07
3.267013198637869209e-06
4.344135595601983368e-05
4.661197599489241838e-04
4.894965513813076541e-06
2.388167786193662323e-06
4.446208185981959105e-05
1.639939728192985058e-04
4.995282054665040050e-08
1.476722218285431154e-06
8.107234634735505097e-07
5.143677844898775220e-05
1.549645239720121026e-04
5.696266214272327488e-08
2.503368818906892557e-07
1.577890179760288447e-05
3.477776999716297723e-06
1.766431261785328388e-03
1.747169875443432829e-07
2.139250864274799824e-05
4.963562969351187348e-05
2.241103356936946511e-05
4.597278859819198260e-07
5.506921070264070295e-07
7.858766970514352579e-09
1.884552460751365288e-07
4.773017536763290991e-08
2.607025862744194455e-06
3.945154276152607054e-06
1.986896904782042839e-06
1.379299305881431792e-07
6.135357466519053560e-07
1.379679742967709899e-04
1.141269905247099814e-07
3.217020605461584637e-07
5.707966099777195268e-09
9.182114808936603367e-06
8.839452902975608595e-08
5.332647106115473434e-07
2.063595019308195333e-07
3.749812549358466640e-08
2.034459924971088185e-07
2.012292412700844579e-07
5.711979724765114952e-07
4.739931682706810534e-06
1.456174913982977159e-07
3.445554830250330269e-05
2.045280234597157687e-05
1.167839286608796101e-06
1.424191723344847560e-04
4.487916612561093643e-06
5.246337764219788369e-07
6.740120284121076111e-07
4.091229129699058831e-05
1.810625508369412273e-05
6.926577498234109953e-06
9.635147080189199187e-07
1.094598246709210798e-06
2.178934010999000748e-07
3.585455772281420650e-07
3.626206762419315055e-06
7.140764637370011769e-07
1.003914462671673391e-07
2.363870947874602280e-07
1.898311978720812476e-07
1.083583995864501048e-07
1.253107038792222738e-04
2.026552465395070612e-06
1.326032361248508096e-06
2.811213335007778369e-06
2.313622280780691653e-05
4.427301464602351189e-04
1.986914867302402854e-05
2.940257254522293806e-04
7.775904009577061515e-07
1.351845753561065067e-06
1.709007904082682217e-07
1.011857690969009127e-07
2.147372697436367162e-06
9.777819514056318440e-07
3.036009184143040329e-05
8.443692058790475130e-05
3.178519546054303646e-05
2.359505060667288490e-06
1.728917311538680224e-07
1.174074441223638132e-05
1.041114501276751980e-06
4.698781594925094396e-06
2.314016228410764597e-06
2.833592880051583052e-04
6.727960226271534339e-06
2.004514135478530079e-05
1.615147084521595389e-05
4.837268988922005519e-06
7.271757203852757812e-05
4.053480006405152380e-05
4.207161327940411866e-05
3.983360841175453970e-08
2.802474773488938808e-05
4.362964602933061542e-07
