1.856622446894107270e-07
1.974516266045611701e-07
7.012526026528576040e-08
4.389427886053454131e-06
1.099593532671860885e-06
1.088676455651693686e-07
1.811802263773643062e-07
2.400350922471261583e-07
4.789338348132332612e-08
7.509926263082888909e-07
1.200208146201475756e-07
2.004628285590115411e-08
5.714643336318658839e-08
5.369178168734833889e-08
2.212784622201979801e-08
9.749084028953802772e-08
2.984444691378485004e-08
6.544301811572950101e-08
6.106575369813072030e-07
1.488694465479056817e-07
3.595496025354805170e-07
1.786238271961337887e-06
3.600446007112623192e-06
1.883729282781132497e-06
7.911088317769099376e-08
3.343320145177131053e-07
1.358915966420681798e-07
1.851802124974710750e-07
8.877810131480146083e-08
6.352677672794015962e-08
1.805385920761182206e-07
7.129073509304362233e-08
2.237011464956140117e-08
3.321357269214786356e-07
1.137913727689010557e-06
1.404877366439905018e-06
3.425363956921501085e-07
1.685653217009530636e-08
8.416603947125622653e-08
1.273111109867386403e-07
6.562439125445962418e-08
7.788601408265094506e-08
6.164417243326170137e-08
2.633083795444690622e-07
1.651286112291927566e-07
2.110184595949249342e-07
3.410039894902183732e-08
1.670890981131378794e-07
5.171649064550365438e-08
1.637947200094913569e-08
4.249652647558832541e-07
1.177737885882379487e-06
5.774158751137292711e-08
2.820166500328014081e-08
7.524521947743778583e-07
4.902446448795672040e-08
1.253331447514938191e-07
6.149749509631874389e-08
3.877017320519371424e-07
1.770378759147206438e-07
4.177846903985482641e-07
1.500023394385152642e-08
1.632479182944734930e-07
1.312265567321446724e-07
2.291833709477941738e-07
2.558632843374653021e-07
1.095181758614671708e-07
7.197438094408425968e-07
2.304624757698547910e-07
2.272219944643438794e-06
1.068630055556241132e-07
2.413361244180123322e-07
7.952965574986592401e-08
3.417431742036569631e-07
4.845823582400043961e-07
1.422763347136424272e-07
1.990606079971257714e-07
3.206255598797724815e-07
4.319813839970265690e-08
8.995386480137312901e-08
1.495202468504430726e-05
4.347094090917380527e-06
1.418049919266195502e-06
3.774467245420964900e-07
3.713230967150593642e-08
1.216141782833801699e-07
1.953221584471975802e-07
1.985333710763370618e-07
8.815512586579643539e-08
5.162151524018554483e-07
2.806054943960134551e-08
2.216062178206357203e-08
6.433680965756138903e-08
1.554559929672905128e-07
5.455946805454914283e-08
3.558903216571707162e-08
9.083939289666886907e-08
3.748597876551684749e-08
7.883507890937835327e-08
8.584877946304914076e-07
2.918710890753573040e-07
1.498021333645738196e-07
1.646791503162603476e-07
1.148800663486326812e-07
2.115124999590989319e-07
3.159087569315488508e-08
5.782019343314459547e-07
1.306492208641429897e-06
1.781169771675195079e-07
4.168339273746823892e-07
9.752599083867607987e-08
5.382425527500345197e-08
2.149377991145229316e-07
2.463176826950075338e-07
5.982720949759823270e-07
2.114790049745352007e-07
4.717720401004044106e-07
1.535113824502332136e-06
2.814643949022865854e-07
5.453509857034077868e-07
3.974417950303177349e-08
2.003384452109457925e-06
1.139081504675232281e-07
6.061882373842308880e-08
8.571024068260157946e-08
6.119763042988779489e-07
1.088251451619726140e-06
2.165302248613443226e-07
4.195906910808844259e-07
4.233942618725450302e-08
1.950214567614239058e-08
1.305422898667529807e-07
6.419853804118247353e-08
1.359509553822135786e-07
3.040811122900777264e-07
8.957052699543055496e-08
1.127265463196636119e-07
5.189247076486935839e-08
3.234009327002240752e-08
1.102388083040750644e-07
2.206579807761954726e-07
5.418745985252826358e-08
1.613910249886885140e-08
6.444820854767385754e-08
1.864903651949134655e-06
1.500585040048463270e-05
9.373850843985565007e-06
4.557660133741592290e-07
4.508960955718066543e-06
9.950758084187327768e-08
1.100666736419952940e-06
1.286761346364073688e-07
5.309898369887378067e-07
3.883452563968603499e-07
2.477363807429355802e-07
1.303090755300218007e-07
2.737715760758874239e-07
5.674161229762830772e-07
9.648174170706624864e-08
1.997714207391254604e-06
8.943275986439402914e-08
9.028583463077666238e-07
6.428967935789842159e-07
3.689663117256714031e-07
7.222701015052734874e-07
4.887934892394696362e-07
1.547064556461918983e-07
6.760323572052584495e-07
4.673388218634499935e-07
9.763995194589369930e-07
5.342783424566732720e-07
1.180246385956706945e-06
2.001089342229533941e-06
1.003005195343575906e-06
3.951157395931659266e-06
1.677320398130177637e-07
3.611152408211637521e-07
4.050723873660899699e-06
4.960954811394913122e-06
1.339406594524916727e-07
5.341446041029485059e-08
2.475160272297216579e-07
2.266438201559139998e-07
4.816282057618082035e-07
2.887164782805484720e-07
1.004010982796899043e-06
4.367515771264152136e-07
5.109026801619620528e-07
2.367399247305002064e-06
2.587121116448543034e-06
1.801714802240894642e-06
1.965608134923968464e-06
6.043420057721959893e-07
9.047937510331394151e-08
5.912980327593686525e-07
3.970316981849464355e-07
3.637191809957585065e-07
9.092157597478944808e-06
8.553643624509277288e-07
1.194850256069912575e-06
6.955124263186007738e-07
2.164653949421335710e-07
5.030763645663682837e-07
3.477757900327560492e-06
1.449293876021329197e-07
3.437706482145586051e-06
1.212810275319498032e-06
6.841798949608346447e-07
5.904615591134643182e-06
1.404199565513408743e-06
6.013942766003310680e-07
1.528800908090488520e-06
2.128791720679146238e-06
1.047270075105188880e-06
4.532816092250868678e-06
1.892646423584665172e-06
4.900490466752671637e-07
1.718940779937838670e-06
5.600043664344411809e-07
1.099799078474461567e-06
2.856771175174799282e-07
1.574826882233537617e-07
9.948040542440139689e-07
1.477237674407660961e-05
2.343315145481028594e-06
4.711115479949512519e-07
1.113488110604521353e-06
4.156771638008649461e-07
1.563603632348531391e-06
1.248734065484313760e-06
1.122858293456374668e-06
4.647793502954300493e-06
2.597365664769313298e-06
6.308721935965877492e-07
1.613590143278997857e-06
1.381841684633400291e-06
2.683153468296950450e-07
2.029819086146744667e-07
1.541591700515709817e-05
1.078595505532575771e-05
2.341627623536624014e-05
4.947232446284033358e-05
5.143477892488590442e-07
1.195094114336825442e-06
8.032217237996519543e-07
1.819866781715973048e-07
3.385116542631294578e-06
5.604123089142376557e-06
6.294692411756841466e-06
6.951302111701807007e-06
6.944291726540541276e-06
8.339688406522327568e-07
1.752126053133906680e-07
3.823868723884515930e-07
1.453316826882655732e-06
1.167105347121832892e-05
2.661098960743402131e-06
4.974738772034470458e-07
1.772056202753446996e-05
1.071973429134231992e-06
8.605222774349385872e-07
8.244462037509947550e-07
2.513937147341493983e-07
3.589519565139198676e-06
2.997209946897783084e-07
4.079586446437133418e-08
1.558895093012324651e-07
2.217186874986509793e-06
2.145535944464427303e-07
2.068793037324212492e-06
6.462725650635547936e-06
1.034973251989868004e-06
6.985369509493466467e-07
4.327646365709370002e-07
6.127596918759081746e-08
2.428562311251880601e-07
2.186875569520907447e-08
5.993977083562640473e-07
1.268944913590530632e-07
3.460943389654858038e-06
7.802943400747608393e-06
2.644198957568733022e-07
2.059278472188452724e-07
2.049588090358156478e-07
1.131291114120358543e-07
2.038403010828915285e-07
2.146757196896942332e-06
3.968133057696832111e-07
4.371041200101899449e-07
3.071806133903010050e-07
1.128163376051816158e-07
6.553395337505207863e-08
2.906467102548049297e-07
4.233312722590198973e-08
1.779102240107022226e-05
2.549523117068019928e-07
9.629720807424746454e-07
3.759537037240079371e-07
4.265400477265757218e-08
1.110524181058281101e-06
1.907277713542043784e-08
2.085956367636754294e-07
5.617713938477209012e-08
4.195164748921342834e-08
3.794015412950102473e-08
2.035718971171718294e-08
1.316208653179273824e-07
1.447569957235828042e-07
2.009999988672461768e-08
5.710777486456208862e-07
4.134252833409846062e-07
2.606699638363352278e-07
1.784964354101248318e-08
8.428266795590388938e-08
1.976094807787376340e-07
8.445888255437239422e-08
6.527634610620225430e-08
6.244163586188733461e-08
3.827186745297694870e-08
4.924948626694458653e-08
9.602809569742021267e-08
1.588021660836602678e-07
1.912060980657770415e-07
6.600713930993151735e-08
1.515142002972424962e-07
4.663657193759718211e-08
2.814958932617628307e-08
6.170596407173434272e-07
2.482545653492707061e-07
4.470406338441534899e-07
1.030014900038622727e-07
2.429261769520962844e-07
5.326998575583274942e-08
7.453839145910023944e-08
8.629255887626641197e-08
2.828687968303711386e-07
1.998263032874092460e-04
1.713728323693430866e-07
8.716499166894209338e-08
9.854299776179686887e-08
6.714690243825316429e-07
6.703468216073815711e-07
1.086087024759763153e-07
1.079447358165452897e-07
2.237206757627063780e-07
1.495296692155534402e-05
8.886802902452473063e-07
6.872967787785455585e-05
3.377388929948210716e-05
4.035975143779069185e-04
1.660517300479114056e-04
1.339037538627962931e-07
4.818032266484806314e-07
4.699399482888111379e-07
2.282561268884819583e-07
6.983018829487264156e-05
1.455472101952182129e-06
2.877382030419539660e-07
5.409269192568899598e-07
3.238853594211832387e-07
6.591215395701510715e-08
4.485040676627249923e-07
2.197396611336444039e-07
1.359685910529151442e-07
4.477593051888106856e-08
1.472376709443778964e-07
9.123702682245493634e-08
3.165094497603604395e-08
1.786970926787034841e-08
4.091197070010821335e-08
5.781696899020971614e-08
7.054986639332128107e-08
1.727900809100901824e-07
2.861919483621022664e-07
2.819842563894781051e-07
5.270835146120589343e-08
1.251269399205057198e-08
7.894698228483321145e-09
9.829239644432163914e-08
6.694041587707033614e-08
5.155054694228056178e-08
3.386007563221937744e-08
2.767191986663419812e-08
3.408147719596854586e-08
2.354905319634781335e-07
8.350974098902952392e-07
3.490522146876173792e-07
1.824851239007330150e-07
9.555031965646776371e-08
2.663575742190005258e-07
9.034090453496901318e-08
7.492406552955799270e-07
1.436140451005485374e-07
1.896670198675565189e-08
4.649699803849216551e-06
1.247302179763210006e-06
3.014702656400913838e-07
7.404457846860168502e-08
4.759594389724952634e-07
9.225798862644296605e-07
1.747561952925025253e-07
6.113544372965407092e-07
1.976978182938182727e-06
2.836178509824094363e-07
1.394133278154185973e-06
6.040294465492479503e-06
5.735467212275580096e-08
1.456823383705341257e-06
4.318670789871248417e-07
6.083908374421298504e-06
3.652099564988020575e-07
1.845416619516981882e-07
3.604860921768704429e-06
3.708460781126632355e-06
2.441404092223820044e-07
1.518030217084742617e-07
3.654649844975210726e-07
1.573078225192148238e-05
1.348217324448341969e-07
1.056034648172499146e-06
2.275556170161507907e-07
6.028393727319780737e-06
7.998236384310075664e-08
2.729066181927919388e-07
1.370160589431179687e-07
1.371783873764798045e-04
2.041153521759042633e-07
1.050572109306813218e-06
1.287265263272274751e-06
2.386589414982154267e-07
9.156076430372195318e-08
5.775301588073489256e-07
2.001509926685685059e-07
3.030392292657779763e-07
1.018404738317713054e-08
7.758557671877497341e-07
1.746355110299191438e-06
2.843553011189214885e-05
4.864638469825877110e-08
5.803636327073036227e-07
5.223828338785097003e-07
6.219372608029516414e-07
5.054479970567626879e-06
2.180798475137635251e-08
1.706777766230516136e-06
3.933627397145755822e-07
3.236963550534710521e-07
2.142541916327900253e-06
3.507227802401757799e-06
4.455883754417300224e-05
8.146729669533669949e-06
2.143756603345536860e-07
8.874526002955462900e-08
4.595443385824182769e-07
3.284851572971092537e-07
1.566125149565777974e-07
1.048852254825760610e-06
5.960885687272821087e-07
5.415096779870509636e-07
3.231077471355092712e-06
6.624178695346927270e-06
4.299393481232982595e-07
3.605790652727591805e-07
7.228192657748877537e-07
2.973814616780146025e-07
9.866185735063481843e-08
2.752850605247658677e-07
6.039481803554735961e-08
4.601715204444190022e-07
7.449266377079766244e-07
3.926610929738671985e-07
3.964919869758887216e-06
8.311843703268095851e-05
1.402689697727055318e-08
1.391553041685256176e-07
1.562677243782673031e-05
3.110694706265348941e-06
8.336051138257971616e-08
1.045353201334364712e-06
4.745152637042338029e-06
1.106679974327562377e-06
3.958991001695721934e-08
5.815162751332536573e-08
6.573773862328380346e-05
1.356701091026479844e-06
2.261076481602231070e-08
5.677064507381146541e-08
4.163087226061179535e-07
7.486293043257319368e-07
1.740744778544467408e-06
3.348834241023723735e-07
2.769067748431552900e-07
6.121732809560853639e-08
8.445533694612095132e-08
2.435231181152630597e-06
1.287624371570927906e-07
6.807853480950143421e-08
3.529297100612893701e-05
6.132914336376416031e-07
6.043875373507034965e-07
8.891766810847911984e-06
1.839847072915290482e-06
4.135005724492657464e-07
4.873677426076028496e-07
1.204936097565223463e-06
2.245039013359928504e-06
2.819992005242966115e-06
3.496002420888544293e-07
2.873805726721911924e-07
7.303592752805343480e-08
7.612013632751768455e-07
3.072175331908510998e-07
2.737942850217223167e-07
1.126729671341308858e-06
8.594110454396286514e-07
7.314003482861153316e-07
4.844252998736919835e-07
3.448739789746468887e-06
8.463813173875678331e-06
1.135081149072902917e-07
1.622075274099188391e-07
1.097727988508268027e-07
8.100775517050351482e-07
4.205134700896451250e-06
2.535672649628395448e-07
9.635720925871282816e-05
9.826540292579011293e-08
6.405283556887297891e-07
7.937583745842857752e-08
1.347314935173926642e-07
9.229683683997791377e-08
6.830993015682906844e-08
5.158378968417309807e-08
6.335748281571795815e-08
1.557291824383355561e-07
1.011837653663860692e-07
1.150968159890908282e-06
1.193746720673516393e-04
4.325783720560139045e-06
8.707144161235191859e-08
2.975062898258329369e-07
2.545277588694716542e-08
2.920168462594574521e-08
6.425632932405278552e-07
4.250292988672299543e-07
2.819328983605373651e-07
1.312392043928412022e-07
5.123298478793003596e-07
7.318321877392008901e-07
2.693554677080101101e-07
7.854401573581526463e-09
2.534200405079900520e-07
6.418580511535765254e-08
5.808387300021422561e-07
4.948987566422147211e-07
1.542461518511117902e-06
2.266457670430099824e-07
3.952035513066221029e-06
1.141673692472977564e-06
4.203849641726264963e-07
2.002750960627963650e-07
1.144502022043525358e-07
1.860057273006532341e-05
4.474212644822728180e-08
1.638535565007259720e-07
3.124937165921437554e-06
1.736066224111709744e-06
6.098657223674308625e-08
7.538740476320526795e-08
1.108800233851070516e-06
1.836394574183941586e-07
2.942273056305566570e-07
3.266728754169889726e-07
8.053790878648214857e-08
2.646613393153529614e-05
3.165586576869827695e-06
7.622940074725192972e-07
9.778792673387215473e-07
3.205801476724445820e-06
2.676396206879871897e-07
5.155129201739327982e-06
6.807369459238543641e-07
1.650553826948453207e-07
6.468049491559213493e-07
1.486915124360166374e-07
1.132172428697231226e-06
1.681532637576310663e-07
8.907175015337998047e-07
2.796284377382107778e-07
7.686387704097796814e-08
1.649500291023286991e-06
3.756411786071112147e-07
3.221444089263059141e-08
1.469202430826044292e-07
7.443543381668860093e-07
3.451788188613136299e-07
2.269140622956911102e-06
2.042365743193386152e-08
1.054346057571819983e-06
7.195873195087187923e-07
6.187408416735706851e-07
7.262887606884760316e-07
1.214520324310797150e-07
1.061617695086169988e-06
2.196818229549535317e-07
9.676076473397188238e-08
2.844107349631030957e-08
9.970021608296519844e-08
1.670565978884042124e-07
2.434101770631968975e-05
1.449022420274559408e-06
1.426937643600467709e-07
1.525185808759488282e-07
1.711337347387598129e-07
3.370892329712660285e-07
4.613386010987596819e-07
7.937753707665251568e-07
4.329918823486877955e-08
2.426217236006777966e-07
1.056238474461679289e-07
9.167562211587210186e-07
3.434216466757789021e-08
6.148028433017316274e-07
1.845539827627362683e-07
5.825476279142094427e-08
5.552024617827555630e-07
7.189096322690602392e-07
2.150991917915234808e-07
2.746503696471336298e-06
1.083088463360581954e-07
2.868529236366157420e-07
8.319658917343986104e-08
9.377700393997656647e-07
9.034332038027059752e-08
1.715256416900956538e-06
4.794322308043774683e-07
8.499734605038611335e-08
6.779501291021006182e-06
4.141391229950386332e-07
1.092730030904931482e-07
3.611309296047693351e-08
5.008377002013730817e-08
7.515654232292945380e-08
1.930451247744713328e-07
7.742924594822397921e-07
7.458479558408726007e-07
1.403671467414824292e-05
7.725042650008617784e-08
5.612059439386030135e-08
3.569174850781564601e-06
7.075129246914002579e-07
7.239820831728138728e-08
1.122880803450243548e-06
2.591081511127413251e-06
6.635582394665107131e-07
4.679671974372467957e-07
3.196964826202020049e-05
5.790639625047333539e-05
5.389236434893973637e-08
4.312842634135449771e-07
2.438596538922865875e-06
2.272808359293776448e-07
1.627650760838150745e-07
8.106982568278908730e-05
9.888823115034028888e-06
6.383002073562238365e-07
2.283635502919878491e-08
1.291891322807714459e-07
6.190035151121264789e-07
1.796865412018178176e-08
9.752138794283382595e-07
2.079452679026871920e-04
9.794829413294792175e-03
1.548971937381793396e-07
5.435974799183895811e-07
1.252813490282278508e-06
9.608488937828951748e-08
5.406051286627189256e-07
9.659627409064341919e-08
2.148689333125730627e-07
2.697487957448174711e-07
7.775124686304479837e-06
4.677729066315805539e-06
2.363673559102608124e-07
1.855838291930922423e-07
2.437222157425367186e-08
9.964755776081801741e-08
1.950196093503109296e-08
1.827566222800669493e-07
3.690609844397840789e-07
1.036140474752755836e-06
3.976704647357109934e-06
3.911656847321864916e-07
1.806217915145680308e-05
6.826808203186374158e-07
9.322744745077216066e-07
2.226798869742196985e-06
9.865489403182436945e-08
2.798309651552699506e-05
3.955487102302868152e-07
2.017526412601000629e-06
1.110279554268345237e-04
1.190862306543749582e-07
1.809752575354650617e-05
1.816509097807283979e-06
1.020795934891793877e-06
2.099674929922912270e-06
7.267161663548904471e-07
8.255965440184809268e-07
4.087039684463888989e-08
4.319086599480215227e-07
3.814122351286641788e-07
6.735990609740838408e-07
7.571693458885420114e-07
3.654137401554180542e-07
1.787530692354266648e-07
1.601667827344499528e-05
7.542253115389030427e-07
1.649402747716521844e-06
3.933404514100402594e-06
1.043226376395978150e-07
3.344109344993739796e-08
1.852819622172319214e-07
2.794587771859369241e-06
1.345441091871180106e-06
6.381401362887118012e-07
1.404244986957792207e-08
9.140778161054186057e-07
1.895942659757565707e-05
4.613495434568903875e-07
1.695019250291807111e-06
3.389377525309100747e-06
1.050652684853048413e-07
1.431580221833428368e-05
4.037714518290158594e-08
1.912459765662788413e-06
4.776828745889361016e-07
5.845689088346261997e-08
5.475642410601722077e-07
5.387964847614057362e-07
4.865232483552972553e-08
5.466081276495060592e-08
1.097407604788713797e-07
4.874344995187129825e-06
8.957387763075530529e-06
5.072742581546663132e-08
8.714886945426769671e-08
1.646116203346537077e-07
6.027444499068224104e-08
3.568201691450667568e-06
1.403442411174182780e-07
5.810265406580583658e-07
2.399115430762321921e-07
2.291868668180541135e-07
3.975492859353835229e-07
7.638776150997728109e-05
1.410788854627753608e-06
1.704596652416512370e-04
1.837369495660823304e-06
4.779325308845727704e-07
3.811030182987451553e-06
3.066362239678710466e-07
4.972661145075107925e-07
2.534011969146376941e-07
2.252323838547454216e-06
3.775162156216538278e-07
1.860571643419461907e-07
1.444144857032370055e-07
1.847788837494590553e-07
2.389597852925362531e-07
3.660119034520903369e-07
8.357224601240886841e-08
1.681752337390207686e-07
1.056280822808730591e-07
1.617399476572245476e-07
8.028105185076128691e-07
5.619490934805071447e-07
2.626783555115252966e-07
1.047970883405469067e-07
9.908898164212587290e-07
1.521484819022589363e-06
3.917077151527337264e-07
1.784536470950115472e-05
3.613786248024553061e-06
3.088160838160547428e-07
4.783402118846424855e-07
5.510928602348030836e-08
4.647525031487020897e-07
1.112623948529289919e-08
2.327298886939388467e-07
1.254131820616066761e-08
4.439845042725210078e-07
5.205266916163964197e-06
2.740586353411345044e-07
1.186620806947757956e-06
3.197626676410436630e-03
1.772189898474607617e-05
1.984718801395501941e-05
1.128617999057723864e-08
7.616091579620842822e-08
2.035444452985757380e-07
2.741860953392460942e-06
2.895845682360231876e-05
1.454619450669270009e-05
1.120220289863027574e-07
4.468087695386202540e-07
5.192864023229049053e-07
2.735409943852573633e-04
5.027713427807611879e-07
3.802663570695585804e-07
2.217744281551858876e-07
1.841058860918565188e-07
2.603014536362024955e-06
1.303018052567495033e-06
1.251275534741580486e-06
7.367972898464358877e-07
2.983955127433546295e-08
3.078220970564871095e-06
9.082142469196696766e-07
1.400951106234060717e-07
9.453621032662340440e-07
5.516728833754314110e-06
8.334902190654247534e-07
1.426179778718505986e-07
1.587131492897242424e-07
1.279281696042744443e-05
5.321890128584527702e-08
2.099367577557131881e-07
7.031263038470569882e-08
7.886737307671864983e-07
2.492780311058595544e-07
1.262221047682032804e-07
6.431108340620994568e-04
1.265741502720629796e-06
7.099123422449338250e-07
5.325985057424986735e-07
1.107452317228307948e-05
2.772890411506523378e-06
4.564883511193329468e-06
5.034462446928955615e-06
6.998839694460912142e-07
2.678331725292082410e-07
2.708983117827301612e-07
4.744636953546432778e-06
9.125178621616214514e-07
1.860772158579493407e-07
6.788132367319121840e-08
1.414416828993125819e-06
4.510723883299760928e-08
2.746056964042509208e-07
9.276983803374605486e-08
1.515113835921511054e-04
2.123687863786472008e-06
2.043178255917155184e-06
3.786556419527187245e-07
1.053738358791633800e-07
2.419412510334950639e-07
1.923696402172936359e-08
8.615108981757657602e-07
1.385589371238893364e-06
4.170806633396750840e-08
1.835133929262156016e-07
3.305937298136996105e-06
4.920952051179483533e-05
4.947552270095911808e-07
2.297796264372209407e-08
2.491212853783508763e-06
4.477523543755523860e-05
4.624874634373554727e-07
2.335957702825908200e-07
3.788141782479215181e-07
2.073739096886129119e-06
7.716847467236220837e-04
7.772547405693330802e-07
2.305666839674813673e-07
2.866453883143549319e-07
5.390470505517441779e-06
5.150870947545627132e-07
2.536815202347497689e-08
6.683943411189829931e-06
5.564108050748473033e-06
1.961109461490195827e-07
1.121704116258115391e-07
6.493086175396456383e-07
3.795213388002594002e-06
3.700410786677821307e-07
1.280679953197250143e-06
5.881197395751769363e-08
5.666198376275133342e-06
1.675112741850171005e-07
3.560310233297059312e-07
1.868842502972256625e-07
1.080300080502638593e-07
1.929366177932934079e-08
8.328184009087635786e-08
2.224638365078135394e-06
8.378111715501290746e-07
4.528492922872828785e-07
4.820401500182924792e-06
3.329359969939105213e-06
1.610563003850984387e-06
6.957492360015749000e-07
1.332779504537029425e-07
1.695683096158973058e-07
2.491027544238022529e-06
5.063472485744568985e-08
1.264420887991946074e-07
4.343788759797462262e-07
5.546335728467965964e-07
4.175767571723554283e-07
1.203579103048468824e-07
2.834612473634479102e-07
2.625528941280208528e-05
1.347538636764511466e-05
1.042071517076692544e-06
6.825682794442400336e-05
2.283459480167948641e-06
1.053666949246689910e-07
2.678686712442868156e-07
2.109566139552043751e-06
7.908579391369130462e-07
2.178617933168425225e-06
9.551128776763562200e-09
2.466484261276491452e-07
2.256125668509412208e-07
5.467426689165222342e-08
9.589516736241421313e-09
9.529256885798531584e-07
1.170311225706655023e-08
5.022815798838564660e-07
8.070968249285215279e-08
1.072634532306437904e-07
1.984822688427811954e-07
4.150245302980692941e-08
5.674155545420944691e-07
1.506983338117606763e-08
2.454827381370705552e-06
4.585201907048030989e-08
1.525239525790311745e-07
1.001381662035782938e-07
1.849290782729440252e-07
2.661963094396924134e-07
3.475599541502560896e-08
1.004842253848892142e-08
3.219071800231176894e-07
1.586197839742453652e-07
5.363183390727499500e-07
2.523852117519709282e-06
1.206452793667267542e-06
3.381611008990148548e-07
1.587060978636145592e-06
1.348287952396276523e-07
2.649009616106923204e-07
2.109021863816451514e-07
7.148063900785928126e-07
3.469155274160584668e-08
1.115043346544553060e-07
8.965974984675995074e-08
8.196011549443937838e-06
8.717945831904216902e-08
4.393250918610647204e-08
9.905155593514791690e-07
1.487299527980212588e-07
1.241430069853777240e-08
2.615126781790877430e-08
1.558389612910104915e-07
3.221620659132895526e-07
8.165233111867564730e-08
1.650798708396905567e-06
5.661914670440637565e-08
9.133608341217041016e-01
3.671409558592131361e-06
9.179225307889282703e-04
4.307864855945808813e-07
7.190043106675148010e-05
2.563677844591438770e-04
3.105817449977621436e-05
8.225155397667549551e-06
2.167744787584524602e-05
6.662465631961822510e-02
2.010221760428976268e-05
1.149782704601420846e-07
1.962078499673225451e-07
1.972676500372472219e-06
1.082209450942173135e-06
6.854600087535800412e-07
3.856804653423751006e-07
8.390318129158913507e-08
8.671461415588055388e-08
2.161340972861580667e-07
1.370665813738014549e-06
1.629553310067421990e-07
2.707105579702329123e-07
3.762065432511008112e-07
5.509144784809905104e-07
1.699280801403801888e-06
4.715264196875068592e-07
1.398224185322760604e-07
2.602266135909303557e-07
1.564134663567529060e-06
