5.302675162965897471e-06
2.344741687920759432e-06
7.178019586717709899e-05
1.265106220671441406e-05
9.062534445547498763e-06
6.587825919268652797e-05
2.926692786786588840e-06
5.200541272643022239e-05
4.289026946935337037e-06
8.757733098718745168e-07
1.891753299787524156e-06
3.073862217206624337e-06
7.700891001150012016e-05
1.234131786986836232e-06
3.138441752525977790e-05
8.606877599959261715e-06
4.509868631430435926e-06
2.663272653080639429e-06
7.426065735671727452e-07
2.965627390949521214e-05
1.344613167475472437e-07
1.920974227687111124e-06
1.244187933480134234e-05
5.073515421827323735e-05
3.156434559059562162e-06
4.969717792846495286e-07
1.333349814558459911e-06
4.869558978271015803e-08
1.074005808732181322e-06
2.763619022516650148e-06
6.098317726355162449e-07
4.186854027921071975e-07
7.416963399009546265e-07
8.617550975031917915e-07
1.589615067132399417e-06
1.088270209947950207e-06
9.148981916951015592e-06
2.221920112788211554e-06
1.628765062378079165e-06
3.109204772044904530e-05
1.934951797011308372e-06
3.987737272836966440e-06
1.807780222407018300e-06
1.816974508983548731e-05
1.352800609311088920e-06
1.791329668776597828e-05
1.349880989209850668e-07
1.581456672283820808e-05
1.276536022487562150e-05
1.155447171186096966e-05
9.337280062027275562e-06
6.519199814647436142e-04
3.648178790172096342e-06
1.212210236190003343e-06
6.336576916510239244e-06
7.277139047801028937e-06
1.700694724604545627e-06
1.213091422869183589e-06
1.336258605988405179e-06
1.783071070349251386e-06
1.012454686133423820e-05
1.086019892682088539e-05
5.577137562795542181e-05
9.970780229195952415e-05
1.812308983062393963e-05
2.821794623741880059e-06
1.548756517877336591e-05
8.331609024025965482e-06
1.630228143767453730e-05
9.093904509427375160e-07
1.124676600738894194e-07
2.995428530994104221e-06
2.916501955496642040e-07
1.118687805501394905e-06
5.466178549795586150e-07
2.490294832568906713e-07
2.314970515726599842e-06
1.577838020239141770e-07
8.484732916258508340e-07
1.644625626795459539e-07
2.871352990041486919e-06
6.616842540552170249e-08
2.276908890053164214e-05
1.727498965919949114e-05
3.410902081668609753e-06
2.065420176222687587e-06
1.611946936463937163e-05
6.602099801966687664e-06
1.724544381431769580e-05
5.663365527652786113e-07
1.511322807346004993e-06
2.538756689318688586e-06
1.569004410839625052e-07
6.583900358236860484e-07
4.066878886987979058e-07
4.981656047675642185e-07
1.015941506921080872e-05
4.095837482509523397e-07
5.800439453196304385e-07
9.050492622009187471e-08
1.217723252011637669e-06
6.140734330983832479e-05
9.210350071953143924e-06
1.223440904141170904e-06
1.512173298579000402e-06
9.222550033882725984e-06
9.743843293108511716e-06
1.286000269828946330e-06
1.586700932421081234e-06
2.441372771500027739e-06
7.740717933302221354e-07
6.943079711163591128e-08
1.279794960282742977e-04
1.090530440706061199e-05
5.108192453917581588e-06
2.347508143429877236e-07
1.676498686720151454e-05
2.179960802095592953e-06
2.956069329229649156e-05
4.929597253067186102e-06
9.963750017050188035e-06
9.776421393326018006e-06
1.008890376397175714e-05
7.376439316431060433e-05
1.712786797725129873e-06
6.400103757187025622e-06
4.688604803959606215e-06
9.874889883576543070e-07
8.322377880176645704e-07
1.664641445131564979e-06
2.909567911046906374e-07
2.042862888629315421e-06
8.699629461261793040e-07
3.954555722884833813e-07
1.331236205714958487e-07
1.281222466786857694e-06
8.867932024259062018e-07
6.675770691799698398e-08
2.576977067292318679e-07
2.092873074843737413e-07
4.305838174900600279e-08
3.091476230565604055e-07
5.042640438546186488e-08
5.409009418144705705e-08
1.541090750833973289e-05
2.549137889218400232e-06
1.211502876685699448e-06
1.123302445193985477e-05
4.505602119024842978e-04
6.357332040352048352e-06
5.894494825042784214e-04
8.635873382445424795e-05
6.510345883725676686e-06
1.920931208587717265e-05
1.965976844076067209e-05
6.953022966627031565e-05
4.768695362145081162e-05
2.319501982128713280e-05
2.070893515337957069e-06
4.345954494056059048e-06
5.148049694980727509e-06
2.678892769836238585e-06
2.442660615997738205e-06
4.720265678770374507e-06
4.031366643175715581e-06
5.791940566268749535e-06
1.828111408030963503e-06
1.561303065500396769e-06
3.860980086756171659e-06
6.129415396571857855e-06
4.601228647516109049e-05
5.297918505675625056e-06
2.967126602015923709e-05
6.709119134029606357e-06
6.573279165422718506e-07
5.213430085859727114e-06
8.779605195741169155e-06
1.569748383190017194e-05
8.594377504778094590e-06
5.718819920730311424e-06
1.888380893433350138e-06
3.069604281336069107e-05
1.948172211996279657e-06
6.149996806925628334e-06
1.900966890389099717e-05
1.032929776556557044e-05
3.913086766260676086e-05
3.002589073730632663e-05
9.154314284387510270e-06
3.574532092898152769e-05
1.984206028282642365e-05
1.225756204803474247e-05
1.843285099312197417e-05
1.055589200404938310e-05
2.958167533506639302e-05
1.694714774203021079e-05
4.487819751375354826e-06
1.029007762554101646e-05
4.656176679418422282e-05
1.055217853718204424e-05
6.130985275376588106e-05
2.085125379380770028e-05
2.212362051068339497e-05
1.969179902516771108e-05
1.010324012895580381e-05
5.049243100074818358e-06
7.728041964583098888e-06
6.259052042878465727e-06
1.255728057003580034e-05
5.165971288079163060e-06
7.677107532799709588e-06
5.239055826677940786e-05
1.304950092162471265e-05
1.047418572852620855e-05
8.330743185069877654e-06
2.002201290451921523e-05
1.062933806679211557e-04
6.307919193204725161e-06
6.211759227880975232e-06
1.377668650093255565e-05
9.279737241740804166e-06
1.081660047930199653e-05
2.815154221025295556e-05
1.219033310917438939e-05
4.305879429011838511e-06
2.943925437648431398e-06
2.227084951300639659e-05
4.173759862169390544e-06
2.223190094809979200e-04
1.067840130417607725e-04
2.392194119238411076e-06
7.907113285909872502e-06
1.202250246024050284e-06
5.124144809087738395e-05
5.510566552402451634e-06
9.559308637108188123e-06
7.588918379042297602e-06
2.522870772736496292e-06
1.787692963262088597e-05
5.845232863066485152e-06
4.962776984029915184e-06
2.730825372054823674e-06
6.533888608828419819e-06
8.613365025667008013e-06
1.815464202081784606e-05
3.075205086133792065e-06
6.461179054895183071e-06
4.652064490073826164e-06
8.761455319472588599e-06
1.451435878152551595e-06
1.886714017018675804e-06
2.026106085395440459e-05
1.764228909451048821e-05
1.903717202367261052e-05
2.647065412020310760e-05
5.327812687028199434e-06
1.462254112993832678e-05
1.055697430274449289e-04
3.882429155055433512e-06
4.245810941938543692e-06
2.347399686186690815e-06
5.181108917895471677e-06
1.093313949240837246e-05
9.140709380517364480e-07
2.988306960105546750e-06
3.863792881020344794e-05
2.216307848357246257e-06
1.031373540172353387e-05
4.353618714958429337e-05
2.329628472352851531e-07
1.259750433746376075e-06
3.258940353134676116e-07
3.835757524939253926e-07
3.456341073615476489e-05
6.808974148952984251e-07
1.890707153506809846e-06
5.658700956701068208e-07
9.671654197518364526e-07
9.558259250752598746e-08
1.997476147153065540e-06
1.075142222362046596e-06
2.870920297937118448e-06
4.726139195554424077e-06
5.477421382238389924e-06
1.830270230129826814e-05
6.791574378439690918e-07
1.144022462540306151e-06
3.133815880573820323e-06
2.408552518318174407e-06
2.669114280706708087e-07
3.341753881613840349e-06
3.667803127882507397e-07
7.749031283310614526e-06
8.833511060402088333e-07
6.181490334711270407e-06
1.090908062906237319e-05
6.875072244838520419e-07
1.413499376212712377e-05
2.027817799898912199e-06
1.154230176325654611e-05
1.407293780175677966e-06
5.017726607547956519e-07
1.265414425688504707e-06
1.344035581496427767e-06
5.573306225414853543e-06
1.704395981505513191e-05
4.143410842516459525e-05
2.279211770428446471e-07
6.207107503541919868e-07
1.984262780752032995e-05
5.916213012824300677e-07
2.788839992717839777e-06
1.907620799102005549e-07
3.281891167716821656e-06
1.455157189411693253e-06
6.952638500479224604e-07
5.200077524136759166e-08
5.261373914322575729e-08
7.065841600706335157e-08
2.877776068999082781e-06
3.940776593935879646e-07
2.488719701432273723e-06
9.587675776856485754e-06
9.470871191297192127e-06
2.983241301990346983e-06
1.317443889092828613e-06
3.273702304795733653e-07
4.607123173627769575e-06
6.784120159863959998e-06
8.942770364228636026e-07
5.916560439800377935e-06
8.005292215784720611e-07
1.815426949178799987e-04
2.617590098452637903e-06
3.265832128818146884e-05
2.799568392219953239e-06
1.226963831868488342e-06
5.593932655756361783e-05
1.491263719799462706e-05
1.861204623310186435e-06
1.228649398399284109e-05
3.703161564772017300e-05
7.568311957584228367e-06
5.457441147882491350e-06
9.979075548471882939e-05
4.503877134993672371e-04
1.278938434552401304e-04
4.038997758470941335e-06
4.812412157662038226e-07
1.596584837670889101e-07
7.026400794529763516e-07
1.333660719637919101e-07
5.654058909954073897e-08
8.614505730974997277e-08
8.246641955338418484e-04
2.026564106927253306e-05
1.142285327659919858e-05
2.630687413329724222e-05
5.251802213024348021e-05
4.969838300894480199e-06
3.617284892243333161e-05
1.954505933099426329e-05
2.855539150914410129e-06
4.466746395337395370e-05
1.565987804497126490e-05
1.389085082337260246e-04
1.650867307034786791e-05
6.054456389392726123e-05
8.085143235803116113e-06
7.300450670300051570e-05
1.045940189214888960e-05
6.604857844649814069e-06
3.725843635038472712e-05
1.334475018666125834e-05
8.149998029693961143e-05
2.670361936907283962e-05
1.774527959241822828e-06
2.566331022535450757e-05
3.520524114719592035e-05
2.390716190348030068e-06
2.137534647772554308e-05
8.527991667506285012e-06
1.045289081957889721e-05
2.901569587265839800e-06
1.376396767227561213e-06
1.847962848842144012e-03
2.371253322053235024e-05
1.372423230350250378e-05
6.237204797798767686e-05
7.511561125284060836e-05
2.398685501248110086e-05
5.825493644806556404e-06
7.469541856153227855e-07
1.176623811716126511e-07
1.083633687812834978e-04
1.826969819376245141e-04
7.313199148484272882e-06
1.779269496182678267e-06
4.037132021039724350e-05
4.695997573435306549e-03
1.101363613997818902e-05
3.123014699667692184e-03
7.766942871967330575e-06
8.227090120271896012e-07
9.356988812214694917e-06
3.646067625595605932e-06
1.044183154590427876e-03
5.228337249718606472e-04
4.887353163212537766e-03
1.599347706360276788e-05
2.259836328448727727e-04
5.412467089627170935e-06
2.059980215562973171e-05
2.105085732182487845e-04
3.144148649880662560e-05
7.412350969389081001e-04
5.275704097584821284e-06
2.209939120803028345e-04
1.400249942662412650e-07
1.657089342188555747e-06
1.789148780517280102e-03
6.985241270740516484e-06
7.938397743600944523e-07
2.529830089770257473e-04
9.866032632999122143e-05
7.408838428091257811e-06
1.147657030742266215e-06
1.139954292739275843e-05
1.334886881522834301e-03
1.597483606019522995e-05
3.193568545611924492e-06
8.923100540414452553e-05
5.754070662078447640e-05
1.126192614719911944e-06
1.009395191431394778e-06
3.101593756582587957e-05
3.359078255016356707e-04
1.406126671099627856e-06
3.502151002976461314e-06
7.690498750889673829e-05
5.581806362897623330e-06
3.868717158184153959e-06
4.157934381510131061e-05
1.322822845395421609e-05
1.066919935510668438e-06
5.665715798386372626e-05
3.000909828188014217e-06
2.283478170284070075e-05
4.991314926883205771e-05
3.679297878989018500e-05
3.148058021906763315e-05
2.699840479181148112e-05
3.771560965105891228e-03
3.904844561475329101e-05
2.276070881634950638e-05
1.189927615996566601e-06
2.399443910690024495e-04
4.515480541158467531e-04
7.195290550043864641e-07
2.598107967060059309e-04
2.739503770499140956e-06
6.785353180021047592e-03
8.237696602009236813e-04
1.641454218770377338e-05
1.538055767014157027e-05
8.040457760216668248e-05
3.012217166542541236e-05
9.153621067525818944e-05
1.438629406038671732e-04
1.205912325531244278e-03
1.195553704746998847e-04
6.425564060918986797e-04
2.202550967922434211e-04
2.162904451097347192e-07
1.829697794164530933e-05
2.621705971250776201e-05
2.207148587331175804e-03
1.783759034879039973e-05
2.868684532586485147e-04
3.574746733647771180e-05
4.930631348543101922e-06
2.803503775794524699e-06
9.528045666229445487e-06
9.356030204799026251e-05
1.245252678927499801e-05
1.355051153950626031e-06
1.458205861126771197e-05
2.406147723377216607e-05
2.554778257035650313e-05
2.154376488761045039e-06
5.943695432506501675e-04
2.131385263055562973e-03
4.166700819041579962e-04
9.648958439356647432e-06
9.325497558165807277e-06
1.491777220508083701e-05
5.039542520535178483e-05
1.029687064146855846e-05
3.076456414419226348e-05
4.754726978717371821e-05
1.863941861302009784e-06
2.905159723013639450e-03
9.353290806757286191e-05
1.192794843518640846e-05
7.792777068971190602e-06
1.674394115980248898e-05
8.182762394426390529e-05
2.081461616398883052e-07
3.808534756899462081e-06
4.265401512384414673e-04
1.506253511251998134e-06
8.127265027724206448e-04
2.623615500851883553e-06
9.090809617191553116e-04
2.429629676043987274e-03
4.178681075572967529e-01
3.920010058209300041e-04
4.061666259076446295e-04
1.025778823532164097e-03
3.489432856440544128e-04
5.804274042020551860e-05
1.158448753812990617e-06
2.664468865987146273e-06
2.812523161992430687e-04
4.055846657138317823e-04
1.481352956034243107e-05
3.091905673500150442e-04
8.506093763571698219e-06
1.188574060506653041e-05
3.500318143778713420e-06
4.782278210768708959e-06
4.064692120664403774e-07
6.806377496104687452e-05
9.096017492993269116e-06
5.510876235348405316e-06
1.093803575713536702e-06
2.019287876464659348e-06
4.227332829032093287e-05
3.230151924071833491e-05
1.894793854262388777e-06
9.841679457167629153e-06
2.250300720334053040e-03
9.973128908313810825e-05
6.725823595843394287e-07
3.520907966958475299e-06
4.326244379626587033e-05
1.291168504394590855e-03
6.679891612293431535e-06
1.780774437065701932e-05
5.456673193293681834e-07
7.646454832865856588e-06
3.185434934493969195e-06
3.924060729332268238e-04
1.902396775221859571e-06
2.772001062112394720e-05
5.280202254652976990e-03
4.714954775408841670e-05
7.498037120967637748e-06
4.639178980141878128e-03
1.096962114388588816e-05
1.513898496341425925e-05
2.410203524050302804e-05
3.397104330360889435e-03
4.877251285506645218e-06
1.155942518380470574e-04
1.463915850763441995e-05
2.781425428111106157e-05
3.658885816548718140e-06
1.313331886194646358e-04
1.442699134349822998e-02
2.006752947636414319e-05
8.525886187271680683e-06
2.100673737004399300e-05
1.214441144838929176e-04
1.043116640175867360e-06
1.527740038000047207e-03
2.364495769143104553e-03
3.138591418974101543e-04
1.109217046177946031e-04
2.550530189182609320e-05
4.736795381177216768e-04
1.203080755658447742e-04
2.537507796660065651e-03
6.962077459320425987e-04
9.792055061552673578e-05
3.948127414332702756e-05
2.806589705869555473e-03
7.984131116245407611e-06
1.068622153252363205e-02
1.169264069176279008e-04
1.748528234202240128e-06
1.698060441412962973e-05
1.897282004392764065e-06
1.011775224469602108e-03
1.486151944845914841e-03
3.195410594344139099e-03
4.236983295413665473e-05
5.696611478924751282e-04
1.761752355378121138e-05
5.854580376762896776e-05
2.775820939859841019e-05
8.876313804648816586e-04
3.452795738212444121e-07
2.686732262372970581e-02
2.664348357939161360e-05
2.335192903046845458e-06
2.785369906632695347e-05
4.371302111394470558e-06
4.678664117818698287e-05
8.430881425738334656e-03
1.725265633467643056e-06
1.359802899969508871e-05
4.029773920774459839e-02
9.414027317689033225e-07
2.326785470359027386e-04
2.019712468381840154e-07
4.991548121324740350e-05
1.126957158703589812e-05
5.473048440762795508e-05
8.945500303525477648e-05
7.997802640602458268e-06
2.636353310663253069e-04
4.118402330277604051e-07
1.748608269735996146e-06
1.343034364253981039e-05
3.816120806732214987e-05
2.317149483133107424e-05
4.887483548372983932e-03
3.326256546642980538e-06
1.460599742131307721e-05
3.959416790166869760e-05
9.387834325025323778e-06
1.904102100525051355e-05
5.359834744922409300e-07
1.262970827519893646e-02
1.005313151836162433e-06
8.107323083095252514e-05
4.209543112665414810e-05
7.767992065055295825e-05
5.646978479489916936e-06
1.423298101599357324e-07
8.540623821318149567e-04
1.567222177982330322e-02
1.755066448822617531e-03
3.592848997868713923e-06
2.919646613008808345e-05
8.242679177783429623e-05
1.722514326729651657e-07
1.424374204361811280e-06
1.703876705505535938e-06
1.045826065819710493e-04
2.033205964835360646e-05
6.618961342610418797e-04
5.909874744247645140e-05
1.446599373593926430e-03
2.172520617023110390e-04
7.224393775686621666e-04
2.368457535339985043e-05
2.899558694480219856e-06
1.151484866568353027e-05
1.393322745570912957e-04
2.702273661270737648e-03
1.343652343166468199e-06
2.348117268411442637e-04
1.271423479920485988e-05
3.374243897269479930e-05
1.357655128231272101e-04
1.772453651938121766e-05
3.264276892878115177e-04
1.389085082337260246e-04
1.202764033223502338e-04
1.342388895864132792e-05
2.651911745488177985e-05
5.922389050283527467e-07
4.017350420326692984e-06
6.481134187197312713e-05
1.107678417611168697e-05
8.563758342461369466e-07
7.577676296932622790e-05
1.290443947254971135e-06
1.366306946692930069e-06
2.435143414913909510e-06
1.302586497331503779e-05
7.371031824732199311e-05
6.608776857319753617e-06
4.780625317835074384e-07
5.183500888961134478e-06
2.656364085851237178e-05
4.073936361237429082e-05
5.195562262088060379e-04
2.387172728776931763e-02
2.575724465714301914e-05
7.271180948009714484e-06
2.099619305226951838e-04
4.169214662397280335e-05
3.260440735175507143e-06
1.149292802438139915e-05
3.379346744623035192e-04
3.408489865250885487e-04
2.691567875444889069e-03
3.387238848517881706e-06
1.632632574910530820e-06
4.589345280692214146e-06
6.487958598881959915e-04
7.769207149976864457e-05
8.179384167306125164e-05
7.363373151747509837e-05
1.000814299914054573e-04
7.629395440744701773e-06
3.344297738294699229e-06
3.002500307047739625e-05
3.949724487029016018e-04
6.168046695620432729e-08
2.373715915382490493e-06
3.294382224794389913e-07
3.244519175495952368e-04
3.843018930638208985e-05
1.122893299907445908e-03
1.109719742089509964e-04
2.368848254263866693e-05
8.514635965184425004e-07
3.389505582163110375e-05
5.049125206824101042e-07
8.581781912653241307e-06
4.602003318723291159e-04
4.558401997201144695e-06
1.586291728017386049e-05
3.419823769945651293e-06
9.573244460625573993e-05
9.162821697827894241e-06
3.172543132677674294e-03
4.502320371102541685e-05
1.975037448573857546e-04
2.259472057630773634e-05
1.032658474287018180e-04
3.719363128766417503e-03
1.080956280929967761e-04
1.722533284009841736e-06
3.486440618871711195e-05
7.011491106823086739e-04
1.008291110338177532e-05
2.803931711241602898e-04
1.227287339133908972e-05
1.019423166326305363e-06
3.335422661621123552e-05
3.390834535821340978e-05
1.634284529927754193e-07
8.500242643094679806e-07
2.031874319072812796e-04
2.227643562946468592e-05
1.197324527311138809e-04
5.457341903820633888e-04
6.486789061455056071e-06
3.084624722760054283e-06
5.558666998695116490e-06
2.152862862203619443e-06
3.187139554938767105e-06
9.084578050533309579e-05
7.378377631539478898e-06
3.110284524154849350e-05
1.483893015574722085e-06
1.524571416666731238e-06
2.843270311132073402e-03
1.350571837974712253e-04
3.097832086496055126e-04
1.152958939201198518e-04
1.302872842643409967e-04
1.952758168499713065e-07
5.216727316792457714e-08
7.633809104845568072e-07
3.020606754944310524e-06
1.860169140854850411e-05
3.090634663749369793e-06
6.755371032340917736e-06
1.430469455954153091e-05
7.023299258435145020e-05
5.406194250099360943e-04
2.477608795743435621e-04
3.082067996729165316e-05
2.048867463599890471e-04
5.437577419797889888e-05
3.001937557201017626e-06
1.348157093161717057e-05
6.200752977747470140e-07
1.395214781041431706e-06
1.164821514976210892e-05
1.119557302445173264e-02
3.849940912914462388e-05
2.278025494888424873e-03
6.384951120708137751e-05
4.752068198285996914e-04
3.587049432098865509e-04
6.570518016815185547e-04
1.655458436289336532e-05
2.908520627897814848e-06
2.706064378799055703e-06
1.543649472296237946e-03
8.805213838058989495e-06
1.223155095431138761e-06
7.916514732642099261e-06
4.311967641115188599e-04
3.640612476374371909e-06
4.164653000771068037e-05
2.754856366664171219e-03
3.211582452422589995e-06
1.215012161992490292e-06
1.136850869443151169e-06
2.536444299039430916e-05
1.602224111557006836e-01
3.013964260389911942e-07
1.286979386350139976e-04
5.181923825148260221e-06
3.787129116972209886e-06
5.469476946018403396e-06
3.163412839057855308e-05
4.087190461632417282e-07
3.912722604582086205e-06
2.068793255602940917e-04
1.018665807350771502e-05
6.390994531102478504e-05
1.073478604666888714e-03
1.079005050996784121e-05
8.896661456674337387e-04
1.790423766578896903e-06
4.722242883872240782e-04
3.043484866793733090e-06
5.681290105030711857e-08
5.270713154459372163e-05
1.873965084087103605e-05
1.215614975080825388e-04
2.301454806001856923e-04
2.878482919186353683e-04
2.248477103421464562e-04
1.758328289724886417e-05
8.020806126296520233e-05
3.435606004131841473e-06
6.134875002317130566e-05
2.920007391367107630e-04
4.085445107193663716e-05
3.534543793648481369e-06
3.568540705600753427e-05
3.702948106365511194e-06
6.143176278783357702e-07
3.725208080140873790e-05
6.621637567150173709e-07
8.028102456592023373e-06
2.004213092732243240e-05
6.937739904969930649e-03
2.010969728871714324e-05
8.071699994616210461e-06
6.244317046366631985e-04
2.344583190279081464e-04
6.384335620168712921e-07
3.321647818665951490e-04
9.930084161169361323e-06
4.046206868224544451e-06
3.376565128564834595e-02
1.476097095292061567e-04
2.939359728770796210e-05
3.328011662233620882e-04
2.500023983884602785e-04
1.238942513737129048e-05
2.804604082484729588e-05
9.609141670807730407e-06
7.158875232562422752e-04
3.433271078392863274e-03
4.939861968159675598e-02
2.480151131749153137e-03
2.065914741251617670e-04
7.113688479876145720e-05
2.317714388482272625e-04
2.397825483058113605e-05
2.846487632268690504e-06
1.221910497406497598e-05
5.271763802738860250e-05
1.601564872544258833e-04
8.596931729698553681e-05
4.537323093245504424e-06
1.017205286188982427e-04
6.902994937263429165e-05
3.252423630328848958e-05
4.873067664448171854e-04
1.721203989291097969e-05
2.200444032496307045e-05
7.387632649624720216e-05
1.872858410933986306e-04
3.080174110436928459e-06
4.226609598845243454e-04
3.768093392864102498e-06
1.541435340186581016e-04
2.374643202074366855e-07
9.046239938470534980e-06
1.806258410397276748e-06
2.867609509848989546e-06
1.662497379584237933e-05
3.468692739261314273e-06
2.170258085243403912e-05
6.632321856159251183e-06
1.052279912983067334e-06
9.369763574795797467e-05
1.087214286599191837e-06
3.825550811598077416e-05
2.373119605181273073e-05
4.684843588620424271e-04
3.036703446923638694e-06
1.596696165506727993e-05
7.173605990828946233e-05
3.057148715015500784e-04
1.085049234461621381e-06
2.103357837768271565e-05
1.072611776180565357e-04
2.727239043451845646e-04
2.331226642127148807e-05
2.265371040266472846e-05
5.834968305862275884e-06
1.893019361887127161e-05
5.546357715502381325e-05
1.315513072768226266e-04
4.053012162330560386e-06
3.416242907405830920e-05
7.486797585443127900e-06
1.512376911705359817e-04
2.340528226341120899e-06
6.620185740757733583e-05
1.998387944013302331e-07
1.276783791581692640e-06
6.263381237658904865e-06
1.302724376728292555e-05
1.136330047302180901e-05
1.832184170780237764e-05
5.572559894062578678e-05
3.706290044647175819e-06
1.237219257745891809e-04
8.638948401085144724e-08
1.251150365533248987e-06
1.444676769324360066e-07
7.590471068397164345e-05
9.216337844009103719e-07
4.810223617823794484e-05
8.880318091541994363e-06
1.041326049744384363e-05
9.166575910057872534e-05
8.181666089512873441e-06
1.344134361715987325e-04
2.958300137834157795e-05
6.491423846455290914e-06
1.369821075059007853e-05
1.931484803208149970e-05
1.698912456049583852e-05
1.098728353099431843e-05
2.075230258924420923e-05
9.097621841647196561e-06
1.346450699202250689e-05
5.748755575041286647e-05
2.185331395594403148e-04
5.209289956837892532e-04
2.309885167051106691e-04
1.333816612714144867e-06
1.975828636204823852e-04
2.033963255598791875e-06
4.999780867365188897e-05
6.177565865073120221e-06
1.670315327828575391e-06
1.917398719797347439e-07
6.617007329623447731e-06
7.616107268404448405e-06
9.137711458606645465e-05
7.242625542858149856e-06
6.174552981974557042e-05
9.672858141129836440e-06
2.390582994848955423e-05
4.263223672751337290e-05
1.286301448999438435e-05
8.743263606447726488e-05
3.592403572838520631e-06
4.891598564427113160e-06
1.876906253528431989e-06
2.148435851268004626e-05
1.202215389639604837e-05
1.250850909855216742e-04
1.331422936345916241e-05
1.225156756845535710e-05
1.298750576097518206e-04
1.274163150810636580e-05
6.992602266109315678e-07
2.124694901795010082e-06
1.858051291492301971e-06
9.659799979999661446e-05
6.358393420669017360e-06
4.661388288695889059e-07
1.766852255968842655e-05
7.341446348618774209e-07
2.865006990759866312e-06
4.477526090340688825e-06
5.363109721656655893e-06
8.001072274055331945e-05
4.440214615897275507e-05
9.044566468219272792e-06
2.981169673148542643e-04
6.043576377123827115e-07
