1.501708482010144508e-07
3.223294697818346322e-07
7.890214703820674913e-08
5.434938884718576446e-06
1.002132876237737946e-06
4.115142075988842407e-07
4.194529878986941185e-07
1.053450802146471688e-07
1.047251245722691237e-07
3.680535485273139784e-07
1.065646841880152351e-07
2.690938671889853140e-08
4.963754207665260765e-08
4.174848911020490050e-08
6.979231415016329265e-08
7.658624667783442419e-08
2.745541394233441679e-08
3.065555276293707720e-08
3.964780717069515958e-07
3.595671671519085066e-08
4.695401685239630751e-07
4.960534170095343143e-07
2.181030822612228803e-06
1.549427338431996759e-06
3.267009773821882845e-08
2.251720729873341043e-07
3.210899706118652830e-07
2.349670893408983829e-07
1.298577103625575546e-07
2.342765839102867176e-07
3.892517383974336553e-07
1.971326639704784611e-07
1.007871475167121389e-07
1.167329401141614653e-06
2.901383140851976350e-06
4.309195276164246025e-07
3.583411398722091690e-07
3.042940832642671012e-08
3.364458223131805426e-07
9.566782921410776908e-08
1.045696365054027410e-07
9.890809593571248115e-08
2.259501172829914140e-07
4.807295681530376896e-07
7.245217261697689537e-07
3.804846642196935136e-07
5.925015855723358982e-08
7.280444265234109480e-07
1.263532141138057341e-07
2.360358131170414708e-08
3.276265374552167486e-07
5.103502758174727205e-07
9.354148033935416606e-08
2.294297445359916310e-07
4.251629945883905748e-07
4.956753585361184378e-08
1.507882245732616866e-07
7.597112272605954786e-08
3.328989066631038440e-07
3.899126852502377005e-07
5.948418788648268674e-07
3.557246230911914608e-08
1.141290653094984009e-07
2.966030479001346976e-07
4.725305586816830328e-07
6.098571248003281653e-07
1.389002903806613176e-07
1.427994931191278738e-07
1.103384832390474912e-07
3.471409968369698618e-07
6.302312272055132780e-08
8.677672269641334424e-08
1.456233800212203278e-08
1.331089691802844754e-07
2.232960127912519965e-07
3.725438801893687923e-08
1.417905366452032467e-07
1.373687439354398521e-07
1.715234532184695126e-08
1.243314216026192298e-07
6.302111614786554128e-07
3.758634647965664044e-06
7.319486030610278249e-07
6.888021175655012485e-08
2.612005545188367250e-08
1.746412010561471106e-07
9.303791870252098306e-08
1.385133714393305127e-07
4.619118598725435731e-08
3.354234934249689104e-07
4.171545242570573464e-08
1.518712444692482677e-08
4.155773680736274400e-08
4.817647081267750764e-08
8.286399122425791575e-08
5.815438441914011491e-08
6.340328440046505420e-08
2.454402725504678529e-08
3.120775460274671786e-08
2.465965849296480883e-07
1.116476369134034030e-07
1.036682419908174779e-07
2.068779565433942480e-07
4.493353742418548791e-07
2.244491383862623479e-07
6.280939857106204727e-08
8.887715807759377640e-07
1.014790200315474067e-06
4.847412355957203545e-07
2.509916612325469032e-07
4.394967589860243606e-08
1.516130865297782293e-08
2.032997628020893899e-07
3.838925408672366757e-07
3.091979294822522206e-07
8.070384183156420477e-07
1.590817930718912976e-07
2.546923269619583152e-06
2.743917377756588394e-07
1.204127102027996443e-06
7.963755166429109522e-08
1.006345883070025593e-06
8.980624244259161060e-08
1.618275433656890527e-07
1.986965969535958720e-07
1.841525545387412421e-07
1.405007452603967977e-07
1.204230954954255139e-07
1.758694736508914502e-07
8.184230182450846769e-08
3.553333627337451617e-08
1.102470790215193119e-07
8.356186498303941335e-08
3.966283657064195722e-08
2.331854602743987925e-07
5.063925101467248169e-08
4.140835585531021934e-08
2.644499197401728452e-08
2.718284264346948476e-08
1.584405708854319528e-07
1.575347567950302619e-07
7.109233024493732955e-08
1.844401964490316459e-08
1.310139339238958200e-07
2.858364496205467731e-07
1.164847799373092130e-05
3.598310058805509470e-06
8.358868512914341409e-07
1.249662773261661641e-06
1.564506391105169314e-07
3.932473191525787115e-06
2.197287045646589831e-07
3.476007748304255074e-07
9.830329190663178451e-07
3.093595353220734978e-07
1.578877544261558796e-07
3.573007063550903695e-07
5.204969966143835336e-07
2.822227997967274860e-07
1.028598717311979271e-06
2.341671319072702317e-07
8.055236548898392357e-07
4.835615072806831449e-07
6.426924414881796110e-07
1.128207827605365310e-06
1.822558459707579459e-07
1.338110280357796000e-07
8.908081667868827935e-07
5.169042083252861630e-07
6.734312592016067356e-07
5.258810915620415471e-07
1.596132847225817386e-06
1.655771143305173609e-06
1.269125391445413698e-06
5.973941824777284637e-06
4.367175066022355168e-08
7.034913664938358124e-07
2.446882263029692695e-06
3.173750656060292386e-06
3.442910667672549607e-07
1.269007441351277521e-07
2.982427815823029960e-07
3.744075627309939591e-07
3.458677610979066230e-07
2.895554871429339983e-07
1.224438392455340363e-06
2.626108823733375175e-07
2.575762323431263212e-07
4.392977643874473870e-06
3.320838686704519205e-06
9.477612366026733071e-07
1.104803573070967104e-06
5.943400651631236542e-07
1.422251330041035544e-07
6.643985983600941836e-08
7.577968972327653319e-07
3.195692670487915166e-07
3.527067065078881569e-06
4.895742904409416951e-07
4.188413811334612546e-07
2.607608848848030902e-07
1.434697196600609459e-07
2.455909395848721033e-07
3.802777200689888559e-06
2.906549525505397469e-07
7.874266998442180920e-07
6.165847139527613763e-07
1.148935666606121231e-06
1.316699808739940636e-06
8.369253805540211033e-07
5.656432335854333360e-07
5.274330874271981884e-07
2.965967041745898314e-06
2.863866939151193947e-06
7.717753760516643524e-07
2.412107505733729340e-06
2.536883698667224962e-07
1.890683165584050585e-06
1.595673325027746614e-06
6.800243568250152748e-07
3.320061239264759934e-07
3.090375741976458812e-07
1.684190692685660906e-06
1.784598862286657095e-05
1.674044710853195284e-06
5.624877417176321615e-07
2.648212955591588980e-07
3.589386778912739828e-07
1.731252950776251964e-06
1.700930965853331145e-06
8.799321449259878136e-07
2.802732751661096700e-06
2.343249661862500943e-06
3.324284421069023665e-07
5.593887522081786301e-07
2.026755510087241419e-06
2.075567664405753021e-07
4.486883540266717318e-07
1.391187834087759256e-05
6.213735559867927805e-06
1.151463493442861363e-05
3.416417894186452031e-05
5.966935532342176884e-07
5.015796773477632087e-07
1.068559868144802749e-06
2.772620746327447705e-07
1.877073827927233651e-06
1.463341050111921504e-06
2.470967501722043380e-06
6.598075287911342457e-06
6.070506515243323520e-06
1.631950226510525681e-06
9.345979634645118495e-08
4.691811739121476421e-07
1.013454607345920522e-06
6.948649115656735376e-06
6.235926321096485481e-06
1.262737669094349258e-06
2.008948467846494168e-05
1.099318410524574574e-06
8.343186550519021694e-07
9.722624554342473857e-07
2.294735139685144532e-07
1.200464907924470026e-06
1.224757824047628674e-07
1.138177552206798282e-07
2.724777061757777119e-07
1.065825244950246997e-06
1.505102176224681898e-07
1.969625145648024045e-06
3.273469019404728897e-06
1.058460156855289824e-06
2.067351516643611831e-07
7.316401138268702198e-07
1.283475086211183225e-07
2.807715304697921965e-07
4.779572648772045795e-08
1.897500283121189568e-06
1.867399106458833558e-07
4.595431164489127696e-06
3.491884626782848500e-06
7.535651889156724792e-07
1.544338488201901782e-07
2.047032410246174550e-07
2.672699395134259248e-07
1.824080015921936138e-07
2.289575377290020697e-06
5.957213033980224282e-07
5.896693551221687812e-07
4.345677382389112609e-07
4.319539073094347259e-07
9.943062195816310123e-08
1.741407515964965569e-07
9.034769021809552214e-08
9.391108505951706320e-06
3.480834607216820586e-07
3.883073702581896214e-07
2.066602604600120685e-07
5.031009564504529408e-08
8.007473297766409814e-07
9.631637709617280052e-09
9.806372958109932370e-08
1.834612994855433499e-08
5.311322581746935612e-08
2.512559404976855149e-08
1.361902590701902227e-08
6.391555018581129843e-08
5.124574897763523040e-08
1.355328382857123870e-08
3.982933662882714998e-07
3.330586366701027146e-07
1.412675203482649522e-07
1.601881649548886344e-08
1.605070849564071978e-07
3.870608367151362472e-08
1.276872723110500374e-07
5.401656366643692309e-08
1.614648112990835216e-07
3.507825496740224480e-08
4.824801536074119213e-08
1.274947720730779110e-07
7.282427105792521616e-08
2.188372150158102158e-07
1.310893082973052515e-07
9.357404451293405145e-08
4.705346512423602690e-08
3.644056789653404849e-08
3.458205810602521524e-07
1.718890416668727994e-07
1.453567790576926200e-07
1.272682084163534455e-07
2.576248903096711729e-07
1.307670345340739004e-07
1.125387498746022175e-07
3.699898059039696818e-07
2.162874750410992419e-07
2.229797100881114602e-04
6.150955300654459279e-08
1.871995749525012798e-07
1.264625524299844983e-07
5.407204639595875051e-07
8.160455422512313817e-07
2.158854215394967468e-07
1.493110204364711535e-07
1.226128603093457059e-07
7.768518116790801287e-06
5.346515536075457931e-06
2.466236765030771494e-05
3.149495387333445251e-05
7.512539741583168507e-05
1.028357437462545931e-04
3.820169780510696000e-08
2.357495247906626901e-07
4.335155097123788437e-07
1.252840661436493974e-06
1.025834280881099403e-04
2.460883479216136038e-06
7.656759635210619308e-07
1.368844436910876539e-06
2.635248392834910192e-07
1.374891951400059042e-07
3.255382807765272446e-07
2.230233917543955613e-07
1.787934422736725537e-07
1.348683582591547747e-07
3.668246222332527395e-07
4.578490973017323995e-07
8.333870482601923868e-08
6.020032117248774739e-08
6.156471954454900697e-08
1.165180947282351553e-07
9.502197428901126841e-08
5.009510459785815328e-07
1.543926941849349532e-06
5.140676080372941215e-07
1.421208679630581173e-07
6.062594870570592320e-09
4.864377700641853153e-08
2.408580144219740760e-07
2.068045859004996601e-07
1.690109314722576528e-07
9.315102289519927581e-08
8.245887528346429463e-08
3.303950535382682574e-08
1.869104124807563494e-07
5.587143050433951430e-07
1.190950555951530987e-07
3.478992596228636103e-07
1.861172904682462104e-07
4.374718116650910815e-07
2.871695414796704426e-07
3.539701651789073367e-07
1.415283179539983394e-07
5.956380277893913444e-08
2.122361138390260749e-06
1.526657229078409728e-06
6.548786473103973549e-07
1.206846462764588068e-07
1.468571753093783627e-07
1.829272150644101202e-06
1.526202311197266681e-07
2.552519617893267423e-07
1.355182462248194497e-06
5.677655963154393248e-07
2.628000288495968562e-07
5.193815923121292144e-06
3.370280410308623686e-07
1.469058474867779296e-06
5.269489520287606865e-07
3.769324393942952156e-06
6.084210895096475724e-07
1.653870072004792746e-07
8.715071544429520145e-07
1.071025849341822322e-06
7.600188496326154564e-07
1.860051384028338362e-07
2.302315209590233280e-07
2.414299888187088072e-05
8.178098198641237104e-08
1.142399170817043341e-07
1.522637660400505411e-07
3.480856321402825415e-06
8.407103990748510114e-08
2.044609175300138304e-07
3.191694730730887386e-08
4.641398481908254325e-05
5.877191711078921799e-08
4.036017742237163475e-07
5.379707204156147782e-07
1.108619613887640298e-07
1.124340514024879667e-07
2.862276176074374234e-07
1.782467649036334478e-07
1.887252096821612213e-07
1.085724363747431198e-07
1.744927885738434270e-06
2.130550001311348751e-06
1.972547215700615197e-05
2.881899874296323105e-08
4.667422501825058134e-07
2.804699192893167492e-07
4.865846108259574976e-07
3.073358311667107046e-05
4.660313024373863300e-08
1.274764827030594461e-06
7.222857334454602096e-07
9.655444443978922209e-08
1.775878445187117904e-06
1.581980313858366571e-06
1.364791824016720057e-04
1.079544404092303012e-06
9.849674853512624395e-08
1.108694647200536565e-07
2.241547889525463688e-07
1.029333589031011797e-06
7.572467808358851471e-08
8.615303954684350174e-07
7.429201218656089623e-07
3.212226147297769785e-07
1.729135988171037752e-06
1.738348828439484350e-06
3.013135199125827057e-07
4.513327951372048119e-07
3.170726472490059678e-07
9.502224429525085725e-08
1.332653170038611279e-07
1.358952431473881006e-06
5.127586177877674345e-08
9.420490414413507096e-07
3.673641231216606684e-07
5.038776293986302335e-07
3.916264176950789988e-06
8.843775140121579170e-05
1.705825170006392000e-08
2.382220429808512563e-07
7.800604180374648422e-06
2.471094603606616147e-06
1.385403702869325571e-08
3.189721837770775892e-07
2.112639776896685362e-06
3.168045452639489667e-07
7.632951337654958479e-08
4.970262779124823282e-08
1.134402918978594244e-04
2.741112439252901822e-06
5.915462963912432315e-08
6.393249663005917682e-08
4.648800313589163125e-07
5.778119884780608118e-07
8.130989499477436766e-07
1.788976504712991300e-07
8.848275001582805999e-08
9.127286659804667579e-08
6.710197197890011012e-08
1.908902277136803605e-06
7.792321099486798630e-08
5.097629340866660641e-08
2.129909080395009369e-05
6.831854193478648085e-07
3.436736619732982945e-07
1.474972123105544597e-05
2.855055981854093261e-06
2.392422402408556081e-07
1.013368091662414372e-07
2.175869298071120284e-07
7.495850127270387020e-07
1.898173536574176978e-06
1.078757634331850568e-07
1.294142464303149609e-07
4.166106748471065657e-08
3.156451839458895847e-06
5.902634825361019466e-07
1.761731596161553171e-07
1.067736775439698249e-06
1.876933310995809734e-07
6.301817165876855142e-07
1.218647412315476686e-06
5.725333721784409136e-06
6.144152848719386384e-07
1.114495589149555599e-07
9.423486346804565983e-08
1.743483011296120821e-07
3.777592496589932125e-07
4.525104941421886906e-06
3.581180862965993583e-07
1.104575203498825431e-04
2.128124236833173200e-07
2.868761157515109517e-07
1.179223829694819869e-07
1.883188929241441656e-07
1.185505595913127763e-07
2.981979818628133216e-08
1.084818705976431374e-07
4.022754396260097565e-08
2.704466162128937867e-08
2.892560075906658312e-07
5.613944722426822409e-07
6.136063348094467074e-06
2.351245711906813085e-06
1.095662014449771959e-07
1.598419316906074528e-06
3.081930088910667109e-08
3.067140497137188504e-08
2.117932211831430322e-07
1.897758039604013902e-07
2.655281150509836152e-07
1.506196269929205300e-07
1.405922375852242112e-06
2.325882633158471435e-07
5.486455734171613585e-07
4.149323995505938001e-09
7.470953278243541718e-08
6.458970602807312389e-08
3.108088719727675198e-07
8.071207844295713585e-07
1.832754037423001137e-06
1.817043084884062409e-07
5.042816610512090847e-06
2.174772816943004727e-06
2.719175142829044489e-07
2.116735764445820678e-08
9.212937612801397336e-08
1.594254172232467681e-06
3.764905542880114808e-08
1.006616088261580444e-07
1.992048282772884704e-06
2.445415816509921569e-07
2.549071176360939717e-08
1.144175243439349288e-07
1.060324166246573441e-06
1.294925198180862935e-07
1.778319642653514165e-07
7.124761935983769945e-08
8.699191056393829058e-08
4.813417945115361363e-06
1.331437033513793722e-06
4.695330062531866133e-07
1.258570705431338865e-06
4.977668140782043338e-06
3.056321133954043034e-07
1.416022428202268202e-06
5.247013632470043376e-07
8.887474223229219206e-08
7.746896244498202577e-07
1.027812785991955025e-07
1.661285722320826608e-07
4.917206410937069450e-07
1.503473896491414052e-07
3.683674378862633603e-07
6.415628206468682038e-08
2.086383545929493266e-07
3.075656991313735489e-07
3.144100446661468595e-08
1.042926669470034540e-07
1.662543354541412555e-06
4.643722490982327145e-07
2.821372220296325395e-07
2.680253352593808813e-08
4.757922624776256271e-07
2.968504020373075036e-07
4.046392518830543850e-07
3.783761428621801315e-07
2.526851119455386652e-07
2.725581680351751857e-06
1.898688566370765329e-07
8.614584601218666648e-08
1.894059664664382581e-08
1.516834373660458368e-07
2.211076548519486096e-07
3.948295852751471102e-05
1.141673237725626677e-06
3.582413796721084509e-07
4.912022291136963759e-07
6.811241348714247579e-08
5.053477707406273112e-07
1.124613930869600154e-07
5.245612442195124459e-07
6.173817013177540503e-08
2.840481272414763225e-07
1.461733489804828423e-07
5.563408080888621043e-07
1.115487648917223851e-07
3.431509867368731648e-07
1.209904922916393843e-07
4.785485430147673469e-07
2.658044422787497751e-06
2.938060958967980696e-07
3.193663360434584320e-07
6.980563739489298314e-06
2.749623817521751334e-08
1.489017762423827662e-07
2.260153131317110820e-08
2.109361219027050538e-07
2.917105668132080609e-08
2.127867674062144943e-06
5.176367494641453959e-07
7.912240107543766499e-08
2.512885430405731313e-06
9.761627097759628668e-07
4.936421404977409111e-08
5.267457225954785827e-08
7.446598004889892763e-08
1.075465476674253296e-07
1.607371729051010334e-07
2.366259650443680584e-07
8.524658596797962673e-07
1.266892559215193614e-05
2.245967500869028299e-08
2.091229056588872481e-08
3.606266318456619047e-06
2.427544814054272138e-07
3.698986006384075154e-08
1.136782543653680477e-07
8.176713777174882125e-07
1.823134766709699761e-06
1.462179568534338614e-07
2.811801823554560542e-05
3.409452256164513528e-05
9.792513111506195855e-08
6.332327728841846692e-08
1.048961962624161970e-06
3.800708441303868312e-07
1.762645638336834963e-07
1.741850428516045213e-04
3.239827492507174611e-06
8.228616934502497315e-07
5.212985243474577146e-08
8.957409391996407066e-08
7.112342359505419154e-07
7.008592461943408125e-08
4.081121005583554506e-07
3.285190614406019449e-04
3.488145535811781883e-03
2.414755329027684638e-07
1.421665558609674918e-07
2.141944378308835439e-06
5.643551403977653536e-08
1.359139645273899077e-07
3.459861659393936861e-07
1.881727769159624586e-07
1.145072587860340718e-07
1.105438059312291443e-06
3.722530436789384112e-06
2.186859546782216057e-07
1.329876653244355111e-07
7.769429544168815482e-08
1.682822592385946336e-08
3.974265538886356808e-08
8.944468987692744122e-08
4.087087575044279220e-07
3.801685579674085602e-06
1.815663381421472877e-06
3.018933796283818083e-07
1.093088303605327383e-05
1.873691871878691018e-06
4.927449595015787054e-07
2.373713812175992643e-07
1.913054745728004491e-07
4.837977394345216453e-05
1.942832597023880226e-07
1.410479626429150812e-07
3.829958950518630445e-05
8.565628917267531506e-08
1.622512718313373625e-05
3.949406561787327519e-07
1.735680143610807136e-06
9.012747796077746898e-06
3.153516558995761443e-07
3.376396193743858021e-07
3.805951465096768516e-08
9.114526022813151940e-08
1.003516274522553431e-07
1.513392646756983595e-07
2.154382769958829158e-07
2.808049828217917820e-07
1.390471453532882151e-07
2.233731356682255864e-05
3.423150701564736664e-06
7.106962584657594562e-06
6.813752975176612381e-07
5.171312622564983030e-08
9.095961672755947802e-08
9.142060974909327342e-08
5.014586577090085484e-07
1.395981598761864007e-05
1.110585756691762072e-07
1.769438817689206189e-08
1.465231775910069700e-06
8.173677088052500039e-06
3.149778748934295436e-08
1.377517719447496347e-06
5.407766821008408442e-07
3.360739597724204941e-08
5.896572019992163405e-06
9.200724093716416974e-08
2.547613348724553362e-06
4.663546917527128244e-07
4.526261321302627039e-08
6.777066232643846888e-07
1.630331496471626451e-07
5.165001315532435910e-09
3.733006792572268751e-08
6.960553378121403512e-08
8.232820619014091790e-06
2.891863914555869997e-06
1.967885481235498446e-07
2.709789725940936478e-08
6.915184513900385355e-08
1.767105857197748264e-07
1.089442093871184625e-06
1.165160981031476695e-07
8.774868547334335744e-07
2.155700258299475536e-07
3.351233957005206321e-08
1.454298654834929039e-07
1.453854929422959685e-05
8.268294777735718526e-07
8.109539339784532785e-05
4.702607725448615383e-07
1.505593019146544975e-07
1.332102556261816062e-06
1.662174753391809645e-07
8.049453867897682358e-07
1.180414272994312341e-07
1.502432610323012341e-06
3.905948915416956879e-07
1.056238332353132137e-07
4.973155043330734770e-08
1.266013214262784459e-07
4.206188464195292909e-08
1.992047060639379197e-07
9.411657941882367595e-08
2.463185637679998763e-07
1.325629597204169841e-07
3.772354091324814362e-07
4.434091351868119091e-06
4.880881192548258696e-07
2.058806671811908018e-07
5.230185351479121891e-08
3.683825866573897656e-07
1.373806071569561027e-06
2.565837746715260437e-07
1.515898134130111430e-06
1.619294209831423359e-07
5.686404236371345178e-08
1.551033648183874902e-07
1.531356161876828992e-07
1.866337981937249424e-07
9.249538024391767976e-09
3.257531773215305293e-07
1.034463714688627078e-08
3.030671678061480634e-07
6.822595537414599676e-07
8.982975714388885535e-07
5.449847435556876007e-07
4.262998481863178313e-05
4.942338364344323054e-06
2.994839405801030807e-06
1.734563070954209252e-08
1.123485162679571658e-07
1.613304192460418562e-07
4.006834842584794387e-06
1.143252006841066759e-06
2.099722451021079905e-06
8.456911615439821617e-08
1.401014912971731974e-07
3.001777599820343312e-07
2.556178515078499913e-05
6.141199833109567408e-07
6.585131018255196977e-08
2.010807662600200274e-07
1.193053549286560155e-07
3.733916571491135983e-07
3.530551850872143405e-07
1.794197146409715060e-06
3.864668371988955187e-07
3.725254416053758177e-08
1.138729658123338595e-06
8.361419645552814472e-07
9.749500406996958191e-08
1.200851784233236685e-06
2.189601582358591259e-05
1.261361433080310235e-07
1.013976103081404290e-07
1.444515646653599106e-06
1.726673326629679650e-05
6.608446057043693145e-08
1.589445446370518766e-07
8.446513533044708311e-08
2.902897222156752832e-06
9.494376058682973962e-07
9.469792416894051712e-08
1.400376553647220135e-03
4.505993274506181479e-06
4.865252094532479532e-07
2.746582481449877378e-07
1.073888597602490336e-06
1.795277171368070412e-06
5.257873567643400747e-07
1.811732727219350636e-05
3.048758117074612528e-07
4.767119889947935008e-07
2.701384573811083101e-07
2.619936594783212058e-06
1.437288261740832240e-07
1.713025312710669823e-07
7.504608845465554623e-08
5.193703600525623187e-07
6.423587706194666680e-08
2.542890626955340849e-07
1.376896818783279741e-07
3.894682231475599110e-05
2.899528226407710463e-07
2.038348247879184783e-05
4.044899526434164727e-07
1.339218442808487453e-07
1.220799816792350612e-07
4.059768698994048464e-08
2.301403128512902185e-06
1.632073889368257369e-07
2.728814152419545280e-08
3.681349767248320859e-07
2.834259021256002598e-06
1.438315484847407788e-05
4.406318225846916903e-07
2.497947093615948688e-08
2.204197244282113388e-06
1.113117832574062049e-05
2.859482322037365520e-07
6.867595203630116885e-08
3.800001593390334165e-07
1.421212232344259974e-06
5.825555490446276963e-05
9.942773431248497218e-07
1.770695007508038543e-06
2.865138242214015918e-07
1.985103153856471181e-06
4.127468002934620017e-07
3.367631151718342153e-08
3.918778475053841248e-06
1.500158305134391412e-05
1.492890930876455968e-07
9.302043935122128460e-08
2.639904437273798976e-07
1.418008378095692024e-05
5.102938303025439382e-07
4.566094276015064679e-07
3.277134226209454937e-07
4.771145540871657431e-05
1.232548640928143868e-07
1.417267299075319897e-07
5.363301625038729981e-08
6.073673830542247742e-08
2.472143556531136710e-08
3.110566026975902787e-08
2.268691787321586162e-06
3.443734897246031323e-07
1.970386875882468303e-07
6.231334168660396244e-07
5.431956537904625293e-07
1.639222091398551129e-06
2.793213127461058320e-07
5.299796512758803146e-08
2.610186413676274242e-07
1.023161985358456150e-06
7.171615123979790951e-08
1.143748704635072500e-07
2.854027911780576687e-07
5.958547717455076054e-07
6.425597121051396243e-08
8.831641906681397813e-08
2.227526920250966214e-06
1.701264409348368645e-05
6.990713154664263129e-05
2.557259904278907925e-06
1.331928506260737777e-04
7.019030476840271149e-07
9.575198589573119534e-08
1.169883034890517592e-07
1.899337917166121770e-06
5.833967406942974776e-07
5.012074325350113213e-06
1.645000580197120144e-08
1.527425439462604118e-07
1.851819320108916145e-07
1.350990572746013640e-07
1.975914543095314002e-08
2.138777546178971534e-07
1.676079719459266926e-08
7.551550424977904186e-07
3.918161795013475057e-08
6.188943757479137275e-08
9.011527168922839337e-08
2.222135364604582719e-08
1.099875817089923657e-07
1.706391472566792800e-08
1.283790425077313557e-06
2.905915863493646611e-08
1.040644619365593826e-07
7.633911991433706135e-08
2.565710701674106531e-07
1.208002515795669751e-07
3.252045033264039375e-08
2.835056278627234860e-08
2.547548660913889762e-07
5.845999240250421281e-08
1.860542937492937199e-07
1.002411067929642741e-06
3.764085079183132621e-07
3.098195406892045867e-07
1.170662699223612435e-06
1.316410305207682541e-07
2.865693033982097404e-07
1.929870876438144478e-07
4.120565506582352100e-07
3.666771775101551611e-08
7.429927961766225053e-08
9.901162201231272775e-08
6.675049007753841579e-06
6.007941522057080874e-08
3.771366507976381399e-08
2.315509277650562581e-07
1.497095496461042785e-07
7.103929444696177598e-09
3.472377940738624602e-08
6.787883677361605805e-08
3.339619354392198147e-07
3.705447326751709625e-08
4.239499560299009318e-07
6.646178718483497505e-08
6.062619090080261230e-01
5.622200660582166165e-07
1.178494933992624283e-02
6.369048605847638100e-06
1.519169654784491286e-05
1.742484397254884243e-03
1.731785596348345280e-03
3.459274739725515246e-05
3.206661785952746868e-04
3.655754625797271729e-01
4.242428112775087357e-03
8.945919205416430486e-08
2.876300015941524180e-07
5.810776656289817765e-06
2.315161736987647600e-06
1.228040218848036602e-06
5.374143370318051893e-07
4.431381483982477221e-08
5.894682786333760305e-08
2.160747101243032375e-07
3.311089130875188857e-06
5.906047135795233771e-07
2.670918490821350133e-07
4.266959763299382757e-07
5.480739559970970731e-07
2.563068392191780731e-06
2.158514433858726989e-07
1.191779972486983752e-07
2.190890455722183106e-07
5.968312848381174263e-07
