2.153398348525570327e-09
8.574540188988066802e-09
1.653022252412483795e-08
1.274343333079741569e-07
1.115648462501894755e-08
1.734287309318460757e-07
5.414657167079894862e-08
2.147581890099559132e-09
3.984855112548757461e-09
7.519238565123487206e-09
1.115229331105638266e-08
5.421100790492516808e-10
1.803350913043288983e-09
6.340680425154232580e-09
1.610942268470694216e-09
9.115076693433366017e-09
4.338464310027490001e-10
9.446180726513375703e-09
1.871401877906464506e-08
3.108840740395635294e-09
2.668171994457679830e-08
3.785653390764309734e-08
5.552535640163114294e-07
2.311944058419612702e-08
8.170981224964180001e-09
1.778878022662411240e-08
2.592525838451820164e-08
1.181706466013565660e-08
1.127559379199283285e-09
8.336384027529675222e-09
3.354664812604823965e-08
3.453277663822973409e-09
1.158628637476510903e-09
1.123596291563444538e-07
1.967653986412187805e-07
9.491046171206107829e-08
1.916661673817543488e-08
4.683997634202796689e-10
5.486951337729806255e-09
3.353404309791585547e-08
4.831175015596045341e-09
1.930647197667667569e-09
1.003274352484595511e-08
6.448684786164449179e-08
1.433720964172380263e-08
4.437692435743656461e-09
1.324786280676448769e-09
1.486472722689313741e-08
2.223768280629201399e-09
1.353520406865982295e-09
9.789933841375386692e-08
2.723273517801771959e-08
3.824929539764099218e-10
8.948936591757217229e-10
6.089531989772467568e-09
5.969799654614860174e-10
5.298935734643350770e-10
2.801626708404114652e-09
7.040212857134520164e-09
4.322879831875070522e-09
3.968342987548112433e-09
7.473520413636691728e-11
2.102503948719913751e-09
2.007138011350662055e-09
6.853752676505564523e-09
1.476692279567259902e-08
7.813851787830117246e-09
4.992220858923701599e-09
3.348800348135227978e-09
4.153256938366212125e-08
1.257669857146481718e-09
1.072834487914064994e-09
1.358094969816647790e-09
1.710703245727529520e-09
7.580540639651189849e-09
8.308822518898750786e-10
2.690190070708808889e-09
9.849464577271760390e-10
7.059411388787850683e-10
1.221027834397148126e-09
2.167011672327134875e-07
3.703219135786639526e-07
5.698688454458533670e-08
3.080557320345178596e-08
8.182830524283701834e-10
6.822333364908672593e-09
4.808422549018587233e-09
6.620290982084497955e-10
1.663877591262519218e-09
4.245103468747402076e-08
1.638472135745416836e-09
5.076524756120193160e-10
3.726185582308971789e-09
2.378195196328647398e-09
2.664503950811081268e-09
8.573177723292246810e-10
1.959824080799421608e-09
8.989121114133524770e-10
5.358555821288746301e-10
5.008453651811350937e-09
4.747890525180764598e-09
3.869088605057413588e-09
1.812119121424871082e-09
4.840140288564498405e-09
6.652822182040551979e-10
4.549979060186615243e-09
5.200912056579909404e-08
8.010484719989108271e-08
6.382776263080813806e-08
2.040392566016180353e-08
3.715379293112164305e-08
6.686916576015278224e-10
2.686624043235497084e-07
3.836997208850334573e-08
5.859343588099363842e-08
8.252241201489596278e-08
2.145756994309522270e-08
2.876963378639629809e-07
1.099213342570237728e-08
6.841231225962474127e-08
1.968508245298039583e-09
3.132879200506977213e-08
4.443907186679751931e-10
1.908281976881198716e-09
1.335332067142758206e-09
5.352932319624414959e-08
5.669143376962892944e-09
1.243423031205281859e-09
6.243877415101906081e-09
2.476665539319355958e-09
2.173198426769218372e-10
3.104787538177333772e-09
6.143781483558541368e-09
1.383923109443685462e-08
1.358579471144594208e-09
1.375467295616772390e-09
2.239944452142594855e-09
1.064252241889107609e-09
2.375185159664283674e-09
8.618794566928045242e-09
7.126584655736678542e-09
3.036036755332816028e-09
1.129597970717099997e-09
5.133449221261798812e-09
3.655587477169319754e-08
3.013423565789707936e-06
1.550374463477055542e-06
3.238759234136523446e-07
1.858409035548902466e-07
3.845019236337066104e-08
4.164528633054942475e-08
3.276220628123382994e-09
4.131023079168016920e-09
8.856989808236903627e-09
2.815264688038610075e-09
8.228641656948809668e-10
3.547327764863439370e-09
1.927130988121916744e-08
9.827434421794123409e-10
3.324167963114632585e-08
1.217978495837712671e-09
6.174689648474895876e-09
4.672542797123924174e-09
1.264715665527660349e-09
7.745786234636398149e-09
9.475209505893644746e-10
3.613256915890872278e-10
3.556120953263075535e-09
4.225640726218671261e-09
5.527149404827014223e-09
8.890434166630711843e-09
9.977516590709001321e-09
1.022096718372722535e-08
4.445562584720619270e-09
7.307804850142929354e-08
3.891355848661959271e-10
5.899632782302433043e-09
2.010978938926655246e-08
4.383810647823338513e-08
4.873895731449806590e-10
1.221812984120163037e-09
1.092980705941215547e-09
4.335786396580942892e-09
1.928561488284685765e-08
9.331424521974440722e-10
1.212647582349291042e-08
8.845138843582844856e-09
4.161437860972228009e-09
2.504451046547728765e-08
7.246386246606562054e-08
1.337037769388871311e-08
1.851049979961771896e-08
2.059802994835990830e-08
3.571059004059407016e-10
1.779552394332029053e-09
8.880384427811804926e-09
3.109528634581693041e-09
2.109486452184228256e-08
1.567508611799439677e-08
1.229307766692500081e-08
7.215281705441611848e-09
2.220813977160673858e-09
1.180316555604576934e-08
1.334339287950569997e-07
2.818418609606965219e-09
5.304340433553988987e-08
1.190590825927984042e-08
2.760671868884401192e-08
3.774859536065378052e-08
8.990668654007549776e-09
6.566995391921182090e-09
4.828411448443148402e-09
1.915389979956216848e-08
2.453772474098059320e-08
2.832734224966770853e-08
7.315736016977325562e-09
1.009570649301849699e-08
1.680629857503390667e-08
1.114176928496135588e-08
2.503801610487244034e-08
2.084845629468645711e-09
2.716388003420888708e-09
7.993874007183876529e-09
8.076622748376394156e-08
4.091253913429682143e-08
1.403891336515528110e-09
1.457546527916520063e-08
3.368858969565735606e-09
1.303124186335935519e-08
1.533462423708442657e-08
1.106567371067512795e-08
6.598690305281706969e-08
4.192182956330725574e-08
5.304094941038783873e-09
4.621454774422772971e-09
1.510725411435487331e-08
8.808280771432919209e-10
1.190781140358865287e-09
6.916238248777517583e-08
4.838296163711675035e-08
1.479739495380272274e-07
3.358158267019462073e-07
2.871245463609284343e-09
6.721855960734046675e-09
2.812184485279090040e-09
2.918224994985507692e-09
1.703937435593161354e-08
3.723310371128718543e-08
3.330147535507421708e-07
9.623349228604638483e-08
3.043873562091903295e-07
1.424447937381501106e-08
8.194435130448596283e-10
6.382590012066202689e-09
2.041151603293656080e-08
1.978750958642194746e-07
8.223504011084514786e-08
1.349185652088635834e-08
4.556679584766243352e-07
6.298316179709217977e-08
5.340287145827460336e-08
6.839457000751281157e-08
1.710850128233687428e-09
9.253325572444737190e-08
6.964459231539876782e-09
1.414570349744792566e-09
3.362644607207698755e-09
1.822021822306396643e-08
1.212043465592671510e-09
9.383393262396566570e-07
1.234010937878338154e-06
2.400348542153096787e-08
3.690293226554786088e-08
9.538207557113764778e-09
1.092357537757493446e-09
4.127809205556332017e-09
3.309607310431061933e-10
9.870613126850003027e-08
5.986107165512066786e-09
9.083312761504203081e-06
1.961847431175556267e-07
1.410669536738851093e-08
3.411756877014227030e-09
2.099199214455893525e-08
3.069517084952622099e-09
5.289396032281956650e-09
9.606441153664491139e-08
2.052249925554860965e-08
1.668661475662247540e-08
8.351571523235179484e-08
3.245818280817047707e-09
4.576141243717302132e-09
1.084022560604580576e-08
2.050288827604163089e-09
7.896073270785564091e-07
5.132352320913469157e-09
4.231173420521372464e-07
2.183382807885436705e-09
1.791929826744365073e-09
1.722330189579679427e-08
7.293061293767166831e-11
7.695981629751713626e-09
1.102595570401376790e-09
2.053411884972433654e-09
4.850571611036968989e-10
1.223015300144680850e-10
4.315317436720533806e-09
5.183272033804087187e-09
1.851365727389975291e-10
4.131726072387209570e-08
2.324053838265172089e-08
1.540762539775641926e-08
8.244398497225802203e-10
4.594665092838567944e-09
9.570129133606997129e-10
2.509556784602295920e-09
2.451792324720258875e-09
1.344430788918771214e-08
1.734675847409050675e-09
1.006845273820999864e-09
1.092465784502394399e-09
1.033691354734855850e-08
1.747698696874522284e-08
4.600435588031359657e-09
4.303735590127644173e-09
2.253537578766895422e-09
7.882119401614318122e-10
3.505119750002450019e-08
5.236414413190004780e-09
5.905209476964046189e-08
9.239137788163986897e-10
1.519548042949736555e-08
1.620526490775375805e-09
1.750881573059359653e-08
3.096064959962063767e-09
3.329574127519663307e-08
1.330342092842329293e-05
3.588656483088925597e-09
2.236431040358866085e-09
1.534298355032603922e-09
1.540022154244979902e-08
5.485185639031442406e-08
1.460939369479774541e-08
5.673308045572866831e-09
3.226602984796045348e-09
8.824201813695253804e-07
2.905147589160606003e-08
2.642247636686079204e-06
2.312784317837213166e-06
6.358274731610435992e-06
1.933341263793408871e-05
4.364852923544049190e-09
3.153819205792274261e-09
1.029969709520628385e-08
3.824262506668674177e-08
6.388857514139090199e-07
2.976538304721998429e-08
1.721088871420306532e-08
9.623417618342955393e-09
3.129329684270487633e-09
5.143259595996596545e-09
3.612314447565267983e-09
2.910531593514065207e-09
1.500592650138798945e-09
7.745885599597102100e-10
6.343474634462609174e-09
3.178985297225267459e-09
1.110554759264914537e-09
1.681173117384915372e-10
3.585192975830153728e-10
2.681655120184700536e-09
7.062131435198182317e-10
9.137583134588567191e-09
6.705119570682427366e-09
7.502334753439754422e-09
5.435554228938599408e-10
9.205851358995431610e-11
1.993387122034562253e-10
2.320903025321285895e-09
4.912040107996062943e-09
4.721770752169618390e-10
3.048046259834791272e-10
2.574193913584821303e-10
4.933765618275742781e-10
6.112433226235225447e-09
5.991830143159404543e-09
1.855056885879946549e-09
1.431886498259871132e-09
1.734040688816662623e-09
2.644057239820085670e-08
2.984825719920536358e-09
2.946538302239787299e-08
2.623426098580239341e-08
2.647331021066179346e-09
5.206708664218240301e-08
5.265331282089391607e-08
2.406941135291162936e-08
4.219213867173721155e-09
1.305036190224484471e-09
2.233477935931205138e-08
3.146043425772404589e-10
1.202395738530981362e-09
1.379214165098119338e-08
5.669186897705458250e-09
4.479481230390547353e-09
2.019821039311864297e-07
1.308792851872908614e-09
3.570515882955760389e-09
4.275459541958070986e-09
3.637462242522815359e-08
2.975215807055064943e-08
4.194180558414473126e-09
3.769311085477511369e-09
8.838780374276211660e-09
8.281913821406305942e-09
7.191417239482689183e-09
1.482069689195952833e-09
4.006510607723612338e-07
1.661225740301475184e-10
1.190236020853774335e-09
5.806603531333109913e-10
4.518984297874339973e-08
2.386290887113062809e-10
6.916864303541103709e-10
1.335560828596982219e-10
1.645178417675197124e-05
2.338218507702549687e-09
5.266423297456412911e-09
8.725764999439888925e-09
6.743940406117587827e-10
1.454512482679248819e-10
3.347618848792421886e-09
3.721389307820288650e-10
7.191238715620329458e-09
2.935523768510250875e-10
4.077915960465361422e-08
1.341075694938353990e-08
3.659330104710534215e-06
2.332622428546926585e-10
1.979675978702744032e-09
1.244159086866147845e-08
1.761811585510031364e-09
3.043948879621893866e-07
7.811775670774068203e-10
2.074980365307510510e-08
1.941678995365236915e-08
2.260627907091361521e-09
1.120784265395968760e-08
3.034984885630365170e-08
8.542194223082333338e-07
4.944867981748757302e-08
4.352015137154552349e-10
8.693353592548191955e-09
3.318091135184886298e-09
2.916049401946452235e-09
7.680828750800117177e-10
3.568842998902255204e-08
2.079088545769991470e-08
8.137045703904277616e-09
2.438473956090092543e-08
3.671801493965176633e-07
5.917280887501874531e-09
1.542974104040695238e-08
8.177842403256363468e-09
3.406230186797643000e-09
4.600854142111643341e-10
7.604580076758793439e-09
5.014980097861609920e-10
5.764474675373776336e-09
1.188675735619426632e-08
1.097258905957687602e-08
1.161331226740003331e-07
6.338165690067398828e-07
7.623393583067183954e-11
1.635435076252633735e-08
1.067062171955512895e-07
8.889607983064706787e-08
7.981286187508374041e-10
1.776005564835259065e-09
2.256273923251228553e-08
4.083291926804122340e-09
1.930753057433065578e-10
1.481325617724849053e-10
1.524784966022707522e-05
5.479706288724628394e-08
7.477298641367369214e-11
9.005505369197308596e-11
1.120055048708934464e-09
5.370570654861239746e-09
4.616593685113912215e-08
2.641278529225132843e-09
5.862370144882333989e-09
1.276715289044716428e-09
8.457440858755660429e-10
9.004931023071094387e-09
7.488291653423573280e-10
8.069592771775546680e-10
5.706232059310423210e-06
3.468482034918451973e-08
7.574181282166136953e-09
1.277019805456802715e-07
9.585538407463900512e-08
4.246585660894197645e-08
7.715525440765702569e-10
1.701553387079002277e-08
3.016620908624645381e-08
3.620787225599997328e-08
2.312589841846346417e-10
1.136125526990383605e-09
2.415695976587528548e-10
1.213790667975445103e-08
2.459403569687879099e-09
7.009887115216884013e-10
4.007332243816108530e-09
5.732359920074259207e-09
1.791018533481292252e-08
1.533793003716255043e-08
1.160886000661776052e-07
1.351709855157423590e-08
3.166102491292122068e-09
1.599580023992075439e-09
4.039622802931575052e-10
4.518827090294053050e-09
2.941316346039002383e-08
3.278558757813243574e-09
2.216162556578638032e-06
7.713347183191388012e-10
3.040516505237178535e-09
3.540472082175227797e-10
1.588003950558913857e-09
2.015511646469292373e-10
2.101324253489522675e-10
2.705172197359217989e-10
3.816383653543198307e-09
7.118267086880791794e-10
2.939872234541951457e-10
8.210570001665473683e-09
9.452313861402217299e-06
3.308847240646173304e-08
2.745950355986792601e-09
3.331975406695164565e-08
1.191252790855301669e-10
9.545186169246377972e-11
6.542650310414899195e-10
1.971867780170555307e-09
4.420956489781247001e-09
9.785705579190562275e-10
9.334954143014329020e-09
2.349900940501470359e-09
9.969109093788119935e-09
2.568694389137871070e-11
7.865989526401051535e-10
6.279057829239320654e-10
2.168921930945089116e-09
4.552819987679868063e-08
2.377330154956780461e-08
1.612949995788426349e-09
1.300599592468643095e-07
6.542578478985205948e-09
5.552601156644243474e-10
6.763585247426817659e-10
6.866834323382420280e-10
1.998187599383527413e-06
1.480083722249503353e-09
6.391044582443328181e-09
6.598262558554779389e-08
8.139157792186324514e-09
2.892213135652355049e-10
5.680603210045376272e-10
3.977792761844511915e-09
6.484223713520975707e-10
8.795706385456014686e-10
1.573549734956714019e-09
3.847729912465069901e-10
7.466478990636460367e-08
1.189834897274977266e-08
9.118009680619820756e-10
3.989965691175711981e-09
7.246666200444451533e-07
3.563501493886178650e-09
1.832425908787627122e-07
1.612880140555716935e-08
4.395882768903902615e-09
2.887110550631177830e-09
7.103595489610370350e-09
4.031758038536281674e-09
1.348131029033083905e-08
1.177952402287019140e-09
2.330800441541214241e-09
4.065431324917767597e-10
5.269548353226127801e-09
1.119000714311368938e-08
2.248980446317716542e-10
3.973051332373245259e-10
7.702016802113575977e-09
3.985845253851039161e-08
2.301428914108782919e-08
3.408425208739629397e-10
5.974256200858008015e-09
1.355595635743611638e-08
1.209932865009477609e-08
1.704012042580416164e-08
1.181674424977074978e-09
6.337971925063357048e-09
2.149454836342101771e-09
3.629613276601162397e-10
3.590982788903573919e-10
1.493331902580052883e-09
6.723112289108712503e-09
3.852476027077500476e-07
8.802357065462729224e-09
5.828031390819887747e-09
2.727809089719812619e-10
2.520420816498614158e-10
5.536012093187991923e-09
1.005432848089071740e-09
7.936432844246610330e-09
3.306074025655192372e-10
9.629326225280010476e-10
9.037497972208541341e-10
5.045213580245899720e-09
4.986622226255121859e-10
2.997039727503647555e-09
4.913377482651526407e-10
3.694401728981944188e-10
8.986691391044132615e-09
1.831976792487921557e-09
1.784930203641010849e-09
3.270316284442742472e-08
7.710082017275965427e-10
6.950989561715914533e-09
1.031349117219804157e-09
1.827363149686789257e-09
4.823954014021580861e-10
1.150173574160362477e-07
2.895139461500662037e-09
3.518198621321744213e-09
5.643458678150636842e-08
1.580010788870822580e-08
2.980416802245144936e-09
6.552990927666257903e-10
1.763209162009005126e-10
6.238077832065869188e-10
2.834916523752895046e-09
8.043151922265678877e-09
3.810559334738172765e-08
3.874335732234612806e-07
9.853731164355394867e-10
1.608678606990210369e-10
2.912578338509774767e-07
3.487922728417913731e-10
6.229207705210626500e-10
2.679880761746744611e-09
3.323468833471565631e-09
8.127739370422659704e-09
3.469267317868229838e-09
5.611765345747699030e-07
9.068264148481830489e-07
7.125945611363704302e-09
2.019807654463079416e-09
1.594353982170559902e-08
3.048650776271699669e-10
5.937606517569804510e-10
8.738968972465954721e-06
7.495086862263633520e-08
1.336713295607694363e-09
5.265295421885696214e-10
1.374971581036277257e-09
2.871515292213189241e-08
1.410068950491449868e-09
1.121320480912402218e-09
2.997610408783657476e-06
1.453821314498782158e-03
4.413236720512969669e-10
1.386028536387584609e-08
5.065984076679796999e-09
6.406212227361152145e-10
8.348430391436068021e-09
1.411619043878431512e-09
4.077556514658908782e-09
2.363237161517872664e-09
2.075008076474205154e-08
3.899964440279291011e-08
5.245778811335810587e-10
1.098707680391441954e-09
1.379639180676406340e-10
5.338947617339329099e-10
2.481788906327775379e-11
1.175979091883050387e-09
2.320005698663862859e-08
2.704865131875067163e-08
2.009196009566949215e-08
4.399228981100122837e-09
1.704942746982851531e-07
9.425627389703095105e-09
1.392541193467877747e-09
1.324670684255124797e-08
5.214694231980843142e-10
7.784791478115948848e-07
1.107164848690445069e-08
8.305863552493519819e-09
1.964681132449186407e-06
6.655094253460447362e-10
4.056684872466576053e-07
9.969337355641982867e-09
5.137112513153851978e-09
8.974312493137404090e-08
1.306685093460657754e-09
5.807768932442058940e-09
5.312184470085412613e-09
6.026694143734800946e-10
1.746181532702451022e-09
3.666164261062476726e-09
3.363861966754200239e-10
2.034471896505962718e-10
3.171052309625110865e-09
6.812419428570137825e-07
2.817678357303066150e-08
4.095969785566921928e-08
1.425075701888545154e-08
1.895226198200816725e-10
7.278754932116271448e-09
1.616731470921450864e-10
1.411996652933567020e-08
3.033196804835824878e-08
1.452609144081407067e-08
8.120696476376920714e-11
4.698578948136855615e-08
4.561470916542020859e-07
8.067484458251783508e-10
5.351115106577708502e-08
1.346964051407439911e-08
1.438474755977026120e-10
1.934966036287733004e-07
4.800692135487061307e-11
7.700713666736191954e-08
7.566884896448300424e-10
1.319306330849201458e-10
2.412520849759403063e-08
5.938353697665377240e-10
3.178935448211461789e-10
4.309082868303448777e-09
1.272664751361674007e-09
3.068945275686019158e-08
1.883008877712200047e-07
1.391247672621886977e-10
4.357555150047431880e-10
4.971257294705822005e-10
6.579595979161467767e-09
7.381758138080840581e-08
7.809620505838665849e-09
1.120166626122909292e-08
1.607421751259607845e-09
1.154587092599967946e-09
1.832895835107706262e-09
1.006712295748002362e-06
5.895819832346660405e-09
6.637297701672650874e-06
1.243539848871932918e-08
9.652826316042251165e-10
4.044931500857273932e-08
2.760700834603113663e-10
1.358266654705175824e-08
1.117939962824721079e-09
1.080185629831476035e-08
2.794773745762313411e-09
8.600517631407456065e-09
6.854311562776160827e-10
5.882607179152898880e-10
1.857035969443643353e-09
5.787720525063377863e-09
6.880967462485898523e-10
2.016924183223522959e-09
1.316084907720949104e-09
7.405936419679903793e-10
9.117936770053347573e-07
2.078270666672210609e-09
4.092135341693392547e-08
5.162352767484890137e-10
8.211431534732582804e-09
5.968120575516877580e-08
1.970754670566066125e-09
7.322175576973677380e-08
2.679401767125000333e-08
7.521759326500898624e-10
9.352130181383699892e-10
2.190953390934780032e-10
7.757713915701458518e-10
1.381738057304460199e-10
8.267893036872919765e-10
1.016426665056968659e-10
2.970847789995900712e-09
1.373451397057579015e-07
2.224803452577361895e-09
2.180753533309598424e-08
1.315640256507322192e-04
4.481921109800168779e-07
1.895201194201945327e-06
3.351244282079335335e-11
1.455315090659325961e-09
6.345092784521000340e-10
9.633174613554729149e-08
3.159935658914037049e-06
1.558137000756687485e-06
4.992913860135672621e-10
8.731753098345507169e-10
1.379440472959458930e-08
1.668545451138925273e-06
7.119167033664552946e-09
1.791311432519648861e-09
1.273228078524368811e-09
2.447305968988899849e-10
3.870507825354252418e-08
2.822415412495615783e-09
4.655580454482333153e-08
1.202045396553330647e-08
2.372807950123956289e-09
7.848550254152542038e-09
5.793364454831362309e-09
1.622738055040429117e-09
1.586766629202429613e-08
1.534504860956076300e-07
9.692511238057477385e-10
1.007425365351366509e-09
2.587664837960801378e-08
1.371406369798933156e-06
2.736344761888886978e-10
1.033491625612725784e-09
6.103273442192858056e-10
5.047071205410702532e-09
1.016994044533703345e-08
1.989707509864047097e-09
9.703994874143972993e-05
6.416001241404956090e-08
9.625951591374359850e-09
4.539025155736453598e-08
7.937571666616349830e-08
1.225480072974960422e-08
2.890793027177096519e-08
1.670676681442273548e-07
9.344645945930096786e-09
1.626807022425680316e-09
8.675762330767611274e-09
3.824306205046923424e-08
6.134109220568007004e-09
5.099164424038349352e-10
7.539354140995158104e-10
4.379613560701045571e-09
1.520851361513919642e-10
2.175323032815867919e-09
1.434806273792332831e-09
4.401189244163106196e-07
4.723079261026441600e-09
2.607533815535134636e-07
4.126368580159578414e-09
2.799607656811531342e-09
4.312873613798728911e-09
4.398782171843862443e-10
2.033128794209915213e-07
1.088852918940119707e-08
1.370927676935806971e-10
2.989606118219967357e-09
1.438487107208175075e-08
2.793825331082189223e-07
7.144468128217340563e-09
9.707157994087722841e-11
4.522734897705049661e-08
1.177608169200539123e-06
1.085460521466075079e-08
6.088228809986162560e-10
3.917699054056811292e-09
9.030184600078428048e-08
1.792086436580575537e-06
1.597815391107815230e-08
1.967490836918273089e-09
2.659375830660337670e-09
5.649522094586245657e-08
3.826909455995064491e-09
1.678596983634150774e-10
6.535648111594127840e-08
2.026685486100632261e-08
5.159074834004684362e-10
5.878580400242583437e-10
3.991518671142557650e-09
2.764348607797728619e-07
1.589632248055750097e-08
7.019510306349729944e-09
3.928331882008251341e-09
1.225618717626275611e-07
9.222921315554799548e-10
1.427692186695139753e-09
2.068143656330789781e-09
2.075520449951184787e-10
2.163186435533148710e-10
5.645757195082978797e-10
1.538021052738258732e-07
2.768590912083368494e-09
8.240247928448241055e-10
2.042047242412081687e-08
6.699699017786997501e-09
4.870666359124697919e-08
5.944722492046139450e-10
6.945115038625715442e-10
1.434105834086096820e-09
6.446184475095151356e-09
2.972218304808649236e-10
4.738804904036442167e-10
3.376166457513818386e-09
2.157666756374965189e-08
2.933721598985528090e-10
4.768917483133350288e-10
5.024003257858566940e-08
5.807011120850802399e-07
1.723061245684220921e-06
3.442704610279179178e-08
1.841508492361754179e-06
4.141470100194055703e-08
1.038815922171920647e-09
1.872714872064307201e-09
1.898480839201965864e-08
2.073289984139137232e-09
3.887094734977836197e-08
2.040904251154884719e-10
1.771128488314843707e-08
1.573940977550591924e-08
9.085078245263389363e-10
9.284160940037367027e-11
5.197689034730501589e-08
2.360588169381117041e-09
9.137374412659937661e-09
4.603130321356729837e-09
1.489045664548882542e-09
5.729122176667544863e-10
1.231811541657634734e-09
1.791708648113399249e-08
1.386953440984939334e-09
1.178135420332182548e-07
1.857060838439394956e-09
3.875958221044584207e-09
1.110229064238410501e-08
4.221298866013967199e-09
4.888720539497626305e-09
1.621336620516444782e-09
9.883867058135820116e-10
4.766766181774073630e-08
6.487294701429391353e-09
3.057272124351584353e-08
6.652435757814600947e-08
1.709265795568626345e-08
4.102881590029028303e-08
1.894932779578084592e-07
8.600697931626655190e-09
1.750900935348909115e-07
1.878991540138486016e-08
8.429171316493011545e-08
3.872674958493860231e-10
1.132459015451559026e-08
4.426896627052201438e-09
5.506541356226080097e-07
1.510491065559449453e-09
1.260263338132006083e-09
2.181202951589966688e-08
3.267839332465882762e-09
5.135503133857355351e-10
7.417867431414038037e-10
9.607769024810863812e-10
2.394453302301258191e-09
3.106255253015888229e-10
5.971259930959149642e-09
1.210890387959295822e-09
9.897909760475158691e-01
1.516173142590560019e-07
4.064599052071571350e-04
8.410353302679141052e-07
4.213902502669952810e-05
7.266527973115444183e-05
3.301007382106035948e-05
3.637561576397274621e-07
5.331733518687542528e-06
2.904620487242937088e-03
4.874791484326124191e-03
2.010543259656216719e-10
1.890264300641320006e-08
2.364565148127439898e-07
1.135573128863143211e-07
1.169425978275739908e-08
9.518329591173824156e-08
5.070894815162318991e-09
1.340070809874305269e-08
2.108307661785602249e-08
3.119761800007836428e-07
1.706226804287780396e-08
6.770782334797331714e-08
1.320702303075904638e-08
2.085387329486820818e-08
1.060749212911105133e-07
2.577256985603071371e-08
9.525153998879432038e-09
2.067746329714736930e-08
2.171492541336306203e-09
