1.118695802659885885e-08
1.947279493208498025e-08
4.253377205998276622e-09
6.390321232174756005e-07
6.614089187451099860e-08
3.311625818014363176e-08
2.578968505417833512e-08
8.574770227198769135e-09
1.137062799472232655e-08
2.297276147089633014e-08
7.588860206908520922e-09
4.904296413421604939e-10
1.713482689069678599e-09
6.911238248363815728e-09
1.007464001112623464e-09
4.551247378969947022e-09
2.072439164724215743e-10
1.902968227440737792e-09
2.542818933193302655e-08
9.260119782084075268e-09
1.439453534146650782e-08
1.015156936290395606e-08
1.356689551812451100e-07
5.107093414835617295e-08
5.170101236018354030e-09
1.157652995686930808e-08
1.798900051142027223e-08
3.448986651832797179e-09
4.286778043649519532e-09
6.328804147415212356e-09
8.622545344394438871e-09
2.964565259944151876e-09
4.903838446423947062e-10
9.798523770143674483e-09
4.678788911860465305e-08
6.439983479822330992e-08
5.028536254059190469e-09
3.333892606427468763e-10
1.266214688655509235e-09
9.273831147460498414e-10
1.438653973728776236e-09
1.040860841960977723e-09
3.913060153681868769e-10
9.716376148105609900e-09
6.658984474938733911e-09
1.675384631028009608e-08
3.488588862232688825e-10
3.950453297818512510e-09
5.769094979513056387e-09
8.847041987891657300e-10
2.234775138276745565e-07
3.980248663992824731e-07
1.023323314974788900e-09
1.441972652393985754e-09
1.336084665126691107e-08
2.750889072089535148e-09
3.447039986781419429e-09
9.622111996065996209e-10
1.728695586677986284e-08
1.979412900254828855e-08
3.431036788015262573e-08
7.113368782896145603e-10
5.508711264923249473e-09
6.470354918519660714e-09
1.026206852827726834e-08
5.129263414005436061e-08
4.108330564633888571e-09
2.685414024483634421e-08
2.310246216552513943e-09
5.895168353475810363e-09
5.233699695850191347e-09
1.010243000365562693e-08
2.993794989691878072e-09
4.313740120664988353e-08
5.329848207225040824e-08
7.650962530192373379e-09
3.345487664674351436e-09
2.791105480071109923e-08
1.192426712925964694e-09
2.612569494075955845e-09
2.430082531645894051e-06
1.199969688059354667e-07
3.635541645508055808e-08
8.785455918314255541e-08
4.291899280417510454e-09
2.474762839099753364e-09
5.578325801280925589e-09
8.004754192825203063e-09
1.234347069001273667e-09
7.394395762361227753e-09
6.402035568342512306e-10
9.233479258963228631e-11
1.116761572106383937e-09
1.054404452638380008e-09
5.086529863973510146e-09
1.582700526192581947e-09
2.447802405214360988e-09
1.035794783277310671e-09
1.525847004302249843e-09
1.303693153431595420e-07
1.397779225698059236e-08
3.621492439265239227e-08
2.944284593908719216e-09
9.684219648420366866e-09
1.380519876192920492e-08
3.278634697068127934e-09
1.397984394913009965e-08
3.429232720009167679e-07
1.192527410154298195e-08
9.561067493280006602e-09
1.851663711249784683e-09
1.055623921608628280e-09
5.446485484839058699e-09
6.612307146269813529e-09
1.538137297529829084e-07
1.108502623026197398e-08
1.115161474274373177e-08
7.446399052923879935e-08
2.415352895468458883e-08
2.047234204383130418e-08
2.450324831926309344e-09
7.452860018020146526e-07
2.256566045133467924e-09
1.884550515640626145e-09
1.862836551680402408e-09
6.259463170010803879e-09
7.871848950458115723e-09
3.074814847181528421e-09
1.181533093586040195e-08
1.369083624247480202e-09
1.356886047965133457e-09
2.052539027630473356e-09
3.473691334576756162e-09
5.853756146478872324e-09
4.790912555563409114e-08
5.368062439004006592e-09
5.465028873885557914e-09
2.225563733304625202e-09
9.274999102082404079e-10
4.566002242967215352e-09
1.140512040365138091e-08
8.992917521766230493e-09
8.966912767860435451e-10
2.097785722909861761e-09
5.280488579728626064e-08
3.486603873170679435e-06
1.625986811859547743e-07
1.249162195904318651e-08
9.505519074082258157e-07
3.970956008458870201e-09
4.759245086916052969e-08
3.052760710886559536e-09
9.304806702914447669e-09
1.318694042851120685e-08
1.034527752352687457e-08
4.192781677403445428e-09
7.321041994856614110e-09
1.875640265325273504e-08
6.854917966592211087e-09
3.087700406467774883e-07
1.279636840934017528e-08
6.264519214482788811e-08
2.697611733992744121e-08
5.776288247716365731e-08
8.926001981990339118e-08
3.993013564240754931e-08
1.465346244344800652e-08
6.187568857285441482e-08
4.272079578981902159e-08
3.098423064784583403e-07
8.410783891577011673e-08
2.892205586135787598e-08
3.235610677165823290e-07
1.396186490865147789e-07
5.578613695433887187e-07
4.722233271081677231e-09
5.370441513719015347e-08
8.647712093079462647e-07
3.004183213306532707e-07
4.240513717945759709e-09
6.518540374145231908e-09
4.622733751347141151e-09
8.705384857421449851e-09
2.301613655220080545e-08
4.961484556531559065e-09
5.834208494093218178e-08
6.945424679827283398e-09
8.855184141509653273e-09
1.483944060964859091e-07
5.938522349424601998e-07
1.082098108895479527e-07
7.534447377111064270e-08
6.932855001196003286e-08
2.957420974780688994e-09
1.601452481736487243e-08
1.838527197151051951e-08
1.018292739018988868e-08
5.226991106610512361e-07
3.030473649801024294e-08
2.513932528813711542e-08
1.637582869307152578e-08
4.345647841574873382e-09
7.393366807662005158e-09
2.432495023185765604e-07
1.002610705569395577e-08
1.381786489673686447e-07
1.223717447373928735e-07
7.806363555573625490e-08
4.537543816240940941e-07
8.685437080657720799e-08
1.279973638190767815e-08
5.404144687304324179e-08
1.623540271111778566e-07
1.400445910348935286e-07
1.892242238454855396e-07
1.627980736884637736e-07
4.384346752317469509e-08
1.231654351840916206e-07
1.809305771871549950e-08
3.684730032205152384e-08
1.375339753195703452e-08
8.071523005526159977e-09
1.678884871125774225e-07
9.197578947350848466e-07
2.380181030048333923e-07
5.293073357393041078e-08
4.218130555955212913e-08
5.072329756217186514e-08
4.364766539310949156e-07
1.034439591762748023e-07
7.042474692298128502e-08
3.433368931382574374e-07
1.312928645802458050e-07
3.112966950880036165e-08
5.940682612504133431e-08
6.155037226562853903e-07
1.180537445577556355e-08
4.570759770672339073e-09
1.496567847425467335e-06
6.198947062330262270e-07
4.014545083919074386e-06
4.611240001395344734e-06
2.940526044881153211e-08
1.441920431943799485e-07
1.491416696808300912e-07
4.438176048893183179e-09
1.434228693142358679e-06
9.178318691738240886e-07
1.663355305936420336e-06
3.173735194650362246e-06
2.714472486786689842e-07
7.292642578704544576e-08
3.697527617418927548e-09
1.729223164659288159e-08
3.090603684086090652e-08
1.344646534562343732e-06
1.449992907964769984e-07
8.891355207651940873e-08
1.802901920200383756e-06
2.398609844078691822e-08
5.776519174105487764e-08
6.812455666249661590e-08
5.662703195241647336e-09
1.513460432533975109e-07
2.945258081865631539e-08
3.129091430409403074e-09
7.785482480926475546e-09
1.481198239616787760e-07
7.078575947616627673e-09
4.755468125949846581e-07
3.779642554491147166e-07
2.645840311288338853e-07
7.071063379271436133e-08
1.191786136445216471e-08
8.293913111856454634e-09
2.196303050538972457e-08
3.845463392160297644e-10
6.615704251089482568e-08
3.567051987118929901e-09
5.360752766137011349e-07
9.978831485568662174e-07
1.123035620054224637e-08
9.727167515904966422e-09
1.602745136608518806e-08
4.358397642789668680e-09
8.400326656499146338e-09
1.678926508930089767e-07
2.064912862920209591e-08
1.033285368379210922e-08
2.626601158794983348e-08
3.836601258910832257e-09
1.718621467361458599e-09
1.827451434621707449e-08
2.165132295672833607e-09
8.069829391388338991e-07
3.066886122837786388e-08
4.249916685239440994e-08
3.248006663625346846e-08
1.069201879810854905e-10
2.169970336751703144e-08
2.335405480113905696e-10
8.426066067102055968e-09
2.458451664466565489e-09
3.970885564807957735e-10
1.554811279724788164e-09
1.265277993489632991e-09
4.345299675634350933e-09
4.999797020843743667e-09
5.390560775531128002e-10
1.324916176770329912e-08
5.363358113186222909e-08
8.151260999511578120e-09
3.442911788997804479e-10
4.884470605759361206e-09
6.494795257161456448e-10
2.032320978173629555e-09
1.109707992164032930e-09
1.955757999994034435e-09
6.619862435996992645e-10
9.501579523174541464e-10
2.865545134511648939e-09
5.496525901094173605e-09
3.689630156955558959e-09
2.619964911687588938e-09
2.113001329462349531e-09
4.717072843440917040e-10
4.805184028455755652e-10
2.623401762491539557e-08
1.630326873502951912e-09
8.460399492093984009e-09
6.653512851784171289e-09
2.443614555147632927e-08
8.581134913754340232e-09
2.281145938809459039e-09
2.452246405937330564e-09
9.167873571414020262e-09
3.386129492355394177e-06
1.092399859459192157e-08
1.479846911678350807e-09
4.515099050195203745e-08
9.839318693138920935e-08
1.940317844173478079e-07
4.308312995249252708e-08
7.001153878860577606e-09
7.598636386774160201e-09
1.029637496685609221e-05
3.215664605704660062e-07
2.653640876815188676e-05
8.976929279924661387e-07
1.961810630746185780e-05
2.290850943609257229e-06
7.957700276506329828e-09
3.249499869184546696e-08
4.132640896159500699e-08
5.551686399485333823e-08
4.840852488996461034e-05
4.889562532639502024e-08
8.149675601032413397e-09
7.264179924248992393e-09
2.816172850472753453e-09
5.510876199821268528e-09
1.912487945787688659e-08
1.042055153277487989e-08
7.070573460055129544e-09
3.475043142131539753e-09
1.164580432089223905e-08
1.427358320427174476e-08
1.353652301361307764e-09
1.015636796886099091e-09
8.341217161422775916e-10
1.284352957320322730e-09
2.460027737072323362e-09
6.219666115470090517e-09
1.490709244933441369e-08
8.985905353142698004e-09
2.501657547782087931e-09
4.236389017364672327e-10
5.981388995213166027e-11
4.491476524037807394e-09
1.146706174459666272e-09
1.140450622827415827e-09
2.232404039403945717e-09
8.691511399483431433e-10
2.082715555573599886e-09
1.445864850069256136e-08
1.515283116759746918e-07
3.881181598330840643e-09
4.010704657275709906e-09
7.257823231299198596e-09
2.569742463265356491e-08
2.061598447511414633e-09
2.485257084572367603e-07
3.687737448743177993e-09
4.052472801774342770e-10
5.555693860515020788e-07
9.757759045214697835e-08
1.775180535901199619e-08
1.718267417238905637e-09
4.534785702503540961e-08
5.246933483249449637e-07
4.387925578441809193e-09
7.417905578677164158e-08
2.421747922198846936e-07
1.595370235918380786e-08
1.240617422126888414e-07
2.849502607205067761e-07
2.099888440909580822e-08
2.902563380757783307e-07
5.412521275616200001e-08
1.504954866504704114e-06
2.674970289717748528e-08
6.438235722328045085e-09
1.413825657436973415e-06
3.779069288611935917e-07
2.153095834955820465e-08
3.021942518444120651e-08
7.421485292979923543e-08
4.221213657729094848e-06
1.138353411533898907e-09
7.536556267950800247e-09
9.720825033809887827e-09
8.248911171904182993e-07
1.259203852299606297e-09
4.986675961049513717e-08
2.578889990445532021e-08
2.251870173495262861e-04
2.063184822986841027e-08
1.387088701676475466e-07
9.202653927786741406e-08
6.132624630339478244e-09
1.038251973284332053e-08
2.768349816051340895e-08
5.240122114003042952e-09
1.404736238441728347e-08
8.023031128345792240e-10
2.569062473867234075e-07
9.475849651607859414e-07
7.430341497638437431e-07
8.356683345311921585e-09
3.522269764744123677e-08
1.058014618138258811e-07
1.082226077642189921e-07
2.597046488972409861e-07
4.566688416307584930e-10
6.631385076616425067e-07
2.522977560204253678e-08
3.530527870054811501e-09
9.642974418966332451e-08
4.758893794587493176e-07
2.736827264016028494e-05
1.618878059161943384e-06
6.411056130417591703e-09
1.866567345132352784e-09
3.181942176411212131e-08
9.119011679104005452e-08
6.845601863147976474e-09
1.409376348959767711e-08
3.833684303344853106e-08
5.431083494045196858e-08
9.414767987436789554e-07
4.359499712336400989e-07
5.100016764458814578e-08
1.617874900716742559e-08
5.139124326092314732e-08
2.524825015726150923e-09
1.694412610220297211e-08
2.784484252060792642e-07
5.622463383758713462e-09
1.775946714133169735e-07
8.981128729601550731e-08
8.088771608072420349e-08
5.981834760859783273e-07
5.464498099172487855e-05
2.215440331188034406e-10
7.353705644419505916e-09
4.557632928481325507e-05
8.435337122136843391e-07
7.057097128893019544e-10
2.970017121128876170e-08
5.729973509005503729e-07
2.308700430830867845e-07
5.491244792210636660e-09
6.726846635274341679e-09
4.466190875973552465e-05
2.205437432678536425e-08
8.869345258233352070e-10
2.530697207347998301e-09
7.164424431493898737e-08
4.770669193021603860e-08
3.385662807886546943e-07
2.453674774471892306e-08
8.334799161957562319e-08
1.651786263323629100e-09
1.293982609951171980e-08
1.834078346973910811e-07
1.892652790047577582e-08
1.290240803086817323e-09
1.886993231892120093e-05
5.435207839354916359e-08
3.297136075275375333e-08
3.321983115256443853e-07
5.829684255331812892e-07
5.877634734474668221e-08
3.153634864361265500e-08
8.015743446776468772e-08
2.773726635041384725e-07
4.208037651665108569e-08
2.476936344919522526e-08
1.409013528075320210e-08
4.853323520848107364e-09
9.614136153857089084e-09
1.496650128274268354e-07
4.176913481757082991e-09
1.088059633502780343e-07
3.283454930169682484e-08
1.234690927276460570e-07
2.936574716727591294e-08
1.672253375772925210e-07
3.586520733733777888e-06
1.935530136165652948e-08
1.056551024447571763e-08
3.462228281847501421e-09
9.018016555728536332e-08
8.919880087887577247e-07
3.332942455358534062e-08
1.951692684087902308e-05
2.070169635715046752e-08
1.761692658419633517e-07
4.188944746630340887e-09
4.945168274872457914e-09
1.255971060487581781e-08
4.292644462111638859e-09
6.798174467803619336e-09
1.377956859727191841e-09
1.161228979640327452e-08
4.550873899944463119e-09
1.731306440433399985e-07
4.282202280592173338e-05
4.909666699859371874e-07
1.563873697207895930e-09
1.016478279325383483e-08
1.373739788590455646e-09
1.293907869737154215e-09
5.264837010798828487e-09
1.011048755827914647e-08
1.212654687776648643e-08
4.150048749096413303e-09
4.955782060278579593e-07
3.583968180009833304e-07
1.634867707878129295e-08
5.432963523510636605e-10
1.179479625079693506e-08
1.114028336246519757e-08
3.762209388469273108e-08
3.322254116255862755e-08
2.970534183077688795e-07
5.473753361684430274e-08
1.339468838068569312e-07
9.993549809905744041e-08
2.859290049173068837e-08
1.029853891054699488e-08
2.229656281826919439e-08
3.506119810481322929e-06
2.703724355512804323e-09
3.237881074369397538e-08
8.555011845601256937e-07
6.611226410768722417e-08
3.328474607044995537e-09
1.769663349193706381e-08
2.180202045565238222e-07
4.743492265646409578e-09
6.296791354998276802e-08
6.672502905757937697e-08
1.977416630438710854e-08
9.324929237664036918e-07
9.100338616008230019e-07
6.217452153123304015e-08
1.297659792953709257e-07
1.033805915540142450e-06
2.276726362993031216e-08
9.010955182020552456e-07
3.676349820125324186e-07
8.777093718492778862e-09
3.606080412055234774e-08
3.940497261822883956e-09
8.896987679918311187e-08
4.953100329885273823e-08
1.591173415249613754e-08
1.603775601211054891e-08
1.905252844380811439e-09
1.058435401546375942e-07
2.770038642907479698e-09
6.954700149108816731e-10
1.091764456617738688e-08
1.559803166628626059e-07
6.140317765357394819e-08
1.797714048734633252e-07
3.212888843862060639e-10
4.175491881142079365e-07
1.276119654392005032e-08
7.928914413923848770e-09
5.265021130185232323e-08
8.020418995613454172e-09
4.437431186943285866e-07
4.152069266183389118e-08
8.763326952987426921e-09
8.762119363403542138e-10
4.310480861136056774e-09
7.035543259092946755e-09
4.728296971734380350e-06
9.517768262412573677e-08
1.231786495026199191e-08
3.921656599459311110e-08
1.544962380251035938e-08
3.831454620240037912e-08
8.037080334588608821e-09
1.262891746733885157e-08
1.699026586088336899e-09
2.794951825535463286e-08
2.498478046675245423e-08
3.852568681850243593e-07
3.093275324772548629e-08
1.805813276689605118e-08
9.091910557756932576e-10
3.425784322885760957e-09
1.766692037108441582e-08
1.851982389666773088e-08
3.351998145717516309e-08
1.560042619530577213e-07
6.385258100038981866e-09
7.080249719848552559e-09
7.913020461103315029e-09
4.069183390242869791e-08
1.162686613653818313e-09
3.920660276435228297e-07
7.724247019780250412e-09
1.030612395425123395e-08
3.293261215731035918e-06
1.147825656744316802e-07
1.659337200976551685e-08
2.327646297928254171e-09
1.787779035922199000e-09
3.664375469725200674e-09
1.081173195416340604e-08
5.196312358179966395e-08
1.279266541587276151e-07
8.058867024374194443e-06
3.060701470047888506e-09
3.963079198143759641e-09
2.069043887331645237e-07
3.707131490671145002e-09
4.467502368044051764e-09
2.184821568107508938e-08
7.002047937021416146e-07
2.335968076749850297e-07
6.831792376260636956e-08
4.675959280575625598e-05
7.926681064418517053e-06
1.834498219999147750e-09
5.954962745136072044e-09
1.707609385448449757e-06
9.638984010962303728e-08
1.178166630921850810e-08
1.277578030567383394e-05
1.958444727279129438e-06
5.333796480044838972e-07
1.873140531571948486e-09
6.748011482926585813e-09
3.628572287084352865e-08
2.831188394836203770e-09
1.606591695235692896e-07
1.060330396285280585e-04
1.030542887747287750e-02
1.365766788552491562e-08
1.218320733187283622e-08
1.708264107946888544e-06
4.666888209214903327e-09
4.869586955891236357e-09
7.668381130088164355e-08
6.232658389393463949e-09
4.486792715141518784e-09
2.072174765999079682e-06
2.834017038821912138e-07
9.094134334475256765e-09
6.841663235945816268e-08
1.879808309013242251e-09
7.894116471618417563e-09
1.775934843628590443e-09
2.541194632499355066e-08
7.244909028258916805e-08
1.275310097526016762e-07
2.662906695150013547e-07
1.163099749845741826e-08
8.345255650965555105e-07
2.899529327748950891e-08
2.178942537511829869e-07
1.545200944974567392e-08
9.241698961659494671e-09
2.576041424617869779e-06
3.663566161549169919e-08
6.193176460556060192e-08
3.461781261648866348e-06
1.082405098884464678e-08
1.999590313062071800e-05
3.630786125086160609e-07
4.339038639500358840e-07
2.288894165758392774e-06
2.291507428253680700e-07
8.159369002669336624e-08
5.649302137200606921e-10
3.008707061269433325e-09
5.147266790572757600e-08
4.410978249325125944e-08
8.139767970760658500e-08
6.505212812868421679e-09
1.563931384396255453e-08
1.820487705117557198e-05
6.016838369760080241e-07
8.806728857280177181e-08
1.038795218732957437e-07
3.213944443913874238e-09
1.632355473013546998e-09
4.223079219656256100e-09
2.255965654285319033e-07
1.321250095998038887e-07
5.757303611630959495e-08
7.220111730710243592e-10
3.071371565965819173e-07
1.293684590564225800e-07
9.650126919780177559e-09
1.220127217038680101e-07
2.562328802468982758e-07
4.867228398097722675e-09
1.504804231444722973e-06
8.007655871722363372e-09
2.076387346505725873e-07
2.825826186381164007e-07
2.740875304496626086e-09
3.383283626590127824e-07
1.538944971457567590e-08
1.456059384175034666e-09
3.189785102719611132e-09
9.021333013947696600e-09
2.804175096571270842e-07
3.818710752057086211e-07
7.416090852530032862e-09
7.793862444316346227e-09
2.714943381221246455e-09
1.994038933972319683e-09
2.857561653968332394e-08
3.252660807362417472e-09
7.407498969769221731e-08
7.731695461643539602e-08
7.031277782232336904e-09
9.572435288873748505e-09
8.240400347858667374e-06
2.171654642779685673e-07
3.354147193022072315e-04
5.429840399528984562e-08
1.595245535668254888e-08
3.185389516602299409e-07
1.202336807892834258e-08
1.373906286517012632e-07
7.818773184453675640e-09
1.342919659919061814e-07
1.145328170082393626e-07
1.990395581685788784e-08
1.411514238824906897e-09
1.540163374613712222e-08
4.282432186641926819e-08
9.435881409558533051e-09
7.308095462121855235e-09
1.756062495417154423e-08
2.819506761397860828e-08
1.160471052585876350e-09
7.974372095986836939e-08
3.659201652794763504e-08
8.988647159924312291e-09
1.630918511352774658e-08
1.408216263598660589e-07
9.470938522326832754e-08
5.109256306923271040e-08
1.226135168508335482e-06
2.920615749246735504e-08
2.339200166900923250e-09
1.315794584400009626e-08
4.148655641245113657e-09
1.201529897798536695e-08
1.405828897738103933e-09
4.704686418222081556e-08
1.430693785664516327e-09
1.218804754898883402e-07
3.883362182932614814e-07
1.031538765516870626e-08
1.150236386138203670e-07
1.085929456166923046e-03
9.257732926926109940e-06
2.982241539939423092e-06
3.155430639001366444e-10
1.204324462378281169e-08
2.459630188411665586e-08
1.200739507822845553e-08
3.336715963087044656e-05
1.498803976573981345e-05
1.026279328186774364e-08
7.723201633780263364e-09
2.946730148778442526e-08
3.882351666106842458e-05
1.075693489838158712e-08
8.230609083170747908e-09
3.414024973835694254e-08
9.915972931651140243e-09
2.221659798351538484e-07
8.010043472950201249e-08
8.663300121725114877e-08
6.737388389410625678e-07
7.297950022078225629e-10
5.402014267019694671e-07
7.856837669351079967e-08
8.124284356370026217e-09
7.761234428471652791e-07
7.150966325752960984e-07
4.262239272634360532e-08
1.985814179761291598e-09
3.593261865830754687e-08
8.258671755356772337e-07
1.219041401157028304e-08
2.846323354788182769e-08
6.758096304793070885e-09
7.962399308780732099e-07
1.495330970158192940e-08
1.729694965035832865e-08
9.102639160118997097e-05
1.335263704049793887e-07
2.789487574261784175e-08
3.152317873400534154e-08
1.950299747477401979e-06
6.372076768457191065e-07
4.232857975239312509e-07
1.231062651640968397e-05
2.408677524101676681e-08
4.477288939597201534e-08
9.859395966316242266e-09
1.179276296170428395e-06
2.236910390251978242e-08
1.205942634641132827e-08
4.136102660368123907e-08
5.235269640024853288e-08
7.419939329622593505e-09
2.950999089534889208e-08
4.570272160719923704e-09
3.731097604031674564e-05
1.483429059589980170e-07
6.463952217927726451e-07
2.593334045286610490e-07
5.998234797743862146e-09
1.170622354607075977e-08
4.991402846599157783e-09
2.482124372704674897e-08
5.436206151898659300e-07
3.813640958583164320e-09
3.044644714123023732e-08
7.245105848596722353e-07
1.354742471448844299e-05
1.636934001680856454e-07
1.036822738775811104e-09
1.294978915211686399e-06
9.897074960463214666e-06
2.383809949435544695e-08
1.061714449690498441e-08
2.237363929680213914e-07
1.020481548152929463e-07
1.164854911621659994e-04
3.126993064483940543e-08
6.758580184396123514e-07
1.743966038247890538e-08
4.478378286876250058e-06
1.944567316058964934e-07
4.018990473753092374e-09
5.028330178902251646e-07
5.264278570393798873e-06
7.765613929677783744e-08
6.700390908775943899e-09
6.500813043430753169e-08
1.429939544550506980e-07
9.661158095752853114e-09
2.735600617143063573e-07
5.653098877900220032e-09
4.419404376676538959e-06
7.536772095306787378e-09
1.418010153741988688e-08
8.390783179379468493e-09
8.497482717473303637e-09
4.552009047475991110e-10
6.355901582821843476e-09
2.104930274526850553e-07
8.621693581289946451e-08
7.853181926975594251e-08
9.252620714050863171e-08
2.953313327225259854e-08
4.354982650056626881e-07
1.237304303458586219e-07
2.443180102673636611e-09
8.993620959074632992e-09
1.651739012231701054e-07
1.644929081834334283e-09
2.416568278817976534e-09
5.391357760231585416e-08
3.668796821898467897e-08
1.434386032173051717e-08
1.099813307092745163e-08
6.258571261241741013e-08
2.735533053055405617e-05
7.492154168176057283e-07
4.929491126404172974e-08
4.183675264357589185e-05
2.158866436730022542e-07
1.049535303110360474e-08
2.020190237317365245e-08
1.031551022379062488e-07
6.230308713384147268e-08
3.933813559342524968e-07
1.376168179412218251e-09
8.232901471671993932e-09
1.119517545333792441e-08
4.062419289851959547e-09
3.340334120416343922e-10
9.186975091779459035e-08
7.903362408967495867e-10
1.805152116673980345e-08
1.101403968029046609e-09
4.458385660655039828e-09
1.296673168837969570e-08
2.284215261383337747e-09
8.256159311770261411e-09
5.461108232296396636e-10
3.379378767931484617e-07
8.708901932941159885e-10
8.249879002164561825e-09
3.717596674945866653e-09
2.727535086677335130e-09
8.627282888085119339e-09
1.706711327820187307e-09
4.166837708208248614e-10
2.213157479502569913e-08
9.535043865582792932e-09
4.078219717484898865e-08
2.148158131376476376e-07
7.947647873152163811e-08
7.355112785489836824e-08
1.022152957830257947e-07
5.782634371342965096e-09
1.525745929598087969e-08
9.511448517685039405e-09
5.443508044322697970e-08
3.731599029777044052e-09
2.679753530188122568e-09
1.179751296653819281e-09
2.999586740770610049e-06
3.863610320564703215e-09
6.573250388441920222e-09
3.104096890638174955e-08
1.769446589250378565e-09
2.647128349853034024e-10
1.124548343334197398e-09
2.962903256076288017e-09
2.803745857704598166e-08
6.898055460169416619e-09
1.400043885269042221e-07
1.047533260134514421e-08
8.665661215782165527e-01
1.331697262685338501e-06
1.112347963498905301e-04
9.550574731065353262e-08
1.866471393441315740e-05
1.901121140690520406e-04
6.158618930385273416e-07
2.352011563289124751e-07
5.542907501876470633e-07
1.199376061558723450e-01
7.177329280239064246e-06
1.010954342461900524e-08
6.703181298917115782e-08
2.891426618134573800e-07
2.858399739125161432e-07
4.503299066982435761e-08
1.260918764955931692e-07
4.505780193397868061e-09
4.270399145411829522e-09
2.439684010369091993e-08
1.345786415640759515e-07
1.862166065791370784e-08
3.576564111540392332e-08
2.622416062081356358e-08
2.901095186302882212e-08
3.561980008726095548e-07
7.607443563983906643e-08
1.687452666487843089e-08
4.496165217915404355e-09
1.398039870537104434e-07
