4.187836211144713161e-08
1.621111955785181635e-08
3.299188620076165535e-07
4.625940448477194877e-07
2.293426888400063035e-07
6.360549775763502112e-08
7.547924951722961850e-08
2.801340315272682346e-08
4.238532937961281277e-07
2.586081791378092021e-06
1.639286040244769538e-08
1.460065046643421738e-08
9.339337303515549138e-09
4.039019074753014138e-08
8.949370133848333353e-09
4.381847418244433356e-08
4.141405884894311384e-09
1.672003868691263051e-08
3.078465624639648013e-07
1.335271520019887248e-07
4.301440625908981019e-08
4.368993167247481324e-09
5.350098604139930103e-07
2.776134806481422856e-07
2.473801430369348964e-08
4.500635419901755085e-09
1.717187281258247822e-08
3.522362401753298400e-09
2.326245152062256238e-08
1.813749150869625737e-08
4.771970907313516364e-08
6.089568405087675274e-09
2.233984552901802090e-09
8.089205039141234010e-08
2.992488248310110066e-07
5.409590286831189587e-08
4.397498400976473931e-07
4.318924773372145864e-09
3.622943367531661352e-08
1.013195998211813276e-07
1.306434338488315916e-08
1.399881544017489432e-08
1.319287701306848248e-08
1.323627962790396850e-08
2.839870383297693479e-08
1.707963406261114869e-07
5.881769737925424124e-09
6.341867031522951947e-09
1.166895113868804401e-08
7.773879318051513110e-09
7.875265737311565317e-07
8.682899874656868633e-07
1.344861910723693654e-08
3.691925432036669008e-09
7.941829238689024351e-08
3.728426012372665355e-09
1.829726556934474502e-07
1.894646750599804363e-08
1.149968724689642841e-07
2.381637642656642129e-08
9.537067313658553758e-08
2.165641355134084733e-08
2.358145394509847392e-07
9.549950164000620134e-09
2.940363330594664149e-08
5.681715364858064277e-08
5.294607774430915015e-08
4.322165381154263741e-08
3.178442042894857877e-08
1.446157966711325571e-07
1.247494885170397083e-09
4.296863309605214454e-09
3.123575842423065296e-09
1.153203577075601061e-08
1.359967605196743534e-08
8.831907649664572091e-09
6.816173225843158434e-08
8.758280323206690809e-09
3.555952421407937436e-09
1.447846376123607115e-08
6.085098789299081545e-07
1.649057821850874461e-06
8.350509688170859590e-07
3.765661062971048523e-07
3.550606564317604352e-08
1.664271707113584853e-07
4.939763016409415286e-07
2.712544642236025538e-07
8.629784886693414592e-09
3.174213247802981641e-08
4.846681278536379978e-09
3.229207790056420890e-09
1.166384988593449634e-09
1.374589864155950636e-08
2.227287687617263146e-09
2.898759454694754822e-09
2.657440845155178977e-08
2.043972457954623678e-08
1.812072980555967661e-07
7.344300456679775380e-07
1.223872232003486715e-06
3.529997627538250526e-08
2.885506660277314950e-07
2.790237907390746841e-08
1.400786402427911526e-07
1.306499175512954025e-08
7.000346045060723554e-07
3.059220787804406427e-08
3.627596711908154248e-08
4.373672624069513404e-08
2.794326769972599323e-09
1.043478858875346305e-09
1.250177064093804802e-07
1.319156872625626420e-08
1.044546138473378960e-07
3.390902492128589074e-08
1.863917908906387311e-08
9.041560389277947252e-08
2.309532760591537226e-07
4.765106780268979492e-07
3.772713697003382549e-09
1.411600578649085946e-07
6.185798184787927312e-08
1.395224824563001675e-08
7.912492883122013154e-09
2.045942260053834616e-08
2.412897659453960841e-09
2.530989604565547779e-07
1.836341425587306730e-07
1.632290924646895292e-08
1.797020843241625698e-08
9.851125248871994700e-09
5.423278892635607917e-08
1.332735166670317994e-08
2.466815374191355659e-07
1.178298774107133795e-07
5.324127272388068377e-08
1.916460945494691259e-08
1.616314193597645499e-08
2.398551828264317010e-07
3.893417144240629568e-08
1.548547601259997464e-07
1.230232182791723972e-08
4.745085391277825693e-07
5.669361371474224143e-07
6.609546835534274578e-05
9.998813766287639737e-06
3.863920028379652649e-07
1.861961891336250119e-06
7.131318646713680209e-09
5.069414328318089247e-06
3.063917688450601418e-07
1.452797420142815099e-07
4.400917532620951533e-07
1.533301201561698690e-07
1.118088519547200121e-07
5.136364507052348927e-07
1.996575349494378315e-07
5.103159850250449381e-08
1.109188019654538948e-06
4.250336473887728062e-07
5.198535859562980477e-07
3.981323288826388307e-07
8.737377754641784122e-08
3.676676101349585224e-07
1.827379350061164587e-07
3.284112892742996337e-08
1.395773807644218323e-07
3.800849697199737420e-07
1.857910660874040332e-06
1.306342255702475086e-06
4.616843796156899771e-07
1.231422515957092401e-06
1.164744958259689156e-06
1.717822124192025512e-05
4.775630912945416640e-08
1.051952764896668668e-07
6.762394150428008288e-06
3.537665179464966059e-06
9.809786405412523891e-08
5.331861174795449188e-08
5.545879275814513676e-07
3.828319279364222893e-07
9.889211014524335042e-07
1.081686491488653701e-07
3.273944741977174999e-07
1.599971142240974586e-07
8.182138344636769034e-08
2.079896148643456399e-06
2.898339880630373955e-05
5.369342943595256656e-07
3.497677198538440280e-06
1.255713755199394654e-06
3.278931899330927990e-07
7.996930406761748600e-08
1.002330165533749096e-07
1.802221873958842480e-07
1.688548400125000626e-05
2.837824979451397667e-07
1.307355546487087850e-06
7.547654945483373012e-07
2.473878168984811055e-07
6.764377644685737323e-07
3.501896344459964894e-06
5.287465683068148792e-07
8.009585144463926554e-06
4.716313469543820247e-06
2.655657453942694701e-06
1.198967765958514065e-05
2.739523324635229073e-06
9.736636457091663033e-07
1.920968088597874157e-06
3.730455546246957965e-06
2.878941586459404789e-06
1.254543713002931327e-05
1.693727654128451832e-06
8.690961408319708426e-07
1.142243490903638303e-05
2.630341441545169801e-06
4.336985057307174429e-06
1.586357711857999675e-07
1.226869812853692565e-06
4.029531737614888698e-06
4.628312581189675257e-06
7.910882231954019517e-06
1.176152750304026995e-06
2.515858795959502459e-06
5.217289640313538257e-07
2.394061266386415809e-05
8.108112524496391416e-06
7.390137852780753747e-07
1.800983227440156043e-05
7.168983302108244970e-06
2.924844466178910807e-06
5.964369620414800011e-07
3.123514943581540138e-06
8.985691692942054942e-07
1.298542571248617605e-07
8.337813596881460398e-06
9.603197395335882902e-05
2.604554538265801966e-05
4.601512046065181494e-05
1.240292704096646048e-06
4.171046157352975570e-07
1.014987674352596514e-06
4.119842174077348318e-07
3.089993697358295321e-06
9.767372830538079143e-07
5.049583251093281433e-06
8.557697583455592394e-05
1.521305239293724298e-05
2.361436600040178746e-06
3.111588569026935147e-07
5.041203507971658837e-07
7.325421051973535214e-07
1.613442009329446591e-06
5.671709004673175514e-05
3.314109108032425866e-06
1.642722927499562502e-04
1.628900918149156496e-06
1.613706558600824792e-06
1.821805199142545462e-06
5.479498810245786444e-08
2.220775513706030324e-06
2.265547180968496832e-07
1.109610252569837030e-06
1.065068317984696478e-06
1.338415404461557046e-05
2.961950151814107812e-08
1.936755467113471241e-07
1.616036087170868996e-07
8.476152402181469370e-08
6.825371201557572931e-08
1.797714190843180404e-07
2.161444534465317702e-08
1.218464884544800952e-08
9.900302799792370934e-10
4.380120230962347705e-07
8.195019773893363890e-09
1.794534341570397373e-06
5.141642418493574951e-07
1.661593103108316427e-07
5.012030612761009252e-08
8.964168785041692900e-08
6.707772826075597550e-08
2.926666553548784577e-08
5.880415443471065373e-08
6.800188145916763460e-08
2.429398726633280603e-08
1.142704277867778728e-07
1.373245428482050556e-08
4.010251575259360379e-10
8.886625835202721646e-08
1.279539230125692484e-08
1.346807835034269374e-06
7.275276914242567727e-08
3.420587120217533084e-07
2.309288475998982904e-07
7.054530293260086182e-09
1.325878855595874484e-07
1.671355831511789347e-09
4.388402974342398011e-09
5.815030679201527164e-09
8.921841043729727971e-10
8.746356972011426478e-10
5.161529426089828121e-09
4.019581112402192957e-09
4.118255514384827620e-09
1.249071068798457418e-09
1.106287061958255435e-08
4.201685754878781154e-08
2.069269733340206585e-08
1.546420769216183544e-09
1.939232951997382770e-08
2.851320957120151434e-09
9.810006140753557702e-09
8.263769224470252084e-09
5.416339377006806899e-09
2.468766080454543044e-09
1.007583616541296578e-08
1.958767903431635204e-08
2.295480250324999361e-08
1.097009700856688141e-07
9.929681965559211676e-08
1.396713145140893175e-08
4.362431749171946649e-09
1.119984771591475692e-09
8.526011896492491360e-08
1.711743351506811450e-07
1.101969360206567217e-07
9.446259241485677194e-08
1.346072764363270835e-07
7.303416538206874975e-08
5.150026538558449829e-08
2.175016646788208163e-07
1.648218272976009757e-08
9.967647929443046451e-05
3.211996215668477817e-07
1.499610391419992084e-07
5.473513553511111240e-08
1.564260969644237775e-06
1.950715704879257828e-05
6.330851647362578660e-07
1.660967896555121115e-08
4.884380189196235733e-08
1.539214463264215738e-05
1.740689526741334703e-06
1.204087493533734232e-05
3.438504063524305820e-05
1.221908951265504584e-05
1.009135303320363164e-05
4.363313710342708873e-09
1.438572549972150227e-08
1.185293641015050525e-08
2.090088628392550163e-06
6.086315261200070381e-04
3.636537257989402860e-06
6.777298153792798985e-07
2.982795024308870779e-07
8.242255233881223830e-08
1.382316270337469177e-07
1.956571367145443219e-07
3.905890721966898127e-08
1.711958041994421365e-08
1.685085493363658316e-08
5.287462556680111447e-08
2.429431233963441628e-08
1.881958233695968374e-08
1.363546697774609129e-08
1.505257962719497300e-08
9.961165226002322015e-09
3.822162852884503081e-08
1.989347424569132272e-07
3.078421286772936583e-07
5.211250098113850981e-08
9.205301410020183539e-09
3.531174463944353192e-09
2.498243389936760650e-09
6.751645287295104936e-08
3.144623672568513939e-09
5.332511676670037559e-08
1.831405249674844526e-08
3.049742147709366691e-08
3.206560128532487397e-09
8.395393713556131843e-09
2.089278581252074218e-07
8.500519044218890485e-08
3.297098061239012168e-08
7.370167054432386067e-08
8.746849289309466258e-08
4.723350599533659988e-09
1.991790554711769801e-07
1.161649887393423342e-08
1.825872564253927521e-09
2.071292470873231650e-07
7.203365726127231028e-08
3.769255840779806022e-08
3.461081021782774769e-08
8.970206266667446471e-08
9.085202691494487226e-06
3.085167676886158006e-08
1.313164119665088947e-07
1.371780058434524108e-07
6.722822831761732232e-08
1.055914378156330713e-08
6.756891934855957516e-07
1.465680981027617236e-07
2.380301395987771684e-07
4.568960889628215227e-07
6.102685006226238329e-07
1.249229768518489436e-07
4.825017541065790283e-08
1.092482852982357144e-05
5.191005811866489239e-07
9.303726073994766921e-07
2.090665844889372238e-07
4.922905105786412605e-08
2.454414698149776086e-06
2.314904268274631249e-09
3.465268960667344800e-08
3.436407425283505290e-08
3.214063181076198816e-04
1.218041933981339753e-08
4.648040174970446969e-08
8.237755366735655116e-09
5.279892502585425973e-05
3.472738896448390733e-08
2.840249862856580876e-06
1.504946453678712714e-06
2.136764187810058502e-08
4.777690421065017290e-08
2.244683940944014466e-07
5.863515184501011390e-08
2.508095633402263047e-07
3.341083143482137530e-08
3.747626351469079964e-07
1.627966071282571647e-06
2.527499600546434522e-05
3.366399603521585959e-09
2.297904160286634578e-07
2.448624627504614182e-07
3.048084806778206257e-08
5.438685548142530024e-05
1.257531589970994901e-08
4.354565589892445132e-06
8.702115223968576174e-07
2.378287433657533256e-08
2.506363443899317645e-06
1.130556938733207062e-06
3.307003862573765218e-05
7.366225418081739917e-06
1.426267886017740238e-07
4.902954486851740512e-08
1.349504543668444967e-07
2.973269204176176572e-07
4.991224500372481998e-08
1.327552610064230976e-07
3.430891126754431752e-07
6.990192673583806027e-07
4.538389930530684069e-06
3.399656852707266808e-04
7.133403556736084283e-08
3.643936850039608544e-07
3.596839519559580367e-07
1.159232887459893391e-08
4.845666978781082435e-08
2.046970075753051788e-05
9.414867108148428088e-09
1.496448902571501094e-07
9.026724256955276360e-08
8.885427291716041509e-07
6.391982424247544259e-06
6.312662299023941159e-05
1.214054190512570131e-09
1.397567928052012576e-07
5.828692792420042679e-06
2.494609589120955206e-06
7.540237767500457267e-09
8.701737641558793257e-08
4.081848317127878545e-07
1.137973626441635133e-07
3.077650490013184026e-08
6.728132717626067461e-08
1.280844589928165078e-04
1.910933917770307744e-07
7.524494805011272547e-08
6.876957669987859845e-09
8.841669796311180107e-08
2.427957213058107300e-07
9.836346180236432701e-06
7.005378677149565192e-08
7.675728141975923791e-08
1.453019660146992464e-08
8.604194690065014584e-09
3.721972916537197307e-06
1.172791925796445867e-07
2.239305274542857660e-08
1.614305510884150863e-04
1.555815742904087529e-07
3.390441349893080769e-07
2.950447878902195953e-06
5.795010110887233168e-06
3.536919379598657542e-08
1.172881880506793095e-08
4.836249090089950187e-08
4.106697133465786465e-07
9.619534466764889657e-06
3.036467788319896499e-08
4.345541881889403157e-08
8.601425349752389593e-08
5.941303697909461334e-07
2.155601492859204882e-07
6.178107359033901957e-09
1.608819530929395114e-07
3.844846219180908520e-07
9.021118785312864929e-07
6.468886226684844587e-07
3.365743168615153991e-06
1.070166263161809184e-06
3.708284452841326129e-07
1.073846215149387717e-05
9.319141014429987990e-09
9.953687651886866661e-08
1.915494522108929232e-06
9.897649988488410600e-08
2.553990576416254044e-03
1.321349714089592453e-07
9.945280510237353155e-08
6.976067279396147569e-09
2.115868653618235840e-07
1.605063992826671893e-08
2.191436543341751531e-08
6.404586088137875777e-07
7.877831365021847887e-08
7.460117501523200190e-08
6.368999549977161223e-08
3.209795977454632521e-06
6.471750384662300348e-05
1.364085164823336527e-06
7.851055983110200032e-08
1.237870748127534171e-07
2.554929245945913863e-08
4.563140620916783519e-08
1.648033673973259283e-07
1.629644543754693586e-07
7.188497761489998084e-07
8.763782233245365205e-08
2.547070289438124746e-05
1.602710852921518381e-07
3.593542885482747806e-08
1.498522306242477953e-09
3.941867277035271400e-08
3.968776951523977914e-08
1.139712395570313674e-07
8.368583053197653499e-07
8.984726918015439878e-08
9.298536838286963757e-07
6.143680820969166234e-06
1.927587391037377529e-06
2.912472155003342777e-06
1.265868405653236550e-07
2.549933242335100658e-07
3.367533167875080835e-07
2.241611785080976915e-09
1.238514357737585669e-07
3.964032293879427016e-05
2.596486865513725206e-07
7.693297554567379848e-09
3.320960502151137916e-07
3.884495924921793630e-07
7.277247249248830485e-08
3.532051806587332976e-08
3.600932529934652848e-08
6.170220956391858635e-08
3.381932174306712113e-07
6.871031814625894185e-07
2.006080421779188327e-07
4.095499832601490198e-07
1.191131286759627983e-05
1.002172922426325385e-08
1.075174168363446370e-05
8.792173957772320136e-07
6.271166341775824549e-08
1.382305754304979928e-07
1.857699771790066734e-08
1.056532425991463242e-07
4.643293038952833740e-07
4.835529665569993085e-08
7.130046810743806418e-07
2.021632106163906428e-08
4.554975063797428447e-08
2.902816653715944994e-08
6.647018047090114123e-09
8.442395227348242770e-09
6.711717333018896170e-07
1.558515521082881605e-07
1.327678660345554817e-06
7.877075880458050960e-09
1.079818758853434701e-07
3.808712563113658689e-07
2.430039671708073001e-07
2.015642053265764844e-07
3.479150478824521997e-08
1.748896124809107278e-06
3.601694942290123436e-08
1.163916518720498061e-08
5.152942073038957460e-09
3.077057897371560102e-08
3.028368951163429301e-07
4.763566539622843266e-05
1.110337919385528949e-07
9.326382155450119171e-08
4.164487847901909845e-07
6.699231391849025385e-08
7.473129812751722056e-07
3.063588494001123763e-08
7.214347874651139136e-07
7.963287806944663316e-09
2.708395925310469465e-07
5.891968513083156722e-08
4.391693551042408217e-07
3.710422546987501846e-08
5.412490722278562316e-08
5.929122526282526451e-09
1.207043283102393616e-07
1.220029048454307485e-06
2.998883275040498120e-08
6.994803669613247621e-08
6.271818620007252321e-06
1.956881945375243959e-08
5.324205964996053808e-09
1.283903028337363139e-08
2.031596295637427829e-07
1.125247894862013709e-09
1.281377808481920511e-05
8.593881517526824609e-08
6.450370904076407896e-08
5.420548859547125176e-06
1.638112507862388156e-06
4.828665964851097669e-07
1.789594108458913979e-07
1.093561063925108101e-08
2.543676487221091520e-07
6.455697985074948519e-07
7.217847297624757630e-08
5.594599628011565073e-08
5.974845407763496041e-05
5.481763931669547674e-09
4.877712012074653103e-09
5.630757186736445874e-06
3.762066569379385328e-08
1.401679750046014306e-08
5.419838089437689632e-07
1.341801521448360290e-06
1.791758677427424118e-06
3.163390260851883795e-07
4.121139500057324767e-05
9.466389201406855136e-06
2.571566426468052668e-08
1.967488394427618914e-08
3.054303078897646628e-06
1.459599303643699386e-07
1.216006229043387066e-08
8.481303666485473514e-06
1.468755954192602076e-06
3.738954887921863701e-07
5.381238565860257950e-08
6.223171311603437061e-08
1.915804119789754623e-07
5.842348826945453766e-08
2.589708572031668155e-07
4.359562590252608061e-04
5.071245250292122364e-04
1.999142718034363497e-08
2.522025077666967263e-08
4.172462695350986905e-07
1.268352889383095317e-07
9.013098889454340679e-08
4.869889949077332858e-07
6.147032394210327766e-08
4.991709801061006146e-08
3.106882502379448852e-07
1.358681629426428117e-06
3.453840236034011468e-08
1.152713124952242651e-08
2.637927565274367225e-08
6.658539941639673998e-09
2.129570653153223248e-08
1.832152918268548092e-08
2.546441066897386918e-07
1.893346279757679440e-06
3.950607947444950696e-07
1.272242826644287561e-07
6.987879146436171141e-07
9.729981229611439630e-07
1.802348265300679486e-06
1.570906817960349144e-07
1.028620673082514259e-07
5.837543085362995043e-06
5.335169817044516094e-07
9.124683941763578332e-08
1.522298475720162969e-06
2.367408740155951818e-07
3.582492645364254713e-04
3.454453235463006422e-06
5.207703452470013872e-06
3.938401277991943061e-05
9.855777989287162200e-07
1.368351547625934472e-07
1.311114949942293606e-08
1.964226292727744294e-08
2.975358448509268783e-08
6.055700385587670098e-09
1.374062179593238398e-07
2.085308281607467507e-08
1.838871099835159839e-08
1.108786789700388908e-03
7.426459660564432852e-07
1.078049608622677624e-04
5.693942028983656201e-08
7.231375942495787967e-09
1.117895536140167678e-07
1.309867592169666750e-08
5.363895525078987703e-06
8.221485927606408950e-07
4.611982973301564925e-08
2.378254704282767307e-09
4.401950093324558111e-07
1.310486254624265712e-06
1.765117644936253782e-06
4.134466507821343839e-06
1.114472141239275516e-07
1.569091345743345300e-08
3.778505970331025310e-06
1.725550475839554565e-07
3.631027311712387018e-06
6.659254836449690629e-08
9.073794160485704197e-09
5.283970040181884542e-06
1.959460007583402330e-07
7.006296875999851181e-09
2.204836135888399440e-08
1.555731721225583897e-08
1.030922794598154724e-05
1.222491050612006802e-06
1.640096058963536052e-08
2.636056528615426942e-08
9.882139551109503373e-09
2.415482036610683281e-08
6.273188546401797794e-08
2.907587713707471266e-06
1.035677357208442118e-07
4.532632402742819977e-08
2.788627284644462634e-07
3.365419232181920961e-08
6.966570708755170926e-06
8.855210467118013185e-07
1.287192571908235550e-04
3.555033458724210504e-07
2.868762472019170673e-08
6.260240184019494336e-07
2.691731992854329292e-08
1.084185214494937100e-06
1.037295938033366838e-08
1.552952426209230907e-06
8.330247510457411408e-06
6.739499980312757543e-08
6.439893951437625219e-09
3.902517420328877051e-08
1.120919268515763179e-08
3.032472761788085336e-07
1.123779824752091372e-07
1.534603910613441258e-08
9.154947377965072519e-08
1.875364006309609977e-07
2.762605845418875106e-06
8.057990896759292809e-08
5.480680087543987611e-08
2.783375663284459733e-08
8.928629995352821425e-07
7.790987410771776922e-07
1.344327415608859155e-06
7.820585210538411047e-07
3.767566880696904263e-08
8.814774687948556675e-09
2.247053565440637612e-08
3.908961332399485400e-08
1.487379961417900631e-07
2.912972085766796226e-08
2.733840176460944349e-07
1.825496411811400321e-07
2.350933982597780414e-06
1.529536348243709654e-05
2.045559028829302406e-07
3.398612591354321921e-07
6.278994260355830193e-04
1.527585664007347077e-05
1.038887603499460965e-05
9.790692701017178479e-10
3.207319139164610533e-07
1.364537993708836439e-08
7.335600002988940105e-07
6.432017016777535900e-06
8.181194971257355064e-06
3.976079465672910374e-09
3.787026514601166127e-08
8.962032183035262278e-08
2.587622475402895361e-05
9.565214043050218606e-08
4.486134130843311141e-09
1.080189591107227898e-07
9.764554675939507433e-08
3.135210846494373982e-08
1.095886204893758986e-06
5.453495433016541938e-08
1.213027900348606636e-07
2.071793225866258581e-08
2.648965846674400382e-07
5.339452968655677978e-08
6.356811077523616405e-09
1.119634634960675612e-05
1.714306563371792436e-05
2.883251113416918088e-07
2.212541261314981966e-08
7.288193955901078880e-06
9.457230917178094387e-04
2.723897729595137207e-08
2.955188449504930759e-07
3.435810924656834686e-08
4.627270755008794367e-06
7.206625696198898368e-07
1.161741920441272669e-06
3.860156357404775918e-05
3.392765620446880348e-06
8.139298870446509682e-07
6.314631377790647093e-07
4.816884938918519765e-06
1.872882648967788555e-06
6.062519446459191386e-07
7.872627065808046609e-06
2.865583610400790349e-07
8.459126092930091545e-07
1.111831466005241964e-06
1.580705884407507256e-06
2.635091256308896845e-08
3.569354234400634596e-08
4.809850224773981608e-07
1.208918206430098508e-06
8.934944872862615739e-08
2.427231038382160477e-08
2.792175912702532514e-08
8.239143426180817187e-06
2.503903715478372760e-07
9.838808909989893436e-05
1.067276187427523837e-07
1.526606840940303300e-09
1.723555413946087356e-07
2.098503237846216507e-08
3.268221917096525431e-06
3.446741061452485155e-07
6.417859133023284812e-09
8.538461315765744075e-08
7.511492867706692778e-07
8.730657100386451930e-06
9.389298583073468762e-08
8.712993881943020824e-09
5.675287866324651986e-06
1.131131193687906489e-05
8.750888014219526667e-08
9.131456835120843607e-08
6.757549044777988456e-07
1.114209666752685735e-07
1.010811829473823309e-04
1.574865535758362967e-07
1.161519321613013744e-06
2.673057508673082339e-08
3.966957137890858576e-06
1.375257852487266064e-05
7.933982359986657684e-09
1.210209006785589736e-06
9.432262231712229550e-06
1.292754774340210133e-07
7.169577997956366744e-08
4.636237349586735945e-08
8.091272320598363876e-06
6.566148869069365901e-08
4.003012747944012517e-07
7.822730196949123638e-08
1.374201965518295765e-04
2.523242237373324315e-08
4.630934569149758318e-08
3.243240342953868094e-08
7.219362174737398163e-08
2.172069812900190300e-08
1.060274144037975930e-07
5.185211762182007078e-07
2.662513338691496756e-07
9.730958083764562616e-08
2.287234792675008066e-07
8.057591571741795633e-08
4.750364723804523237e-07
4.670559405894891825e-08
9.858362126635711320e-09
3.737691400829135091e-08
1.858623903672196320e-07
1.228344217452104203e-07
4.472432735269649129e-08
7.527265211138001177e-08
1.953980266478083649e-08
2.871083459865531040e-08
2.481452199276645842e-08
4.508346762577275513e-07
2.359287254512310028e-02
8.852724022290203720e-06
1.419182638073834823e-07
1.081958325812593102e-04
5.122344646224519238e-07
8.864736855684896000e-08
3.483027555262196984e-08
4.855460701946867630e-06
1.207219497700862121e-07
1.780634306669526268e-07
2.307115609667675926e-09
2.327865189499789267e-08
2.769215967646232457e-08
7.317859207489618711e-09
1.414670491861613755e-09
1.443125654532195767e-07
1.628909451767412975e-09
6.006862349750008434e-07
8.213578261972998007e-09
2.736165605199403217e-08
5.940819036709399370e-08
3.541251292205060963e-09
2.233235640858310944e-08
3.281017901812788296e-09
2.060117822111351416e-06
6.609747860153447618e-09
2.391939624146743881e-08
1.334319765788904988e-08
2.070529170339341363e-08
2.358587103401532659e-08
2.526266484892403241e-08
1.346923372835817645e-08
1.999466121560544707e-07
1.410328209772160335e-08
7.087022879659343744e-08
1.889778928898522281e-07
6.738995352861820720e-07
1.265394047322843107e-07
9.286213753512129188e-08
2.789897379784633813e-08
8.955743879823785392e-08
9.277751189529226394e-08
6.740296498719544616e-08
8.254820826891773322e-09
2.003903354363956169e-08
4.776548934160018689e-09
1.260376052414358128e-06
1.615830313994592871e-08
1.577752506420893042e-08
8.199886281090584816e-08
1.560504614417368430e-08
4.624883809256630229e-10
4.298453593065687528e-09
1.101180444607052777e-07
5.878419884197683132e-08
5.181928663944290747e-09
1.064615844370564446e-07
2.394258480364896968e-08
9.028461575508117676e-01
1.544375294315614155e-07
7.362292963080108166e-04
3.961934282870060997e-07
7.906718565209303051e-06
4.940248094499111176e-03
3.155532176606357098e-04
2.354315256525296718e-06
6.756241782568395138e-05
5.516522377729415894e-02
1.192745519801974297e-03
7.425772885483183927e-09
3.402692243525962112e-07
2.476869269685266772e-07
4.368514510133536533e-07
8.693608322118961951e-08
3.616922938931566023e-08
1.291551399162926828e-08
4.285913135504415550e-08
1.617985923019205075e-08
3.774019887714530341e-07
2.107440906229385291e-07
8.050551336680200620e-09
7.229641596495639533e-08
3.098767109577238443e-08
7.084701110215974040e-07
5.846242174811777659e-07
1.168440721954766559e-08
3.291437167263211450e-08
8.585100630398301291e-08
