3.228173994784810930e-08
3.940549930803172174e-08
1.236357149991818005e-08
6.228995630408462603e-07
3.260442440478072967e-07
1.339454200888212654e-07
9.138379652995354263e-08
2.725632342048811552e-08
5.921200951775063004e-08
1.264823481506027747e-06
3.149972727101157943e-08
3.984831131731425558e-09
7.047749495114885576e-09
3.310222496111236978e-08
8.544709828584018396e-09
2.473427684890339151e-08
9.158641844919657160e-09
9.401063927327868441e-09
9.316813986970373662e-08
4.987330726180516649e-08
1.099773569990247779e-07
1.455244102999131428e-07
5.769385325038456358e-07
4.537408244686957914e-07
7.646411859241197817e-08
4.098571082522539655e-08
3.986718866144656204e-08
3.468150566732219886e-08
7.518965006170219567e-09
2.669673371258340921e-08
1.472303949867637130e-07
1.043962214453131310e-07
8.078901458929976798e-08
1.484530230300151743e-06
1.930555117723997682e-05
7.209545174191589467e-07
2.109100876168668037e-07
6.893094539606181570e-09
2.289586547021826846e-07
7.829044648133276496e-07
3.267802739514991117e-08
8.953118424415151821e-08
1.381460492666519713e-07
2.528332743167993613e-07
2.616438621316774515e-07
2.595936337002058281e-07
3.144599958204707946e-08
7.662388270546216518e-07
2.439864843495342939e-08
2.671160714839970751e-08
8.283147678866953356e-08
8.342555020135478117e-07
3.487460276119236369e-08
9.339742312874932395e-09
8.649020060147449840e-07
1.530466953170162014e-08
7.108585720061455504e-08
1.332742360915517565e-08
1.262311712935115793e-07
6.089975812528791721e-08
3.015373408743471373e-07
1.244678671241672419e-08
2.828747938110609539e-07
8.927651151680038311e-08
9.777308207503665471e-08
2.393318254689802416e-07
3.396003194211516529e-07
5.808848300148383714e-07
2.113500414679947426e-07
7.672127253499638755e-07
2.103675988962550036e-08
1.101210855836143310e-08
5.727102792008054166e-09
5.233929911696577619e-08
8.957388786257070024e-08
1.541529570658894954e-08
2.113945782866721856e-07
1.001296041636123846e-07
5.372700950800890496e-09
3.142081794749174151e-08
6.636732450715498999e-06
6.397920060408068821e-06
1.550153911011875607e-06
5.813054713144083507e-07
9.276857504403324128e-09
2.157196519192439155e-07
2.018549878357589478e-07
3.449835617175267544e-08
1.416985018209970804e-08
1.615558353762480692e-08
9.888527330303986673e-09
7.067766816248877149e-09
1.394218607231323404e-08
3.676227677829047025e-08
1.825688045187234820e-08
6.952791675729486087e-09
4.829386668347979139e-09
4.080106918991077691e-09
2.276369670539679646e-08
1.138076370921226044e-07
1.117525201266289514e-07
5.218678467144854949e-08
3.023969270543602761e-07
1.498153068268948118e-07
4.299583622469071997e-07
7.444787009092124208e-09
3.477750851743621752e-07
1.913659701813230640e-07
2.096833071618675604e-07
6.036405579834536184e-07
5.893177057458842683e-09
1.857269338323419561e-09
7.792436207409991766e-08
1.114003111979400273e-07
1.086273826444994484e-07
1.685001933537932928e-07
1.015414738958497765e-07
1.081020400306442752e-06
7.987444661239351262e-08
1.269097083422821015e-06
1.387837755828513764e-08
1.104476609725679737e-06
1.367053847900479013e-08
3.171065188212196517e-08
1.203042501174422796e-07
7.262158163712228998e-08
9.277743018287765153e-09
1.740519373072402232e-08
6.755223580512392800e-08
4.876919312835070741e-09
3.628659372978404463e-09
3.497212119896175864e-08
1.491416767862574488e-08
5.301952654690467170e-08
4.592003577386094548e-08
1.069614707915889085e-08
8.044396793138730573e-08
6.239855565581819974e-08
2.178130209529172134e-08
8.105634208277479047e-08
1.276690824170145788e-07
3.415371807591327524e-08
1.061630960919046629e-08
1.759556482738844352e-07
1.348200839856872335e-07
3.665679741970961913e-06
2.461823669364093803e-06
2.348406553664972307e-07
6.521560180772212334e-07
1.292911555594855599e-08
5.295994924381375313e-06
4.318060220498409763e-08
1.400196794065777794e-07
6.177154432407405693e-08
4.204305525945528643e-08
4.943047571259739925e-08
9.334316075637616450e-08
9.962364089233233244e-08
2.605344739947668131e-08
5.986163387206033804e-07
3.671595649734626932e-08
1.350942255839981954e-07
1.266364222374249948e-07
6.197074498004440102e-08
6.326738457573810592e-07
1.055798790616790939e-07
5.104326206151199585e-08
3.213156105630332604e-07
4.051808843996695941e-07
4.302224851926439442e-07
3.028471553534473060e-07
3.570805233721330296e-07
1.466967660235241055e-06
8.893545100363553502e-07
1.028592464535904583e-06
5.725576812665167381e-08
2.321846039876618306e-07
1.822002559492830187e-06
1.550715751363895833e-06
3.441292406591855979e-08
2.490721584536004229e-08
2.978439113121567061e-07
1.112573997374965984e-07
2.098823586038633948e-07
1.652770436066930415e-07
3.639882208972267108e-07
1.121181441021690262e-07
1.325606433510984061e-07
6.312033065114519559e-07
1.201741497425246052e-06
3.982316627570980927e-07
8.292225857076118700e-07
3.112931494797521736e-07
3.457938646533875726e-08
1.902662916108965874e-07
8.282113128643686650e-08
8.324795430780795868e-08
5.166711162019055337e-06
3.073966752253909362e-07
4.363382970495877089e-07
8.711872823141675326e-08
2.575669277860015427e-08
1.316025759479089174e-07
8.114184879559616093e-07
2.773369622843802063e-08
1.089608076654258184e-06
6.187929102452471852e-07
2.953310627162863966e-07
1.254044946108479053e-06
1.080990500668121967e-06
3.837789108729339205e-07
3.556439480689732591e-07
3.926458589376125019e-07
4.177051664555619936e-07
8.778455935498641338e-07
4.790845196112059057e-07
2.971176229493721621e-07
7.613010666318587027e-07
4.086217018084425945e-07
3.534438235419656849e-07
1.446787791792303324e-07
3.308728082629386336e-07
4.353133533641084796e-07
3.432272706049843691e-06
1.640300411054340657e-06
2.880037186514528003e-07
4.225640566346555715e-07
6.188298584675067104e-08
6.541255288539105095e-07
1.081410118786152452e-06
1.658176245200593257e-07
1.699939389254723210e-06
6.423857712434255518e-07
5.359329406928736717e-07
3.611060606090177316e-07
9.052079690263781231e-07
5.049980700277956203e-08
1.077746389910316793e-07
6.494372883025789633e-06
5.866645551577676088e-06
6.386569111782591790e-06
1.086319480236852542e-05
1.214157094864276587e-07
2.787844266549655003e-07
3.915524757758248597e-07
4.306882317450799746e-08
1.580418938829097897e-06
5.929618396294245031e-07
4.850870141126506496e-07
2.099705625369097106e-06
1.143862391472794116e-06
1.462172036781339557e-07
2.078188110488099483e-08
7.407835767025972018e-08
2.813112018884567078e-07
3.644312755568535067e-06
6.088343980081845075e-06
1.202728157068122528e-07
7.667267709621228278e-06
3.083850117491238052e-07
7.447702188301263959e-08
2.536611702907975996e-07
4.687952781523563317e-08
5.464000878419028595e-07
4.550492960220253735e-08
1.356526624363141309e-08
4.160986932788546255e-08
4.232977346418920206e-07
1.365518187412817497e-07
5.775066256319405511e-07
3.256278660046518780e-07
6.181600156196509488e-07
2.419540123810293153e-07
3.549733378349628765e-07
2.925398412401136738e-08
6.815026409867641632e-08
4.573932788076717770e-09
4.888589160145784263e-07
2.391732607520680176e-07
1.692838850431144238e-06
2.773073674688930623e-06
2.768014724097156432e-07
1.120281396538302943e-07
2.376781083057721844e-08
2.376332375320089341e-08
5.054866392129042652e-08
6.566938850482983980e-07
6.156026302051031962e-07
2.811242723055329407e-07
2.369454108475110843e-07
4.218909666064973862e-08
1.079378275647968621e-08
5.096115884839491628e-08
1.485579659288305265e-08
3.912880401912843809e-06
4.170292982053069863e-07
1.736292887244417216e-07
5.676297476497893513e-08
3.438733386929015978e-08
5.542714802686532494e-07
1.928136983408990091e-09
1.898494872420997126e-08
7.253835310194745034e-09
6.664026219738161672e-09
3.991053265650634785e-09
5.768003852324454783e-09
9.793494015752912674e-09
1.387062464885957525e-08
5.137943848154691295e-09
4.476569870348612312e-08
2.391779219124146039e-08
7.342424623857368715e-08
3.321092068020448096e-09
4.745248460835682636e-08
7.353998299208797107e-09
3.142327642535747145e-08
6.807306718314976024e-09
2.991351166770073178e-09
1.068393373770959442e-08
6.207753866505072438e-09
2.854847913624780631e-08
1.393101598523571738e-07
2.542281265505152987e-07
2.565490753170251992e-08
1.486634104708173254e-08
8.987872668342333782e-09
2.010614075231842435e-08
4.647127695989183849e-07
3.626992111094295979e-07
7.566256243762836675e-08
8.426613362644275185e-08
3.050673171856033150e-07
1.189215392827236428e-08
2.659838571617001435e-08
2.619802046410768526e-07
2.232774107824297971e-07
2.139308198820799589e-04
4.880914161731197964e-08
9.208545925787348096e-09
1.053642595394421733e-08
2.484009655745467171e-07
2.340015271329320967e-06
2.858398886473878520e-07
4.949151133359919186e-08
2.947381183560082718e-08
1.127465225181367714e-06
5.177042226023331750e-07
6.473274879681412131e-06
9.764431524672545493e-06
1.051749350153841078e-04
9.793831850402057171e-05
1.354032086453571537e-08
5.880750109099608380e-08
1.284574437931951252e-07
8.883844060392220854e-08
1.200192582473391667e-05
6.308420324785402045e-06
9.308577091360348277e-07
3.270757247264555190e-07
5.744566067278356059e-08
1.220991663331005839e-07
1.081380744949456130e-07
1.417752173438202590e-07
8.499736736666818615e-08
3.334410081379246549e-08
1.310976927015872207e-08
2.472531512864861725e-08
4.957046328968317539e-09
2.156612000092650305e-09
1.253125514466546520e-08
1.485772305187538223e-08
2.960265987894672435e-08
9.622898744510166580e-08
1.238982889617545879e-07
1.356655303652587463e-07
2.435652390886389185e-08
2.505619933756975115e-09
7.404455715231961221e-09
3.356462130454929138e-08
2.279167432561735041e-08
3.080127441990043735e-08
1.353667933301494486e-08
1.065672350364366139e-08
9.446790905087709689e-09
3.696618477988522500e-08
3.875310881085169967e-07
3.152076288870375720e-08
3.651294377959857229e-08
1.256974790919684892e-08
3.514356805567331321e-08
1.647775178525989759e-07
1.716155964004428824e-07
1.378634664206401794e-07
2.045797131700055616e-08
4.762705714256298961e-07
8.167210694409732241e-07
1.074480337592831347e-06
8.310470178685136489e-08
8.606521717524628912e-09
2.101621845440604375e-07
9.368128495168548397e-09
2.968866397168312687e-08
1.232344857271527871e-07
2.551495015268301358e-08
3.350986688133161806e-08
1.088898002876703686e-07
1.851822872822594945e-08
1.870897534672621987e-07
1.082404210706044978e-07
6.476753924289369024e-07
4.026802002954354975e-08
1.380693248620445956e-08
3.547726805663842242e-07
4.616670139512280002e-07
9.212170226646776428e-08
2.099122831111799314e-08
1.694683504638305749e-08
3.321106532894191332e-06
8.673262108516155422e-09
2.012463262701658095e-08
3.972819939690452884e-08
4.041570491608581506e-07
3.169032369854107856e-09
4.153636012915740139e-08
5.688075344068010963e-09
7.824107342457864434e-06
4.154721722215981572e-08
3.143426283713779412e-07
1.745482052228908287e-07
1.971337937334283197e-08
1.624813705802807817e-08
7.453144945657186327e-08
1.973531205123890686e-08
9.089722396993238362e-08
1.182793152310068763e-08
1.885664602241376997e-07
4.445629713245580206e-07
8.634865480416920036e-06
3.842179907564968744e-09
1.380447542942420114e-07
8.012148100533522666e-08
9.463180106195068220e-08
2.144662403225083835e-06
1.163229734757464939e-09
2.259422871020433377e-07
1.548786059402118553e-07
6.930231055690683206e-09
1.233957732438284438e-06
3.503893992728990270e-07
1.724551475490443408e-05
5.448941351460234728e-07
5.163981953160146077e-08
1.616233369361452787e-08
3.760285594012202637e-08
4.117054075436499261e-08
2.086314054849935928e-08
1.310012720523445751e-07
1.255774861874670023e-07
9.877957296566819423e-08
1.120994852499279659e-06
1.566714786349621136e-06
6.033807409266955801e-08
1.531809772359338240e-07
1.990080988889531000e-07
1.289640660928625948e-08
2.311820423983590445e-08
8.566466647152992664e-08
3.671299708685182850e-09
3.834552941839319828e-08
3.158619961141084787e-07
6.430443733052015887e-08
1.100009171750571113e-06
3.882024611812084913e-05
1.775175562102049298e-09
4.889197313673321332e-08
6.655754077655728906e-06
8.983190014077990782e-08
2.362015472101575142e-09
4.340090242749283789e-08
9.050206699612317607e-07
1.333845460749216727e-07
2.910486740503870351e-09
2.266353327229353454e-08
8.575095125706866384e-05
1.881848987750345259e-07
8.093456571600654570e-09
6.247784511970166932e-09
1.500790034469901002e-07
1.407811396347824484e-07
1.120220503025848302e-07
2.335188753477268619e-08
5.847698147931623680e-08
3.365961731560673798e-09
4.357298966084499625e-09
4.421891901529306779e-07
7.639235910517072625e-09
3.282487837097392003e-09
5.285852694214554504e-06
2.710101298930567282e-08
3.449164509561342129e-08
2.696915180422365665e-05
2.124021705185441533e-07
2.808272547838441824e-08
2.066551374468872382e-08
1.318026647822989617e-07
3.784395232742099324e-07
4.832322133552224841e-07
1.669559068773196486e-08
7.171161087171640247e-08
3.450018493111883799e-09
9.502148401452359394e-08
1.016813939713756554e-07
9.841825132639314688e-09
1.800644184868360753e-07
8.150873043177853106e-08
5.539404668297720491e-08
5.819470061396714300e-08
5.789408987766364589e-07
6.358700943565054331e-07
3.203442844323944882e-08
5.746930487049439762e-09
1.733472565490501438e-08
7.155872339126290171e-08
4.851369226344104391e-07
1.392049711057552486e-07
9.745940769789740443e-05
2.040045821161129425e-08
5.923742563140876882e-08
5.407924774658567912e-09
2.992824832404039626e-08
2.472442162115839892e-08
7.948155911208232283e-09
8.163128839555611194e-09
2.679437294261788338e-08
2.728841863586239924e-08
4.784491736131712969e-08
4.525288588297371462e-08
2.669966079338337295e-06
5.184883775655180216e-07
2.749934857604330318e-08
1.500538893139946595e-08
2.691904255058830131e-09
3.419463601161965016e-09
4.014394505702512106e-08
7.594262285692821024e-08
3.887627642029656272e-08
3.235032464132814312e-09
2.177186360086125205e-07
1.724783089684933657e-07
3.048153018880839227e-08
7.232390242251085510e-10
2.010798105800404301e-08
6.129874829952086657e-09
2.946386246094334638e-08
1.936261639912117971e-07
8.004541030004475033e-08
3.679931737110564427e-08
2.120821562812125194e-07
8.153381259035086259e-07
5.078339526676245441e-08
9.416083912583417259e-09
1.235388413789451079e-08
1.001699615699180868e-06
2.614762184549590529e-09
1.292443041478463783e-08
5.199674433242762461e-07
1.614482556533403113e-07
1.247152514594063177e-08
2.531687393059200986e-08
1.310190214098838624e-07
1.527285498070796166e-08
2.686304512167225766e-08
6.769514726556735695e-08
9.737337158810532856e-09
6.907638976372254547e-07
1.850125812552505522e-07
4.581013346438567169e-09
9.768714903657382820e-08
8.017771051527233794e-07
7.163269977183972514e-09
3.212711590094841085e-07
8.745377755303707090e-08
1.353902945311347139e-08
6.527810114675958175e-08
8.287410757645830017e-09
6.260695073478927952e-08
3.267478732027484511e-08
4.597235303549496166e-08
5.183649776085985650e-08
1.901549850913397677e-08
1.648584628810567665e-07
2.184829206441918359e-08
4.514398188604218376e-09
1.471731980728918643e-08
2.170808954815584002e-07
2.419571210054982657e-08
8.032606046981527470e-08
1.834819518542474270e-09
8.184733957250500680e-08
2.892018358124914812e-07
1.416593846670366474e-07
1.039432540039797459e-08
5.080206921803664954e-09
1.325044109989903518e-07
6.519321082976148318e-09
9.835013692338634428e-09
1.487328149529787424e-09
1.021922990673829190e-08
1.565661733593515237e-08
1.448193143005482852e-05
1.179077244728432561e-07
4.483166549107409082e-08
6.120205142678969423e-08
1.526507986682190676e-08
2.804789005494967569e-07
3.175992446813324932e-08
3.706981885898130713e-07
8.693070263632307615e-09
3.851375041108440200e-08
1.019312545480488552e-08
2.172927935362167773e-07
8.991559496962509002e-09
8.082554359134519473e-08
8.037951637618334644e-09
1.210045841304463465e-08
6.196675030878395773e-07
7.208104335632015136e-08
1.987788600388284976e-08
8.643619366921484470e-07
3.638521484106149728e-09
1.207334765496170803e-08
4.714491907975570939e-09
2.116708586186177854e-08
3.874065068742993390e-09
1.202622001983399969e-06
4.070796677524413099e-08
3.186257480081167159e-09
1.192665877169929445e-06
1.288743902705391520e-07
1.491160794842016912e-08
9.647767029719034326e-09
1.485704359538431163e-08
6.618929848656307513e-09
4.262937025600876950e-08
2.128152765124013968e-08
3.333093800961250963e-08
2.344923359487438574e-06
9.920755772441225417e-09
6.401181362747365711e-09
4.005808932561194524e-06
2.793346709495381219e-08
8.732672363009896799e-09
2.736394222324634029e-08
3.015272511674993439e-07
4.635362813587562414e-07
2.041423741161452199e-08
2.390861482126638293e-05
2.104061422869563103e-06
1.918080272389488528e-08
1.033052043908355699e-07
2.202041855525749270e-07
3.007370708019152516e-08
1.190572529452538220e-08
2.759886046987958252e-05
3.335847623020526953e-06
1.681452772572811227e-07
1.255913240072459303e-08
2.957736056075077613e-09
2.776555874106634292e-08
1.298654517256636609e-09
8.585188027154799784e-08
2.039221435552462935e-04
2.010695869103074074e-03
4.083106119878721074e-08
7.949160618636597064e-08
2.756132460035587428e-07
5.912361711324365388e-09
2.973802715189322043e-08
2.320859771032246499e-08
3.135293269451722153e-08
3.613225274534670461e-08
8.036387839638337027e-07
4.994039386474469211e-07
3.654060165558803419e-08
1.282265227331436108e-08
1.902728996583391563e-08
3.350435706650500833e-09
1.615418909750587773e-09
2.467961301988452760e-08
4.634714656504002050e-08
1.305923973404787830e-07
5.842739483341574669e-07
1.824052198173831130e-08
3.220830649297568016e-06
1.888164149477233877e-07
6.090231607913665357e-08
3.465591191798012005e-08
1.208454314394202811e-08
6.241004939511185512e-06
2.957466804787145520e-08
5.486451115643831145e-08
9.169869372271932662e-06
1.081360601062897331e-08
2.574966856627725065e-06
8.233483583808265394e-08
3.089773201736534247e-07
5.885532914362556767e-07
6.885095871211888152e-08
7.209355601389688672e-08
2.252033226568528335e-09
1.130710636232379329e-08
3.199589926339285739e-08
2.161658052557413612e-08
1.309277024574839743e-07
1.969466367768291093e-08
1.264016162849657121e-07
1.384705910822958685e-06
3.745316803360765334e-07
2.795648015307961032e-07
5.257753699083878018e-08
6.274678110429476874e-09
9.936322875603309512e-09
2.224171957720955106e-08
2.979856787987955613e-07
6.994097816459543537e-07
7.088736708737997105e-08
1.562302065494236558e-09
8.688981267823692178e-08
1.037652850754966494e-06
1.388197823359860195e-08
1.483753777620222536e-07
8.104776583195416606e-08
1.120914561170138768e-08
1.874218241937342100e-06
1.634140645023762772e-08
2.049123679626063677e-07
1.921470982324535726e-08
3.827156813684950976e-09
5.306680463945667725e-07
1.006574379402991326e-07
2.082254146884565671e-09
2.792860609446279341e-09
1.209787381384330729e-08
7.601686320413136855e-07
2.887699679376964923e-07
2.393517917198551004e-08
2.481180372271296619e-09
2.290926204295828938e-08
6.888021708562064305e-09
2.063482327230303781e-07
3.416914307052820732e-09
3.886389521312594297e-08
2.175161917250534316e-08
1.131049209845969017e-08
2.112622610184189398e-08
3.203919732186477631e-06
2.116354380632401444e-07
3.808068868238478899e-05
1.077446256658731727e-07
3.162693573699471017e-08
1.657561199408519315e-07
3.714421836775727570e-08
2.864556591930522700e-08
2.181510438958866871e-08
2.093605928621400381e-07
2.207359273143083556e-07
9.000103773360024206e-09
4.160873423586508579e-09
3.005191828719944169e-08
8.363025827407000179e-09
6.042283473561838036e-08
3.005341042694453790e-08
6.631187154937379091e-09
1.923036485607099166e-08
3.917334367997682421e-08
1.769795261452600244e-07
3.465280684622484841e-08
1.580396080669288494e-08
3.817671512251763488e-09
5.153955484615835303e-08
7.242515920324876788e-08
5.561509652807217208e-08
1.076188937076949514e-06
5.166080541130213533e-08
9.140840973032027250e-09
3.338425358379026875e-08
1.080280309651016069e-08
9.196062222827094956e-08
2.566838963602435797e-10
5.837601690927840536e-08
1.518197123573372664e-09
7.315222205761529040e-08
9.179183280139113776e-07
5.136045899689634098e-08
8.641266191489194171e-08
7.797904981998726726e-05
2.960198344226228073e-06
3.027341335837263614e-06
8.040338950188186118e-10
2.233239193571989745e-08
9.986901083891552844e-09
1.183845029117946979e-06
3.724798034454579465e-06
1.373099621559958905e-06
3.264076564590823182e-09
1.100860202996045700e-08
6.300333410536040901e-08
1.306389822275377810e-05
6.464631496783113107e-08
1.873998201062931912e-08
3.486801603003186756e-08
1.752728984172335913e-08
1.475220443580838037e-07
8.866661715956070111e-08
1.603777377567894291e-07
2.790898179227951914e-07
2.746217475646517414e-09
1.051683611308362742e-07
9.569544801024676417e-08
1.882832556532321178e-09
2.881251646158489166e-07
2.596761987661011517e-06
1.465644761111661865e-08
1.202480959250351589e-08
1.753199683207640192e-07
1.309906656388193369e-05
9.110571852488646982e-09
3.759087974231078988e-08
1.514856862172564433e-08
3.426331716127606342e-07
2.548658528667147039e-07
1.891998113734416620e-09
2.037883823504671454e-04
1.850078064080662443e-07
1.867125973831207375e-07
1.317032740644208388e-07
4.971529392605589237e-07
5.660369311044632923e-07
3.628635454333561938e-07
1.094987783289980143e-05
1.187323519502569980e-07
2.324062364778001211e-08
1.929389981114582042e-07
3.224424744985299185e-07
4.561442423778316879e-08
3.458717046100900916e-08
5.932909719064127785e-09
1.191456817650760058e-07
1.451409836761285987e-08
1.803612903472640028e-08
1.041605734997119725e-08
1.273789075639797375e-05
4.771386841184721561e-08
1.411909011039824691e-06
3.772311174543574452e-08
1.555983430989726912e-08
6.456031087509472854e-08
5.837220040660895393e-09
1.108957548012767802e-07
5.986726137052755803e-08
1.720710129937685906e-09
6.902926230623052106e-08
2.567269064002175583e-07
4.793713287654099986e-06
5.797124202899794909e-08
1.812959005143000013e-09
3.027793127330369316e-07
2.390791905781952664e-06
2.847908220360295672e-08
1.283354045256146492e-08
3.331771480930001417e-08
2.609316993584798183e-07
3.644105890998616815e-05
5.726122509486231138e-08
1.201768498049204936e-07
7.935798862490628380e-08
2.277341479839378735e-07
5.439738259838122758e-08
2.057186643256159186e-09
1.232233159953466384e-07
9.711861821415368468e-07
1.542152894273840502e-08
2.828884149153054750e-08
5.557225790653319564e-08
1.066281356543186121e-06
4.129353925463874475e-08
1.625725900566976634e-07
1.046923703285074225e-08
4.098657427675789222e-06
6.633957827517633632e-09
1.004534624371444806e-07
1.660596637975686463e-08
1.001635574482406810e-08
2.872746041049367705e-09
3.480813193235121616e-09
3.287544245722529013e-07
1.163951139915297972e-07
4.243669948778006074e-08
1.051328624157576996e-07
3.016584173565206584e-07
1.165040544037765358e-07
8.240474613785409019e-08
8.621966252064794389e-09
1.692435169786676852e-08
2.156445759737835033e-07
8.839655230019616283e-09
1.404213278988208913e-08
4.958959820555719489e-08
9.744829299052071292e-08
9.202124573448600131e-08
4.326535574250556238e-08
3.015318554844270693e-07
2.623538421175908297e-06
6.995301646384177729e-06
1.338224024038936477e-06
3.686676336656091735e-06
2.256526698829475208e-07
1.079230038669720670e-08
2.646685892671030160e-08
1.367526607509716996e-07
6.982763522955792723e-08
4.877501282862795051e-07
5.656254353780809652e-10
3.401083148446559790e-08
3.288154104552631907e-08
7.958607994851263356e-09
1.097517743353648711e-09
2.267265664102069422e-08
1.090991297303389729e-09
3.076170429494595737e-08
7.207070051862274340e-09
1.013943240479875385e-08
2.488855521676214266e-08
1.816846340041422536e-09
6.009306385834634057e-09
1.901349522270834314e-09
2.370156153119751252e-06
8.271539897464208480e-09
2.189860559553835628e-08
3.326526609725988237e-08
6.236773941736828419e-08
1.853261011319773388e-08
6.298299215501401704e-09
1.875170241305568197e-09
2.605142128686566139e-07
8.474915880185562855e-09
9.475362361399675137e-08
3.353184467869141372e-07
1.423935032107692678e-07
5.320389817597970250e-08
1.339502659902791493e-07
8.054894529152534233e-09
2.248386365977239620e-08
4.936160280522017274e-08
3.784115065741389117e-08
7.642107391347963130e-09
9.584216087432650966e-09
7.669163970547288045e-09
1.135698084908653982e-06
1.500885282723629643e-08
1.917845215970714889e-09
1.913176106427272316e-07
1.549665995526083861e-08
5.120878721065480477e-10
1.349601763678265343e-09
5.926632518082897150e-09
2.346216199100581434e-08
5.277815517956696567e-09
8.366244941271361313e-08
5.367119193522285059e-09
7.192707061767578125e-01
1.393381978687102674e-07
3.598121926188468933e-03
4.302604793338105083e-06
1.203809097205521539e-05
1.839196920627728105e-04
4.727064515464007854e-04
9.475547813053708524e-07
6.072319592931307852e-05
2.725800573825836182e-01
1.680986497376579791e-05
1.516146141966601135e-08
3.816763438635462080e-08
4.844219802180305123e-06
9.019415614375247969e-08
1.862926524154318031e-07
9.410307910684423405e-08
5.898203703225135541e-09
2.097785944954466686e-08
8.461618961064232280e-08
1.826648627911708900e-07
6.208244940353324637e-07
4.276676435210902127e-08
1.080742464409922832e-07
9.712403681305659120e-08
1.274016881325223949e-06
1.187174689221137669e-06
3.657421032698948693e-08
4.828670796541700838e-08
5.221715326797493617e-08
