1.182517728182119754e-08
2.697203704826733883e-08
5.452459390653530136e-07
5.976664851914392784e-07
1.630618271519779228e-07
9.566357306312056608e-08
1.004952139282977441e-07
1.048606179665512173e-08
6.211565928282425375e-09
2.592821601865580305e-08
1.003342831040754390e-08
4.324362645746759881e-09
8.294256836904878583e-09
5.548039361258361168e-09
3.885883170795523256e-09
6.333780078193740337e-08
3.451604113635653448e-09
4.186626156865713710e-09
2.938909560157298984e-08
8.294051667689927854e-09
2.420571076910960073e-09
1.475429667330274697e-09
1.847057689019493409e-07
4.642056694592611166e-08
2.469866533516551499e-09
6.241196004452831403e-09
2.186270897652775602e-08
6.789229622938819375e-09
3.243168178457267459e-09
6.786161410587965293e-09
1.367019741849162529e-08
6.812071795536667196e-09
7.206762409062150709e-10
1.457096487911258009e-07
3.466814035846255138e-08
6.149081599460259895e-08
4.511756301894820353e-08
1.270265892472366431e-09
3.193667330592120379e-09
9.096419617549145187e-09
1.218938372460343089e-08
5.860489427078618974e-09
4.248953966445867536e-10
1.493041601463573897e-08
1.850918529555656278e-08
4.577966450369785889e-08
2.541341026507382139e-10
5.271667546935532300e-09
6.924865125768064900e-09
7.026340398397223908e-09
2.332158146600704640e-07
1.381581427040146082e-07
1.511101466178388364e-09
2.545912369811276221e-09
1.759686085733846994e-08
3.402210069225475308e-09
4.313713120041029470e-08
1.198601662366627352e-08
9.694143443539360305e-08
5.390631940827006474e-09
2.227092110729245178e-08
7.007869395891930253e-09
2.103314500345732085e-08
1.090219359234367857e-09
3.784430102626856751e-09
1.989919127254324849e-07
1.169829300096125735e-08
1.159077456236445869e-08
3.151641170262564629e-09
1.290403162101938506e-08
6.670268781761024002e-09
4.934763708774880797e-09
7.463325069068105222e-09
2.044684954682907119e-08
1.349415015283739194e-07
1.289037854235175473e-08
6.207242719824535016e-09
7.781040700649555220e-09
4.114305696134579193e-08
5.932727198398879409e-09
2.613421656860737130e-08
3.206523402354832797e-08
7.150972436420488521e-08
4.658474850316451921e-08
3.724791586279252442e-09
1.224196410909428323e-09
1.593468645921802818e-08
4.277662313256769266e-08
1.164681950882595629e-08
1.380276959395132508e-08
1.161808693694865724e-08
3.626166034109701286e-10
1.624004752898144943e-08
6.637850824553481743e-10
6.161193777387552473e-09
7.161410575662330302e-09
3.450688845774152469e-09
3.688579663929658636e-09
2.177304452288808534e-07
1.315235067522735335e-07
1.287171471631154418e-07
1.826764162160543492e-08
3.434732720464239719e-09
8.516121141610710765e-09
9.645613197051261523e-09
6.165746668784777285e-08
2.583101288422540165e-09
4.924592289512474963e-08
3.090030631369700131e-08
3.089788691568173817e-08
2.762838569037029401e-10
5.592896812345315993e-09
8.678113516680241446e-08
6.663888285629582242e-08
6.272694008657708764e-08
1.582347408657369670e-08
3.885786803436985792e-09
5.303752104168779624e-08
1.252968218068417627e-07
5.292353222330348217e-08
5.347919795894995332e-08
1.855155460361856967e-07
1.903333810560070560e-07
2.362612150363929686e-07
1.321869405046527390e-07
4.490996374784117506e-08
4.898761396532336221e-09
3.175846785552494111e-08
6.702972399352802313e-08
2.485007932762073324e-08
8.782267713058899972e-08
2.420849298800931138e-08
1.616166116491513094e-07
7.704526794327648531e-09
3.235223289266286884e-07
3.324095443346664069e-09
2.301441348606658721e-08
1.214445521924290006e-08
1.379452330141361927e-09
5.726864316102364683e-08
1.236437086049591016e-08
1.820857420398169779e-08
4.183752455588773955e-09
1.251880643593494824e-08
4.140092357829416869e-07
2.842073263309430331e-05
1.334896211346858763e-07
1.311643245571758598e-06
2.403961843810975552e-05
2.605821158851995278e-08
8.596587122156051919e-07
2.181127101152924297e-08
6.730808355115414088e-09
2.135544718839810230e-08
2.083474193170786748e-08
1.689190654019512294e-08
4.716696722084634530e-08
5.535348179819266079e-08
2.171397461836477305e-08
7.878370524849742651e-07
7.541905233665602282e-08
1.728509033682712470e-07
4.580761725492266123e-08
1.287527453541770228e-07
1.793387696125137154e-07
2.732638293423406139e-08
9.357215446925692959e-09
6.637329192926699761e-07
8.448933641602707212e-08
2.079993066672614077e-07
1.058461052139136882e-07
6.841212325525702909e-07
8.557675528209074400e-07
5.855657718711881898e-07
4.313406805067643290e-07
1.603649302239773533e-08
3.087302502535749227e-08
5.673506393577554263e-07
3.721539201251289342e-07
9.606780260185132647e-09
3.874662812819451574e-09
1.662494675258585630e-08
5.208951492363667057e-08
3.841616447175510984e-08
8.424502873083383747e-09
2.848267399713222403e-07
1.408400152058675303e-08
1.070749444664897965e-08
4.896146492683328688e-07
2.381248123128898442e-06
1.041072721363889286e-07
7.422458025985179120e-08
5.982866468912106939e-08
7.213697639230076675e-09
6.479418601657016552e-08
1.407154215371519967e-08
6.639984917455876712e-08
8.706128369340149220e-07
9.086158314630665700e-08
4.272647657899142359e-08
4.032710165802200208e-09
2.849912839053558855e-08
2.456993719590627734e-08
2.099806124533643015e-07
2.311510982622166921e-08
4.759245086916052969e-07
1.831810010344270268e-07
6.258595135477662552e-07
9.401161378264077939e-07
4.607573202974890592e-07
2.725887782162317308e-07
6.448328804253833368e-07
1.051869503498892300e-06
1.866498848812625511e-07
2.964368945868045557e-07
1.009727270684379619e-06
6.459514878542904626e-08
8.972767773229861632e-08
7.499116350118129048e-08
2.998629966555199644e-08
1.518825953894520353e-08
6.273423025504598627e-08
4.300447926652850583e-07
8.013103069970384240e-06
7.814854825483052991e-07
1.182123767762277566e-07
2.239321084118728322e-08
2.590830945337074809e-07
1.799038784611184383e-07
5.273121246318623889e-07
4.533797337558098661e-08
2.542578840802889317e-07
1.195630545680614887e-07
3.129401804358167283e-08
6.330095914108824218e-08
3.746752099687000737e-07
7.443979654908616794e-08
1.303014318665418614e-08
1.550350020806945395e-06
5.011796702092397027e-07
3.542884030593995703e-07
2.036093974311370403e-06
5.565795646589322132e-08
8.376854054858995369e-08
2.824264697665057611e-07
2.383912978132229910e-08
6.522649982798611745e-06
6.754980290679668542e-07
1.192953504869365133e-06
3.322369593661278486e-06
8.283442980427935254e-07
3.670891601359471679e-06
5.995634655420190029e-09
6.873950724184396677e-07
3.309525880013097776e-07
1.365143816656200215e-06
1.965437604667386040e-06
2.778230907551915152e-07
1.272950271413719747e-06
2.986880645039491355e-07
1.791425319197514909e-07
2.478190879173780559e-07
1.310149144728711690e-08
1.175526875840660068e-07
5.404049119306364446e-08
6.141122810277011013e-08
2.462881987241871684e-08
1.045292847834389249e-07
5.683804005229831091e-08
1.000429179498496524e-07
4.339551296084209753e-08
1.923105941159519716e-08
8.549387864320578956e-09
3.730367481580287858e-08
1.976355079591485264e-09
7.770910137594455591e-09
3.849925711563173536e-09
7.575323479613871314e-08
2.457690939650092332e-09
2.002897225850119867e-08
1.129364903817986487e-07
4.552175880689901533e-08
1.345076761083419115e-08
2.959807865465791110e-08
5.609499087455560584e-09
4.695797528597722703e-09
1.043504482822754653e-08
4.207310944082109927e-09
4.247505458465639094e-09
1.759011425406242779e-08
5.408521186467396547e-09
1.723563375355396943e-10
5.757838295039618970e-08
7.663645829047993630e-10
4.898407155451423023e-07
1.138270810940866795e-08
1.490269880832784111e-07
1.883230682508951759e-09
6.135976726717728980e-10
3.070536536142753903e-08
1.265694882235379737e-09
1.784644609870156273e-08
5.542148073800490238e-09
5.268973257699371970e-09
1.454817821766596353e-09
1.072261279766451025e-09
6.854243284060146379e-10
5.227401622676097759e-09
1.616420219896497201e-09
4.633149330857122550e-08
7.115923494893650059e-08
1.975911345653003082e-08
2.259566533879819872e-09
6.478454395164590096e-08
5.427246208000724437e-09
3.628548128631337022e-09
1.971509622222811231e-09
3.617864230420764216e-09
1.307059172006574954e-08
1.464077037383049174e-08
8.149861230322130723e-08
8.484445146450525499e-08
3.254602987112775736e-08
5.935005376045410230e-08
2.327322157213984610e-08
1.070532906766175074e-08
1.202508137509994413e-08
2.984645561809884384e-07
9.856292848553493968e-08
2.296528966994060283e-09
7.021691228459303602e-09
7.258705636559170671e-09
4.035073786212706182e-08
6.664813589907225833e-09
7.497968468328508607e-09
1.225734447274362537e-08
5.750976015406195074e-07
2.657555953078372113e-08
1.922453130021040124e-08
1.357636847387766466e-08
1.117063632705139753e-07
1.480619175708852708e-06
1.123244501854969712e-07
6.679613306914689019e-09
5.981539707988758892e-09
3.731346396307344548e-06
1.033544094752869569e-06
5.847086299581860658e-07
8.463768494948453736e-07
1.665060381128569134e-06
4.078552251485234592e-08
8.168761223004139538e-10
3.447644658649551275e-08
1.343866262715209814e-08
1.766772896871771081e-07
2.628805232234299183e-04
2.619889727384361322e-08
5.985408613184972637e-09
5.497278188215659611e-09
2.747316818485501244e-09
7.957862813157134951e-09
3.651842162000207281e-09
4.171433420907533218e-09
2.973709722908779440e-09
1.723038378642627322e-09
2.932576492753469211e-08
2.532777099162331069e-09
1.280265338188257829e-09
4.875737147358449874e-09
8.450927957426301873e-09
6.239515015771246453e-10
2.090869921644866736e-09
7.660683642995991249e-09
1.086200072109022585e-07
2.446570057657027064e-08
1.459464771258467408e-09
1.050896702992076825e-08
8.672478846172282374e-10
7.191935491590584206e-09
3.149628113874314295e-09
6.630932247730925155e-09
3.601787090801167324e-09
5.095217581185806921e-09
3.562800277023825402e-09
3.919155222575909647e-09
1.025658846742771857e-07
2.476642002591233904e-08
5.458775209632449332e-09
9.892505481445823534e-09
4.795517938305238204e-08
2.359953654718083271e-08
2.026254577458530548e-07
5.774838829353257097e-09
9.135118217429294418e-10
1.516913812338316347e-06
1.365163370792288333e-06
3.338749365866533481e-08
5.457463814195762097e-09
1.590483833524558577e-08
9.747299145601573400e-08
3.576814577854747768e-08
1.648903662498923950e-07
3.004614086421497632e-07
3.201376603101380169e-05
9.104526270675705746e-07
3.182987256877822801e-06
8.937254278862383217e-07
2.797126398945692927e-06
3.110392299277009442e-06
2.431954499115818180e-06
1.880357558547984809e-07
3.112288382567385270e-08
2.005583752406892017e-07
1.732839933765717433e-07
6.218302672778008855e-08
9.323122185378451832e-08
3.588647132346522994e-06
2.521434680602396838e-06
2.289959111223538457e-09
8.512694549267507682e-09
4.331100456056447001e-08
1.056459313986124471e-05
4.684697785251046298e-08
4.401479003490749164e-08
7.972938220746073057e-08
1.429840040145791136e-06
3.229176925856336311e-08
1.212402622741137748e-07
6.880752039251092356e-07
4.755649385401738982e-08
7.440275595627099392e-08
7.379822530850788098e-09
1.546567460763981217e-07
3.604033054216415621e-06
5.589761542523774551e-09
2.744033622548158746e-07
6.730230666107672732e-07
1.457937469240278006e-05
2.129999998601306288e-08
7.376923463198181707e-07
1.809616207992803538e-07
1.180780699883143825e-07
3.560336381269735284e-06
6.082738757129391161e-09
5.877392936781689059e-07
6.696688501506287139e-07
3.914269353089139258e-09
1.981709516485352651e-07
1.501491198041549069e-07
7.864187937229871750e-04
1.604119825060479343e-05
2.212252958599947306e-08
2.229370110740092059e-08
8.598615153232458397e-08
5.321137450664537027e-07
5.504632749619986498e-09
1.373138616145297419e-06
9.407111178916238714e-08
1.054878566719708033e-07
2.525680201870272867e-06
3.413850790821015835e-04
1.619305720623742673e-07
4.340064663210796425e-08
2.301972479301639396e-08
7.642543486952035892e-09
1.505518198996469437e-08
4.025471014301729156e-07
3.380103663630507072e-08
5.398349571805738378e-07
8.570465226398482628e-09
6.643038119591437862e-08
1.399624034092994407e-05
2.048702153842896223e-04
1.849107533757887722e-09
1.259883664062044772e-08
2.627223466333816759e-06
1.710360447759740055e-05
1.512019132121622533e-08
2.869318826981270831e-08
3.578552991712058429e-07
6.772910410290933214e-08
1.593715026615427632e-08
2.995211545453457802e-08
1.671386962698306888e-05
3.403718001209199429e-04
1.003763916429534220e-08
3.031795969832273840e-08
3.801932990654677269e-08
1.372132487631461117e-07
3.276104223459697096e-07
1.376644149786443450e-07
1.886293034658592660e-06
2.353344852323857594e-09
6.907373339970490633e-09
2.812237198668299243e-07
1.032008043466703384e-07
1.309137047655895003e-07
2.300435517099685967e-05
5.899333359593583737e-07
7.703810922521370230e-08
3.578276448479300598e-07
3.541391038197616581e-07
4.088981597760721343e-08
1.306811867607393651e-07
2.098746065826162521e-08
2.580181330813502427e-07
1.896522832112168544e-07
2.507418273012262944e-08
2.393617748452925298e-08
6.336413349572467268e-08
3.564972575986757874e-05
4.773870543317570991e-08
4.022155497551693770e-09
2.626916568715387257e-07
2.416323852116875059e-08
2.517980135507968953e-07
1.015222217404243565e-08
1.283727324334904552e-04
3.542387503330246545e-07
1.039735675334441112e-08
2.533913878721705260e-08
7.677695812446927448e-09
5.500773880839915364e-08
1.668767481532995589e-06
1.045708657443356060e-07
2.416247036308050156e-03
1.151434844359755516e-06
8.560099900023487862e-07
4.784268536894842327e-09
1.357012902047927128e-08
3.620240462964829931e-08
1.648977288049024992e-09
1.008526282930688467e-06
7.269262969344936209e-09
1.954999646613941877e-07
4.038392731331441610e-08
1.083573210053145885e-03
1.128790536313317716e-04
4.129699846089351922e-06
1.700400265036705605e-09
3.217586345272138715e-05
3.020286953869799618e-08
3.961023153919995821e-08
5.194830343668854766e-09
4.598631164753896883e-07
5.882524192202254198e-07
1.947238530419781455e-07
9.134822903433814645e-06
1.961110910997376777e-06
1.621398659779060836e-08
2.423513834060031513e-09
1.595119036856829098e-09
1.424749029865779448e-08
3.294311667900728935e-08
4.212356288917362690e-04
2.522537397453561425e-05
3.492909961266832397e-09
4.516914941632421687e-06
4.394741210944630438e-07
3.852085228572832420e-07
2.080649750269003562e-07
5.407265746271150419e-08
3.849057975457981229e-06
8.473358681371223611e-10
9.219528251946940145e-09
2.558624601078918204e-06
7.729907025577631430e-08
4.547374921060054476e-09
3.440399254373005533e-08
1.647506167046230985e-07
1.412629302421919419e-08
2.522619979572482407e-08
1.758333922907695523e-08
6.286419562684386619e-08
1.346635514209992834e-07
1.292935962737828959e-06
1.017146018966741394e-06
6.300689392446656711e-07
8.231680226344906259e-07
6.839333650532353204e-07
3.220192752451112028e-07
2.146664144220267190e-07
5.409042955761833582e-07
3.201736831215384882e-07
7.856799655314716802e-09
3.214919175320574141e-08
8.827742021821904927e-07
1.819495452082264819e-07
7.579598282347888016e-09
3.505325452124452568e-08
2.591960424069839064e-07
4.094452421554706234e-08
1.490335854725799436e-08
2.430403078790277505e-08
8.311954502460139338e-07
3.737494864708423847e-07
8.866185652323110844e-08
1.092061729934812320e-08
1.073048565558565315e-06
4.960850574775577115e-08
1.630386634587921435e-07
2.323662862124820094e-08
5.214219811477960320e-08
1.701176529422809836e-06
6.432304022752077799e-09
7.762451126325231598e-09
8.153448582959299529e-09
8.953411345657968923e-09
3.345340715554812050e-08
7.170715889515122399e-06
5.072055841992550995e-08
1.009567426990543026e-06
1.265137399286686559e-07
1.786533800895995228e-07
7.801894241765694460e-08
2.718006726354360580e-07
7.369386025857238565e-07
2.293373029260692419e-07
4.800358865963971766e-08
6.519891737610805649e-09
2.934530698439630214e-07
2.438901169909968303e-08
2.300751145156709754e-09
4.199374181723669608e-09
1.260930133639703854e-07
3.203830856364220381e-04
1.799169240257469937e-07
2.882691205741139129e-07
1.679652195889502764e-04
2.002827459435252422e-09
1.866402588035498411e-09
6.491401638442084732e-09
1.755037715156504419e-07
1.171696162316493428e-08
9.820653940550982952e-05
8.289531194805022096e-08
4.064843128759321189e-09
5.007508363519264094e-08
2.150125737898633815e-06
3.141007312024157727e-07
9.488806407276229038e-10
1.157504492255156947e-08
1.465617316398493131e-07
9.621859220487749553e-08
5.884732345862175862e-08
1.708856302684580442e-06
7.018695669103180990e-06
8.064178658173659642e-09
1.882236944084070274e-08
3.414483584762706414e-09
1.091497381366934860e-08
8.358691161447495688e-08
5.384169412536721211e-07
8.036651166776209720e-08
5.676374712493270636e-07
3.923322822174668545e-08
7.104925316525623202e-06
7.109856960596516728e-05
2.120688513684854115e-08
1.032211205398425591e-08
5.282697202346753329e-06
1.177699289200972999e-07
1.683291088738769758e-07
2.485634013282833621e-06
2.070171831292100251e-05
1.471510017836408224e-06
3.408074933375360160e-09
7.890518105568844476e-08
7.474857852685090620e-07
4.980007517474405176e-09
3.237501289277133765e-07
4.762703320011496544e-04
2.899953979067504406e-04
1.731928911397062620e-08
3.040667806430974451e-08
1.348209650586795760e-07
1.466418986240114464e-08
4.507539674847294009e-09
5.188028353586560115e-07
5.591819896011429591e-09
3.159772887784129125e-09
1.618752094145747833e-06
1.306841227233235259e-06
4.124220964740743511e-08
5.567826519836671650e-07
2.817930067067209166e-08
1.072293920323375005e-09
1.137595795341894700e-08
4.062111145231028786e-07
2.625317208071464847e-08
1.006393290481355507e-06
3.756723856440657983e-07
2.547628419335978833e-08
8.140101999742910266e-05
8.248773519881069660e-05
1.891526721919944976e-07
4.586096906677994411e-07
8.175550902933537145e-08
3.519023084663785994e-05
2.037828572554190032e-08
1.164870777614623876e-08
7.081431704136775807e-06
3.510070314405311365e-07
1.087569398805499077e-05
7.622122666361974552e-08
3.430460537856561132e-07
8.863181574270129204e-05
6.372373917429285939e-08
9.049387728055080515e-08
3.727172792622468478e-09
2.595091475043886931e-09
2.941803423084365932e-08
8.640736126608317136e-08
9.242086207450483926e-08
3.159815076259064881e-09
2.364268851806627936e-07
2.267114041387685575e-06
6.552668310177978128e-07
1.042428484652191401e-04
3.235694023828727950e-08
4.505528394815883075e-09
4.574176148963715605e-09
4.912687145974814484e-08
5.484820349010988139e-07
1.213780524267349392e-05
7.197369811251519423e-09
3.150987737399191246e-08
1.031204760693071876e-06
1.401258629130097688e-07
1.408642589240116649e-07
5.560450517805293202e-07
6.525580431571142981e-08
2.753358652185511346e-10
1.553377478558104485e-05
2.055703589576296508e-07
1.839874244069505949e-07
6.045343070582021028e-06
3.405087412033935834e-08
3.148084886106516933e-07
1.182521813802850374e-07
4.583217005915685149e-08
5.647642797868002162e-09
1.189977361093497166e-08
8.539349209968349896e-07
1.208903267979621887e-05
8.613664448375857319e-09
3.287996719336661045e-08
3.610068022297241441e-09
5.621816789869171771e-09
2.253486108827473799e-08
2.353835348856136989e-08
2.601180995043250732e-06
7.197552065463241888e-08
2.690455858100904152e-09
1.959522535344149219e-07
1.863645024968718644e-06
5.952736970016303530e-08
2.622522588353604078e-04
4.998800704925088212e-06
2.497147555402534636e-08
5.701839711491629714e-08
1.712809449827545905e-08
8.333822188433259726e-05
5.255015267380258592e-08
7.509611918976588640e-07
4.455843338746490190e-08
1.025597242687581456e-07
1.092324275475675677e-08
6.800599550160768558e-08
1.079836735584649432e-07
6.021480913886989583e-08
1.976295749273049296e-08
1.074794653277422185e-08
8.702110143588015490e-09
3.556894867529081239e-08
7.347273935920384247e-07
4.359719341096024436e-08
4.014148302644571231e-08
2.685530375856615137e-08
2.494563773325353395e-07
1.018353941617533565e-05
3.525437477946979925e-06
5.638965376419946551e-06
5.768929867144834134e-08
2.829558098937923205e-08
1.084251710636863208e-08
9.455609870201442391e-06
1.678172445451764361e-08
1.111245584439757295e-08
7.028850035339928581e-08
8.764342140921144164e-09
2.062248114498288487e-07
6.186738943370073684e-08
7.407495417055542930e-08
5.798240110266306147e-08
8.352218195796012878e-03
3.300599564681760967e-05
1.652531409490620717e-06
1.068949639915217631e-08
5.433059513393345696e-08
1.751603235788934398e-07
7.473083201148256194e-07
2.321143983863294125e-05
5.481793050421401858e-05
9.712831428032586700e-09
3.398242753860358789e-08
1.316710864784909063e-07
4.119109871680848300e-05
3.036621194496547105e-07
1.325352627645770553e-08
2.242718437628354877e-07
1.780870206857798621e-08
2.472311962264939211e-06
6.009354081015771953e-08
6.510755156341474503e-06
3.911884789431496756e-07
6.707983057907540569e-09
6.804326062592735980e-07
1.590275360285886563e-07
4.434989477886119857e-06
3.638453563326038420e-06
4.330223237047903240e-05
1.390964712300046813e-06
4.034333311864202187e-09
6.020252385496860370e-08
8.617250557563238544e-08
2.528969567094918602e-08
6.157707588272387511e-08
7.332486973155027954e-08
2.151751323253847659e-05
4.603034540195949376e-06
2.668247311987670400e-08
2.176259295083582401e-04
7.668121834285557270e-04
1.339889621476686443e-07
4.782139058079337701e-07
8.324583404828445055e-07
1.906542195229121717e-07
1.019698814275216137e-07
2.623289037728682160e-05
8.707991838718953659e-08
8.963134519035520498e-07
1.344759994026389904e-06
1.297015614909469150e-07
3.179175678269530181e-07
3.289152346042101271e-07
5.368062971911058412e-08
3.905303856299724430e-06
8.315311816886605811e-08
7.072755270343122902e-09
4.486056681685113290e-08
1.334016415057703853e-04
1.929950741441643913e-07
3.069703780056443065e-07
1.745407757880457211e-06
1.235652025144418076e-08
6.718091754009947181e-07
1.252095582771062254e-08
2.130646059583796159e-08
3.053484647352888715e-07
3.136052129093513940e-08
1.441105865751524107e-07
4.227292151881556492e-07
5.824838353873929009e-06
2.831758365573477931e-06
1.423879183448661934e-07
6.091333943913923576e-06
1.048657850333256647e-05
9.817248525223476463e-08
1.465177668080741569e-08
1.348563216652109986e-07
8.892721962183713913e-05
1.543022881378419697e-05
6.771983294129313435e-07
8.684128829372639302e-07
1.037158341432586894e-07
2.231005737485247664e-06
2.437525949972041417e-07
2.621904293675925146e-08
7.187143182818545029e-07
3.847208063234575093e-06
7.295069508472806774e-07
9.963478042607221141e-09
9.608870144006687042e-09
3.125521516267326660e-06
1.314928343987276094e-08
7.409105506894775317e-08
6.876553584334033076e-07
7.293056114576756954e-06
7.140399702620925382e-07
6.145279485281207599e-07
4.624197202929281048e-08
2.771449381100410392e-08
3.807560933211107113e-10
4.785528417983186955e-09
8.737199095776304603e-06
8.311565693475131411e-07
4.434722811197389092e-08
8.944078899730811827e-08
3.463397035829984816e-08
1.108659120063748560e-07
1.163432017392551643e-08
1.066086863232840187e-08
1.420705686427936598e-08
4.421245876073953696e-07
6.638124006030921009e-08
1.486577083653628506e-08
4.266426145704826922e-08
2.411605635188607266e-07
1.072484678843466099e-08
1.024502793711690174e-08
1.400577218646503752e-07
3.510889200697420165e-06
9.268222129321657121e-06
1.102932287722069304e-06
6.413025403162464499e-06
3.827336968242889270e-06
4.098640715710644145e-08
1.441028842918967712e-07
2.708479769353289157e-07
3.172772551351954462e-07
4.773162913807027508e-07
1.953631700857272335e-09
7.474940133533891640e-08
2.609466775993496412e-08
3.543262794281076822e-09
9.977280113204756162e-10
5.791321200376842171e-08
7.714790584145703178e-09
2.706025448162563407e-08
1.201169474995822384e-08
1.080811795617364623e-08
4.587546342804671440e-08
2.335690307830873280e-09
2.726973491462558741e-08
2.036984581010869988e-09
3.070136926908162422e-07
3.440244478181142540e-10
4.266757613891059009e-09
5.765945942926009593e-09
1.255144166378840964e-08
6.209196712347875291e-09
3.747259835762406510e-09
5.692893267905674293e-09
1.038317307688885194e-07
7.973693705309869983e-09
1.271743599318142515e-07
3.054566377613809891e-08
6.455635315205654479e-08
1.595143572785673314e-07
1.243491425384490867e-07
9.402711498296412174e-09
5.117680501598442788e-08
1.010224650599411689e-07
1.025077978056287975e-07
2.654368058685463438e-09
3.212729193791119542e-09
2.764373618902027374e-09
3.957642036311881384e-07
1.841846675176839199e-08
9.363428254971495335e-09
3.263996362079524260e-08
9.891161223407607395e-10
1.802019755636763421e-09
1.225474921540126161e-08
4.085769944595085690e-08
6.718383360748703126e-08
8.433731046864068048e-09
1.716006607921372051e-07
6.370040495085049770e-08
8.903244733810424805e-01
1.148034129982988816e-07
1.618674374185502529e-03
7.322096735151717439e-06
1.473832344345282763e-05
6.084175780415534973e-02
4.478277696762233973e-04
1.059751521097496152e-04
1.632088678888976574e-03
2.612609788775444031e-02
2.062270141323097050e-05
1.464476554247085005e-06
4.251041119118781353e-08
7.626896376677905209e-07
5.466791108688084933e-08
1.247063750042798347e-07
6.231315552440719330e-08
2.465617576774548070e-08
2.082759031907244207e-08
3.420063023895636434e-07
6.977263922181009548e-08
2.603173321347185265e-08
1.522820269883595756e-08
5.625249155372102905e-09
6.393325691078644013e-08
3.469735929684247822e-07
2.356314965368255798e-08
1.448480801968798914e-08
3.822838579026210937e-08
5.360488497530013774e-09
