7.601196557516232133e-06
1.516801262368971948e-06
2.878004124795552343e-06
1.196150878968182951e-05
2.947989798940398032e-07
3.272477897553471848e-06
6.106605496825068258e-07
1.848238753154873848e-05
1.368416974401043262e-06
8.159573189914226532e-05
4.655318207369418815e-06
5.054562734585488215e-06
1.197557139676064253e-05
2.107369567738714977e-07
8.503337085130624473e-06
2.269657306896988302e-05
1.454263951927714515e-06
4.291943014322896488e-07
7.810769602656364441e-06
2.978721568069886416e-06
1.191607339023903478e-06
1.516194606665521860e-05
8.884495400707237422e-06
5.182797394809313118e-05
1.932795021275524050e-05
1.290987029278767295e-06
7.164779844970325939e-07
9.908625315802055411e-07
6.147384965515811928e-07
4.917715159535873681e-07
3.769168188227922656e-06
8.809493579065019730e-07
3.938608188036596403e-06
7.269715069924131967e-07
1.908852254928206094e-06
8.637211976747494191e-06
3.293973122708848678e-06
4.735883294415543787e-07
4.820085905521409586e-06
8.547338438802398741e-06
2.228351263511285651e-07
2.482336640241555870e-06
3.588282879718462937e-07
3.416334584471769631e-05
2.121403213095618412e-06
2.131696419382933527e-05
8.843909427014295943e-08
1.432251065125456080e-05
3.974169430875917897e-06
7.210036528704222292e-06
3.470119281701045111e-06
1.169343886431306601e-05
2.500005166439223103e-06
1.389409817420528270e-06
1.092834963856148534e-06
2.296097960652332404e-07
3.217617461359623121e-07
6.898981155245564878e-07
1.795236926227516960e-06
1.017393515212461352e-06
5.584517111856257543e-06
2.692199245757365134e-07
1.244827763002831489e-05
5.016768227505963296e-06
1.973981170522165485e-06
6.534606200148118660e-06
5.104409410705557093e-06
4.365082986623747274e-06
8.991285085357958451e-07
3.232327969726611627e-07
2.963093265861971304e-06
5.880303888261551037e-07
4.698770680988673121e-06
1.091551966965198517e-03
2.293636134709231555e-05
1.617399107090022881e-06
2.358709934924263507e-06
4.244617230142466724e-06
1.086176998796872795e-04
3.454003717706655152e-06
7.167862349888309836e-05
2.981103079946478829e-06
3.413016384001821280e-05
4.671132774092257023e-04
4.388235538499429822e-06
1.232104409609746654e-06
6.072253199818078429e-06
1.583877929078880697e-05
3.486855121082044207e-06
4.215515218675136566e-06
2.198120273533277214e-05
9.164964467345271260e-06
2.723405486904084682e-06
2.129689846697147004e-06
8.636574784759432077e-05
1.178947400148899760e-06
1.705079853309143800e-06
4.519304752648167778e-07
9.545281500322744250e-06
4.391697984829079360e-06
2.467493004587595351e-06
5.036048241890966892e-04
4.085416094312677160e-06
1.063548916135914624e-05
4.464717676455620676e-06
1.185633027489529923e-05
3.344255310366861522e-05
1.197786696138791740e-04
3.329937317175790668e-05
1.095838683795591351e-06
4.159584250373882242e-07
2.547807582686800743e-07
1.148092360381269827e-05
8.808489837974775583e-06
1.471828909416217357e-06
1.866916704784671310e-06
1.532256192149361596e-06
6.530889322675648145e-07
8.137662007356993854e-06
5.657833389705047011e-05
3.344810465932823718e-05
8.819035429041832685e-05
1.581576179887633771e-05
7.531992014264687896e-05
1.976334897335618734e-05
7.243275831569917500e-06
4.517738489084877074e-06
2.834195584000553936e-06
6.550531566063000355e-07
1.336802415607962757e-05
1.856815174505754840e-06
4.635304833300324390e-07
3.212854153389343992e-06
7.101731966940860730e-07
1.165422190751996823e-06
6.529270422106492333e-07
1.942974449775647372e-05
4.544066086964448914e-06
5.330608473741449416e-06
5.506014986167429015e-07
5.556900077863247134e-07
2.311618345629540272e-07
2.202012154839394498e-07
4.955340386914031114e-07
2.010203843383351341e-06
3.174537778249941766e-05
1.364247737001278438e-07
5.073189186077797785e-06
4.815458851226139814e-06
2.640697857714258134e-06
6.768334060325287282e-06
1.146631111623719335e-04
1.047458135872147977e-04
3.827578439086209983e-06
6.173149358801310882e-06
7.540942988271126524e-06
2.481755655026063323e-05
8.543781586922705173e-05
3.690836092573590577e-05
1.761419262038543820e-04
7.406801159959286451e-05
4.885874204774154350e-06
4.302772595110582188e-06
2.168723221984691918e-05
6.357751772156916559e-06
2.000575295824091882e-05
2.618454118419322185e-06
6.430110079236328602e-05
1.947032978932838887e-05
3.124391150777228177e-05
1.926384866237640381e-04
9.742710972204804420e-06
2.936264172603841871e-05
2.680870056792628020e-05
8.196559974749106914e-06
1.471205905545502901e-04
1.773144613252952695e-04
1.166921429103240371e-04
7.569854642497375607e-05
2.348808629903942347e-04
8.730178706173319370e-06
9.422080438525881618e-06
1.080786387319676578e-04
4.342112515587359667e-05
3.828920307569205761e-05
1.436542370356619358e-04
1.808138185879215598e-04
7.922758959466591477e-05
4.415705552673898637e-05
2.638596051838248968e-04
1.729515497572720051e-05
1.652460196055471897e-05
3.286942228442057967e-05
4.280648499843664467e-05
9.956874237104784697e-06
1.096106734621571377e-05
3.934367850888520479e-05
3.681608359329402447e-05
1.179061582661233842e-04
5.387730197980999947e-05
3.244253748562186956e-04
2.194462012994335964e-06
4.394618372316472232e-06
4.678223558585159481e-05
3.040166802747990005e-06
6.409758498193696141e-05
5.558829070650972426e-05
9.541100007481873035e-05
2.761469513643532991e-04
2.491000850568525493e-05
2.208322403021156788e-04
2.554261009208858013e-04
8.303653448820114136e-04
3.282394027337431908e-05
6.074399061617441475e-05
1.986885763471946120e-04
1.667779870331287384e-04
4.619958344846963882e-04
6.125668005552142859e-05
2.020393003476783633e-05
2.020349784288555384e-04
1.655386877246201038e-04
1.447104732505977154e-03
1.339533482678234577e-04
1.710890064714476466e-04
1.555725320940837264e-04
8.536374480172526091e-06
2.656294964253902435e-03
9.057166054844856262e-03
9.723135735839605331e-05
7.577500127808889374e-06
2.363555831834673882e-04
1.368976372759789228e-04
2.225048374384641647e-04
8.056726983340922743e-06
1.116675630328245461e-04
3.411511215745122172e-06
8.136560609273146838e-06
1.072203303920105100e-04
1.131502904172521085e-05
5.008605876355431974e-05
1.890599523903802037e-04
1.508465538790915161e-05
1.557553514430765063e-05
8.621474262326955795e-05
5.706916454073507339e-06
2.228092307632323354e-05
2.455021058267448097e-05
5.274077921058051288e-05
6.583380309166386724e-05
7.161661869758972898e-06
1.360889436909928918e-04
9.759482782101258636e-05
2.473466884111985564e-05
5.339127892511896789e-05
3.051432759093586355e-05
4.067420959472656250e-04
4.242296563461422920e-05
1.134578778874129057e-04
1.230657198902918026e-05
2.281064735143445432e-05
6.038075662218034267e-05
1.596601941855624318e-04
7.081291187205351889e-06
5.525333108380436897e-06
7.335611735470592976e-05
7.697884939261712134e-06
8.112653449643403292e-05
7.052557339193299413e-05
1.807796797947958112e-05
4.959427769790636376e-06
4.458449893718352541e-06
2.242636355731519870e-06
9.494176993030123413e-06
3.076205757679417729e-06
8.186018385458737612e-05
1.919699025165755302e-05
6.992380349402083084e-06
2.313689435595733812e-07
1.161989644060668070e-06
9.982917254092171788e-05
1.447188060410553589e-05
5.106297976453788579e-06
1.543666439829394221e-05
1.599522647666162811e-06
3.097992021139361896e-06
5.216146291786571965e-06
2.454425157338846475e-06
5.626653546642046422e-06
1.001656528387684375e-06
4.976028321834746748e-06
8.897786756278946996e-07
8.728514330869074911e-06
5.564379989664303139e-06
2.407833790130098350e-06
3.596569058572640643e-06
3.439026841078884900e-07
7.619384177814936265e-06
5.077286004961933941e-07
9.113105988944880664e-06
3.087092773057520390e-05
1.682645574874186423e-06
2.084300649585202336e-05
1.072340364771662280e-05
6.853363174741389230e-06
5.310439519234932959e-06
6.394473530235700309e-06
3.215939727851946373e-07
1.194461492559639737e-05
2.405870327493175864e-04
4.225284101266879588e-06
1.231175974680809304e-05
2.374719315412221476e-06
1.212694314745021984e-05
9.920349839376285672e-07
2.164265424653422087e-06
5.368690949580923188e-07
1.216080534049979178e-07
1.266515118913957849e-05
3.559924516594037414e-05
7.913897206890396774e-06
9.425558346265461296e-06
8.549596714146900922e-06
6.545137148350477219e-05
3.632050947999232449e-06
1.044026976160239428e-05
1.632502176107664127e-06
2.156249365725670941e-06
4.143695696257054806e-05
7.787767799527500756e-07
3.452502141954028048e-06
1.713060555630363524e-05
1.304809757129987702e-05
1.197287019749637693e-06
1.219561363541288301e-05
9.851220966083928943e-06
2.547733629398862831e-06
3.918476068065501750e-05
2.595098294477793388e-06
3.173571894876658916e-05
1.619107642909511924e-04
3.695536579471081495e-04
1.144862035289406776e-04
3.416615072637796402e-05
1.047648402163758874e-05
1.270849141292273998e-03
6.227671983651816845e-04
4.896600876236334443e-05
2.086430504277814180e-05
2.625989054649835452e-06
1.005653211905155331e-05
5.644071734423050657e-06
1.923597119457554072e-05
6.750497050234116614e-06
1.130747958086431026e-03
6.101710721850395203e-03
2.426902938168495893e-05
2.030967880273237824e-05
2.303373003087472171e-05
6.422801561711821705e-06
4.483671091293217614e-06
1.195130389533005655e-04
1.034021988743916154e-05
5.888643499929457903e-05
7.567602438030007761e-07
2.505193833712837659e-06
6.214346512933843769e-07
6.491437488875817508e-06
9.306782544626912568e-07
2.872832510547596030e-06
2.129466338374186307e-06
4.398874352773418650e-06
6.341704647638835013e-06
1.782360641300329007e-06
6.371268682414665818e-06
9.332544323115143925e-06
9.061826489187296829e-08
1.853140929597429931e-06
3.731026708919671364e-06
9.532858484817552380e-07
5.656777830154169351e-06
2.482479715126828523e-07
1.041616656038968358e-06
2.387579115747939795e-06
7.261764039867557585e-06
9.692348248790949583e-05
2.372677499806741253e-06
1.779980834726302419e-06
4.068223461217712611e-06
2.016754733631387353e-04
1.303984760170351365e-07
1.513246388640254736e-05
1.342287305305944756e-06
2.863059656021960109e-08
7.975175321917049587e-06
2.701504672586452216e-05
2.087204666167963296e-05
2.607058320336363977e-07
6.025843049428658560e-06
4.992832145944703370e-06
1.675251405686140060e-04
3.114247228950262070e-04
1.956346750375814736e-05
7.716625259490683675e-05
1.185436212836066261e-05
1.172083197161555290e-03
4.335107951192185283e-05
2.967994660139083862e-04
8.324101509060710669e-05
7.250722410390153527e-05
1.141854227171279490e-05
1.440666437702020630e-05
5.442963811219669878e-05
7.194403679022798315e-06
4.493685992201790214e-05
1.884554535536153708e-06
3.702282847370952368e-04
3.274588659405708313e-02
2.294680825798423029e-06
2.768293370536412112e-06
9.726965799927711487e-06
5.299693384586134925e-06
1.814887946238741279e-05
6.787424808862851933e-07
7.513256150559755042e-08
8.483820420224219561e-05
8.972051546152215451e-06
2.092242721118964255e-05
1.534699840703979135e-04
2.745798519754316658e-05
1.549331318528857082e-05
1.229835334015660919e-06
1.281483491766266525e-05
1.982459252758417279e-06
1.052280026669905055e-06
1.440358005311281886e-06
1.744415567372925580e-05
7.696949760429561138e-04
3.880645635945256799e-06
1.989752948284149170e-01
1.088587487174663693e-05
8.420051017310470343e-06
1.865291036665439606e-03
2.231040298283915035e-06
3.876767354086041451e-03
4.555223495117388666e-05
1.699671884125564247e-06
7.258294772327644750e-06
5.262828199192881584e-05
3.758000457310117781e-05
3.418780688662081957e-04
7.634283974766731262e-05
2.315808887942694128e-05
6.263686827878700569e-06
7.092408850439824164e-06
1.626927951292600483e-05
4.136960208415985107e-02
1.375959254801273346e-05
6.927941740286769345e-06
5.153916426934301853e-04
3.110286115770577453e-06
8.799087256193161011e-02
2.258971508126705885e-04
2.318345650564879179e-05
2.257954974993481301e-06
1.973087346414104104e-04
2.471288280503358692e-05
1.206093565997434780e-05
6.619571195187745616e-06
2.196648274548351765e-04
4.341077874414622784e-04
9.403369040228426456e-04
4.344733024481683969e-04
2.752078444245853461e-06
6.266951686484389938e-07
1.045733824867056683e-05
2.243398129940032959e-02
2.647332166816340759e-06
2.796590479192673229e-06
6.423891591111896560e-06
1.373114719172008336e-05
1.149064473793259822e-06
1.520645355412852950e-06
1.242093858309090137e-03
1.510057427367428318e-05
7.395796615128347185e-07
6.127324013505131006e-06
3.817464312305673957e-05
6.849753117421641946e-05
3.198206468368880451e-05
1.333942869678139687e-03
6.790885890950448811e-06
3.197719934178167023e-06
1.776624685589922592e-06
9.311107569374144077e-04
8.663483299642393831e-07
7.773302968416828662e-06
2.249404133181087673e-05
7.534340693382546306e-05
1.151933065557386726e-05
4.270123099558986723e-06
1.385966432280838490e-03
5.665640856022946537e-05
8.210117812268435955e-06
3.569186219465336762e-06
5.793871969217434525e-05
1.996559694816824049e-05
8.527785553269495722e-07
3.588810102428396931e-07
4.696864925790578127e-05
1.597773189132567495e-05
3.683139220811426640e-05
1.179967057396424934e-05
1.790909009287133813e-04
2.182303433073684573e-04
2.952963404823094606e-04
7.450231350958347321e-06
1.798156008590012789e-04
4.622670894605107605e-05
2.483435309841297567e-06
7.350303121711476706e-07
4.384815781577344751e-07
1.109577598981559277e-03
8.885889837983995676e-05
1.037633568048477173e-01
7.741350600554142147e-06
5.846337444381788373e-06
2.710362423385959119e-06
1.325972448285028804e-06
5.504610726347891614e-06
6.458386633312329650e-05
2.401044184807687998e-06
5.575516115641221404e-05
3.635984512584400363e-06
1.377450615791531163e-07
5.618786872219061479e-06
2.243157177872490138e-05
9.341569966636598110e-05
2.430453605484217405e-05
3.078346708207391202e-05
1.056765858083963394e-02
5.477090831845998764e-03
1.339230802841484547e-04
3.232144763387623243e-06
4.048969640280120075e-05
1.700726716080680490e-05
8.631440323370043188e-06
5.933470674790441990e-05
1.089666693587787449e-05
7.175334303610725328e-06
3.460069819993805140e-06
1.714058271318208426e-06
1.328510406892746687e-04
1.254390099347801879e-05
1.060084789060056210e-03
8.073033532127737999e-04
2.185572157031856477e-05
6.538995075970888138e-04
2.536358952056616545e-04
3.699759326991625130e-05
1.756061101332306862e-05
1.470145434723235667e-06
1.646164600970223546e-04
1.123417223425349221e-05
1.478469016547023784e-06
1.573557165102101862e-05
1.681971116340719163e-05
5.108572622702922672e-06
3.117099549854174256e-05
6.197263246576767415e-06
2.831035089911893010e-06
9.350683285447303206e-06
2.043508902715984732e-05
9.640401549404487014e-05
1.984035188797861338e-04
2.416059578536078334e-04
1.543189500807784498e-05
2.527649048715829849e-04
1.973144680960103869e-04
1.695568607829045504e-05
1.211463240906596184e-04
1.074424471880774945e-05
3.416132676647976041e-05
1.552590692881494761e-04
1.725816546240821481e-04
3.987353920820169151e-06
1.001576456474140286e-04
5.663261163135757670e-06
1.370128884445875883e-04
1.377611511088616680e-06
1.731181214381649625e-06
6.038268566044280306e-06
1.947227872278745053e-07
1.942294511536601931e-05
5.517942918231710792e-05
7.972742314450442791e-04
7.407171779050258920e-06
2.576263796072453260e-06
1.079857520380755886e-05
2.291840974066872150e-05
1.157998340204358101e-04
2.528430195525288582e-04
2.491093437129165977e-05
7.735871477052569389e-04
7.409401587210595608e-05
1.656029439800477121e-06
1.207001361080983770e-07
3.846540948870824650e-06
7.555642696388531476e-06
6.823048170190304518e-05
4.099073703400790691e-05
9.445977048017084599e-05
7.343454635702073574e-04
2.110924106091260910e-05
1.624365177121944726e-05
2.497673449397552758e-05
1.341384540864964947e-05
2.465422994646360166e-06
9.427860277355648577e-06
2.024362220254261047e-05
2.300114374520489946e-06
5.416108178906142712e-04
4.022045061446988257e-07
4.340657142165582627e-06
6.119489989941939712e-05
7.777166320011019707e-04
7.793652184773236513e-05
1.995430829992983490e-05
8.012130274437367916e-05
2.953939031158370199e-07
6.493895909898128593e-08
7.285730589501326904e-06
1.341790084552485496e-05
4.642777184926671907e-07
4.116251511732116342e-05
3.143385811199550517e-06
3.102174014202319086e-05
3.520658719935454428e-05
5.993644590489566326e-04
6.783254320907872170e-06
4.269481621577142505e-07
2.491316990926861763e-05
5.527591929421760142e-05
1.728846807964146137e-03
1.361909380648285151e-05
4.800030589103698730e-02
2.445327409077435732e-04
5.863392402716272045e-07
7.666831720598565880e-07
4.325873305788263679e-05
4.898944894193846267e-07
1.339032110081461724e-06
1.479541067965328693e-03
8.176640840247273445e-04
7.708831617492251098e-06
9.391306230099871755e-05
5.744640657212585211e-05
1.192667623399756849e-04
2.377895543759223074e-05
1.876772330433595926e-06
9.290599700761958957e-05
3.457916027400642633e-04
6.696772629766201135e-07
9.115361172007396817e-05
5.506441084435209632e-05
1.073568273568525910e-04
1.774343036231584847e-05
7.072072476148605347e-04
1.791958857211284339e-05
9.640657481213565916e-07
2.431604807497933507e-04
5.324539961293339729e-04
2.322503860341385007e-05
9.257423130293318536e-07
2.691286908884649165e-06
3.326488695165608078e-06
1.663214425207115710e-05
6.593065336346626282e-06
2.315670863026753068e-04
2.107420186803210527e-05
1.173392774944659323e-06
2.189343831560108811e-05
8.020776294870302081e-05
2.873259973057429306e-06
4.920039827993605286e-06
7.451325927831931040e-06
1.536978970761992969e-06
2.699854803722701035e-06
2.689256325538735837e-05
4.116705094929784536e-04
1.614883076399564743e-03
1.054593212757026777e-05
7.929017010610550642e-05
1.794863783288747072e-04
5.635562501993263140e-06
4.499765054788440466e-06
5.773171665168774780e-07
7.477786311937961727e-06
1.424122694879770279e-02
7.479944033548235893e-04
4.221932613290846348e-06
2.692156136035919189e-01
9.543583291815593839e-05
3.059605078306049109e-04
1.180396338895661756e-06
3.568507236195728183e-05
3.724222551682032645e-06
2.366592889302410185e-05
5.206794958212412894e-05
1.510297238382918295e-06
1.867062678684305865e-06
1.195930235553532839e-04
8.054253441969194682e-08
2.042814230662770569e-06
8.512851081832195632e-07
2.399900840828195214e-04
1.051600440405309200e-03
7.845836080377921462e-06
9.777826198842376471e-05
4.291961431590607390e-06
6.120254170127736870e-07
2.138706349796848372e-06
4.293746314942836761e-06
3.352743442519567907e-05
1.448219409212470055e-03
1.318125869147479534e-04
1.150075732425648312e-07
3.051212988793849945e-04
5.367587618820834905e-06
1.227505777023907285e-06
6.623697845498099923e-05
1.013827350107021630e-04
1.024001434757337847e-07
1.583010540343821049e-03
1.697361221886239946e-05
1.918898429721593857e-03
1.205383567139506340e-03
5.703692522729397751e-07
1.476418401580303907e-04
2.221172508143354207e-06
2.127475937641065684e-07
4.730349974124692380e-05
3.123323267573141493e-06
7.408779492834582925e-05
2.951818714791443199e-05
4.732077343305718387e-07
4.850034201808739454e-06
7.675761480641085654e-06
8.051734766922891140e-06
1.439891784684732556e-04
1.411854555044556037e-05
1.016111709759570658e-04
1.795395473891403526e-05
1.940199581440538168e-06
4.799371254193829373e-06
3.608019324019551277e-04
2.271015000587794930e-05
1.186731969937682152e-04
5.329203122528269887e-05
5.254810730548342690e-06
4.140186320000793785e-06
1.827914616114867385e-06
6.199589552124962211e-05
2.098774757541832514e-06
3.756157238967716694e-04
7.023661601124331355e-05
5.998001597617985681e-06
4.323615485191112384e-06
2.258164895465597510e-04
3.387277956790057942e-06
7.989361279214790557e-07
2.625325350891216658e-06
1.570805179653689265e-04
1.314799533247423824e-06
2.674803226909716614e-06
2.736914902925491333e-04
1.525077004771446809e-05
1.559498487040400505e-04
1.680373202361806761e-06
1.497066386946244165e-05
4.988270302419550717e-05
1.204739906825125217e-03
1.900976167235057801e-05
4.369445889551570872e-07
6.623419608331460040e-07
7.180893135227961466e-06
6.910518277436494827e-05
2.345509361475706100e-03
6.120440616541600320e-07
7.473840378224849701e-05
3.604722587624564767e-05
2.966794709209352732e-04
3.236189877497963607e-05
2.366064836678560823e-05
2.696873764307383681e-07
9.375083027407526970e-04
1.218572651850990951e-04
1.418430315425212029e-06
1.835745422340551158e-07
4.683372026192955673e-06
4.209975304547697306e-04
1.005699232337065041e-05
5.099784539197571576e-05
1.224653942699660547e-06
4.439700205693952739e-06
1.702821828075684607e-05
2.145738108083605766e-06
9.685769327916204929e-04
7.904423400759696960e-04
6.669538947789988015e-07
4.659757905756123364e-05
4.332972821430303156e-06
1.632392377359792590e-04
1.094404751711408608e-06
4.485401223064400256e-05
5.089411206427030265e-05
2.649779617058811709e-06
1.404528738930821419e-04
3.863191068376181647e-06
3.333019412821158767e-05
9.869878413155674934e-04
2.744217272265814245e-05
7.816727884346619248e-05
4.566431925923097879e-07
5.990595673210918903e-04
6.070064046070910990e-06
2.145632788597140461e-05
1.307765978708630428e-05
3.892148015438579023e-05
1.444369117962196469e-04
2.176357229473069310e-04
1.248929606845194940e-06
3.142179688438773155e-03
8.832241292111575603e-05
4.949321009917184711e-06
1.880616400740109384e-05
2.812972707033623010e-05
4.936308687319979072e-05
8.345017704414203763e-06
1.514818723080679774e-05
7.176932558650150895e-05
6.914351160958176479e-06
4.644285127142211422e-06
7.248963695019483566e-03
1.559237534820567816e-05
1.870761025202227756e-06
1.740218431223183870e-05
4.769153310917317867e-04
7.208489478216506541e-06
1.430035899829817936e-05
5.812678136862814426e-05
2.046924317255616188e-03
2.750866315182065591e-06
2.940340200439095497e-04
3.644914249889552593e-04
3.974481951445341110e-04
4.036965314298868179e-03
1.219047408085316420e-04
2.643194875417975709e-06
3.184257138855173253e-06
2.643095285748131573e-05
1.098750453820684925e-05
4.546450509224087000e-04
5.358498892746865749e-04
9.959747694665566087e-05
8.427216671407222748e-04
4.701509897131472826e-04
1.990160817513242364e-04
6.498793663922697306e-05
3.527519766066689044e-06
1.923322997754439712e-04
2.278803549415897578e-05
3.759194078156724572e-05
1.784263877198100090e-04
3.082759212702512741e-05
6.025259790476411581e-05
1.610029903531540185e-05
4.715416253020521253e-06
4.513268322625663131e-06
7.812412513885647058e-05
8.347406401298940182e-04
5.546041211346164346e-05
9.066117740985646378e-07
3.542113117873668671e-04
2.350428840145468712e-04
5.759984560427255929e-05
2.722679892031010240e-05
6.553456478286534548e-05
2.289215262862853706e-05
4.687798355007544160e-05
2.935961856564972550e-05
1.068462779585388489e-06
2.455290450598113239e-05
8.387987691094167531e-07
1.015417979033372831e-06
2.344189997529610991e-04
8.313652415381511673e-07
2.587111566754174419e-06
1.953422497535939328e-06
7.881025521783158183e-05
1.883806180558167398e-05
1.445384696125984192e-04
1.767105277394875884e-05
1.196083612740039825e-04
1.373043960484210402e-05
6.048637260391842574e-06
1.996161699935328215e-05
8.276650078187230974e-06
3.412186561035923660e-05
4.302625256968894973e-06
1.016850819723913446e-05
4.365495871752500534e-03
1.683119044173508883e-04
1.933654311869759113e-05
3.120390601907274686e-06
6.779629620723426342e-04
5.368762867874465883e-05
5.926486337557435036e-04
5.586933298218355048e-07
1.169761671917513013e-04
2.198933725594542921e-05
2.138246491085737944e-04
4.918147169519215822e-07
9.174417755275499076e-06
2.339045437338427291e-07
3.007401119248243049e-07
5.897511528019094840e-07
8.225388228311203420e-07
6.149689397716429085e-07
3.775512959691695869e-05
1.419212480868736748e-06
4.242763296247176186e-08
2.789324298646533862e-06
5.593252438984563923e-08
6.582199603144545108e-07
1.730615792894241167e-07
8.997963959700427949e-06
4.832729416648362530e-08
1.301180418522562832e-06
7.606384428981982637e-07
1.186688905363553204e-06
1.010294681691448204e-06
4.057121429923427058e-07
7.596163982270809356e-07
4.071577222930500284e-06
5.805672032010988914e-08
1.319602451985701919e-04
5.119150500831892714e-06
1.312141421294654720e-06
3.205923349014483392e-05
3.824973191512981430e-06
5.191731133891153149e-07
1.630594510970695410e-06
3.102804112131707370e-05
1.390598299622070044e-05
1.645309225750679616e-06
1.115129180107032880e-06
9.079711276172020007e-07
8.172371890395879745e-04
3.094457497354596853e-06
1.279859816349926405e-06
3.728865465291164583e-07
4.871141641160647850e-07
1.437766172784904484e-07
1.428557652616291307e-06
2.278312223324974184e-07
4.874018486589193344e-05
2.570131300672073849e-06
1.284812060475815088e-05
5.380359198170481250e-06
7.721384521573781967e-03
1.466838330088648945e-05
5.997933330945670605e-04
4.172598710283637047e-04
1.879256451502442360e-04
1.407277397811412811e-02
1.179108148789964616e-04
3.815448144450783730e-04
1.261502970010042191e-03
3.089466830715537071e-03
1.060891314409673214e-03
1.886771933641284704e-04
6.464440502895740792e-06
6.492840475402772427e-05
1.811474430724047124e-05
5.696835160051705316e-06
1.469902940698375460e-06
7.189832103904336691e-05
2.804755467877839692e-06
1.298587885685265064e-04
7.434592407662421465e-05
1.127870109485229477e-05
6.291057161433855072e-06
3.108435976173495874e-06
2.700904406083282083e-05
8.698246092535555363e-04
2.961730206152424216e-05
2.973326445498969406e-06
2.658106677699834108e-04
3.124699560430599377e-06
