1.029324803170084124e-08
7.322935147158204927e-09
1.004693672257417347e-06
7.259907874868076760e-07
7.704054496571188793e-07
1.042367557602119632e-06
1.108684728023945354e-06
3.853746477489039535e-08
5.395365221261272382e-08
9.641973264251646469e-08
4.258043517779697140e-08
1.716821351749331370e-09
2.804578969062276883e-07
6.549495168428620673e-08
2.451935765535040446e-09
3.697709516359282134e-08
8.077013724516746151e-09
7.144886016163809472e-09
1.677595093951822491e-07
8.599277379062186810e-08
6.382102668567313231e-08
7.141891700257474440e-08
1.720202362776035443e-07
3.806407562478852924e-07
5.455061113934789319e-08
2.662043696588511921e-09
3.378445967427978758e-08
3.714186291858823097e-08
4.369237194268293933e-10
7.723135908577205555e-09
1.217176359702420996e-09
1.862046294931474222e-09
1.906897972858700996e-09
8.037560661477982649e-08
1.651158072490943596e-07
3.878382770494681608e-08
9.680375967491272604e-08
3.314553298494615774e-09
1.084748433299864701e-07
1.835600897948097554e-07
1.201934551886552072e-08
4.098029648957890458e-08
1.103981617234239820e-07
6.833310806086956291e-08
2.311219660100505280e-08
4.433943701087628142e-08
1.844531194450382827e-09
1.600583843242020521e-08
1.575360464300956664e-08
6.236089866717975383e-09
1.258279080929014526e-08
1.513871978886527359e-07
5.800337099515218142e-09
4.741715020628589627e-09
2.764537931909671897e-08
5.659337998231706024e-10
1.580506925336067070e-08
9.821099489215612266e-09
6.122662625784869306e-07
7.161244930387056229e-09
1.291739550879356102e-07
2.155702061301667527e-09
1.462031207211111905e-08
1.199113519589900534e-08
1.316006859042317956e-08
7.809971336314447399e-09
1.038232824157603318e-07
1.203116397618941846e-07
7.469789231606682733e-09
1.019455524442491878e-07
2.566751220456353622e-07
2.159657119804592185e-09
1.355584444695523416e-08
2.811029560234601377e-07
2.735886539539933437e-08
5.339020603400967957e-08
1.552342432376008219e-08
9.115034949047640112e-09
1.060825525200925767e-07
1.099578099683640175e-07
7.163513373598107137e-07
1.532745159238402266e-06
8.211214321818260942e-07
5.754853305006690789e-07
2.152288125500945171e-09
9.752969987175674760e-08
1.343231701866898220e-06
6.088613702104339609e-08
1.926431458798560925e-08
3.970681561327182862e-08
9.892252572640813923e-10
3.817431348807076574e-08
6.867907575980325419e-09
1.050016962267363851e-08
1.615483569139541942e-08
1.987358277943940266e-09
1.752226630458153522e-08
4.272823428408401014e-09
7.647192212800746347e-09
2.859314918168820441e-08
8.142121288301495952e-08
5.470724318001884967e-07
5.533548730340953625e-09
1.836205854033323703e-08
1.450155640014827441e-08
2.283378464085217274e-08
1.631654633627022122e-08
1.748668694290245185e-07
3.189344344178834945e-09
1.268818206057176212e-08
1.065161825408722507e-08
1.350240275144187763e-08
8.158109210398833966e-08
5.415128967456439568e-08
1.120993164960282229e-08
7.109230093504947945e-09
1.807824290267490142e-08
1.563024056849826593e-07
1.302730723296008364e-08
8.534534572390839458e-07
1.925535109137399559e-08
1.407139649245436885e-07
5.644685074912558775e-07
5.063976686869864352e-07
1.188866178836178733e-07
3.947551618921352201e-08
8.210724899981869385e-08
1.115713257604511455e-05
1.787776795936224516e-06
7.524778879997029435e-07
4.244914464379689889e-08
2.254620667940798739e-08
3.792081031406269176e-07
3.789863001202320447e-08
3.615165837800304871e-07
7.914281674459289206e-09
1.949943708723367308e-07
1.162375884433686224e-08
1.016927910768572474e-07
6.265506158342759591e-08
7.311173533253167989e-08
2.327333845641987864e-07
4.850774004694358155e-09
9.509558651643601479e-08
5.827178028994239867e-07
6.422837941499892622e-07
3.327075432935089339e-07
1.070023472493630834e-06
2.912939180532703176e-06
1.054263343291950150e-08
1.974240149138495326e-06
7.833278203861482325e-08
2.589554171095187485e-08
1.209120114253892098e-06
4.826999884244287387e-07
6.502693139509574394e-08
1.744222458910371643e-06
1.278461780884754262e-07
1.345970019883679925e-07
3.836744326690677553e-07
7.764259635223424993e-08
1.091498731398132804e-07
1.055253662229915790e-07
3.566477744243456982e-07
1.254825008345505921e-07
5.733171519750612788e-07
1.866391414750978583e-07
3.535683674726897152e-07
2.865444628241675673e-07
2.422934358037309721e-06
5.021935976401437074e-06
6.151381626295915339e-07
2.177130454583675601e-06
2.224983518317458220e-06
1.804078465283964761e-06
6.617806036501860945e-08
2.505853160528204171e-07
5.643827535095624626e-06
4.720932622603868367e-07
3.925992473341466393e-07
2.248844133134753065e-08
2.152748095340939471e-07
7.799703638511346071e-08
8.589094591116008814e-07
4.966186679666861892e-07
4.399935846777225379e-07
7.032428328557216446e-08
4.622635074724712467e-08
2.173213943024165928e-06
8.967851385932590347e-07
2.127251036654342897e-06
5.721477123188378755e-07
3.303426296952238772e-07
5.964430016547339619e-08
1.646748586381363566e-07
1.124602206914460112e-07
2.030734549407497980e-07
3.277186351624550298e-06
1.100235294870799407e-06
5.121670483276830055e-07
5.236855713519616984e-07
4.828622834907037031e-08
1.762591182341566309e-06
2.513781964808003977e-06
1.998756999910256127e-07
4.507448636559274746e-07
1.209846232086420059e-07
3.997371038622077322e-07
6.681293598376214504e-07
1.783637770813584211e-07
3.530080903146881610e-07
5.587750706581573468e-07
2.577491386546171270e-06
2.757921606644231360e-07
1.300066060139215551e-06
1.232428843422894715e-07
2.491257419023895636e-06
2.253875805990901426e-07
1.635068258565297583e-07
6.163742796161386650e-07
4.880399728790507652e-08
2.872621394089946989e-07
1.603178020559425931e-06
4.614299905369989574e-05
3.045157654923968948e-07
5.537455081139341928e-07
1.997270828724140301e-07
2.299879611200594809e-07
1.913152573251863942e-06
4.332524895289679989e-06
8.212941082774705137e-08
5.232183184489258565e-07
1.426820261940520140e-07
1.348148316537844948e-06
1.018504690364352427e-06
3.570054332158179022e-07
4.443771501883020392e-07
1.343286015753619722e-07
6.439821049752936233e-07
8.836373126541730016e-07
4.259558409103192389e-06
8.633341508357261773e-07
1.131349790739477612e-06
2.287579690118946019e-07
4.273520914921391523e-07
8.044543164942297153e-07
4.605478807206964120e-06
8.710285896995628718e-07
4.170038664597086608e-06
1.299168729929078836e-06
1.987780251511139795e-06
1.124080654335557483e-06
5.938786173942389723e-08
2.481754393102164613e-07
3.994610324298264459e-06
2.936575128842378035e-06
1.461648571421392262e-05
1.186133522423915565e-05
1.431380587746389210e-05
4.441597809545783093e-07
1.141604798249318264e-06
1.145144324254943058e-06
1.377708827021706384e-07
9.249936283595161512e-07
2.960909455396176782e-07
1.302192202956575784e-07
7.906967169901690795e-08
1.685509261051265639e-07
4.957122712312411750e-08
2.350513739202142460e-07
7.002564075264672283e-07
2.176837554657140572e-08
2.261187290741872857e-07
9.132259037869516760e-08
4.593140090491942829e-08
2.380553310032951231e-09
7.404028057322875611e-09
1.478942181165621150e-06
3.814097837562258064e-08
6.420896170311607420e-07
2.037102575513927150e-07
2.652580803896853467e-07
3.964914796483753889e-08
4.616597664153232472e-07
9.817615165275128675e-09
1.186362474925317656e-08
1.301768861594609916e-07
1.214579157249318087e-07
9.143971624325786252e-08
3.556145884431316517e-07
1.890962586514888244e-08
1.144764727456504261e-09
9.098937425733311102e-08
6.459448087525743176e-09
3.756669002541457303e-07
1.545131027569368598e-07
2.233904979220824316e-06
6.286322218329587486e-08
1.320505127466731210e-08
1.216922385083307745e-07
4.867818592657613408e-09
1.046035080776164250e-08
1.782048641985056747e-08
5.097444955026730895e-08
9.386456945037480182e-09
3.243755264392689242e-09
2.874811055875170496e-09
2.283765887511890469e-08
3.127555547877136632e-09
7.519104450182112487e-09
1.802883957680023741e-07
8.688748494023457170e-07
8.114324145935825072e-08
1.764162647077682777e-07
2.643176003402913921e-06
2.722799052889968152e-08
1.074316902105465488e-08
1.086686722828744678e-07
1.305568844145454932e-06
5.914924940952914767e-07
3.782686235354049131e-07
3.351912255311617628e-06
7.513575383200077340e-06
2.444627966724510770e-07
8.877542541085858829e-07
3.360293021614779718e-07
8.410817287085592397e-08
1.022499596103898512e-08
2.288943363737416803e-07
8.246123428534701816e-08
8.563869755562336650e-07
3.012058016338414745e-07
8.330334821948781610e-08
3.717907404165998742e-08
2.082337324793570588e-08
5.611640929714667436e-08
5.932514341111527756e-06
1.950075869672218687e-07
8.957324837410851615e-08
9.865159000810308498e-08
3.627336013778403867e-07
3.975138042733306065e-06
2.740941056345036486e-07
2.091053907804507617e-08
1.779657488043540070e-08
1.039807898450817447e-06
2.798430159600684419e-06
2.153379682567901909e-06
4.573588739731349051e-06
1.135347815761633683e-06
1.091902777261566371e-05
2.530262221966950165e-08
1.250555836662670117e-08
1.272456557899204199e-07
8.064803296292666346e-06
8.897074621927458793e-06
2.945016831290558912e-06
6.888656116643687710e-07
1.000150859908899292e-06
2.794048725718312198e-08
1.385097458950212967e-08
1.558365454457089072e-07
1.658879966726090061e-08
1.366656920964715027e-08
2.741815841034167534e-08
7.362671539112852770e-08
1.138381300336277491e-08
4.658189567408044240e-08
3.214064792089743605e-09
7.888254494048396737e-09
7.177147764991786971e-09
2.131455403286963701e-07
1.627244472501843120e-08
2.521005853850510903e-06
4.109528006779328280e-08
5.518718371178010784e-09
5.823050042152999595e-09
7.818169223128279555e-09
2.656825337510326790e-08
3.267564707698511484e-08
6.884685177510618814e-08
1.289271267523872666e-08
3.225907008186368330e-08
1.580344033413894067e-08
8.985422539353749016e-08
1.319758553108840715e-06
6.759189830063405680e-08
4.996697455794674170e-08
2.590196501728314615e-08
7.288714698461262742e-08
4.674429288087367240e-09
2.502419249594822759e-07
5.781339407207042314e-09
7.056552564499440905e-10
4.450145354439882794e-07
9.398227689416671637e-07
5.027824911962852639e-08
8.168588028212298013e-10
4.058166069853541558e-08
4.615882517100544646e-06
1.165167802241739992e-07
2.164789947300960193e-07
1.251649308642299729e-07
8.382770465686917305e-05
1.712955236143898219e-05
2.483684220351278782e-04
6.422718712428832077e-08
1.152535969595192000e-05
7.985187949088867754e-06
7.545597782154800370e-07
1.559041891141532687e-07
2.522370721180777764e-07
1.676056058386166114e-06
2.131713756625686074e-07
4.403088098570151487e-07
7.240292347887589131e-07
2.417725966097350465e-07
8.580653957324102521e-05
1.400895399683577125e-08
7.312606840059743263e-07
1.670574533818580676e-06
4.636762241716496646e-05
1.738037092025024322e-08
2.543589516790234484e-07
5.539520202546555083e-07
1.783010338840540498e-05
7.797517298513412243e-08
3.844021705390332500e-07
2.697598029044456780e-05
1.981285748797745327e-07
1.110087097799805633e-07
2.561266398970474256e-07
6.520390627429151209e-08
1.992450080479102326e-07
5.156686455620729248e-08
6.302806468738708645e-06
8.731302614251035266e-07
1.701205328572541475e-04
1.129253046627809454e-08
7.058239361867890693e-07
2.239217025135076256e-07
1.383961922840626357e-08
4.578843654599040747e-04
5.385857093642698601e-07
5.002912644158641342e-07
4.109957671971642412e-07
7.021490944225661224e-08
3.448216148171923123e-06
9.637114999350160360e-07
1.251478806807426736e-05
1.331616090283205267e-06
1.859952050153879100e-07
4.906910362478811294e-07
1.171267456356872572e-07
1.513070913006231422e-07
1.491426644406601554e-07
1.875369889603462070e-05
4.019443622382823378e-07
4.219380684844509233e-07
2.960752908620634116e-06
1.184659922728314996e-04
2.020614601860870607e-06
2.254891796837910078e-06
4.169179646851262078e-06
6.189144841073357384e-08
1.017814668102801079e-07
1.278313084185356274e-05
4.765034304909931961e-07
4.208568498142994940e-06
2.498024684882693691e-07
6.473503049164719414e-07
2.572565281298011541e-04
2.915918457802035846e-06
4.573904366367287366e-09
1.094191830475210736e-07
7.726231706328690052e-05
3.881199063471285626e-06
7.764492160333702486e-09
3.198180422714358428e-07
8.617498679086565971e-07
3.194481678292504512e-06
1.772712465708536911e-08
2.967059131719906873e-08
4.144184276810847223e-05
8.535478991689160466e-05
1.150015460638087461e-08
2.482817365034861723e-07
1.688604669425330940e-07
2.430115273455157876e-06
2.710988155740778893e-05
9.107163236876658630e-07
5.001658428227528930e-05
6.027569554589717882e-08
1.506471392076491611e-08
5.120161949889734387e-05
1.504547597619421140e-08
5.254562893242109567e-06
4.352085306891240180e-05
3.985188868682598695e-06
1.375894953525858000e-06
4.929348733639926650e-07
6.182620836625574157e-06
1.562621605444292072e-07
3.734360021212523861e-08
4.084529692249816435e-08
5.052201572652847972e-07
1.565934326208662242e-06
1.563492162404145347e-07
1.286488071627900354e-08
1.042097963477317535e-08
5.041711847297847271e-04
3.179495706717716530e-07
1.611611999408069096e-08
1.619204113012528978e-06
4.391312984353135107e-07
1.686461814642825630e-06
5.527565917873289436e-06
5.961024388670921326e-02
3.919456901257944992e-07
1.069937098918671836e-07
7.371809260803274810e-07
1.383612890926144701e-09
8.158020250448316801e-07
3.758609864235040732e-06
1.416022541889105923e-06
5.435175728052854538e-03
3.157098760198095988e-08
4.204183667866345786e-08
1.325785206063301302e-07
4.300026290593450540e-08
7.780299426940473495e-08
1.877166866393054079e-08
2.006932220410817536e-07
7.773179078185421531e-08
2.207290776823356282e-07
1.503833857441350119e-07
1.271851942874491215e-04
1.904242380987852812e-04
6.680587102891877294e-05
1.832921014965904760e-07
6.133278948254883289e-04
7.572113958076442941e-08
4.497690397897713410e-08
3.361694922432434396e-08
1.874209232255452662e-07
5.885454811505042017e-06
1.500153956612848560e-07
1.214238218381069601e-04
7.409456515006240807e-08
8.404627806157805026e-06
4.167296729917779885e-09
2.525127662522663741e-08
1.289546105454064673e-07
1.363786736874317285e-07
4.961949773132801056e-03
8.867228461895138025e-05
4.524475016864926147e-08
1.021463758661411703e-04
6.641376160132494988e-08
1.510972822416078998e-07
1.042335142642514256e-07
1.476705506320286077e-06
1.002672206595889293e-06
9.854367988282319857e-09
1.046205184707105218e-07
1.154686178779229522e-04
2.004954069434461417e-07
1.057048049091235953e-08
3.721086159202968702e-06
6.010541983414441347e-05
1.525700241700178594e-07
8.267912221526785288e-08
1.344647282408573119e-09
1.016674815446094726e-07
7.321266934923187364e-07
3.898279601344256662e-07
1.685427378106396645e-05
1.424654419679427519e-05
3.653945532278157771e-05
1.583693574502831325e-06
5.386594239098485559e-06
6.924256013007834554e-07
3.720761299064179184e-07
2.536259853513911366e-05
7.483382091777457390e-08
1.480543119214416947e-07
3.740362444659695029e-06
1.386745793752197642e-06
1.943404193127662438e-08
2.423320211164536886e-08
8.731689860042024520e-08
4.990080810785002541e-07
8.945163720852633560e-09
7.218790898377847043e-08
1.133815658249659464e-06
1.504449301137356088e-05
1.227591837960062549e-06
5.727922314235911472e-08
6.611359282260309556e-08
4.221256233449821593e-07
6.306813884293660522e-05
6.445762323892267887e-07
6.332137445497210138e-07
3.721252824107068591e-06
6.539558938811751432e-08
9.381248666784358647e-09
3.481211408029594168e-08
2.026289713796813885e-08
2.157665676350006834e-06
7.541468949057161808e-05
1.661319856793852523e-06
9.621641083867871203e-07
7.762786481180228293e-06
1.052660991263110191e-06
1.641013113840017468e-06
8.376515836516773561e-08
1.371527832816354930e-05
9.467644446203848929e-08
3.714634431162266992e-07
3.745186631931574084e-07
1.243204224010696635e-07
1.153808852905058302e-06
3.173423479552184290e-08
4.196948921730836446e-08
1.954872459464240819e-07
1.710294629447162151e-03
5.460911367549670103e-08
3.212477110992040252e-07
5.755023565143346786e-03
6.731525559189321939e-09
7.869579121688730083e-08
1.074548450219481310e-08
6.050387924005917739e-08
1.397877156250615371e-07
1.768970250850543380e-04
1.134411604652996175e-06
5.786323981737950817e-06
1.271836663363501430e-05
2.047911351610309794e-07
1.634252839721739292e-07
1.169303800452325959e-06
1.079867839592907330e-08
3.810907855950063094e-07
4.188066782262467314e-07
9.001160350408099475e-08
2.869908166758250445e-05
9.708935976959764957e-06
9.859948590928979684e-08
2.596270221033591952e-08
2.756584535745787434e-06
1.472998576446116203e-07
1.291082440957325161e-08
1.421876504537067376e-06
6.572724942088825628e-07
7.245476808748207986e-06
1.138194647865020670e-06
3.223283056286163628e-05
7.524442480644211173e-05
3.312289436507853679e-06
4.751384174994655041e-09
1.750425690261181444e-05
1.098143371791593381e-07
3.929043046468905231e-08
3.253617323935031891e-04
1.997699428102350794e-07
3.946930974052520469e-06
1.109459475401308737e-07
8.111786087283689994e-08
5.659136513713747263e-05
2.911654348736192333e-07
3.710490545927314088e-06
7.265504973474889994e-05
6.753482157364487648e-04
2.985075653327839973e-08
4.744665034195350017e-07
8.152744157996494323e-06
3.190585857737460174e-07
2.024015657298150472e-07
7.566682711512839887e-07
1.173265289367009245e-07
3.178170970841165399e-07
1.795908843860161141e-08
9.187450814351905137e-06
4.411824505723416223e-08
6.268538133014089908e-09
3.055229669257641945e-08
1.487762180119034383e-08
2.485130501383991941e-08
1.010115511235198937e-07
1.643506493564927951e-06
1.609970786375924945e-05
1.459519353375071660e-06
6.181500111779314466e-08
3.097808803431689739e-05
2.061275590676814318e-04
1.116888029173424002e-06
2.514468917524936842e-07
2.318169833870342700e-07
1.468845730414614081e-04
3.729440152255847352e-07
7.509949284667527536e-08
5.853805923834443092e-04
1.026501195156015456e-07
9.421358299732673913e-06
2.109225761159905232e-06
2.895209763664752245e-05
7.528569199166668113e-07
4.517839897744124755e-06
2.294579189765499905e-06
3.877007159758250054e-08
1.539859617594174779e-08
4.334317904586271197e-10
1.118068340133504535e-07
7.234601184791245032e-08
7.479215469174960162e-08
3.409629201200914395e-08
1.851538763730786741e-05
1.809518266782106366e-06
1.260502467630431056e-04
1.595076781768511864e-08
2.950343791496834456e-08
3.833657444829441374e-07
4.886572479989581552e-09
2.679427097973530181e-07
1.394298014929518104e-04
4.688287535969948294e-09
5.552811987996619791e-09
1.175404918285494205e-06
1.000452812149887905e-05
1.753991654140918399e-07
1.095698244171217084e-04
1.736433546284388285e-06
2.042597868623374779e-09
1.257864205399528146e-04
1.398368794980342500e-06
1.838016760302707553e-05
4.079934114997740835e-07
2.346416216880697903e-08
1.332645069851423614e-06
5.387547048485430423e-07
1.167344407804193906e-07
1.474198683126815013e-07
2.991246788042190019e-07
8.783878729445859790e-05
2.368511013628449291e-05
4.974151934789006191e-08
2.608928525660303421e-06
1.663295165599265601e-06
5.388436079556413461e-07
8.266300710602081381e-07
2.720067584505159175e-07
5.832028818986145779e-06
1.202920287823872059e-07
4.123771191189007368e-08
1.839383571677899454e-06
5.170970689505338669e-04
1.401894280661508674e-07
3.663645838969387114e-05
1.889097234197834041e-06
1.945084093790683255e-08
4.218921958454302512e-07
4.541707099292580097e-08
2.619352017063647509e-06
1.325933851603622315e-08
4.178192796189250657e-07
3.826027636932849418e-07
4.001333877567958552e-07
1.688511304109852063e-07
1.023488039209041744e-06
1.126049482991220430e-06
6.117191020393875078e-08
5.122432753523753490e-07
1.086535007743805181e-06
9.773690301528858981e-09
6.404579835361801088e-07
1.362735702059580944e-06
1.390108081977814436e-07
8.745561785872268956e-07
6.091543696129519958e-07
1.396702100464608520e-05
1.631106366403400898e-03
3.012362867593765259e-05
1.919915121106896549e-06
2.056357999435931561e-07
2.201497828480114549e-08
3.804052255418355344e-07
4.912716349281254224e-07
4.611798885889584199e-06
4.519498375543662405e-08
4.114224338991334662e-07
2.474701830124104163e-07
1.536915988253895193e-05
1.060308204614557326e-04
5.206032938076532446e-07
2.070691380140488036e-06
5.162936821579933167e-02
4.886834358330816031e-05
7.482162800442893058e-06
7.017193581759784138e-08
2.462105328504549107e-07
5.172148487275762818e-09
1.920529371091106441e-07
6.195576133904978633e-06
6.830015778541564941e-02
4.895957861350552776e-09
3.590013477605680237e-07
9.684554242994636297e-07
5.225925706326961517e-03
1.255111556019983254e-06
4.779023399237303238e-09
4.833072964061102539e-08
1.484918072947039036e-07
1.514407806098461151e-03
2.423959699626720976e-07
8.919868378143291920e-06
5.009439405512239318e-07
2.281363862266516662e-07
2.705845361106185010e-07
6.535285024256154429e-07
6.109520995778439101e-07
7.218051905510947108e-05
4.902476212009787560e-05
7.285508445420418866e-07
1.774689053490874358e-07
2.269049218739382923e-06
6.595278705390228424e-07
1.837712382268819056e-08
8.108286486674387561e-09
2.793260200917302427e-08
1.855619630077853799e-04
4.327364877099171281e-05
7.332582185881619807e-08
4.589773342013359070e-02
3.879535943269729614e-03
2.456436902775749331e-07
1.685813185758888721e-05
1.644669850975333247e-06
6.345152314679580741e-07
4.328415315058009583e-08
3.796338569372892380e-04
4.547337084659375250e-06
1.236091975442832336e-07
2.763085603874060325e-06
3.158157778671011329e-05
6.014055884406843688e-07
5.044007593824062496e-07
1.779141456381694297e-08
7.467791419912828133e-06
8.111786087283689994e-08
2.475399440982073429e-08
3.195957560819806531e-07
3.103525159531272948e-05
3.389187384073011344e-07
1.805996134862652980e-06
6.467615776273305528e-07
1.353709251361578936e-07
1.460864732507616282e-04
1.704313135064694507e-08
2.412329740764107555e-05
2.552439468672673684e-07
1.208014310805083369e-07
1.624673586775315925e-06
4.123933194932760671e-06
2.163661156373564154e-05
8.642445754958316684e-05
1.601262482608944993e-07
6.067061258363537490e-05
9.606797539163380861e-05
2.621588635065563722e-08
1.470015007498659543e-07
6.036296781530836597e-06
4.349880327936261892e-04
6.096208380768075585e-06
9.152155143965501338e-06
1.999617052206303924e-05
4.477834067984076682e-07
6.091152499720919877e-06
4.221223832701070933e-07
1.113256420381958378e-08
1.607666308700572699e-05
1.054817039403133094e-05
3.523901739299617475e-07
4.606201287060684990e-07
2.608023130790115829e-08
2.985837818414438516e-05
7.063898976866767043e-08
7.071155323501443490e-07
8.273919434031995479e-07
9.546364890411496162e-05
1.042657800098822918e-06
5.905067155254073441e-07
9.317409066511572746e-09
2.962529421779436234e-08
3.947098434764484409e-07
1.373223881273588631e-07
5.467816954478621483e-04
1.125064045481849462e-06
1.107369627106891130e-07
2.835766395037353504e-07
1.256019231732352637e-06
8.258326852228492498e-05
3.569589068774803309e-08
8.756440195156756090e-08
1.287847624098503729e-07
3.387668812138144858e-07
9.238127773869564408e-08
8.012488450503951753e-08
3.260927528003776388e-08
8.356637408724054694e-05
7.981798688661001506e-08
8.659076122796705022e-09
1.664504338805272710e-06
1.399287248204927891e-05
2.627676725387573242e-02
3.238717181375250220e-05
2.479238901287317276e-04
5.695080176337796729e-07
1.867856980197757366e-07
4.715508339359075762e-08
2.293446959811262786e-05
1.170450195786543190e-05
6.097778168623335660e-06
5.408666936546069337e-08
4.391096908307190461e-08
2.520920361348544247e-09
1.191669340983025904e-08
1.108120595283423881e-09
1.845517516585459816e-08
2.670991428033175907e-08
4.733036860216088826e-07
5.361318144991855661e-08
1.898225931995511928e-08
2.118100894676899770e-08
2.531168163955044292e-09
1.398756097614750615e-07
3.071547460820056585e-09
1.362724475484355935e-07
1.951415251610910673e-09
1.138647731657727036e-09
3.099164924691422129e-09
1.250570136335227289e-08
2.812982069499980753e-09
1.462850507394364286e-09
3.828644068448738835e-09
4.347816329186571238e-09
2.371570939629918939e-09
9.649805399192246114e-09
4.516689244837834849e-08
1.675751519769619335e-07
3.534684012151956267e-08
4.180699875178106595e-07
4.083904325824505577e-09
2.793366604691982502e-08
1.005555372302069372e-08
2.732700110641417268e-08
1.104135893825741732e-08
2.089594630660940311e-08
4.444849466267442040e-08
7.102044037310406566e-06
1.950883898871325073e-08
3.319920338640258706e-08
1.239676095110553433e-07
6.251253381606147741e-08
4.350321436419335441e-09
1.769684732089160661e-09
2.019329592428675824e-08
6.512746608677844051e-08
6.766823545945044316e-09
1.468641119828362207e-08
1.286237694131386888e-08
7.010890841484069824e-01
1.193379716823983472e-06
3.814009483903646469e-03
5.203677133636119834e-08
2.075623228847689461e-07
9.753993253980297595e-06
9.302861872129142284e-04
5.966335720586357638e-06
2.651903378136921674e-05
5.116845131851732731e-04
1.132433044404024258e-05
9.067311168564629043e-08
5.471501935971900821e-07
2.134700167744085775e-07
1.989772613342211116e-07
1.145191230733644261e-08
2.348738981083897670e-09
4.589511881647467817e-09
1.081591083362809513e-08
9.630669950411174796e-08
7.300081961147952825e-08
3.359105704703324591e-08
8.680407503902642929e-09
9.889163266052491963e-09
8.465377021593667450e-08
5.958732884892015136e-08
4.776419615382110351e-08
2.559803480295386180e-09
3.187132335824571783e-08
1.492593497687266790e-07
