6.045190821168944240e-05
4.212699423078447580e-05
2.313205982318322640e-07
2.503698169675772078e-06
3.225293312425492331e-06
1.914833228511270136e-05
1.912597582531816442e-07
1.696005824669555295e-06
1.440407231712015346e-06
5.561007014875940513e-07
4.227366844133939594e-06
1.314214568992611021e-05
1.630041515454649925e-05
1.665604577283374965e-05
5.169653377379290760e-06
2.027557638939470053e-05
2.622122337925247848e-06
4.094636551599251106e-06
2.666583895916119218e-06
8.174396498361602426e-06
3.143308902053831844e-07
3.002855066824849928e-07
6.166960702103096992e-07
2.190219447584240697e-06
1.503244334344344679e-06
1.138267762144096196e-04
5.838213837705552578e-04
1.411548728356137872e-04
2.652143302839249372e-04
4.957935379934497178e-05
4.091724349564174190e-06
1.467305355618009344e-05
9.152468555839732289e-05
1.139311393671960104e-06
1.251069193131115753e-06
3.741628461284562945e-05
1.395789149682968855e-04
1.171513667941326275e-05
5.504796718014404178e-05
1.767253343132324517e-05
3.350309043526067398e-06
2.483163916622288525e-05
3.892888344125822186e-06
5.939150923950364813e-06
1.570287349750287831e-05
1.940240053954767063e-06
1.363348360428062733e-06
1.151939522969769314e-05
6.371781182679114863e-07
2.767846808637841605e-06
2.060641236312221736e-06
3.361478320584865287e-06
7.473993115127086639e-03
3.000775724649429321e-02
6.200880743563175201e-04
3.259056029492057860e-05
7.469015545211732388e-04
1.457142352592200041e-04
2.977781230583786964e-03
3.278100048191845417e-04
4.474484885577112436e-04
2.542355796322226524e-04
1.323239295743405819e-03
4.280341789126396179e-03
1.857622701209038496e-04
8.754560258239507675e-04
1.575986971147358418e-03
3.476025813142769039e-05
2.233990933746099472e-03
5.999110271659446880e-06
4.172593435214366764e-06
8.163077836798038334e-06
5.894190962862921879e-06
7.287595508387312293e-05
5.877116109331836924e-06
3.814976025751093403e-06
6.731274424964794889e-06
6.859299446659861133e-06
8.283210263471119106e-06
6.291676982073113322e-05
4.354974407760892063e-06
1.087801251742348541e-06
5.182842869544401765e-06
1.406101205247978214e-06
8.188304718714789487e-07
6.965450666029937565e-06
5.331718784873373806e-05
1.300455278396839276e-05
6.991325790295377374e-06
7.303674465219955891e-07
3.034714836758212186e-06
3.284439799244864844e-06
7.302695337330078473e-08
1.640602135921653826e-06
2.170155539715779014e-06
2.779394208118901588e-07
2.977576741614029743e-06
2.296731963724596426e-06
3.484989520075032488e-06
5.651945684803649783e-06
8.249287930084392428e-06
1.036214325722539797e-05
4.745901662772666896e-07
7.280915724550141022e-06
1.935183945533935912e-06
4.198507213004631922e-06
1.844864385702749132e-07
1.427763436367968097e-06
8.991756476461887360e-03
2.396282434347085655e-05
5.553487426368519664e-05
2.046604786301031709e-04
2.251036858069710433e-05
3.438377461861819029e-04
2.016706421272829175e-04
1.888902479549869895e-04
8.802309166640043259e-04
1.680367313383612782e-05
1.944650080986320972e-03
8.591010118834674358e-04
3.113112325081601739e-05
8.257199078798294067e-02
6.504097580909729004e-02
1.401194604113698006e-03
1.192662958055734634e-02
2.607398710097186267e-05
1.096365940611576661e-05
1.553814428234545630e-07
2.672840651030128356e-07
5.642496034852229059e-07
9.638708434067666531e-05
1.546575731481425464e-06
2.470263780196546577e-06
2.601803771540289745e-06
3.685289016175374854e-07
2.468671937094768509e-06
3.314015884825494140e-06
2.435525061628140975e-07
1.799483300146675901e-07
2.282908553752349690e-06
6.401216978701995686e-07
4.664220512040628819e-07
1.918766123765180964e-08
1.907241426124528516e-06
1.993764954022481106e-06
1.936785594125467469e-07
1.503244959621952148e-07
1.981458126465440728e-07
6.794016371713951230e-07
3.466610678515280597e-07
1.609985815775871743e-06
8.948396862251684070e-05
5.259230238152667880e-05
4.871222245128592476e-06
5.932069143455009907e-06
2.146289625670760870e-04
5.291498746373690665e-05
4.865528171649202704e-05
5.190485353523399681e-06
9.380411938764154911e-05
1.104928924178238958e-05
2.733784094743896276e-05
6.714476512570399791e-06
2.341281651752069592e-05
6.113495601312024519e-06
4.339402494224486873e-06
4.689695288107031956e-06
1.311839150730520487e-05
1.004790374281583354e-05
1.912703373818658292e-05
1.831183180911466479e-05
2.501964263501577079e-05
7.367942089331336319e-06
1.522795082564698532e-05
3.323664350318722427e-05
8.667791007610503584e-06
2.060066435660701245e-05
1.103052818507421762e-05
4.232024002703838050e-05
2.033021701208781451e-05
1.524688559584319592e-05
3.585002559702843428e-05
5.297453753883019090e-06
8.458318916382268071e-06
2.102974758599884808e-05
2.893473265430657193e-06
1.660635462030768394e-05
3.696267231134697795e-05
1.214380899909883738e-04
2.183122123824432492e-04
2.835825625879806466e-06
6.841865251772105694e-05
3.444063167989952490e-06
1.430792908649891615e-04
2.625711931614205241e-05
1.208061803481541574e-05
7.322787951125064865e-06
2.210162347182631493e-05
3.713877595146186650e-05
5.469794814416673034e-06
1.205528169521130621e-04
2.875064456020481884e-05
1.193436582980211824e-05
1.676543251960538328e-05
1.221111415361519903e-05
2.295920603501144797e-05
1.054809308698168024e-05
1.420813623553840443e-05
8.863367111189290881e-05
8.031533980101812631e-06
1.198849349748343229e-05
3.017710405401885509e-04
5.559713827096857131e-05
3.370352715137414634e-05
1.749081275193020701e-05
1.292579690925776958e-04
2.210133061453234404e-05
2.256416519230697304e-05
1.122315661632455885e-04
2.991990004375111312e-05
5.003353726351633668e-05
4.275250466889701784e-05
1.487033114244695753e-05
1.489968690293608233e-05
2.630275957926642150e-05
6.328225481411209330e-06
1.969422010006383061e-05
3.852504232781939209e-05
4.359967351774685085e-05
3.277810901636257768e-05
7.086194727889960632e-06
1.020919225993566215e-04
2.427659637760370970e-05
8.194893780455458909e-06
1.922961246236809529e-06
7.035923044895753264e-05
6.459296855609863997e-05
3.672800175991142169e-06
3.658061177702620625e-05
3.382919430805486627e-06
4.445218291948549449e-05
6.454213689721655101e-06
3.600774289225228131e-05
1.432503631804138422e-05
1.539668664918281138e-05
1.670669007580727339e-06
1.679406159382779151e-05
8.759424417803529650e-06
4.469760824576951563e-06
3.324885256006382406e-05
1.227750999532872811e-05
2.853369323929655366e-06
4.644165073841577396e-06
4.197088128421455622e-05
9.624263839214108884e-06
1.821382829803042114e-05
3.703281981870532036e-05
1.546372914162930101e-05
1.110473840526537970e-05
1.452245214750291780e-05
1.158914619736606255e-05
1.464827801100909710e-05
1.751124182192143053e-05
3.960776302847079933e-05
3.210816657883697189e-06
1.036451521940762177e-05
3.799650130531517789e-06
1.134897320298478007e-05
2.590177473393850960e-06
3.999845375801669434e-06
7.542200364696327597e-06
4.465500296646496281e-06
2.346730298086185940e-06
4.006102244602516294e-06
8.935903679230250418e-06
3.302616505607147701e-06
5.454820666273008101e-07
3.604395533329807222e-05
5.041890105417223822e-08
1.858428845480375458e-06
8.136908036249224097e-06
2.655649768712464720e-05
2.146123733837157488e-05
2.547863186919130385e-05
2.037713420577347279e-05
2.233633040304994211e-06
7.644100151082966477e-06
1.101442876461078413e-06
2.125931359842070378e-06
2.985488265494495863e-07
3.046577603527111933e-06
4.254801751812919974e-06
7.368269143626093864e-05
1.035905484059185255e-06
4.361487299320288002e-06
3.043354354304028675e-06
2.542897846069536172e-06
1.145136934610491153e-06
4.129030457988847047e-06
2.510845433789654635e-06
2.262798261654097587e-06
4.613525106833549216e-06
1.995716957026161253e-06
3.144746642647078261e-06
1.542533823339908849e-06
2.879012583889561938e-07
1.563175942465022672e-06
4.226764076520339586e-07
1.761432258717832156e-06
1.359460475214291364e-05
4.030065611004829407e-05
8.266307304438669235e-06
7.676510449527995661e-07
8.491682820022106171e-06
1.121864625019952655e-05
1.427496499672997743e-06
8.055750555513441213e-08
1.260962676497001667e-07
1.607969579708878882e-06
6.081431820348370820e-06
5.134350885782623664e-06
4.822555865757749416e-07
6.006936473568202928e-06
8.441364116151817143e-06
2.374689529460738413e-06
1.119234730140306056e-05
3.351427267261897214e-06
2.088294568238779902e-04
8.199596777558326721e-05
7.915390888229012489e-04
2.431865323160309345e-05
3.317854634588002227e-06
2.804514679155545309e-06
3.365327756910119206e-06
1.674142004048917443e-05
1.122270259656943381e-05
1.567568006066721864e-06
6.671087248832918704e-06
3.635853863670490682e-05
2.354608881205422222e-07
8.555741715099429712e-07
1.274605529033578932e-05
3.348884092702064663e-06
4.073769162005191902e-07
6.986773314565652981e-06
2.196266450482653454e-06
1.705173235677648336e-05
3.891473809858325694e-08
1.598305630068352912e-06
1.115609848056919873e-06
1.061810053215594962e-06
2.384059882842848310e-07
4.065828136390337022e-07
3.839409998818155145e-07
2.448222630846430548e-06
1.871651079454750288e-06
2.048255737463477999e-05
6.386580025719013065e-06
6.929496885277330875e-05
1.250477566827612463e-06
1.874679014690627810e-06
2.262157649965956807e-04
2.153296009055338800e-06
1.332196916337125003e-06
3.253141812820103951e-06
3.520935024425853044e-06
3.755810666916659102e-07
1.673555289016803727e-06
7.239518254209542647e-06
8.606332357885548845e-07
1.257234885088109877e-06
9.678232117948937230e-07
2.057403918342970428e-07
4.389448804431594908e-06
5.524911102838814259e-06
1.418798910890473053e-05
9.465267680752731394e-07
3.470760702839470468e-06
2.292757699251524173e-06
1.251551339009893127e-06
3.577442612368031405e-06
3.137899966532131657e-07
3.612728960433742031e-06
1.408049683959688991e-06
1.445482325834746007e-06
1.775571763573680073e-05
4.068151326919178246e-07
4.443600573722505942e-06
5.296044491842621937e-06
1.226597087224945426e-04
4.049338167533278465e-04
4.007571624242700636e-05
3.730369644472375512e-05
5.486910595209337771e-06
2.120340923283947632e-06
1.056397923093754798e-05
6.026500341249629855e-05
5.216003273744718172e-07
3.280423698015511036e-06
9.276269338442943990e-06
5.910883942306099925e-07
1.055009988704114221e-06
3.156345655952463858e-07
8.271834417428181041e-08
1.918682954737960245e-07
2.040180646645239904e-07
2.488451777026057243e-03
5.420791353571985383e-07
6.035132855686242692e-07
3.591231916288961656e-06
9.450656079934560694e-07
2.862733526853844523e-05
7.670151535421609879e-05
5.735956847274792381e-07
1.057741201293538325e-06
2.134713344275951385e-03
3.343661774124484509e-07
7.234241638798266649e-05
6.974813118176825810e-07
1.874956069514155388e-06
3.097471335422596894e-06
1.727757808112073690e-05
4.603763045452069491e-06
1.267756601919245441e-06
3.571732420937223651e-08
2.664968269527889788e-05
3.405956476854044013e-07
5.489996692631393671e-05
2.257023443235084414e-04
2.094921910611446947e-05
1.426909989277191926e-06
7.822289376235858072e-07
1.042518988469964825e-06
4.264612016413593665e-06
8.742145291762426496e-05
7.684117008466273546e-06
3.702301683006226085e-06
1.906893339764792472e-05
2.499197933047980769e-07
4.355742930783890188e-06
9.287762168241897598e-07
2.418839585516252555e-06
2.703201289477874525e-06
7.022696809144690633e-05
8.048877134569920599e-06
6.362363637890666723e-05
5.932301519351312891e-06
8.562753350815910380e-07
9.012196824187412858e-05
1.381846414005849510e-05
6.583027811757347081e-07
1.265252212760969996e-04
3.777543315663933754e-05
6.773834684281609952e-06
6.150049557618331164e-06
4.637048732547555119e-06
5.378406785894185305e-05
5.863302794750779867e-05
9.551075345370918512e-05
1.520437763247173280e-06
7.730861852905945852e-07
2.153179957531392574e-05
7.521090537920827046e-06
3.109371027676388621e-05
2.386719461355824023e-05
4.615870238922070712e-06
6.400408381068700692e-08
5.476612597703933716e-02
3.177232485995773459e-07
2.459232928231358528e-04
2.632326213642954826e-03
2.653225692483829334e-06
2.275597762491088361e-05
1.716971019050106406e-05
1.559820157126523554e-05
8.090673730976050138e-08
2.990198663610499352e-05
4.813178406948281918e-07
6.536119599331868812e-06
2.204356661650308524e-07
1.985328168530031689e-07
9.095300583794596605e-07
4.056896329984738259e-07
6.712626200169324875e-04
3.528861469703770126e-08
8.905935260372643825e-07
3.189105370893230429e-07
1.312340918957488611e-05
1.016908907331526279e-03
4.383602936286479235e-05
8.739465556573122740e-06
2.613130391182494350e-06
1.012266438920050859e-04
1.366673018310393672e-06
2.098469121847301722e-05
1.198944210045738146e-05
1.239386969245970249e-03
1.147866714745759964e-05
1.247504428647516761e-06
7.204787689261138439e-04
4.906965841655619442e-06
7.171338438638485968e-06
7.280211139004677534e-05
4.424204689712496474e-06
1.765890374372247607e-05
1.499300651630619541e-05
3.939922433346509933e-03
1.622755462449276820e-06
1.303819885833945591e-06
8.274344727396965027e-03
2.510158310542465188e-06
3.248990196880185977e-06
2.032732845691498369e-05
1.058391944752656855e-06
4.142128545936429873e-06
1.087939654098590836e-05
7.207495400507468730e-07
3.111767728114500642e-05
5.060373950982466340e-06
2.482481977494899184e-05
1.674613827162829693e-06
1.363481715088710189e-04
7.276636324604623951e-07
1.941505433933343738e-05
2.073015593850868754e-06
6.974098596401745453e-06
9.636351023800671101e-06
1.003413785838347394e-06
1.280349715671036392e-05
1.004229852696880698e-05
2.500218272416532272e-07
2.083230867810925702e-07
1.256397180259227753e-02
1.182029664050787687e-04
1.589026226156420307e-07
9.516434147371910512e-07
8.993272899715520907e-07
4.191880123016744619e-07
5.628606231766752899e-06
1.238148286938667297e-02
4.805938715435331687e-06
9.755088967722258531e-07
5.559533633459068369e-07
9.792764785743202083e-07
1.422334025846794248e-04
3.007235591212520376e-06
7.203234417829662561e-07
9.676418954995824606e-08
3.850765097013209015e-06
4.564167829812504351e-05
1.392413366829714505e-07
2.312032847839873284e-05
1.654045809118542820e-05
6.105777856646454893e-07
3.981691406806930900e-06
1.267693079398668488e-07
3.000851393153425306e-05
4.824474672204814851e-05
3.791116978391073644e-05
6.003797807352384552e-06
6.369302809616783634e-07
2.690525491289008642e-07
9.728458826430141926e-04
4.260197329131187871e-06
1.045406588673358783e-05
1.606015530342119746e-06
7.827400736459821928e-07
9.319274249719455838e-05
2.901965444834786467e-06
4.127133252040948719e-06
8.261715720436768606e-07
1.152485538113978691e-07
2.224408308393321931e-05
1.062181809174944647e-06
1.521909507573582232e-05
1.754315917423809879e-06
1.761162639013491571e-05
1.739236613502725959e-04
7.173489575507119298e-05
1.097928475246590097e-06
2.877927199006080627e-02
8.593602842665859498e-07
1.160446405410766602e-01
3.388909135537687689e-06
1.319973671343177557e-04
1.497707899034139700e-06
4.188263847026973963e-05
4.024323345674929442e-07
8.384488173760473728e-04
1.560913233333849348e-06
3.223362000426277518e-06
3.687971737235784531e-03
3.142845628190116258e-08
4.953929419571068138e-06
5.226360735832713544e-05
9.340499673271551728e-05
6.702327482344117016e-06
3.770710009121103212e-06
4.473071726351918187e-07
1.016437636280898005e-05
1.709837815724313259e-04
4.101650119991973042e-05
1.598983203621173743e-07
2.225972275482490659e-05
8.283166721412271727e-07
5.964061244867480127e-08
7.031183486105874181e-06
1.356794928142335266e-05
2.325120658497326076e-05
4.947697107127169147e-06
1.017682620840787422e-06
1.625987142324447632e-02
7.424115665344288573e-06
2.293727305868742405e-07
3.325561992824077606e-04
2.090309578761662124e-07
1.390163786709308624e-03
6.642502512477221899e-07
2.466848236508667469e-04
2.982339537993539125e-06
3.808062501775566489e-06
1.583275115990545601e-05
1.009831294140894897e-06
2.352265983063261956e-05
1.135875027102883905e-05
8.599198508818517439e-08
2.362441045988816768e-05
3.323900500618037768e-06
4.372957391751697287e-06
6.722998477926012129e-06
1.492683054493681993e-06
1.164139666798291728e-05
1.431658802175661549e-06
2.258969061585958116e-06
4.702654052834986942e-07
1.194411765936820302e-06
1.172771226265467703e-05
1.458144743082812056e-05
1.308083847106900066e-05
2.205016016887384467e-06
2.820843474182765931e-05
1.513513052486814559e-05
4.882889470536611043e-07
2.969880006276071072e-04
2.813814603541686665e-07
5.503085412783548236e-05
4.244196170475333929e-04
3.159080392833857331e-07
3.997909914232877782e-07
2.483748903614468873e-05
9.107191658586089034e-07
4.418027856445405632e-06
1.006305501505266875e-05
2.255905565107241273e-04
1.534309603812289424e-07
1.623670300432422664e-06
2.120500766977784224e-06
4.197376597403490450e-07
1.873139626695774496e-05
1.417463208781555295e-04
3.600729905883781612e-05
2.246860822197049856e-05
3.083323178998398362e-07
1.053925461746985093e-05
3.853944872389547527e-05
4.957256805937504396e-06
3.094082348980009556e-04
1.116835665015969425e-05
6.500363724626367912e-06
5.619772309728432447e-06
3.590838105083093978e-06
1.991354474739637226e-05
1.023025788526865654e-06
4.182093107374384999e-07
2.780438705940468935e-07
8.524109489371767268e-07
1.350320530946191866e-06
2.589303448985447176e-06
9.596805284672882408e-06
1.749071408994495869e-03
3.093335863013635390e-06
2.384679419265012257e-06
6.823317562520969659e-06
6.859904146949702408e-07
1.084547056962037459e-05
1.637471882531826850e-07
6.069275571007892722e-08
3.635019993453170173e-06
9.486802809988148510e-07
8.020235327421687543e-06
1.050170067173894495e-05
1.773923941073007882e-06
3.685695119202136993e-04
1.056510700436774641e-05
8.808248708191968035e-07
1.876645910670049489e-05
1.316136767854914069e-04
3.026233753189444542e-05
1.118234009481966496e-03
2.512816763555747457e-06
5.491572665050625801e-05
5.084798885945929214e-06
2.825391653971109918e-08
2.244723495095968246e-03
5.183819098419917282e-07
1.837679860727803316e-06
6.293705519055947661e-05
1.344061161034915131e-06
1.231030273629585281e-05
2.942610421996505465e-07
8.018847097446268890e-07
9.747896001499611884e-06
5.119540674058953300e-06
8.820858283797861077e-07
4.869568783760769293e-06
3.559568995115114376e-06
1.663120492594316602e-04
3.392783355593564920e-06
2.164401394111337140e-06
1.636465094634331763e-05
5.095837877888698131e-06
3.041275776922702789e-04
6.561190843967779074e-07
1.451602747692959383e-05
2.621014573378488421e-06
3.659365756902843714e-05
1.700373672974819783e-06
3.778478458116296679e-06
1.744374458212405443e-04
4.003045251010917127e-05
1.460021758248331025e-05
1.016522446661838330e-06
1.920760723805869929e-07
3.839906639768742025e-06
5.368367510527605191e-07
3.105352516286075115e-05
1.528792267890821677e-06
5.142939016877789982e-07
6.290933582931756973e-03
7.281731814146041870e-05
1.400537144036206882e-07
2.732244029175490141e-04
1.801898747544328216e-06
3.073437255807220936e-06
9.365523823134935810e-08
1.912097786771482788e-07
1.069452864044251328e-07
3.955863192572905973e-08
1.059982969309203327e-04
1.540907646813138854e-06
1.383415609598159790e-02
5.101490501147054601e-07
1.595867161086061969e-06
2.516210088288062252e-06
5.368753264178849349e-08
6.355292043735971674e-07
1.337916328338906169e-04
1.514817768111242913e-06
4.150998393015470356e-06
6.607630439248168841e-06
2.114974904543487355e-06
6.635298177570803091e-07
2.924427576363086700e-02
5.665066851179290097e-07
1.795942239368741866e-06
1.709373646008316427e-05
6.081977062422083691e-06
1.047080445459869225e-06
7.297783781723410357e-07
4.973594059265451506e-06
7.497250408050604165e-06
8.901663477445254102e-07
7.650321094843093306e-06
1.654130319366231561e-04
7.177965017035603523e-05
4.557904321700334549e-05
9.630153954276465811e-07
1.743056600389536470e-05
1.087385771825211123e-05
9.031330705511209089e-07
8.011367754079401493e-06
1.813824383134488016e-06
1.188686837849672884e-06
4.563109712307777954e-07
1.004805483262316557e-07
1.068194592335203197e-06
1.140611129812896252e-05
1.394241826346842572e-05
6.394360389094799757e-05
2.207040088251233101e-04
1.760460087098181248e-03
8.931124466471374035e-05
5.642117685056291521e-06
8.373604941880330443e-06
5.159132797416532412e-06
3.164290376389544690e-07
2.958916411444079131e-06
6.148202373879030347e-06
3.534514974035118939e-07
2.164244506275281310e-06
1.090758178179385141e-05
2.133061570930294693e-06
2.935247209734370699e-07
5.626641197409298911e-08
6.034611942595802248e-06
8.786787475401069969e-07
5.762497039540903643e-06
9.872145710687618703e-06
2.456298389006406069e-04
2.200726157752797008e-04
8.551112841814756393e-06
4.584723285461222986e-07
1.522343353599353577e-07
2.951481728814542294e-04
1.361365065122299711e-07
2.717714232858270407e-05
1.067421180778183043e-05
6.347708563225751277e-07
5.712788038181315642e-07
5.348801934701441496e-08
2.012297954934183508e-06
1.121787136071361601e-06
3.136846373763546580e-07
2.903942004195414484e-06
9.359060204587876797e-04
5.102782743051648140e-04
1.142181190516566858e-06
4.754583642352372408e-06
6.608033345401054248e-06
1.919970600283704698e-06
6.704910447297152132e-06
6.040505104465410113e-05
2.058888094325084239e-05
9.519665127299958840e-07
1.024602170218713582e-05
6.472981185652315617e-04
7.983807677192089614e-07
4.581557277560932562e-06
9.368126825393119361e-07
6.521409545712231193e-07
8.095282282738480717e-06
5.801033694297075272e-06
1.263921262761869002e-06
8.052432349359150976e-06
2.185836365242721513e-07
3.444470394242671318e-06
3.986098818131722510e-06
3.051497742490028031e-06
1.821387286327080801e-06
7.960786024341359735e-05
3.891442611347883940e-05
6.838906756456708536e-06
1.880475224425026681e-06
3.644804019131697714e-05
2.219836005679098889e-06
1.256685209227725863e-04
3.978630047640763223e-05
5.225129484642820898e-07
3.946356591768562794e-04
3.487084086373215541e-06
6.854450912214815617e-04
6.466884224209934473e-05
1.423923322363407351e-06
1.913090090965852141e-05
8.437894649659938295e-08
8.786537364358082414e-05
3.128231037408113480e-05
7.036627494017011486e-07
2.385957166552543640e-02
4.943977955917944200e-07
2.048660098807886243e-05
4.238904693920630962e-06
2.546261157476692460e-06
3.157720357194193639e-06
8.731167611131240847e-08
1.242220264430216048e-06
7.804089364071842283e-06
4.141336660268279957e-07
9.859954843705054373e-07
3.870737418765202165e-05
1.841505218180827796e-05
9.026164207170950249e-07
7.546678943981532939e-07
1.687323092482984066e-04
4.642568819690495729e-05
2.171053318306803703e-03
4.275077117199543864e-06
4.867546886089257896e-05
8.918442290450911969e-06
5.148521267983596772e-06
4.756209648348885821e-07
8.946604793891310692e-06
1.151829746959265321e-05
3.381822580195148475e-06
2.485216555214719847e-06
1.246794454345945269e-06
2.986275831062812358e-06
2.141532604582607746e-06
2.738866214713198133e-06
8.457834155706223100e-06
6.470227731369959656e-07
1.213065957017533947e-06
4.961759259458631277e-06
1.759974907145078760e-06
1.054540734912734479e-05
1.004521072900388390e-05
1.641737617319449782e-05
6.475509053416317329e-06
3.278551616858749185e-07
1.918378402478992939e-03
1.787049579434096813e-03
9.878808632493019104e-04
2.962705912068486214e-04
3.655799218904576264e-06
1.545169197925133631e-06
9.779731044545769691e-06
2.110415380229824223e-06
1.524128019809722900e-04
3.398077524252585135e-06
2.696215051400940865e-05
1.032494338915057597e-07
6.791049963794648647e-05
5.392173188738524914e-04
2.606285214424133301e-01
2.652373223099857569e-04
1.874376321211457253e-03
2.973136119544506073e-02
9.597853641025722027e-04
6.494185981864575297e-06
7.711676516919396818e-06
8.338302141055464745e-04
3.552419002517126501e-05
1.358734676614403725e-03
7.200147592811845243e-06
2.827291064022574574e-05
1.342397299595177174e-04
1.197502668946981430e-02
5.812039671582169831e-05
2.323980152141302824e-04
4.463154764380306005e-04
4.288562922738492489e-05
1.347716897726058960e-04
2.558633059379644692e-05
4.507179372012615204e-03
2.496154047548770905e-04
2.028330345638096333e-04
2.580587715783622116e-05
5.455474019981920719e-04
6.651542935287579894e-05
2.167880302295088768e-03
4.874315345659852028e-05
1.930505732161691412e-06
4.305676338844932616e-05
3.014154026459436864e-05
2.785691503959242254e-05
1.036402136378455907e-05
1.122580142691731453e-04
5.885102837055455893e-06
5.652395884681027383e-07
4.119730554521083832e-03
1.514883570052916184e-05
1.139458618126809597e-05
1.142616034485399723e-03
9.651664644479751587e-03
3.221138904336839914e-04
7.617410301463678479e-05
9.787480812519788742e-04
2.358918891331995837e-06
7.314248796319589019e-05
2.355821197852492332e-03
1.763961518008727580e-05
2.268727484988630749e-06
4.525195254245772958e-05
5.316009745001792908e-03
3.951033249904867262e-06
9.333647903986275196e-04
2.137889168807305396e-05
4.411010195326525718e-06
2.897410886362195015e-04
6.564420764334499836e-04
1.640828122617676854e-05
1.425394771104038227e-06
3.390955680515617132e-04
1.084870291379047558e-06
4.069255282956873998e-06
3.341470146551728249e-04
5.303863417793763801e-06
1.040741335600614548e-04
2.386066262261010706e-05
2.822404167091008276e-05
5.217197467572987080e-04
2.349887043237686157e-03
3.003158781211823225e-04
7.926310063339769840e-04
7.685814052820205688e-03
1.596550829708576202e-02
1.767336204648017883e-02
8.368578710360452533e-05
1.203163337777368724e-04
4.467800863494630903e-06
