7.744771046702680906e-09
5.321909384292666800e-07
1.883962852389231557e-08
2.597685444527542131e-08
6.775084493426675181e-09
4.514007656553076231e-08
6.286722697979030272e-09
7.205621699313269346e-08
8.411148400000456604e-08
4.540324560764474882e-09
6.384387774005517713e-08
1.821473176732979482e-07
5.120292456695096917e-08
5.464315222525328863e-08
2.750755356828449294e-08
1.334674948338943068e-07
9.467837003285239916e-08
2.826292089253001905e-08
2.812905242066676692e-09
1.037994579178302956e-07
7.472947594067136379e-09
2.519361386177365603e-09
4.861255842314449183e-09
2.457112069365052776e-09
1.214281675210315825e-09
1.193863852222420974e-08
5.809637215747898153e-08
8.156801456493667501e-09
1.282437445127015962e-08
3.916440860507464095e-08
6.015552145299807307e-08
9.014556212605384644e-08
6.658038387286069337e-08
6.655118056642095326e-08
2.120925302051546169e-08
9.654232968614451238e-08
2.391009275015676394e-07
1.195707000078982674e-07
6.194192270214671225e-09
6.219435277898810455e-08
1.585693532035747921e-08
1.425498119544954534e-08
4.304575806912680491e-09
3.142617899243305146e-08
1.451646269856610161e-08
3.899185685440897942e-08
2.023738288059462320e-09
3.613372712152340682e-08
1.404080496314463744e-08
6.445844746849616058e-09
1.003996619175495653e-08
3.632943545994749002e-08
6.302426580617748186e-09
7.879362939888778783e-09
4.028948552559086238e-08
3.328210951281107555e-08
1.972598653310342343e-07
8.634644999006013677e-09
5.815968151523520646e-08
6.276445674302522093e-08
4.039236145558788849e-08
1.018159636601012608e-07
7.948196412144170608e-08
4.262095032459001231e-08
2.264851417521640542e-08
9.989595817216923024e-09
8.250515293184434995e-08
7.014710146080460618e-09
5.228745436625104048e-08
3.586805874533638416e-08
2.059234383011698810e-08
3.344374377434178314e-08
1.715766906329463382e-08
5.543044778733019484e-08
8.632047610035442631e-08
1.842632180171221989e-08
1.333157850780253284e-08
3.283631500039518869e-08
3.985512719850703434e-08
1.158247719956762012e-08
1.809723926271544769e-08
2.061682913279128115e-08
1.050948554848218919e-07
5.550291604095036746e-08
1.036593699765830934e-09
3.742664844708087912e-08
3.588802997001039330e-07
2.151517293214055826e-07
4.084877858190338884e-08
1.919527470306547912e-08
1.167859267070525675e-07
4.025029642917843375e-09
7.724059614133693685e-09
9.794118405181961862e-09
9.692994353827089071e-07
2.688847811072037075e-09
1.107642955133769647e-08
3.337129328429000452e-08
2.356774553291529628e-09
1.154198692177033081e-08
2.631988138546148548e-08
6.960642906506109284e-08
1.858975529067663501e-09
2.635293583352904534e-08
3.190889330539903312e-08
2.498093465419515269e-08
1.462367649196494312e-08
4.931468566837793333e-08
1.298244711733786971e-07
6.644565075930586318e-08
1.328791388033323528e-08
6.549828412971692160e-08
2.050987632173928432e-06
1.552694016027089674e-06
1.293083869313704781e-06
2.632667417401535204e-07
4.405214610869734315e-07
1.593653280451690080e-07
4.888907824351917952e-06
4.482890290091745555e-07
9.985333804252150003e-08
1.096066898753633723e-05
8.964015432866290212e-05
2.395818592049181461e-05
2.756705180217977613e-05
2.633888129821571056e-07
2.700450352222105721e-07
1.503386970469478001e-09
1.597215248949623856e-09
7.397741974557447975e-09
6.737970181802666048e-09
9.269454537275123585e-09
8.287445174559593397e-10
7.040785021672490984e-08
1.028552354398470925e-09
7.512749533589158091e-09
2.158841461152860575e-08
3.294972961143116663e-09
6.342353753296947616e-09
1.564981588764169373e-09
1.816851447067335812e-09
4.484262294823793127e-09
7.334826523930360054e-09
2.227819706490663521e-09
4.205903181286885228e-09
8.293488562571837974e-09
1.438621888283364569e-09
2.534799703468593179e-09
2.500561606666451553e-07
2.142771515778463254e-09
1.958301609761292639e-08
2.971915478156006429e-07
1.929059223471085716e-08
2.164662618042711983e-07
2.210251039969080011e-07
9.379306220580474474e-08
6.394222396011173259e-08
2.224073085699274088e-07
3.697749306752484699e-08
3.733809350592309784e-08
1.361057377913255095e-09
4.425975248523172922e-07
2.328408221785593923e-08
1.720667199833769700e-07
1.186361764382581896e-08
1.456574771907526156e-08
1.398230420335266899e-08
3.658037783793588460e-08
3.529702752302910085e-08
1.917189429434529302e-08
1.973664609522529645e-08
9.597555816753811087e-08
2.032710355592826090e-08
1.161493035084504299e-08
8.198008494275654812e-09
1.260226234478523111e-08
3.493692890543798057e-09
1.416199868486955893e-08
8.470224344137022854e-08
1.093663257734078798e-07
1.558167461723769520e-08
6.966270671426855188e-09
6.916558703551345388e-08
4.943275122570867097e-09
2.727746029052013910e-08
1.048089970367982460e-07
3.216941877326462418e-07
8.989479738374939188e-08
1.894669132695980807e-08
1.029393530416200520e-07
1.722104414625391655e-08
2.935724552344254334e-08
2.347356087284424575e-07
5.987450180100495345e-08
3.531911829668388236e-08
1.194157164263742743e-07
4.821413313038647175e-08
9.045372451055300189e-09
3.862641051455284469e-08
5.054330642906279536e-08
3.629923739367768576e-08
1.097243398362479638e-07
6.602127733401630394e-09
7.700336368543503340e-08
8.573743492945595790e-09
1.446252326786634512e-07
2.128385823141343280e-08
1.394447792790742824e-07
9.088022068226564443e-08
9.830994684989491361e-08
2.114583530499203334e-08
2.304640531747281784e-07
1.907188718064389832e-08
2.599385240387164231e-08
1.859394771486222453e-08
7.771691912239475641e-08
1.936161595494922949e-07
6.492439297289820388e-08
1.399719877781535615e-07
3.799370773549526348e-08
8.278550467366585508e-08
6.755496606558608619e-09
6.075466529864570475e-08
1.206412036935944343e-07
2.185318592751173128e-08
1.758717971256373858e-08
2.766329565417890990e-08
5.545106773752195295e-08
3.504045054114612867e-08
1.460870713287931721e-08
9.661383693071456946e-09
5.470426245324233605e-08
1.110253133873584375e-08
1.804164817542641686e-08
1.469315513702440512e-08
1.690381523644646222e-08
2.361810080842019488e-09
1.441325103712642886e-08
1.622547962654152798e-08
3.392863590079286951e-08
8.543718621467633056e-08
7.510274002697769902e-08
9.882199947242042981e-09
3.595594222360887215e-08
2.143353050598761911e-08
4.099854891137511004e-07
4.061725533688331780e-08
2.085372585725053796e-08
1.296241070036785459e-08
1.604822763567881339e-08
5.308490980127089642e-09
6.510332895004466991e-08
3.910335166779077554e-08
4.450657797860912979e-08
3.943284809793112800e-07
2.472702043121444149e-09
4.349773163880854554e-08
3.106805124275524577e-08
6.613159087009989889e-08
5.570186800696319551e-08
5.013897563799218915e-08
6.042403555284181493e-08
5.688820436944297398e-08
6.487698556156829000e-08
7.380312183613568777e-08
3.405870430128743465e-08
3.446070451218474773e-08
2.809458621300109371e-08
4.691552035751556105e-08
1.488195611187848044e-08
6.238608296627035088e-09
2.856188396904713045e-09
1.301028884626020954e-08
6.194925461500133679e-09
3.716316854251999757e-08
1.619632250537961227e-08
1.240160685256341822e-08
2.755565731149545172e-08
4.192295399718659610e-09
8.194600553679265431e-09
1.732002488097350579e-07
6.732474133741561673e-08
2.653501596228124981e-08
6.439900346322247060e-08
7.288348768952346290e-08
4.065066150360507891e-08
7.099726140324946755e-09
4.440779477477008186e-08
1.003933469689854974e-08
1.959717721433662518e-08
1.373515789993007274e-08
2.649814589972265821e-08
1.044604402977711288e-07
9.522724830901552195e-09
1.061856647055492431e-08
1.404667138160675677e-08
2.132489917983093619e-08
1.986471254156185751e-08
1.024646500979997654e-08
4.011029730577320151e-08
4.613507087469770340e-08
6.492402349067560863e-08
1.733912995405262336e-07
1.885060356698886608e-07
2.342458742532471661e-07
6.340768798906992743e-09
7.547654234940637252e-08
1.022030673425433633e-07
5.381446399610467779e-08
7.376790449598047417e-07
9.792476021175389178e-07
7.951471303613288910e-08
1.409783578765200218e-07
4.824127231017882877e-08
9.597033567843027413e-08
3.827796746236344916e-08
4.467827885434871860e-09
7.550401193157085800e-09
6.063172719450449222e-08
3.051295323075464694e-07
1.290675299969734624e-08
2.516399533192270610e-08
3.826599481726589147e-08
8.535134554676915286e-08
1.074722533189742535e-07
1.008987965178675950e-06
4.798413755224828492e-08
1.809391960705397651e-07
3.063112217205343768e-07
4.929559338506805943e-08
7.435359350438375259e-08
1.234343560696515851e-08
8.506709292532832478e-08
1.300966232520295307e-07
6.292400200891279383e-08
2.756848438423276093e-08
2.875867544105403795e-09
3.238487522594368784e-08
1.160567961733249831e-07
3.992465025248748134e-09
1.880311906177212222e-08
5.070078756830298516e-08
3.844853324608266121e-08
2.291684175759201025e-08
1.545390944102109643e-07
8.842677345910487929e-08
7.936334611713391496e-08
1.575203079084985802e-08
1.813268202255358119e-09
1.965545282089919965e-09
5.655600987530817747e-10
1.290325069014386372e-09
2.906278773195936083e-09
5.604734898412289112e-09
3.337894725063961232e-07
1.775079638832721685e-08
1.482122247153938588e-08
1.556714757100507995e-08
1.301111467455484672e-07
1.030732832418834732e-08
2.204559734764188761e-08
4.750704007960848685e-08
2.359578132882234058e-08
3.861926600734477688e-08
1.017272044379069484e-08
2.664501863591794972e-08
4.143921827903795929e-08
1.490846202045759128e-08
4.641961481866019312e-09
1.984373199093170115e-08
3.895496814010357411e-09
7.934363388528709038e-09
4.868994984974506224e-09
2.009564070704072947e-09
1.457489151590607435e-08
2.808080656890865612e-09
4.691433019843316288e-09
1.965046791951863270e-09
1.484883860314312187e-08
2.100654405978730210e-08
1.249600534158901155e-09
1.856711229208940495e-09
1.324474574460055010e-08
3.761427613824253058e-09
1.566983520717712963e-08
5.962094462574896170e-08
2.440448554352769861e-08
4.514220552920278351e-09
3.290032424274613732e-08
1.555228124061613926e-08
5.062193508820200805e-08
1.676273875261813373e-08
1.020855862066127884e-07
2.641240115508480812e-09
5.599264607525356041e-09
2.235947427209339367e-08
4.421317782998812618e-07
1.212821842955236207e-08
3.848655865112959873e-07
4.579595724862883799e-08
3.351998012490753354e-09
3.608359122608817415e-08
1.515129710583096312e-08
4.679672205298857079e-09
1.995778431407302378e-09
1.457511356051099938e-08
6.422415026463568211e-06
2.933642484492793301e-08
7.074070662582698787e-09
5.760711019320297055e-08
5.870643082772630805e-09
1.252737718004937051e-07
3.566424311429727823e-07
1.386891668175849190e-08
2.317110769922692270e-08
5.213303957134485245e-03
2.958578937395373032e-09
9.135507070823223330e-07
4.113532980909440084e-08
1.239874425351672471e-08
1.952908057489821658e-08
9.854624671845613193e-09
4.436529366103059147e-08
4.515170459740147635e-08
3.054515529399282059e-09
4.734927472327399300e-08
6.613802128185852780e-08
1.160031359859203803e-07
8.311789088111254387e-07
3.311601659561347333e-08
1.010347538965561398e-08
7.020955195002898108e-07
5.864602670158092224e-08
5.161285177024410586e-09
1.221577292653819313e-07
2.602688482511439361e-07
2.160147083429819759e-08
7.482061192831679364e-09
6.794515456931549124e-07
8.076254971456364729e-07
2.557631439970009524e-08
3.081206614297116175e-07
1.389240011917536322e-08
1.473119795036836877e-07
4.505008366351148652e-09
1.583971283025675802e-07
2.946484123356185592e-08
1.925247516965100658e-08
6.688231906082364731e-07
4.699702316202092334e-08
3.034951845393152325e-08
1.927342765384310042e-07
1.874539748314418830e-06
2.548276256675308105e-07
1.410302701287946547e-07
1.568322893774620752e-08
3.005035296155256219e-07
1.609991073792116367e-07
1.174452322061370069e-07
1.272885924663569313e-06
6.831465615420029280e-09
1.942325695836188970e-07
7.214313058057086891e-08
1.281996810575947165e-05
1.915671674623808940e-07
3.108344692748232774e-09
1.826137907556812934e-09
1.138222160079749301e-06
2.535781362666966743e-09
2.338132162549300119e-06
1.664597168564796448e-02
7.936225010496400500e-09
7.198217844006649102e-08
1.703971577171614626e-07
8.355332425935557694e-09
1.727997478440101986e-08
5.741692916672036517e-07
3.598844555696700809e-09
5.106139155941491481e-07
3.502680367972743625e-09
1.971552920920771612e-09
4.760354954669310246e-08
7.732520401759757078e-09
1.824806332706430112e-07
5.693789439931151719e-09
2.963000955702455030e-09
2.724458658676098821e-09
1.940557581292523537e-07
9.129893641102171387e-08
1.245563119312009803e-08
1.722025544381722284e-08
6.396720042545211982e-09
4.345724562426767079e-07
2.242410488406676450e-07
9.346514389108051546e-07
3.048891358048422262e-06
1.465726313654158730e-07
1.014435966339988227e-07
7.814515612381001120e-08
1.323630567640066147e-05
1.107395863897409072e-08
6.176640710009451141e-08
3.980083818078128388e-07
3.594401505324640311e-06
8.520854862581472844e-06
8.284569958050269634e-06
3.946425977119361050e-07
1.772061497540278197e-09
9.082627983048041642e-09
4.069037913723150268e-06
1.140247274378225484e-08
2.664740783586694306e-08
2.455896606079477351e-07
5.537982517012096650e-08
4.879394168710859958e-07
1.177506237581837922e-05
4.412716236856795149e-07
1.146066708201942674e-08
1.816558636846821173e-07
7.090301323842140846e-07
9.897843256112537347e-08
4.182852990197716281e-06
4.209235626717600098e-08
6.149705633617941203e-09
3.839547346728977573e-08
2.464802051349579415e-08
1.483210354535913211e-07
7.754704434148607106e-09
6.761700177548846113e-08
6.360245947689691093e-07
2.926410758163910941e-08
5.211349130007647545e-09
1.866172387963160872e-04
1.963460221077184542e-07
1.240123452816987992e-07
1.845921104859371553e-08
4.169910194917747503e-09
4.649389495625655400e-08
2.667644416476377955e-08
2.368591900392402749e-08
7.611782315564141754e-09
1.507343512230363558e-07
3.966485806472519471e-08
1.656299097874125437e-08
1.778119326445448678e-06
7.269522939168382436e-08
3.633525835766704404e-08
1.101900348743356517e-09
1.637982620650291210e-07
1.263661744133059983e-07
6.760720339116232935e-08
1.474541704737930559e-06
1.875255719596680137e-07
3.217185806647648860e-08
2.301899115764172166e-07
5.450034379350654490e-08
1.960911646392560215e-07
2.839768598050795845e-08
2.138845758281604503e-07
2.866794446276799135e-08
1.522847270507554640e-07
2.046316893711264129e-09
4.970969484929810278e-07
5.561842897350288695e-08
3.382241331451041333e-08
1.180261044453345676e-08
1.663120343664559186e-07
5.045676516601815820e-06
3.380938906616393069e-08
6.555298970312151141e-09
1.496153245739151316e-08
7.038378768697839405e-09
4.379474557936191559e-05
3.757727462527782336e-09
9.365988518084122916e-08
1.033082863699519294e-08
1.006007551040966064e-06
3.729359434601065004e-07
4.960834303346928209e-07
2.891462003162814653e-08
4.585349131502880482e-07
8.091301850754462066e-09
1.884105950011871755e-05
6.697918308873340720e-08
4.253454790159594268e-06
3.884421317934538820e-08
4.377277651457234242e-09
1.429415874554251786e-08
2.706383384065702558e-05
5.697721849884374024e-09
8.525864458874821139e-09
5.145078034729522187e-07
1.481296196814696486e-09
2.874876514624702395e-08
8.098624704189205659e-08
7.153199366172202645e-09
1.934763282918083860e-08
8.481456426068234578e-09
3.296928285934086489e-09
1.025053279590792954e-06
1.143306008088984527e-06
1.060788434870119090e-07
5.964901017563306596e-09
2.538116348205221584e-07
2.766655313735100208e-07
1.322800802228130124e-08
2.804575949255649903e-08
1.910852006403729320e-06
2.482002514625492040e-08
1.296329266153861681e-09
3.091217948281155259e-08
4.652610385846855934e-08
5.844711381541856099e-09
1.313106845479694584e-09
1.418274564457533415e-06
3.551561489345544942e-09
1.933987761049138498e-07
2.084235539712153695e-08
4.095433396287262440e-04
2.437018338241614401e-06
8.346456326080442523e-08
2.959792633205893253e-09
1.127066084904981835e-08
3.598927378334337845e-07
1.894048722306251875e-07
3.120285896329733077e-08
1.078432546819385607e-06
5.097743382975750137e-08
2.012576238996643951e-08
2.564219698797387537e-07
2.092870987624451118e-09
1.268906885343312752e-06
4.230056660503578314e-08
1.686822592716907820e-08
1.463750232133520512e-10
2.909419372087995725e-08
8.637383785981000983e-08
2.577612612242319301e-08
3.728685271653375821e-08
1.497489421353748185e-08
7.951934111183334153e-10
5.065630261924525257e-07
1.741610056171793985e-08
2.875507334465510212e-06
8.216085916501469910e-06
3.044214906822162447e-07
5.047942863711796235e-08
5.738608706451486796e-06
8.654369310079346178e-08
3.970480388915120784e-09
7.301678550675205770e-08
1.411828662867264939e-07
4.497024530536464226e-09
6.061255817257915623e-07
1.718570530329088797e-08
3.110789847937667219e-08
1.311295605432860611e-08
5.722630369575654186e-09
5.439825301323253370e-08
3.180906060151755810e-04
1.309423591777658658e-08
1.300277219229428738e-08
1.322943865567083321e-09
2.758615735842795402e-08
1.482368929828226101e-07
1.985269504345410496e-09
3.236720294808037579e-05
4.244039928380516358e-07
2.111395680515215645e-08
8.548988184031713899e-09
1.421631523612632009e-08
9.392105981831377903e-10
2.629829021216778528e-09
1.717790532040908147e-08
2.336394544499853509e-07
1.483493217158127209e-09
1.911992875136547809e-08
7.372672428118676180e-08
5.547381221049363376e-08
3.603271352403680794e-07
2.141599253491222044e-07
6.370119365328719141e-08
3.476690579873320530e-08
1.406629657196845073e-08
1.983034962904639542e-07
3.682213145506096907e-10
2.732285286910496325e-09
7.354326925224086153e-09
9.356582175712446769e-09
2.693469092207578797e-08
1.057912601964972055e-08
3.432602468933509954e-08
8.244860509876161814e-06
2.299623673707174021e-07
3.875280096821143161e-09
1.757939926960716548e-08
2.865102715077227913e-06
1.709064036958807264e-07
5.713076802749128547e-07
2.170737189999272232e-08
6.913347988302120939e-06
1.874850674710160092e-08
1.081167044780784181e-09
1.988609277248087892e-08
5.483063336697568957e-09
5.860652407818633947e-09
3.578919915980804944e-08
3.626650624255489674e-08
2.627985296044244024e-08
2.085896966264044750e-07
5.950949244493131118e-08
6.302976544247940183e-06
8.103048116936406586e-07
1.949747252538713838e-09
3.594901443193521118e-08
1.929016235635572230e-07
6.010428705849335529e-07
1.022920326221310461e-08
8.704741816245586961e-09
1.027315875035128556e-06
2.016284028627524094e-08
3.276276174801751040e-07
7.671090429539617617e-08
1.140539893640379887e-06
4.961252741964017332e-08
1.193870230054017156e-05
1.397872484432127749e-09
1.303028795973659726e-07
7.617890105393598787e-07
1.825660910981241614e-05
1.380046743548746235e-08
3.163940505146456417e-07
3.130322889788317298e-09
1.857094567014883069e-08
1.669954396987805012e-09
6.587539758129423717e-08
2.204997073818049103e-08
1.340450062059517222e-08
1.275613612961024046e-05
4.340402313118829625e-07
1.416561890010825664e-08
1.541098448853972513e-08
3.153027394731111599e-09
2.869141191297330806e-08
7.507363619652096531e-09
1.644807512413137829e-09
2.319551484220028215e-08
1.040929298312676110e-08
3.500360037378413836e-07
2.859237895336264046e-07
4.065585557100348524e-08
5.146991277626966621e-09
2.195051962416982860e-08
6.993042589442666213e-09
6.092335524954251014e-09
4.411678489191217523e-08
4.242184203917531704e-08
6.713544387082492904e-09
5.461301633147286338e-09
3.089532185640564421e-08
7.100678089955181349e-08
4.793362151644942060e-09
5.094905500300228596e-04
6.829850018874594753e-09
4.213458471014064344e-09
3.691307313147262903e-07
4.383933287499530707e-07
4.975436809218081180e-07
6.936240470878374254e-09
2.783277182061283384e-07
2.054985159816169471e-08
1.204767730023093009e-09
2.174886759576111217e-07
3.326180603835382499e-06
1.459584524354795576e-07
1.679832983825235715e-08
9.701571457298996393e-08
2.881541050214764255e-08
7.249079772009281442e-06
1.739860167049300799e-08
1.163936502734941314e-07
6.021587672933037538e-09
2.212124705636142608e-08
1.135234395377437977e-08
2.781869490320332261e-08
5.515971679415088147e-08
4.918514306950783066e-08
6.051168810472518089e-08
7.104203518792928662e-07
6.812591664129286073e-07
2.907728958234656602e-05
3.848663254757411778e-07
2.630648410217872879e-08
9.430026182144501945e-08
2.377857555302398396e-08
5.280024861775700629e-09
5.834790073322437820e-08
1.780878555734943802e-08
6.647198791398523099e-09
2.062634685273678770e-08
7.483377828521042829e-08
1.957685391573704692e-08
7.535351898013686878e-09
5.264625957401847245e-10
5.901334134250646457e-06
2.623337813645321148e-08
4.031798450654378030e-09
6.993099077590159141e-08
2.695400144148152322e-05
5.807491106679663062e-05
1.495588364264222037e-08
3.112966773244352225e-09
7.239648880386084784e-08
3.742119361049844883e-06
5.241286871182637697e-08
1.545192596097422211e-08
7.196588285296456888e-07
7.471052221319496311e-09
5.233834698969985766e-08
6.734423241283593597e-09
6.309125666348336381e-09
2.458344861011596549e-09
5.211956022321828641e-07
7.609245500361794257e-08
2.478507781233929563e-07
4.200686021249566693e-08
2.324365588890486833e-08
4.896604650639346801e-07
7.644548895768821239e-05
5.340257125396874471e-09
9.314005211535913986e-08
3.130736203615924751e-08
5.785919370282499585e-07
2.642894614268698206e-08
6.602442592651414088e-09
2.400387870693521108e-07
2.125485210058286611e-08
5.862444041326853039e-08
5.942189851282364543e-09
4.164116162996833737e-09
2.215670633631816600e-07
8.694535758024812822e-09
3.324415631666965965e-09
5.421876494438038208e-07
5.948611203621112509e-08
3.359073161846026778e-07
1.393593834109196905e-06
2.571307611276552052e-08
6.187099188537104055e-08
2.929754919023253024e-05
6.673078587482450530e-06
4.370297546074652928e-08
2.040533786384912673e-08
2.235252516413765989e-08
8.614802027295809239e-08
2.547876420067041181e-06
4.955141186258060770e-09
1.037582890717203554e-07
2.546008559534129745e-08
1.532564283479587175e-06
1.806261025194544345e-07
3.141888385016500251e-07
5.375219203074266261e-08
2.625109729592622898e-08
2.498206308487738170e-09
5.531469469133298844e-06
3.800907322215607564e-08
2.425907252856518426e-09
1.577231916598975658e-03
8.589619682197735528e-09
1.037190102692875371e-07
1.635938318145235826e-08
1.000656801863897272e-08
1.005901850703594391e-08
1.052275266921753882e-09
9.186401683791700634e-08
9.266865390600287355e-07
1.254922166182836918e-09
3.215969712755395449e-09
3.046987373522824782e-08
1.379299252590726610e-08
3.440643769891948978e-09
1.536765492637925945e-09
5.445943315862677991e-05
2.022061948991904501e-07
5.436467631625419017e-07
3.251138423365773633e-06
1.077772893154360645e-07
8.375132587445932586e-09
2.354313721752987476e-08
1.286146122936315805e-08
1.056628661899594590e-05
2.255456905686514801e-07
9.366902808949362225e-09
1.609721600459579349e-08
9.958947444488330802e-09
5.548304216063115746e-07
3.806239590176119236e-08
5.930584023872143007e-09
2.344964195799548179e-05
7.662809942132753349e-09
2.656455251326406142e-07
7.002161339642043458e-08
1.776087401594850235e-06
6.040409772367638652e-08
3.137956525733898161e-07
5.421437521135885618e-09
5.296130439091939479e-06
2.539478072272061127e-10
3.117979213129729033e-05
2.464382669131737202e-05
1.044482360157417133e-06
4.435472078512248117e-08
8.623223024528670067e-09
3.247233593128839857e-08
4.715559143164682609e-08
9.666982947464930476e-08
2.091183120001005591e-07
1.317491637564671692e-06
2.574148894041172753e-08
2.244767216552645550e-08
7.190917017396714073e-08
1.241487916558980942e-05
1.437341887503862381e-02
3.047688223887234926e-04
2.534332452341914177e-04
6.866855983389541507e-05
1.333530098199844360e-01
7.249817252159118652e-01
1.206363776873331517e-05
1.452773722121492028e-04
9.271082672057673335e-05
1.325590460510284174e-06
2.268161915708333254e-05
3.895254340022802353e-04
9.507681534159928560e-05
4.155189380981028080e-04
1.466939465899486095e-06
7.876013114582747221e-05
8.273701155303569976e-07
7.641800766577944160e-05
2.198025686084292829e-05
2.537343107178458013e-06
1.978809086722321808e-05
3.620942006818950176e-04
2.601050800876691937e-05
5.776590796813252382e-07
2.366911985518527217e-06
2.052896343229804188e-05
5.360315553843975067e-03
1.671099453233182430e-04
5.765809328295290470e-05
1.621751580387353897e-04
3.169556730426847935e-04
2.162699383916333318e-04
1.520444311609026045e-05
1.274954502150649205e-05
8.947928436100482941e-04
6.197871016411227174e-08
2.761819632723927498e-04
8.808431029319763184e-02
1.382024311169516295e-05
2.397874777670949697e-04
4.688416993303690106e-06
1.806333420972805470e-05
1.613235071999952197e-04
5.624397090286947787e-05
6.195903097250266001e-06
2.696423558518290520e-03
2.059936086880043149e-04
1.235071920291375136e-07
1.025859504011350509e-07
1.244303007297276054e-07
8.197610554816492368e-07
8.115677019304712303e-09
4.069866861300397431e-07
1.693140383451918751e-08
8.154798081250191899e-08
1.008201664376429108e-07
8.322206213051686063e-08
2.440769719669333426e-08
5.360452970393225769e-09
7.571969149466895033e-07
1.493948964537139545e-08
7.388421430221114861e-09
2.115476291919549112e-07
2.267864601890323684e-06
1.398355107085080817e-05
1.633028318792639766e-06
4.396345048007788137e-06
9.113253327086567879e-06
2.783195043321029516e-07
4.194719167571747676e-07
1.825251843001751695e-07
8.032770324462035205e-07
1.385838640999281779e-05
5.929303370066918433e-06
5.822113848807930481e-07
1.516538668511202559e-05
3.765685718803979398e-08
