4.427212388691259548e-06
1.233522368693229510e-07
6.097145899275346892e-09
6.274787800464309839e-09
1.149053332483163103e-07
4.570688815874746069e-06
6.716423417429950860e-09
3.739095788546364929e-08
1.312270736519849379e-08
2.985641955888240773e-08
4.699010247577461996e-08
3.710090368258533999e-08
9.700687542135710828e-08
8.220051306295772520e-09
5.271642677939780697e-08
9.160817171505186707e-08
6.641958094633082510e-08
2.799322658120217966e-07
1.956456507912207599e-08
8.310528443189468817e-08
1.612744160439660845e-09
2.388241382433875515e-09
5.358773869090782682e-09
4.903616623863626955e-09
1.605822586014937770e-09
2.727859360618367646e-08
1.421231701215219800e-07
1.130563731521760928e-07
4.640192230453976663e-08
1.965507010481815087e-07
5.699200755771016702e-08
4.171813827724690782e-07
3.777289521167404018e-07
9.042268089842764311e-08
1.446033763841114705e-07
1.125953161817960790e-07
1.129050474446557928e-06
2.107881158508462249e-07
4.087212346348678693e-07
1.085596409211575519e-06
1.981614303758760798e-07
2.545112920415704139e-07
4.279715426491748076e-07
2.810388934904040070e-07
8.620025937489117496e-08
1.403148957024313859e-07
1.552989559172601730e-08
3.836476878404937452e-07
1.039031971572512703e-07
6.731123392000881722e-08
4.335315963999164524e-07
1.572842194264012505e-07
3.864074642478954047e-07
2.075651764243957587e-06
1.447527438358520158e-06
3.212302317479043268e-07
1.693569515737181064e-06
1.147166273085531429e-08
1.287689030959882075e-07
2.622446345412754454e-06
6.519053840747801587e-06
2.867225248337490484e-06
4.876551884080981836e-06
5.210587187320925295e-05
5.938493927715171594e-07
1.214743434729825822e-07
9.147425771516282111e-06
1.431957343811518513e-06
1.753031574480701238e-05
1.286458541471802164e-06
9.945750889528426342e-09
3.448973870945337694e-07
3.908497525628717995e-09
5.557439308745415474e-08
6.185228773603057562e-09
9.074170748135657050e-08
1.093676331720416783e-07
1.076429896329500480e-07
3.188675350429548416e-07
1.640690605597683316e-08
4.264864017500258342e-09
3.703470419225141086e-09
2.255825819474921445e-07
1.589320497430435353e-08
1.156428766080352943e-07
8.883270652404462453e-08
3.351601890244637616e-06
1.347681518382159993e-06
1.420372797156232991e-07
2.189569059396490047e-08
3.192263875462231226e-08
3.509421730996109545e-08
3.780089574689782239e-09
1.434125493915416882e-07
6.399252328037619009e-08
2.829234402312863494e-09
7.822938385970701347e-08
1.798086231019624393e-07
8.678541263407169026e-08
1.484551948038870250e-08
2.317078795499583066e-08
3.899772238469267904e-08
3.188988184632535194e-09
6.991412533352558967e-07
5.371301625700652949e-08
1.482392377738506184e-07
2.449204750121225516e-08
2.732280002248899109e-08
1.744575001794146374e-06
2.600052653178863693e-07
1.486668566030857619e-08
8.768890438659582287e-06
5.063521939518977888e-07
3.489198434181162156e-06
5.524937591872003395e-07
8.435155507413583109e-08
3.864511654683155939e-06
2.902396090576075949e-06
1.719750434858724475e-04
5.380171387514565140e-06
3.177488849814835703e-07
1.598032249603420496e-04
1.733517274260520935e-03
4.584993439493700862e-05
1.606669102329760790e-04
2.619481520582667144e-08
3.584806052003841614e-07
4.391414454296693748e-10
2.279875843669287860e-09
7.830653458995584515e-09
8.880741475536524376e-09
7.957806857916693843e-09
1.062439736188025563e-08
1.167542951208133672e-08
9.720597660134444595e-10
1.063371835030579859e-09
3.483280153204759699e-08
1.734908749995156541e-08
2.170599522344218713e-08
6.246784867158794441e-09
2.025673140337858058e-08
7.328208706525174421e-09
2.156629541616439383e-09
2.784446895276460054e-09
4.028993316751439124e-08
9.901176767357355857e-09
1.394561466305788144e-09
2.150884483853587881e-07
3.975808127165691985e-08
1.985940123461205076e-08
3.014705640680404031e-08
6.989802841417258605e-06
3.201789056106463249e-08
2.657351103607652476e-07
2.057905561514417059e-07
3.255615581565507455e-07
5.643866529680963140e-07
4.012916292595036794e-07
2.054262324691080721e-07
1.995296230461462983e-07
4.538221176630941045e-08
1.228125086072395789e-07
3.527171088535396848e-08
3.366557166373240761e-07
9.625489383324747905e-08
8.836865106331970310e-08
1.445641473196701554e-08
7.473272667368746625e-09
4.538495659289765172e-07
7.938511714655760443e-08
9.536867651149805170e-08
1.733344220156141091e-06
2.762409394563292153e-07
1.549676227341478807e-07
1.635462751892191591e-07
1.907228153186224517e-08
1.444727075750051881e-07
4.107942856990121072e-07
3.853854764201969374e-07
1.400767644099687459e-07
4.580371282258965948e-08
2.855846901184122544e-07
2.669148670975118876e-07
5.838892889187263791e-07
3.829973138635978103e-07
1.999311507461243309e-07
2.590133192370558390e-07
3.219190318759501679e-07
3.477868233403569320e-07
1.613398922017950099e-06
1.167946095392835559e-08
2.179436933147371747e-07
6.574056499175640056e-08
1.424669022753732861e-07
1.851183668577505159e-07
1.579254131911511649e-07
4.113078091450006468e-07
3.425461159167753067e-07
1.846765599111677147e-06
2.068836550961350440e-07
8.490626157708902610e-08
2.670543892691057408e-07
4.112260754141061625e-08
2.892372492624417646e-07
6.312851752454662346e-08
1.919245704584682244e-07
1.872101194066999597e-07
1.638393769098911434e-06
2.793024123093346134e-07
1.808530498692562105e-07
1.202679129619355081e-07
1.972707877939683385e-06
1.242408700363739626e-07
1.478755109474150231e-07
6.605207403254098608e-08
5.850525894857128151e-07
7.451875916331118788e-08
1.100019488831094350e-07
2.859146945866086753e-07
6.561645022884476930e-07
4.348844413470942527e-07
6.134497425591689534e-07
3.605633125403073791e-08
2.994466399286466185e-07
9.219160546081184293e-08
1.058841263557042112e-07
5.040482733420503791e-07
1.504470787949685473e-07
2.489530537275186362e-08
3.869342179996237974e-08
3.728200326236219553e-08
8.618151525752182351e-08
1.918950971457888954e-07
1.108190303966694046e-07
1.216622820265911287e-07
1.283896949644258711e-06
6.671669439128891099e-08
6.553811715548363281e-08
6.231390159427974140e-08
4.481142212853228557e-08
2.072288367571673007e-07
1.456032450164457259e-08
5.659318844664085191e-07
1.876140487411248614e-07
6.891832526889629662e-08
3.021926602286839625e-07
4.304598633098066784e-07
1.209435396276603569e-07
3.922457381122512743e-08
1.533419577981476323e-07
8.598383516300600604e-08
2.002677774726180360e-07
1.576826633709060843e-07
9.080762310986756347e-07
1.308805053668038454e-06
4.819312948711740319e-07
1.044471389377576998e-07
2.639704099749451416e-08
2.553579570019337552e-08
8.324676059601188172e-07
1.068985469032668334e-07
6.464608759415568784e-08
6.156592462502885610e-07
6.980276623380632373e-08
1.379687546432251111e-07
3.739750411568820709e-07
1.274479757285007508e-07
1.073302371423778823e-07
4.029823230666806921e-08
1.008321870443751322e-08
1.536876936825137818e-08
2.310766245017248366e-09
3.589690988903271318e-09
3.299761317521188175e-07
3.074703380789856055e-09
2.605026194757442681e-09
9.095597164332502871e-08
3.574054829869055538e-08
1.218236511668635558e-09
1.659147308430419798e-08
3.941213222447004227e-08
8.828681643535674084e-07
2.182208390877349302e-06
2.402712880211765878e-06
8.429425975009507965e-07
7.781230806358507834e-07
4.625144356396049261e-08
5.258376845063139626e-08
9.548165813555442583e-09
4.639906237002833223e-09
7.178139416197382161e-09
1.099022739481370081e-08
4.607988728366763098e-07
3.130579884214057529e-08
1.319168885238752864e-09
2.363363948987284857e-09
2.357898942761949002e-08
9.397643552233603259e-09
1.982990482929380960e-07
2.590212204722774914e-07
1.111911895890216329e-08
8.868609313594788546e-08
1.176559294435719494e-07
3.111490514129400253e-07
5.014497617139568320e-08
1.608606936542855692e-08
6.792380986553325783e-07
3.480291610458152718e-08
5.737237174230358505e-08
1.468839201379523729e-07
6.497955951090261806e-08
1.371849407405534294e-07
6.733708346473576967e-07
4.020940025384334149e-08
3.560644017852609977e-06
3.061405493554048007e-07
9.590236160761378414e-09
2.780260999202255334e-08
3.060696087686665123e-07
6.391168199115782045e-07
1.360486976409447379e-07
3.832315353946569303e-09
1.574199437470724661e-08
2.930721620941767469e-08
2.977958502015098929e-08
3.495074736292735906e-07
1.439596175600854622e-08
4.661621630930312676e-07
4.134527387122943765e-07
1.173019654743256979e-06
2.244919272698098212e-07
6.298780164115669322e-08
1.072359054887783714e-07
1.675920088928251062e-06
2.218157959532618406e-07
1.274059791001036501e-08
1.283569361909542295e-09
8.367877057935402263e-08
1.063377453647262882e-06
9.380124454949623214e-10
5.179903173058164612e-09
5.636169362333021127e-07
1.004310803409680375e-07
9.796580435761370609e-09
6.172830921968852635e-07
1.762095180879441614e-08
2.156510277018242050e-07
2.609896299077263393e-08
4.422188393249371074e-09
7.501076204619039345e-09
4.988240931425025337e-10
2.973874480005633814e-10
2.950654165445598665e-09
1.055813658723536719e-08
6.976264188551795087e-08
7.553455105835382710e-08
1.312185759161366150e-06
9.340411111224966589e-08
8.213046385208144784e-07
1.681052737012578291e-07
1.050094482479835278e-07
5.406338345892436337e-07
5.636467648173493217e-08
1.757018424086709274e-07
9.211461815539223608e-08
3.163074779877206311e-08
2.084222749942910013e-08
8.161353548530314583e-08
1.216941214465805388e-08
1.001775373765667609e-08
8.202994727923851315e-09
4.165642053521878552e-08
8.670884454886618187e-09
3.906082568505553354e-09
1.506251479099773860e-08
3.124696057454912079e-09
2.396322473785517104e-09
1.223882151180077926e-07
2.216930283793772105e-08
1.247873893106543619e-08
2.535709064943603153e-08
3.424555750086710759e-09
1.649815288828904158e-07
3.864922160090600300e-09
8.595272049660707125e-09
4.331681324742930883e-08
4.095439010143309133e-08
7.024012038669980029e-09
6.193138002430487177e-09
9.192150969283829909e-07
3.974975868459296180e-07
4.512439133463885810e-08
2.097347788776460220e-07
1.682625239141088969e-08
4.794322450152321835e-08
7.085458832989388611e-07
2.625864681249368005e-08
4.209649073771970507e-09
2.023772225356879062e-07
1.020345848701253999e-06
1.745650024531641975e-08
3.846191987122438150e-07
1.292360281013316126e-07
2.683052446883493758e-09
2.182135361294967879e-08
1.746150530834711390e-07
4.772605848302191589e-07
3.708616524988883612e-09
5.035084171822745702e-08
2.026837506718948134e-07
6.245025474527210463e-08
4.174482910457300022e-06
3.940985777717287419e-07
4.250598095723034930e-08
1.311332653131103143e-06
5.118743702769279480e-02
3.710854556970843987e-08
7.001394806138705462e-07
1.510161666828935267e-07
1.222115656673850026e-06
1.357001337964902632e-07
9.909748399650197825e-08
5.012291808270674665e-07
5.260822604213899467e-07
1.361394819099359665e-08
1.537414249241919606e-07
1.779686087388654414e-08
1.648260877118445933e-06
1.017890895127493422e-06
1.259692226085462607e-06
1.342946518434473546e-07
1.682868457919539651e-07
8.990636679584440571e-09
7.089825544426275883e-07
4.898120532743632793e-04
1.547839588056376670e-06
3.203590992484350863e-08
4.510010569447331363e-07
2.631785207540815463e-07
5.413602934822847601e-07
2.698432581382803619e-06
1.492127353230898734e-06
3.532894155000576575e-08
1.905100361909717321e-05
2.457688808021885052e-08
2.060450015051173978e-06
3.859835260300314985e-07
9.228510577941051451e-08
1.566741616443323437e-07
8.699808518031204585e-07
6.280772879563301103e-08
1.171334318428307597e-07
5.306515049596782774e-07
2.791820463698968524e-07
4.057837088566884631e-08
1.421241222487878986e-07
1.296014886520424625e-07
6.267414960348105524e-07
1.452310982585913735e-07
2.405157601970131509e-07
4.758074467758888204e-08
3.282396576764767815e-08
8.811252882878761739e-07
5.231686827755765989e-06
7.539465059380745515e-06
1.853042697064211097e-08
1.533453257707151351e-07
3.124741371721029282e-03
1.546162131660366867e-08
1.498220990470144898e-05
4.819198511540889740e-05
7.102320154217522941e-08
1.213331051985733211e-05
1.966448508028406650e-05
2.434536099826800637e-06
1.481881284348673944e-08
2.830320909197325818e-06
2.877112024179950822e-07
2.623964974191039801e-06
8.049941158105866634e-08
1.059291232508030589e-08
2.420425175841955934e-07
4.180757073868335283e-08
7.567555257992353290e-07
1.931503135210732580e-08
1.686830870539779426e-07
2.178624392001893284e-09
8.097270409734846908e-08
1.573337158333742991e-07
1.821921458144970529e-08
3.283085447947087232e-08
9.167611558780208725e-09
6.120546004240168259e-06
8.569411846792718279e-08
1.875400812423322350e-08
2.344945073673443403e-07
2.689380380616057664e-07
2.577381792434607632e-07
3.506848997858469374e-06
3.521313483361154795e-04
1.837437224594395957e-08
1.753900988887835410e-07
1.624074002393172123e-06
7.118015332707727794e-07
8.549437552574090660e-06
6.586463314306456596e-06
1.937450178957078606e-05
1.010264725209708558e-07
1.222572677761490922e-06
6.675259555777302012e-06
4.966296884845178283e-08
1.142195387160427344e-07
4.954137580170936417e-07
6.863608348339766962e-08
2.585582308256562101e-07
2.721825467233429663e-06
1.401238503007107283e-08
9.177426250062126201e-07
3.313504066682071425e-07
9.788769602891989052e-06
4.381245943818612432e-08
2.736863971222192049e-04
7.513533795133753301e-09
2.192683581370147294e-07
1.518763248498089524e-08
7.207712542367517017e-07
7.590865607198793441e-07
9.251972983292944264e-07
7.498967420360713731e-07
1.095160996555932797e-06
7.448330308079675888e-08
1.678202288246666285e-08
1.892594504170119762e-03
1.032056024996563792e-05
3.512470527766708983e-07
3.619890165396100201e-08
4.093945449312741403e-07
2.901111706421488634e-08
1.423691173840779811e-07
3.716108767548575997e-05
2.000288077397271991e-07
2.659393203430227004e-06
5.968119580757047515e-07
5.113741252671388793e-08
4.296916813473217189e-05
8.536063660358195193e-07
3.768998908526555169e-07
2.965330381243802549e-08
1.635606281524815131e-07
3.773964181164046749e-06
2.615770995362254325e-07
5.031479759054491296e-06
2.034601465084051597e-07
8.899364445369428722e-08
8.770789605705431313e-08
2.344861371739170863e-08
5.224339929554844275e-07
2.578846078904462047e-06
1.380554294883040711e-06
6.600016604352276772e-07
1.766324864149737550e-08
3.189829200778149243e-08
1.541718347652931698e-06
6.371122935888706706e-07
1.690572844381676987e-06
2.717642928473651409e-07
1.746923317114124075e-07
1.614538050489500165e-04
8.474859214402385987e-08
5.733356456261162748e-09
2.766724264802178368e-06
1.142172578738609445e-07
3.837290933006443083e-06
6.613055347770568915e-08
7.121467149318050360e-08
8.137854834444624430e-09
5.034750643062579911e-07
4.866727749686106108e-07
2.583148443591198884e-06
3.151425516989547759e-06
8.711785085324663669e-06
2.815255939481176028e-08
5.196652491576969624e-04
1.841753913822685718e-07
1.085778649212443270e-06
1.766674557757141883e-07
1.064878816237069259e-07
1.256733298760082107e-06
1.809400127967819571e-04
5.574470947067311499e-07
2.983927345212578075e-07
7.470319815183756873e-06
4.096075700843471168e-10
3.383138960089127067e-07
4.836703624278015923e-07
3.470393608040467370e-07
3.839917610548582161e-07
1.457310759178653825e-06
2.640695129230152816e-07
7.414850642817327753e-06
3.717460458574350923e-06
9.984938742491067387e-08
4.393874064589908812e-08
4.040696808260690887e-07
2.488952475232508732e-07
4.527656116692924115e-08
7.998650835361331701e-05
3.596750559609063203e-07
2.575472421995073091e-07
7.335827234555836185e-08
4.162568245646980358e-08
7.050781732687028125e-06
4.436563472154375631e-07
4.381176754719717792e-09
1.260710905626183376e-05
3.553086003194039222e-08
4.080176950083114207e-06
2.342517717579539749e-07
3.891195956384763122e-05
1.769854065969411749e-06
4.210603037790860981e-06
9.997311423148858012e-09
8.266224682529355050e-08
1.250075342795753386e-06
7.599741991271002917e-08
1.948167671628198150e-08
1.067863740900065750e-05
1.134433560423531162e-07
2.747347593867743853e-07
5.774033411398704629e-07
4.638172299564757850e-07
1.886471977741166484e-06
8.283838326406112174e-08
2.476671667750451888e-08
1.814032835056877957e-08
4.098838601862553332e-08
1.231808937518508174e-06
2.845172630827619287e-08
4.640286874746379908e-07
5.694634523933927994e-07
8.777528819337021559e-07
1.073457497113849968e-06
1.456899223484242611e-08
1.365696675748040434e-06
6.682982416350569110e-07
8.184986910464431276e-08
8.018328401249164017e-08
2.437619286865810864e-06
6.055455514797358774e-08
7.748761987613761448e-08
4.353226188413827913e-07
1.498363271821290255e-04
1.413007311157343793e-08
5.036998800278524868e-07
8.968940790055057732e-08
1.662697854953876231e-07
1.489553227429496474e-07
7.869101814605983236e-09
1.734601028147153556e-06
3.920840026694349945e-05
1.236404330029472476e-07
5.275002123994454450e-08
6.704276689362131947e-09
4.122894381453079404e-08
1.577334273861197289e-06
1.239899916072317865e-08
2.929425590991741046e-06
7.696534112255903892e-07
8.042636068239517044e-08
9.146788215730339289e-06
2.843134438990091439e-07
3.551961214043330983e-08
8.801138307035216712e-08
2.412144340269151144e-06
6.651051762673887424e-07
6.490414872217797893e-09
1.927968611425967538e-07
2.191640504634051467e-07
9.035281323122035246e-07
2.310034005859051831e-06
1.510557723349847947e-07
5.161557055544108152e-06
1.221674637008618447e-07
1.486118517135537331e-08
1.133659793595143128e-06
1.059264453928676630e-09
2.339570670528701157e-07
5.338302244695114496e-08
1.227913681844938765e-08
4.099612738173163962e-08
3.304672446802214836e-08
4.447497303772252053e-07
1.346418168395757675e-03
2.223112687715911306e-06
5.309278794385363653e-09
2.273059962476509099e-08
6.414546533051179722e-06
6.960119094401306938e-07
1.880197487480472773e-05
8.513219427186413668e-07
2.214617779827676713e-05
4.539565168215631275e-07
3.347274679654788088e-09
7.263740542384766741e-08
7.690657000125611376e-09
7.206416086091849138e-08
1.966531726793618873e-06
1.611045661320531508e-07
3.694179326885205228e-07
5.166846676729619503e-06
2.230154905191739090e-07
1.455912439496387378e-07
1.179917489935178310e-06
7.870933238507404894e-09
1.838031266743200831e-06
2.329372108533789287e-07
4.104369821789077832e-08
1.824229656222087215e-07
1.542077967542354600e-07
8.265046744782011956e-07
3.264569841121556237e-07
4.406412699609063566e-06
1.821841578930616379e-06
3.955203169425658416e-07
7.144919766943758077e-09
6.002309760333446320e-07
9.372886466962881968e-09
1.289673264182056300e-06
3.152658109684125520e-06
9.516730642644688487e-05
2.839224189088440653e-09
3.681342661820963258e-07
3.271246740155220323e-08
3.924649760733700532e-08
1.199336363555403295e-08
3.039798173176677665e-07
1.059563530247942253e-07
1.806413649774185615e-07
2.243182734673609957e-06
9.075456910068169236e-05
2.638702412127713615e-08
1.483339929109206423e-05
5.207911257798514271e-08
1.134606648633962322e-07
2.656807396306248847e-08
1.443878545615007170e-07
8.293684459204087034e-07
4.252371343937966230e-09
7.620142696396214887e-06
1.741095445595419733e-07
8.489473111694678664e-05
1.835781091585886315e-07
1.586377322837506654e-07
1.174269215198364691e-07
4.287549160153503180e-08
2.548960651438392233e-07
1.155747426651032583e-07
1.872706576477867202e-07
6.253437732084421441e-07
7.745599361896893242e-08
6.605224189115688205e-05
7.041836624921415932e-08
3.804591298103332520e-02
1.462018328624026253e-08
6.816068776061001699e-08
3.633185087892343290e-06
2.044284656221861951e-06
1.319529474130831659e-06
8.803685318525822368e-07
9.541803365209489129e-07
6.529780876007862389e-06
8.254899874771126633e-09
1.356856529355354724e-07
1.308367791352793574e-05
7.542946150351781398e-06
2.448196028126403689e-06
4.727613429622579133e-07
1.638590674701845273e-06
1.558792746436665766e-06
2.474708935551461764e-07
4.202769900985003915e-07
1.029247727046822547e-07
6.253241053855163045e-07
1.921574366292588820e-08
6.462174440002854681e-08
2.219120744939573342e-07
8.598682370575261302e-07
5.434985268948366866e-06
3.106801159447059035e-06
1.110222547140438110e-05
1.004605583148077130e-04
1.588153850207163487e-06
2.002679764245840488e-07
1.036492108141828794e-06
4.866333824793400709e-07
9.411765944378203130e-08
7.247960525091912132e-07
1.830121072998736054e-05
7.517960654013222666e-08
3.156805234993953491e-07
2.952976956294151023e-07
9.197697181662078947e-08
4.771297312800015789e-08
7.266494073121521069e-09
2.303098426637006924e-06
8.732759404495027411e-09
6.978116857681015972e-07
7.927433216536883265e-07
2.908091119024902582e-05
1.437694882042706013e-04
2.884468358388403431e-06
4.767337884459266206e-07
1.760529677596878173e-08
4.521552938967943192e-03
5.663818924972474633e-08
5.942198288977351694e-09
7.772434287289797794e-07
1.563125522352493135e-07
2.700640209241100820e-07
1.115552894503935022e-08
5.889113907642240520e-08
1.561051590215356555e-07
6.799623264441834181e-08
7.450152565979806241e-07
1.459716349927475676e-05
8.979745302895025816e-07
2.002595635985926492e-07
6.007341198710491881e-06
3.431691538935410790e-06
5.552766779715057055e-08
1.609054947948607150e-06
2.975709139718674123e-05
9.143678312284464482e-07
1.681485741755750496e-07
1.079284359661869530e-07
1.908578042275621556e-06
8.043115258260513656e-07
8.284435466521244962e-07
1.034945285027788486e-06
7.394032763841096312e-08
4.974490730091929436e-05
1.590786837368796114e-06
2.113027477435025503e-07
7.685014935532308300e-08
8.861554157135742571e-09
3.442562501732027158e-07
6.391662168425682466e-07
2.428269851861841744e-07
2.414762150237947935e-07
2.201787538069766015e-06
9.692518005977035500e-07
5.663119964083307423e-07
1.290199094228228205e-07
8.533854156667075586e-08
1.358064309897599742e-05
5.111357495479751378e-06
2.718775817811547313e-07
4.131894399961311137e-07
3.602229128318867879e-07
1.333578256890177727e-04
1.993300429603550583e-06
1.212169299833476543e-04
1.361540213906664576e-08
1.972524330540181836e-07
1.223861545440740883e-08
2.424123408673040103e-07
8.690309982739563566e-08
3.257183891491877148e-07
3.716005943715572357e-03
5.031868255400695489e-08
4.270460749467019923e-07
1.259951147858373588e-07
1.115082781666387746e-08
1.119544847938414023e-07
3.210036014777983837e-09
2.941939669653947931e-08
1.567815615999279544e-06
2.914726682234913824e-09
2.239016083649403299e-07
3.681641089769982500e-07
1.883603744090578402e-07
1.115496033321505820e-07
9.603662647350574844e-07
2.063431111309910193e-06
7.106938824108510744e-07
4.060963328811340034e-05
7.922708959995361511e-07
5.582440394391596783e-07
1.003830121248938667e-07
5.297516736391116865e-08
1.919050873766536824e-08
5.112647195346653461e-04
5.213852887209213804e-07
2.497118202882120386e-06
4.350715130385651719e-07
2.259099396439978591e-08
1.588236409588716924e-05
3.681449470605002716e-06
3.782952830988506321e-07
6.298536732174397912e-07
3.697444839190211496e-08
9.814071688651893055e-08
3.783943469670703053e-08
1.149261152022518218e-06
2.370082256675232202e-06
3.189273002135450952e-06
3.667773853521794081e-07
6.706886779284104705e-07
8.010100138733378117e-09
7.829182868590578437e-05
3.084953350480645895e-04
1.977058445845614187e-06
4.627412053537227621e-08
2.685009370395619044e-08
2.236288736412461731e-07
8.748752122755831806e-08
1.242538587575836573e-06
9.403915100847370923e-06
2.866436807380523533e-05
2.206658962222718401e-07
4.723928981320568710e-08
2.740886338870041072e-05
2.482194686308503151e-03
2.469442486763000488e-01
3.341037081554532051e-04
3.032117383554577827e-03
6.242459639906883240e-04
1.859945914475247264e-04
1.278570998692885041e-04
8.109102054731920362e-06
5.069195032119750977e-01
7.609501481056213379e-03
3.340059425681829453e-03
3.493592143058776855e-03
3.540199995040893555e-02
2.586963819339871407e-03
5.730654229409992695e-04
3.710909368237480521e-05
8.541113493265584111e-05
1.613974600331857800e-04
2.409548760624602437e-04
9.586762462276965380e-05
5.456135477288626134e-05
1.217475975863635540e-03
6.912208482390269637e-05
2.599905128590762615e-04
5.415205706071901659e-08
1.662116119405254722e-05
1.151665128418244421e-04
3.441676381044089794e-04
1.259209384443238378e-04
3.996431132691213861e-06
2.714936272241175175e-05
7.181221735663712025e-05
8.415920310653746128e-04
1.058527923305518925e-04
7.447972166119143367e-05
1.374462044623214751e-05
4.694826571949306526e-08
2.670388901606202126e-03
3.353621286805719137e-04
3.130396362394094467e-04
4.314230754971504211e-02
3.712697420269250870e-03
4.113879054784774780e-03
2.721189812291413546e-04
3.431263030506670475e-04
8.878909284248948097e-06
4.160955359111540020e-05
1.076449043466709554e-04
5.973024030936358031e-08
6.036025013145263074e-08
5.174566126697754953e-07
7.777505857120559085e-07
4.555524810712086037e-07
1.143652298196684569e-06
1.477930311466479907e-07
1.120980186897213571e-06
4.606005404639290646e-06
2.031958530324118328e-07
2.545020834077149630e-07
5.044002477916365024e-07
2.171113237636745907e-06
2.166306423134756187e-08
4.009093146351005998e-08
4.772326064994558692e-06
3.725046440195001196e-07
1.006036065518856049e-02
1.055438687558307720e-07
3.308159790549325407e-08
1.378859565193124581e-06
2.557319476181874052e-07
3.009041847690241411e-06
1.195092636407935061e-06
2.519654799471027218e-06
1.028226961352629587e-06
7.697899854974821210e-05
1.337132016487885267e-05
5.759037099778652191e-03
2.764652435871539637e-07
