7.331141387112438679e-05
3.086850881572900107e-07
2.395980664005037397e-05
4.578789958031848073e-05
6.848439079476520419e-05
2.339081038371659815e-05
8.855458872858434916e-05
1.446129590476630256e-05
2.646007669682148844e-05
5.331776719685876742e-06
2.911419323936570436e-05
1.159854832621931564e-06
2.223449519078712910e-05
4.106663595848658588e-07
6.880851287860423326e-05
5.595834409177768975e-06
2.618594953673891723e-05
1.797555341909173876e-05
3.800552349275676534e-06
3.819249741354724392e-06
1.487892586737871170e-05
6.803833093727007508e-05
1.037650145008228719e-05
7.810463102941866964e-06
1.295690344704780728e-05
1.318526665272656828e-05
5.051441985415294766e-05
5.223158950684592128e-06
3.138223109999671578e-05
8.315391823998652399e-06
9.720398338686209172e-06
1.174036788142984733e-05
2.393855538684874773e-04
1.586368853168096393e-05
5.493526259670034051e-05
1.001584823825396597e-04
3.833064693026244640e-04
1.943837705766782165e-04
9.692711755633354187e-04
1.112247700802981853e-03
5.639994924422353506e-05
2.111455425620079041e-03
1.168110989965498447e-03
1.139416825026273727e-02
1.104998053051531315e-03
2.018903847783803940e-03
1.874638837762176991e-05
9.581491030985489488e-05
7.771074160700663924e-05
2.539272536523640156e-04
2.610394265502691269e-03
3.448061033850535750e-05
2.643279032781720161e-03
5.198349390411749482e-05
3.120204200968146324e-03
4.790492312167771161e-05
4.892365541309118271e-05
4.925539178657345474e-05
1.719205029075965285e-04
1.453260076232254505e-03
2.471424639225006104e-02
2.089888323098421097e-03
1.180218998342752457e-02
3.141726851463317871e-01
7.906849496066570282e-04
5.614707333734259009e-05
1.113884500227868557e-03
1.127117779105901718e-03
6.342332344502210617e-04
1.348976752524322364e-06
1.686732503003440797e-06
3.748543167603202164e-05
1.622377021703869104e-05
2.794320062093902379e-05
2.588236611700267531e-06
6.649684110016096383e-07
3.418283085920847952e-05
3.997763087681960315e-06
2.396140735072549433e-05
1.153657831309828907e-05
2.433744339214172214e-05
1.085611802409403026e-05
3.413178637856617570e-05
2.014042365772183985e-05
1.544561564514879137e-05
1.982554749702103436e-05
4.595045174937695265e-05
8.362020162167027593e-05
8.565085590817034245e-04
1.811664333217777312e-05
3.633347660070285201e-05
3.752635093405842781e-04
5.000438613933511078e-05
6.206332182046025991e-05
1.808081833587493747e-06
1.397876440023537725e-05
8.141833677655085921e-05
3.978457243647426367e-06
1.889218424366845284e-06
1.728029565128963441e-05
9.243466365660424344e-07
2.703542850213125348e-05
2.079948608297854662e-04
4.506215918809175491e-05
3.857027913909405470e-04
1.137760918936692178e-04
8.068310096859931946e-03
2.473123231538920663e-06
1.645809447836654726e-06
3.276593361078994349e-06
3.157661296881997259e-07
3.420306256884941831e-06
1.268274849280714989e-03
3.679578367155045271e-05
2.802181734296027571e-05
1.587592464602494147e-06
2.425531420158222318e-06
3.196281852524407441e-07
2.639364356582518667e-05
3.549749817466363311e-05
1.090499245037790388e-05
2.630978124216198921e-04
5.423118273029103875e-05
1.627483288757503033e-05
1.232185354638204444e-06
1.173506825580261648e-04
3.956012005801312625e-05
1.181342099698667880e-06
1.047364457917865366e-05
1.058715060935355723e-04
6.952840521989855915e-06
1.846990016929339617e-06
2.458297103657969274e-06
7.969931061779789161e-07
2.082607153397475486e-07
8.343137778865639120e-06
1.715798020995862316e-06
1.751280137796129566e-06
3.088164157816208899e-05
1.063503987097647041e-07
3.923612723610858666e-07
2.890760129048430827e-07
1.527298422843159642e-06
4.623450138296902878e-07
7.828277375665493309e-06
2.274379085065447725e-06
1.571453612996265292e-04
1.107893967855488881e-05
1.965541559911798686e-05
5.721170509787043557e-06
2.553764788899570704e-04
2.003629051614552736e-04
1.941469008670537733e-06
3.774332981265615672e-06
1.501726842434436549e-06
9.013699582283152267e-07
1.279583011637441814e-05
7.085005108820041642e-06
6.071006282581947744e-06
3.651911902124993503e-05
1.024978337227366865e-05
1.169818233393016271e-06
4.244733645464293659e-06
1.203760621137917042e-05
2.821659791152342223e-06
4.625489964382722974e-06
2.445276732032652944e-05
3.353598003741353750e-06
5.695527215721085668e-05
1.049451748258434236e-04
1.647715180297382176e-05
4.099780562683008611e-05
1.004644218483008444e-04
8.252912084572017193e-05
7.333850589930079877e-06
2.264341446789330803e-06
3.377962639206089079e-05
5.931817577220499516e-05
4.655146403820253909e-05
1.431966757081681862e-05
2.891629083023872226e-05
1.876509850262664258e-05
3.523756731738103554e-06
1.439143829884415027e-06
4.463162895262939855e-06
8.597796295362059027e-06
2.967333057313226163e-05
7.162705514929257333e-06
3.742518629223923199e-06
6.535340162372449413e-06
3.215400738554308191e-06
5.017800958739826456e-06
1.446031728846719489e-05
7.792636097292415798e-06
4.979062850907212123e-07
7.394776275759795681e-06
4.219931270199595019e-06
1.247486579813994467e-06
2.978689963128999807e-06
1.063617105501180049e-06
1.625850472919410095e-06
2.154391722797299735e-07
6.723639216943411157e-06
8.800516297924332321e-07
2.602893118819338270e-06
8.602471098129171878e-06
3.826689135166816413e-05
7.306711631827056408e-05
2.100958045048173517e-05
8.526409510523080826e-05
1.884015910036396235e-05
7.354432455031201243e-05
1.570925451233051717e-05
2.503286305000074208e-05
3.848734650091500953e-06
2.194358239648863673e-04
1.693115336820483208e-05
1.158143277280032635e-05
3.554241629899479449e-05
2.194143689848715439e-06
8.112005161819979548e-06
7.027127594483317807e-06
3.069181402679532766e-04
1.670558231126051396e-05
2.380892510700505227e-05
5.238131416263058782e-05
3.363828909641597420e-06
2.048187161562964320e-05
9.636277354729827493e-06
4.521573373494902626e-06
4.180862561042886227e-06
1.603553755558095872e-05
1.765816932675079443e-06
1.546427483845036477e-05
2.955727904918603599e-05
1.040355782606638968e-04
4.027594695799052715e-05
1.326686742686433718e-06
4.185498710285173729e-06
2.209510057582519948e-06
7.454889419022947550e-05
3.113579850833048113e-06
3.394627810848760419e-06
4.291514414944685996e-06
1.467183574277441949e-05
1.488149337092181668e-07
2.434740235912613571e-05
1.484863423684146255e-05
1.597257869434542954e-05
3.716085120686329901e-05
6.396692242560675368e-06
8.398275895160622895e-06
6.023709829605650157e-06
9.445597243029624224e-06
8.147779226419515908e-06
1.977933425223454833e-05
5.858536951564019546e-06
2.023259003181010485e-04
3.474885670584626496e-05
1.388627333653857931e-05
1.189293357128917705e-06
1.768253810041642282e-06
2.178513204853516072e-05
1.402268594574707095e-06
1.739499384711962193e-05
7.054472348499984946e-07
2.370649099248112179e-07
6.056884558347519487e-06
1.019756819005124271e-04
7.909629493951797485e-05
2.252303602290339768e-05
1.902185431390535086e-05
2.993464022438274696e-06
3.429670759942382574e-04
1.691822581051383168e-05
6.767248123651370406e-06
1.682918809819966555e-05
2.352609953959472477e-06
4.981756092092837207e-07
5.211091047385707498e-05
3.215500692022033036e-05
5.116726242704316974e-07
1.133203477365896106e-05
3.110194768396468135e-07
4.230847480357624590e-06
4.109251221962040290e-06
7.362334290519356728e-04
4.459403862711042166e-05
2.300784217368345708e-05
3.243007813580334187e-05
5.922180207562632859e-05
2.875106929423054680e-06
2.011727156059350818e-05
4.275366336514707655e-06
5.609029176412150264e-05
2.619010920170694590e-04
6.518067493743728846e-06
1.223425788339227438e-04
1.683268783381208777e-05
1.306162157561630011e-04
6.652021056652301922e-06
1.998100032096772338e-07
8.849071491567883641e-06
1.458591032132972032e-05
1.690034991952416021e-06
7.910379281383939087e-06
1.352683175355195999e-04
6.223543778105522506e-07
1.385455902891408186e-06
1.663354282754880842e-06
2.072584493362228386e-06
9.136712833424098790e-06
6.221808234840864316e-06
2.085353917209431529e-04
8.493112545693293214e-05
2.623085038067074493e-06
3.277524456279934384e-06
4.307045387008656689e-08
1.228844439538079314e-06
2.440342541376594454e-05
3.605810206863679923e-06
6.957091954973293468e-06
1.231038368132431060e-05
4.747198090626625344e-06
1.571678467371384613e-06
3.978242659741226817e-07
2.655444291121966671e-07
1.361045724479481578e-05
6.943782409507548437e-06
7.444420589308720082e-06
4.723083748103817925e-06
2.352941191929858178e-05
7.655951776541769505e-05
1.636915953895368148e-07
1.691959041636437178e-04
2.450258398312143981e-05
2.455217472743242979e-04
1.719575608149170876e-03
4.885814632871188223e-07
2.005878559430129826e-05
2.780879003694280982e-05
7.016560630290769041e-06
1.041032101056771353e-05
3.984029535786248744e-05
5.166336195543408394e-04
1.391681871609762311e-04
9.325857536168769002e-05
1.299586642744543497e-06
5.320860964275198057e-06
1.338747824775055051e-05
3.058533766306936741e-04
1.187941597891040146e-05
2.025669382419437170e-04
2.929872061940841377e-05
7.500790525227785110e-04
6.399770791176706553e-05
1.370367826893925667e-04
5.169684882275760174e-04
9.677236084826290607e-05
2.453457091178279370e-05
3.160897467751055956e-04
4.673290095524862409e-05
6.362242129398509860e-05
1.078225788660347462e-03
7.762626046314835548e-04
8.745622821152210236e-03
1.276472175959497690e-04
7.019672775641083717e-04
7.001487538218498230e-04
1.498023630119860172e-03
7.628729799762368202e-04
7.846096414141356945e-04
1.042267394950613379e-04
1.305119949392974377e-03
1.143824541941285133e-03
3.650470534921623766e-05
1.327832433162257075e-04
1.684475573711097240e-04
3.870181972160935402e-04
3.322116390336304903e-04
2.061490435153245926e-03
2.505812444724142551e-04
2.383088140049949288e-04
4.726040351670235395e-04
1.810976827982813120e-04
2.751951979007571936e-04
6.557228061865316704e-06
8.589251956436783075e-05
5.045471698394976556e-05
3.487157227937132120e-04
2.616767596919089556e-05
3.298412775620818138e-05
2.464062447415926727e-07
5.151251514234900242e-08
2.470534818712621927e-04
1.522486418252810836e-04
5.975752515041676816e-07
5.154770406079478562e-06
8.562610673834569752e-06
8.871349564287811518e-05
3.153076931994291954e-06
5.946764940745197237e-05
3.115501385764218867e-06
3.843669219349976629e-06
6.220781045840340084e-08
2.940068668522144435e-07
1.084656105376780033e-06
2.592992586869513616e-06
1.552431058371439576e-05
2.182860725952195935e-06
1.360648548143217340e-05
4.484976670937612653e-05
1.124501704907743260e-05
9.512446704320609570e-04
1.177256763185141608e-05
1.725204697322624270e-06
8.859162335284054279e-06
5.254183633951470256e-06
9.375000331601768266e-07
3.525755164446309209e-05
1.038747257553040981e-03
1.607661374691815581e-06
1.218258603330468759e-06
2.454666901030577719e-05
1.504841493442654610e-04
1.614780217096267734e-06
4.152655321831844049e-07
4.579805136017967016e-06
1.022279684548266232e-04
3.133719146717339754e-04
3.496154477033996955e-06
5.811858954984927550e-06
1.409739925293251872e-04
1.773002295522019267e-04
2.281731285620480776e-04
9.462614980293437839e-05
2.602428594400407746e-06
7.928221748443320394e-05
1.516605061624431983e-05
2.012116783589590341e-05
4.047145012009423226e-06
7.620120072715508286e-07
1.553604124637786299e-05
2.304489726157044061e-06
3.362045617905096151e-06
7.188604213297367096e-03
1.455677647754782811e-06
1.991676632314920425e-03
3.444654284976422787e-04
3.268500677222618833e-06
1.012173129311122466e-06
4.528169301920570433e-05
4.690890014171600342e-02
5.408599008660530671e-07
9.158981129075982608e-07
2.362859845561615657e-07
7.045494392514228821e-03
1.955533298314549029e-05
2.562839426900609396e-06
1.882240758277475834e-04
1.227511461365793366e-06
3.383842122275382280e-04
7.519057544413954020e-05
4.884158843196928501e-04
7.149425073293969035e-06
2.698196913115680218e-04
1.378678462060634047e-06
3.636982455645920709e-06
3.115443689694075147e-07
4.127869033254683018e-04
6.589566328329965472e-05
9.182661415252368897e-06
1.317730406299233437e-03
9.192833516635801061e-08
3.417946936679072678e-05
4.179902134637814015e-06
1.453305740142241120e-04
5.909473657084163278e-07
7.566140084236394614e-06
2.762689632618275937e-07
3.646957793534966186e-06
3.076216898989514448e-06
2.997131787196849473e-06
1.866850539045117330e-06
4.013226316601503640e-06
6.737994908689870499e-07
6.511941592179937288e-06
7.206230657175183296e-04
1.102078007534146309e-03
1.493262388976290822e-04
4.327935748733580112e-04
3.579752810765057802e-04
7.996773092600051314e-06
1.632532047324275482e-07
1.041924042510800064e-05
1.715621245068632561e-08
1.479834168094384950e-06
1.172150376760328072e-07
5.428410645436088089e-07
8.493031054968014359e-05
5.858925636857748032e-03
4.271171055734157562e-03
1.755192670316318981e-06
2.515561845939373598e-06
8.061094831646187231e-07
8.560687092540320009e-07
1.934581814566627145e-05
1.883754521259106696e-06
1.426711037311179098e-06
3.688391643663635477e-06
4.335743710726092104e-07
1.010857886285521090e-05
3.794609028773265891e-06
3.120748806395567954e-05
2.361945371376350522e-05
1.168157177744433284e-04
3.439403735683299601e-05
1.874290319392457604e-05
6.973955169087275863e-05
1.765920569596346468e-05
5.787298391624062788e-07
1.535930067575463909e-07
3.554265276761725545e-05
4.577916843118146062e-05
2.328541304450482130e-04
1.626558332645799965e-05
5.449911668620188721e-07
3.657080185348604573e-07
5.187622446101158857e-05
5.609761865343898535e-05
8.714409318599791732e-07
1.406350634169939440e-06
1.123535298575006891e-06
6.765993134649761487e-07
3.469107241471647285e-07
2.284402626173687167e-06
3.372371395471418509e-07
6.263001068873563781e-07
6.187724466144572943e-06
3.044865195533930091e-07
7.146486950659891590e-06
6.225292454473674297e-04
7.037204341031610966e-05
7.979430165505618788e-07
5.098307156004011631e-06
2.684708533706725575e-06
3.255793853895738721e-05
1.321627252082180348e-07
2.082737182718119584e-06
4.816328669221547898e-07
8.700968834318700829e-08
1.131442331825383008e-05
9.907730600389186293e-06
4.835354161514260340e-07
3.806872825862228638e-07
1.194925403069646563e-06
7.912944965937640518e-06
1.716299011604860425e-04
1.524088233709335327e-01
3.507972360239364207e-05
4.066764631716068834e-06
3.149264671264973003e-07
2.146713268302846700e-05
3.094081876042764634e-06
1.451281514164293185e-05
2.022920142508155550e-07
5.509956281457562000e-06
6.588528549400507472e-07
1.653106737649068236e-04
4.810441168956458569e-06
1.225977757712826133e-04
7.103897701199457515e-07
1.810687422221235465e-06
8.486954357067588717e-06
2.803860479616560042e-05
1.315257577516604215e-05
1.333358814008533955e-04
1.053670712281018496e-04
3.583206271287053823e-04
5.304806336425826885e-07
1.109189997805515304e-05
8.510019711138738785e-08
1.333967247774126008e-05
1.992835605051368475e-04
3.599194678827188909e-05
1.577422081027179956e-04
6.677251076325774193e-05
2.344984241062775254e-04
4.019954576506279409e-05
9.279830555897206068e-05
1.333364343736320734e-05
3.793617943301796913e-04
4.423594930358376587e-07
4.183850542176514864e-04
9.774435311555862427e-04
6.812610990891698748e-07
6.668157875537872314e-03
9.993440471589565277e-06
1.167885216091235634e-06
9.136046719504520297e-05
5.623409742838703096e-05
3.658020868897438049e-03
2.293346915394067764e-05
1.463556400267407298e-04
6.806879810028476641e-06
1.998941570491297171e-06
1.941996742971241474e-06
1.563503928991849534e-06
4.930365685140714049e-05
2.378894423600286245e-04
1.890598105092067271e-05
4.148801508563337848e-06
3.228532150387763977e-03
1.630104407013277523e-06
2.870442694984376431e-04
1.736273361530038528e-06
1.240620855242013931e-02
8.817094567348249257e-06
1.980125525733456016e-04
2.128120058841886930e-06
3.270235424679412972e-07
6.224561730050481856e-06
5.593593414232600480e-06
1.243588667421136051e-05
1.084641553461551666e-06
2.091162059514317662e-06
1.064793923433171585e-05
7.875107257859781384e-06
3.427524291055306094e-07
1.960690860869362950e-05
2.450084139127284288e-06
3.973245839006267488e-05
9.083208283300336916e-07
8.527597674401476979e-05
2.702669007703661919e-04
9.324358870799187571e-06
7.469207776011899114e-05
1.753178480612405110e-06
1.947480253875255585e-03
3.133933932986110449e-04
5.719618343391630333e-07
1.902266958495602012e-04
1.886032987385988235e-05
1.081453287042677402e-03
8.510693987773265690e-06
5.554416566155850887e-04
1.654096377023961395e-05
1.859777114532334963e-07
1.152427344663919939e-07
5.412035534391179681e-05
3.681017915369011462e-05
2.881226066620001802e-07
3.287509316578507423e-03
1.520142632216447964e-05
3.013643663507536985e-06
1.873016117315273732e-05
1.322478419751860201e-05
2.120429826391045935e-06
9.131504157267045230e-06
5.446568593470146880e-06
4.414557224663440138e-06
5.155691837899212260e-07
1.926157295883967890e-07
4.316927515901625156e-06
1.654360517022723798e-06
2.964018494822084904e-05
1.008570077829062939e-03
1.326733035966753960e-05
3.128263779217377305e-05
4.498925045481882989e-05
8.695842552697286010e-06
1.297569397138431668e-04
1.842983765527606010e-04
5.037773576077597681e-07
2.290622205691761337e-06
6.959722895771847107e-07
3.953243867726996541e-05
1.259644068341003731e-05
2.818995853886008263e-04
2.947300527011975646e-05
2.274102916999254376e-05
3.229212597943842411e-05
1.188426631415495649e-05
1.640613889321684837e-03
1.332437095697969198e-04
1.125149680092363269e-07
2.526803655200637877e-07
1.074520596944239514e-07
3.482470901872147806e-06
1.150249037891626358e-03
2.390109730185940862e-04
1.025480451062321663e-04
8.721872291062027216e-06
5.669929087162017822e-04
8.681702183821471408e-07
3.546829611877910793e-05
1.329295264440588653e-05
3.288638254161924124e-05
1.438502476958092302e-05
1.601971127092838287e-02
3.204459972039330751e-06
5.530327689484693110e-05
7.763796020299196243e-06
2.197404101025313139e-04
2.639808371895924211e-06
1.738713280019510421e-07
3.090161442287353566e-07
4.646236266125924885e-05
1.144904945249436423e-05
2.721543523875880055e-06
2.386120456776552601e-07
4.301391527405939996e-05
1.143446525020408444e-06
1.098753364203730598e-05
6.834812211309326813e-06
3.910717714461497962e-05
2.048255555564537644e-05
3.969798854086548090e-07
3.320398172945715487e-05
5.811099981656298041e-06
9.395604365636245348e-07
4.192583583062514663e-05
9.715699889056850225e-06
9.607033462089020759e-06
5.928016980760730803e-05
8.870482815837021917e-06
2.326995854673441499e-06
8.533731374882336240e-07
1.469165435992181301e-04
7.250751821175072109e-08
3.587678293115459383e-06
5.831852904520928860e-04
4.273181730241049081e-06
1.124340997193939984e-04
3.206084500106953783e-07
9.480607695877552032e-05
2.677286147445556708e-06
1.295004636858720914e-07
1.102106307371286675e-05
1.447088550776243210e-02
2.978569318656809628e-05
2.018015511566773057e-04
9.347930927106062882e-07
5.504775253939442337e-05
1.038310347212245688e-05
1.618687974769272842e-07
2.117709755111718550e-06
4.012380486528854817e-06
3.662486778921447694e-05
6.702755927108228207e-04
1.330025588686112314e-05
2.600949983389000408e-06
5.478327875607647002e-05
4.909860535917687230e-07
1.226219751515600365e-06
4.308748486892000074e-07
9.975600505640613846e-07
1.825074946282256860e-06
7.003250175330322236e-06
9.846748071140609682e-06
3.540199031704105437e-07
8.443614206044003367e-05
4.491352228797040880e-06
3.151412965962663293e-05
1.190436189062893391e-03
2.338869126106146723e-05
3.248212351536494680e-06
1.113714347411587369e-06
8.632492608739994466e-06
7.412074410240165889e-06
5.889375188417034224e-06
7.073372671584365889e-06
2.105528210449847393e-06
4.168960003880783916e-07
2.729732841544318944e-05
2.772193867713212967e-03
2.601467167551163584e-05
2.148394742107484490e-05
1.952626917045563459e-06
5.359082706490880810e-07
5.385568947531282902e-04
1.618075293663423508e-05
4.115553565497975796e-06
3.359062020535930060e-06
3.723476083905552514e-06
5.627844075206667185e-06
8.032444384298287332e-06
2.302441316714975983e-05
4.678322511608712375e-06
1.105198771256254986e-05
3.236940756323747337e-06
1.887954931589774787e-05
3.393548468011431396e-05
4.201377276331186295e-03
4.863075901084812358e-06
5.325683559931349009e-06
3.396334650460630655e-04
3.300009411759674549e-04
6.168019694996473845e-07
1.949970425130231888e-07
9.345011676487047225e-06
3.470547380857169628e-05
1.467208107897022273e-06
6.933392882046973682e-08
1.023440518110874109e-06
1.453822096664225683e-05
3.343508581110654632e-07
4.224966687615960836e-05
3.411559388041496277e-03
3.533234291808184935e-07
1.278683976124739274e-05
2.965539351862389594e-07
9.349781038281435031e-08
3.698834188980981708e-05
2.037686954281525686e-06
3.588484105421230197e-07
7.951600309752393514e-06
3.006746567280060844e-07
9.686773410066962242e-07
1.496239565312862396e-05
3.635531129475566559e-07
2.394717375864274800e-05
8.021114808798301965e-06
1.425383106834487990e-05
3.446323680691421032e-04
4.826923031941987574e-05
2.505594920876319520e-06
2.123819740518229082e-06
2.062012390524614602e-05
3.328641184907610295e-07
3.684761759359389544e-04
4.826119948120322078e-06
1.284474274143576622e-04
3.211545617887168191e-06
9.494066944171208888e-06
6.493705586763098836e-05
1.158079321612603962e-04
1.900729257613420486e-04
1.254006521776318550e-03
7.170657772803679109e-05
6.848572866147151217e-06
6.208424565556924790e-06
1.055177999660372734e-04
2.060337811708450317e-01
2.837750230355595704e-07
1.815191499190405011e-04
7.330141329475736711e-07
1.025702571496367455e-03
1.525906554888933897e-06
1.357207111141178757e-06
9.343924830318428576e-06
1.461084502807352692e-05
6.721222689520800486e-06
8.171813533408567309e-05
2.129356289515271783e-06
4.418684966367436573e-06
1.109862296289065853e-06
8.497215276292990893e-06
3.299992386018857360e-05
4.144868626099196263e-07
4.942834948451491073e-06
2.212439903814811260e-05
4.329789429903030396e-03
4.715795512311160564e-05
9.715236956253647804e-06
1.083685856428928673e-05
1.167129903478780761e-05
5.723238700738875195e-06
2.285430127813015133e-05
4.270350473234429955e-06
3.883623139699921012e-05
4.403931143315276131e-06
2.681094520085025579e-05
9.683988537290133536e-06
3.030276616300398018e-07
1.200472706841537729e-05
1.278034993447363377e-03
7.500007086491677910e-07
3.283775640738895163e-06
1.470548450015485287e-04
1.061194634530693293e-04
1.210284494845836889e-06
4.084832880835165270e-07
7.078207318045315333e-07
3.964634743169881403e-05
1.500399139331420884e-05
4.571939200559427263e-07
4.696843971032649279e-04
3.304022584416088648e-07
6.205846875673159957e-05
7.660308256163261831e-06
2.734833515205536969e-06
4.193079234937613364e-07
5.492692594089021441e-07
6.807385943830013275e-08
6.874619771224388387e-07
5.471438271342776716e-06
4.375952812551986426e-06
6.707391094096237794e-06
6.337066297419369221e-04
5.972385110908362549e-07
3.165117595926858485e-05
8.701961487531661987e-04
3.590918786358088255e-04
1.930118305608630180e-04
7.926743819552939385e-06
1.879577030194923282e-04
8.805381185084115714e-06
2.328300183762621600e-07
1.226519202646159101e-06
1.130035670939832926e-04
1.792438852135092020e-04
2.875128993764519691e-04
4.231442653690464795e-05
3.963970812037587166e-06
4.090361107955686748e-05
2.028315611823927611e-05
2.369021967751905322e-05
3.781535042435280047e-06
1.344621978205395862e-05
2.787529922443354735e-07
8.856463682604953647e-05
4.582371957440045662e-07
6.144754934211960062e-06
9.728707084377674619e-08
1.008777780953096226e-05
3.388795903447316960e-06
6.088993359298910946e-06
3.415084620428388007e-06
3.686144773382693529e-04
5.406876880442723632e-05
7.992949235813284758e-07
1.283290930587099865e-05
1.606212265414797002e-07
4.872397767030633986e-06
4.318374635658983607e-07
6.604735244764015079e-05
4.120776964100514306e-08
5.394872914621373639e-06
2.229431856903829612e-06
8.793468282419780735e-07
9.710146287034149282e-07
3.805176220339490101e-06
2.991668679896974936e-06
1.529584733361843973e-05
3.155494141537928954e-07
6.148002739791991189e-06
2.350830618524923921e-05
4.418965181685052812e-05
3.845219907816499472e-06
3.030798552572377957e-06
1.662268005020450801e-06
1.783247853381908499e-06
1.157997485279338434e-05
1.216173222928773612e-05
3.954601561417803168e-05
1.520240446552634239e-03
7.103516054485226050e-06
1.250854402314871550e-04
2.318519705113430973e-07
4.869464100920595229e-05
2.942923174487077631e-06
9.632982482798979618e-07
4.342567478943237802e-07
9.809500625124201179e-06
1.000257034320384264e-04
4.080149665242061019e-05
1.785468498383124825e-06
3.193943257429054938e-06
2.256603693240322173e-05
1.294766552746295929e-04
2.649412781465798616e-04
4.555670078843832016e-03
2.465932993800379336e-06
5.469095867738360539e-06
8.542925206711515784e-05
1.210721438837936148e-05
2.541249268688261509e-04
8.270252874353900552e-05
4.384838393889367580e-04
3.313669367344118655e-05
3.898052091244608164e-04
1.690033532213419676e-04
3.743953811863320880e-06
5.992405931465327740e-05
7.377212227765994612e-07
1.222962055180687457e-05
4.259380802977830172e-04
6.206435500644147396e-06
3.466908310656435788e-05
4.334176992415450513e-05
5.858335953234927729e-06
3.883532372128684074e-06
5.261570331640541553e-04
6.179097690619528294e-04
3.663028182927519083e-04
1.698832202237099409e-04
1.417825551470741630e-04
2.465591067448258400e-03
1.438874278392177075e-05
