1.775114105839747936e-05
1.772329123923555017e-04
4.967662334820488468e-06
8.562040534343395848e-07
3.935519998776726425e-06
4.749464278575032949e-05
1.282341827391064726e-06
4.469519262784160674e-05
7.003369319136254489e-06
8.471604814985767007e-06
2.475174369465094060e-05
4.664390871766954660e-06
6.534737622132524848e-05
1.128795065596932545e-05
9.661193871579598635e-06
2.717100724112242460e-04
6.898708875269221608e-07
2.227912955277133733e-05
2.277069143019616604e-05
1.256114683201303706e-05
3.311537966510513797e-06
1.560426738933529123e-07
6.418371867766836658e-06
1.528108327875088435e-06
1.476805664424318820e-06
1.426955277565866709e-04
7.965276599861681461e-04
6.669294816674664617e-05
6.995876174187287688e-05
1.842666300944983959e-03
5.130803765496239066e-05
4.361139144748449326e-05
1.723417080938816071e-04
1.705953582131769508e-05
9.234601020580157638e-05
1.560013333801180124e-05
9.207858238369226456e-05
4.444242222234606743e-05
1.001247510430403054e-04
7.824724540114402771e-03
1.930529542732983828e-04
3.456752165220677853e-05
1.122214816859923303e-04
1.701640285318717360e-04
1.106534255086444318e-04
5.400830923463217914e-05
5.168555071577429771e-05
8.134808012982830405e-05
4.270174540579319000e-04
9.423138108104467392e-04
1.641662965994328260e-04
1.918039633892476559e-04
5.378515197662636638e-06
9.550158210913650692e-06
2.249746466986835003e-05
1.973028247448382899e-06
4.797735982720041648e-06
1.260949829884339124e-06
2.273166956001659855e-06
9.173057151201646775e-06
2.107897671521641314e-05
3.245148400310426950e-05
2.565023896750062704e-05
1.276661205338314176e-04
1.237044943991350010e-05
5.106958724354626611e-06
7.417543383780866861e-05
1.800837526388932019e-05
7.091280713211745024e-05
1.773132098605856299e-04
4.063957021571695805e-06
1.138592124334536493e-04
7.776706070217187516e-07
1.490900831413455307e-05
4.395718860905617476e-06
5.462206900119781494e-07
1.405267812515376136e-05
7.456398634531069547e-06
3.499336344248149544e-06
1.118875952670350671e-04
6.051248419680632651e-06
7.790981908328831196e-05
7.158262451412156224e-05
7.313075229831156321e-07
1.020539275486953557e-04
9.021314326673746109e-06
3.074553387705236673e-04
8.199246622098144144e-06
1.241054997080937028e-04
4.213460215396480635e-06
7.384525088127702475e-05
2.594763145680190064e-06
1.792761423757838202e-07
4.771689873450668529e-06
7.289749191841110587e-05
3.857654178318625782e-07
6.983587809372693300e-06
2.255302661069435999e-06
2.628659103720565327e-06
4.675843570112192538e-07
1.204076215799432248e-05
2.748401675489731133e-05
1.411520133842714131e-05
9.192442666972056031e-05
8.983993029687553644e-05
2.250642182843876071e-06
9.832971409196034074e-05
3.392245389477466233e-06
7.828497473383322358e-05
1.238305003425921313e-06
4.052918029628926888e-06
2.372497874603141099e-06
3.661583759821951389e-04
2.050423790933564305e-04
9.440349822398275137e-05
5.518795660464093089e-06
3.320526098832488060e-03
2.622705687826965004e-05
3.016584669239819050e-04
2.506637712940573692e-03
3.330488834762945771e-05
8.493844070471823215e-04
2.498494684696197510e-01
6.224769353866577148e-02
2.462195307016372681e-01
3.362492498126812279e-05
2.985383907798677683e-04
6.581462912436109036e-07
8.260355571110267192e-06
1.813108974602073431e-05
5.820816568302689120e-06
2.889620191126596183e-06
1.213739778904709965e-05
1.206225988426012918e-06
3.222308805561624467e-05
7.629717515555967111e-07
2.409202124908915721e-06
4.495355767630826449e-07
4.317706441270274809e-07
7.427034915963304229e-07
1.368012021885078866e-06
2.370166384935146198e-06
3.123025749118824024e-07
9.266553320230741519e-07
3.115584149782080203e-06
4.444447768037207425e-06
2.413199524653464323e-07
2.777976078505162150e-05
2.485933327989187092e-05
3.834817107417620718e-05
3.000437282025814056e-04
3.114777791779488325e-05
4.642269232135731727e-06
1.688200791249983013e-05
8.982630788523238152e-06
3.695381747093051672e-05
2.233576196886133403e-05
1.469322887714952230e-05
3.649597601906862110e-06
7.806202120264060795e-06
1.058546217791445088e-06
1.459621271351352334e-04
1.414081543771317229e-05
1.142421206168364733e-05
9.063352990779094398e-06
8.104162589006591588e-06
8.323268048116005957e-06
4.811917733604786918e-06
1.699905624263919890e-05
8.211547537939622998e-06
3.337280213600024581e-05
1.407765375915914774e-05
5.431571935332613066e-06
7.071981599438004196e-06
4.268183602107455954e-06
2.873631729016778991e-06
1.851982233347371221e-05
4.079545760760083795e-05
3.907670907210558653e-05
4.541137968772090971e-05
3.292933979537338018e-05
3.084090349148027599e-05
1.442205484636360779e-05
6.068863513064570725e-06
9.822230640565976501e-05
3.974869287048932165e-06
9.950496314559131861e-05
1.068510755430907011e-05
3.622407166403718293e-05
2.245424111606553197e-04
3.675318566820351407e-06
1.058323250617831945e-04
6.836881220806390047e-05
1.020278432406485081e-05
1.724287540127988905e-05
1.793332739907782525e-05
1.392896592733450234e-05
2.928597859863657504e-05
1.296586997341364622e-04
6.087537622079253197e-05
1.001486725726863369e-05
1.511460936853836756e-06
1.292724846280179918e-06
5.709426841349340975e-05
7.872275091358460486e-06
6.816889708716189489e-06
1.884869379864539951e-05
1.189509857795201242e-04
5.755282109021209180e-05
1.071199221769347787e-05
2.404270890110637993e-05
7.127934804884716868e-05
3.684213152155280113e-05
4.896295286016538739e-05
4.335381163400597870e-06
2.205801138188689947e-05
3.302867989987134933e-04
2.425115781079512089e-05
1.453527947887778282e-04
1.039074995787814260e-04
3.821637437795288861e-05
2.987182415381539613e-05
2.496508022886700928e-05
2.665023748704697937e-05
3.657052002381533384e-05
3.855640898109413683e-06
8.260923095804173499e-06
1.965059527719859034e-05
1.863187208073213696e-05
1.272184908884810284e-05
6.250186743272934109e-06
8.621042798040434718e-05
2.226364631496835500e-05
1.726772461552172899e-05
8.577098924433812499e-06
3.174233643221668899e-05
2.526909338484983891e-05
4.011075361631810665e-06
3.263314283685758710e-06
1.043243628373602405e-06
4.845206603931728750e-06
6.062899501557694748e-06
2.558352025516796857e-05
3.152280987706035376e-05
2.262382440676447004e-05
1.197164965560659766e-05
3.083622505073435605e-05
4.468709448701702058e-05
2.165826663258485496e-05
1.534935836389195174e-05
7.029536209302023053e-05
3.790114715229719877e-05
6.535189640999305993e-06
9.251918527297675610e-05
3.246956111979670823e-05
7.921404176158830523e-05
8.606260962551459670e-06
1.654152947594411671e-05
1.559810189064592123e-04
9.541819053993094712e-06
2.043280255747959018e-05
3.655589353002142161e-06
2.731922722887247801e-05
1.850663284130860120e-05
1.955773404915817082e-05
4.946927219862118363e-06
1.476297984481789172e-05
8.640265150461345911e-06
2.282539389852900058e-05
1.909208513097837567e-04
1.238489785464480519e-04
3.680620284285396338e-05
6.325674621621146798e-05
2.018430823227390647e-04
3.005487633345182985e-05
3.278454460087232292e-05
2.100989695463795215e-05
4.913553711958229542e-04
8.968343536253087223e-06
1.024183366098441184e-04
2.767243313428480178e-05
4.462053402676247060e-05
4.604300193022936583e-05
1.467158872401341796e-04
8.241796604124829173e-05
2.509108162485063076e-05
2.068508765660226345e-04
9.924936603056266904e-05
1.801956022973172367e-05
4.096623797522624955e-06
4.417132004164159298e-05
3.493980912026017904e-04
1.893603184726089239e-04
1.137857725552748889e-05
3.149159601889550686e-05
2.060641782009042799e-05
7.793723489157855511e-05
3.319724555694847368e-06
1.576868999109137803e-05
2.327363108634017408e-05
4.163569883530726656e-06
2.777625013550277799e-06
1.467679453526216093e-06
3.478177313809283078e-05
1.155721747636562213e-06
1.479746515542501584e-06
7.682947034481912851e-05
3.485833076410926878e-06
9.658586350269615650e-06
1.874649387900717556e-05
3.427500996622256935e-05
4.826867079827934504e-04
2.937746176030486822e-04
5.116618558531627059e-05
2.464844146743416786e-03
1.354745381831889972e-05
4.442674253368750215e-05
4.764289769809693098e-05
2.520823618397116661e-04
9.545992361381649971e-05
5.833523027831688523e-05
7.226569323393050581e-06
1.941328036991762929e-06
5.936351954005658627e-06
2.608264821901684627e-06
1.581767173775006086e-05
9.383924748362915125e-07
1.659412919252645224e-05
1.637631794437766075e-04
7.873582071624696255e-04
4.193102722638286650e-05
3.059045047848485410e-05
8.252898624050430954e-06
9.004105777421500534e-06
1.160618194262497127e-04
1.534401599201373756e-05
2.973746268253307790e-05
6.585092341993004084e-05
5.653025436913594604e-05
1.031255806083208881e-06
1.487168810854200274e-05
1.210589194670319557e-03
2.569264033809304237e-04
2.635221753735095263e-04
4.116022493690252304e-03
6.923702312633395195e-05
6.177994655445218086e-04
6.168077379697933793e-05
1.268425694433972239e-05
2.800308720907196403e-05
2.046876579697709531e-05
2.732124357862630859e-06
3.729003026364807738e-07
1.792790681065525860e-05
6.906622002134099603e-05
4.627768430509604514e-05
1.222654595039784908e-03
1.757475547492504120e-04
6.348700844682753086e-05
1.757779682520776987e-05
6.905818736413493752e-05
7.056544563965871930e-05
5.016797877033241093e-05
8.111288479994982481e-05
1.944178438861854374e-05
7.411267688439693302e-06
5.968362529529258609e-06
2.535845169404638000e-06
5.857427254341018852e-07
6.269107188927591778e-07
1.159994098998140544e-06
4.613048531609820202e-06
1.406119736202526838e-06
3.869321517413482070e-06
1.987843006645562127e-06
2.464521912770578638e-06
1.842252117967291269e-06
1.110527682612882927e-05
1.269796484848484397e-06
4.181998519925400615e-06
4.344093213148880750e-06
2.343191908948938362e-06
2.798622517730109394e-06
1.846012196438095998e-06
5.239314191385346930e-07
5.960038470220752060e-05
5.645970304613001645e-06
2.777144072751980275e-05
2.022046282945666462e-05
5.249357782304286957e-04
1.267565385205671191e-04
8.539958071196451783e-05
1.342391169600887224e-05
9.480967264607897960e-07
3.154109435854479671e-05
1.479627972003072500e-04
5.307503306539729238e-05
1.550434149066859391e-06
2.588432653283234686e-05
2.146264523616991937e-05
2.016951867744865012e-07
1.479424827266484499e-04
1.563045225339010358e-05
7.421593295475759078e-08
1.600201130713685416e-06
9.487258466833736748e-06
4.280124994693323970e-05
2.709995897021144629e-05
3.128333219137857668e-06
1.162939270216156729e-06
8.075987352640368044e-06
4.580306722345994785e-06
7.398485649900976568e-06
3.938674126402474940e-06
8.327067462232662365e-07
2.792718587443232536e-03
4.494014137890189886e-05
9.163929644273594022e-05
9.408217351847270038e-07
9.489991498412564397e-06
3.284271588199771941e-05
1.381421170663088560e-04
5.254518328001722693e-06
3.236233396819443442e-06
1.447844653057472897e-07
5.162835586816072464e-04
4.295519886454712832e-07
2.514661173336207867e-05
4.582032852340489626e-04
3.064008706132881343e-05
2.292968019901309162e-07
4.120659014006378129e-06
3.906711299350718036e-06
2.174793962694820948e-06
4.146489300183020532e-05
6.924937042640522122e-05
2.576360202510841191e-05
5.653284024447202682e-04
5.892786703043384477e-07
3.262903419454232790e-06
3.101297261309809983e-05
5.762820364907383919e-06
2.980844874400645494e-05
1.501027895756124053e-06
3.362353027114295401e-06
9.168663382297381759e-05
4.260419700585771352e-06
1.432810677215456963e-05
2.126779691025149077e-05
1.496156037319451571e-04
2.837973297573626041e-04
3.183329909006715752e-06
2.753069793470785953e-06
3.442205343162640929e-05
5.769935796706704423e-06
2.469111677783075720e-06
1.639172405702993274e-04
1.618482383491937071e-05
8.740989142097532749e-05
1.691790771474188659e-06
3.336379813845269382e-05
1.154810161096975207e-05
3.969003591919317842e-05
3.450534131843596697e-05
5.043736564402934164e-06
7.011538514234416652e-07
1.359059069727663882e-06
2.108296006917953491e-02
2.363919975323369727e-06
3.864410973619669676e-05
7.813926204107701778e-04
2.158592105843126774e-04
2.681863959878683090e-03
7.777738210279494524e-05
3.033174834854435176e-06
3.125529929093318060e-06
6.899692834849702194e-06
1.435552235307113733e-06
2.811737977026496083e-05
1.716518818284384906e-05
1.311115283897379413e-06
1.818422219912463333e-06
2.276040959259262308e-06
5.836391937918961048e-04
2.549003738749888726e-06
2.596320200609625317e-06
2.110052719217492267e-06
6.844947620265884325e-06
1.119618809752864763e-05
8.547996003471780568e-06
9.892419257084839046e-07
2.753795888565946370e-05
1.400509063387289643e-04
1.918793259392259642e-06
1.471960217713785823e-06
2.357216089876601472e-06
7.141542300814762712e-05
2.042481537500862032e-05
2.309288902324624360e-05
2.424786332994699478e-03
1.764999433362390846e-05
5.093099389341659844e-05
1.999600062845274806e-04
1.721024818834848702e-05
7.761203050904441625e-06
1.611365769349504262e-05
5.711431003874167800e-05
4.407726521549193421e-07
1.012859047477832064e-05
4.406537482282146811e-05
1.027254438668023795e-05
3.313272318337112665e-04
2.721271994232665747e-05
1.628338395676109940e-05
3.651455335784703493e-05
4.623044151230715215e-05
7.384683158306870610e-06
5.155150938662700355e-05
2.143952951882965863e-05
6.144164944998919964e-05
3.542974980064172996e-07
4.909455310553312302e-04
2.204443717346293852e-06
5.541703649214468896e-05
3.316560196253703907e-06
5.098448018543422222e-04
2.836969315467285924e-06
1.440520918549736962e-06
1.848021383921150118e-05
3.420158691369579174e-06
5.455040991364512593e-06
2.364938040955166798e-07
2.466160804033279419e-04
9.632760793465422466e-07
1.319221382800606079e-06
9.102244803216308355e-06
9.196927749144379050e-06
2.339657157790497877e-06
4.608638391800923273e-06
5.580395227298140526e-04
4.551502570393495262e-06
9.643837256589904428e-05
6.969130481593310833e-06
4.585448323268792592e-07
1.239809935213997960e-04
5.694378160114865750e-06
1.262373734789434820e-05
4.030724085168913007e-06
1.501811857451684773e-05
9.445474279345944524e-05
3.661291998469096143e-07
1.955770585482241586e-06
9.294593473896384239e-05
9.213812859343306627e-07
4.005823029729072005e-06
1.774081829353235662e-05
3.203523010597564280e-05
1.965353840205352753e-05
9.584569488652050495e-05
2.108126864186488092e-05
2.840223260136554018e-06
2.049315298791043460e-06
3.332059714011847973e-04
1.036936737364158034e-05
1.634707587072625756e-04
1.030048806569539011e-04
3.616033609432633966e-06
2.868936826416756958e-05
4.532253569777822122e-06
1.091810190700925887e-05
5.255169980955542997e-06
2.341191793675534427e-05
3.396737156435847282e-05
8.916531805880367756e-05
3.020393251063069329e-06
2.231864164059516042e-05
2.039980063273105770e-05
8.342460205312818289e-06
6.069150404073297977e-04
7.747123599983751774e-04
8.599541615694761276e-04
7.432544407492969185e-06
3.106923308223485947e-03
1.604791214049328119e-05
1.214145527228538413e-06
8.902391641640861053e-07
3.111525074928067625e-06
4.294406244298443198e-05
6.421504076570272446e-05
7.925473255454562604e-06
3.130570007670030463e-07
1.017629529087571427e-05
5.455040508195452276e-08
4.321365122450515628e-05
5.341183350537903607e-05
2.492543426342308521e-04
2.462676457071211189e-05
1.201684426632709801e-05
1.346175558865070343e-04
2.539159504522103816e-05
1.162335593107854947e-05
1.440577307221246883e-06
2.559270797064527869e-06
3.806861423072405159e-05
2.098633785863057710e-06
4.835630420529923867e-07
7.995455962372943759e-05
4.669939517043530941e-05
6.805165412515634671e-06
3.452347664278931916e-05
9.270424925489351153e-07
7.031504646874964237e-04
8.375100151170045137e-05
9.108701419791032095e-07
8.817968191578984261e-04
4.579247274705267046e-07
1.959774635906796902e-05
2.751673491729889065e-06
1.944726536748930812e-04
2.704064627323532477e-06
4.696950327343074605e-06
4.049991912324912846e-05
1.800232212190167047e-06
5.083726591692538932e-06
9.423384312867710833e-07
6.798912181693594903e-06
1.567954168422147632e-04
4.220898699713870883e-05
8.579520908824633807e-06
9.647216757002752274e-06
7.676157838432118297e-05
3.944493073504418135e-06
4.905144578515319154e-06
2.185130597354145721e-06
1.838096795836463571e-04
2.685300728444417473e-07
3.494690417937817983e-06
2.391777343291323632e-05
9.183745532936882228e-06
8.845534466672688723e-06
4.461148819245863706e-06
1.890303974505513906e-05
1.394586547576182056e-06
7.064166129566729069e-05
7.679946065763942897e-06
1.696819253993453458e-06
8.528965736331883818e-06
9.884366818369016983e-07
1.229440840688766912e-06
5.269249595585279167e-05
4.875134436588268727e-06
2.216669818153604865e-04
1.668119807618495543e-06
1.591613399796187878e-04
2.985610262840054929e-05
2.559861286499653943e-06
3.217079574824310839e-05
1.814274764910805970e-05
6.217328973434632644e-06
9.691322702565230429e-06
1.287517370656132698e-04
7.654004548385273665e-06
7.416637117785285227e-07
2.080133708659559488e-05
1.210750124300830066e-04
2.602990571176633239e-05
1.158670711447484791e-04
5.673870873579289764e-06
2.078387751680565998e-06
4.190921899862587452e-04
4.824970528716221452e-05
6.982658669585362077e-05
6.484428740805014968e-05
7.997610737220384181e-06
1.011954445857554674e-04
5.564611456065904349e-06
1.072594045581354294e-06
3.771606861846521497e-05
8.301943125843536109e-06
6.422547812690027058e-06
1.231790406563959550e-06
1.012058692140271887e-05
1.201080613100202754e-05
3.880436906911199912e-06
3.652654868346871808e-06
1.338346010015811771e-06
6.498412403743714094e-07
1.868816525529837236e-06
6.380581908160820603e-06
5.345285103430796880e-07
9.615134331397712231e-05
1.821683781599858776e-06
4.455273738130927086e-04
3.606248355936259031e-05
1.066379081748891622e-05
1.478769536333857104e-05
5.646960744343232363e-06
1.056899509421782568e-05
6.301770190475508571e-05
6.468906212830916047e-05
1.951965678017586470e-04
5.112343387736473233e-06
1.797717004592414014e-06
2.779079659376293421e-04
6.446701263485010713e-06
8.966017958300653845e-06
3.550863038981333375e-05
8.296038686239626259e-06
1.742743734212126583e-05
2.529002085793763399e-05
7.765394002490211278e-06
1.586988332746841479e-06
1.196878997689054813e-06
3.322068096167640761e-06
3.683929890030412935e-06
2.863136785435926868e-07
2.436849172227084637e-05
1.180183244287036359e-04
2.844751725206151605e-05
3.577562893042340875e-05
1.100944814425020013e-06
3.110280522378161550e-05
3.824479335889918730e-06
4.939181962981820107e-06
1.163537262982572429e-06
1.875534508144482970e-05
1.842144911279319786e-06
1.723205787129700184e-05
4.662147694034501910e-05
4.128270120418164879e-06
5.506743400474078953e-05
5.029590283811558038e-06
2.901348921113822144e-07
1.862245517258998007e-05
1.012724396787234582e-06
2.139503294529276900e-06
7.597635431011440232e-06
9.192201105179265141e-06
2.805516996886581182e-04
2.865163696696981788e-05
3.615797368183848448e-07
6.783136050216853619e-04
4.729698412120342255e-05
2.844337814167374745e-06
2.023965680564288050e-05
2.554574166424572468e-06
1.001717350845865440e-06
4.373179365302348742e-07
2.169551953556947410e-05
1.071728111128322780e-04
2.145682461559772491e-03
7.459417975042015314e-05
7.081930107233347371e-06
9.511564712738618255e-06
5.293049071042332798e-06
1.428241230314597487e-04
2.786759068840183318e-05
7.286937034223228693e-06
1.699316344456747174e-04
2.869469199140439741e-06
1.607878803042694926e-04
3.081475142607814632e-06
1.229993347078561783e-02
1.280721335206180811e-06
1.366732067253906280e-05
1.386077474307967350e-05
2.141201682388782501e-02
3.645454626166610979e-06
2.964788336612400599e-06
7.944670869619585574e-06
4.138935037190094590e-05
8.682122825121041387e-07
7.751882549200672656e-06
2.012569348153192550e-05
2.697350055314018391e-06
3.697858483064919710e-04
1.564412086736410856e-04
3.274795017205178738e-05
1.867406717792619020e-05
1.617131056264042854e-05
1.787680776033084840e-05
2.361972974540549330e-06
2.004566158575471491e-05
1.488868929300224409e-05
4.679276571550872177e-06
1.634103500691708177e-05
4.008968062407802790e-06
2.065575472443015315e-06
9.615207090973854065e-06
1.200345432152971625e-04
4.545284900814294815e-05
4.162902769166976213e-04
1.086647534975782037e-05
1.276530269933573436e-06
4.912672466161893681e-06
2.982984824484447017e-06
1.323806259279081132e-06
9.308938024332746863e-05
1.944804353115614504e-06
7.638731767656281590e-05
1.118377713282825425e-05
1.347043053101515397e-06
4.072581305081257597e-06
1.670232109063363168e-06
1.859484291344415396e-05
1.199448774968914222e-06
3.076584835071116686e-05
8.756174065638333559e-05
2.162298624170944095e-04
3.766845338759594597e-06
3.493166150292381644e-05
2.695633338589686900e-05
2.082002083625411615e-06
5.431284444057382643e-05
2.787621269817464054e-06
2.985684295708779246e-05
2.154086359951179475e-06
4.296954648452810943e-05
2.445073550916276872e-05
6.597409083042293787e-06
1.841730409068986773e-06
3.530222602421417832e-05
1.512634025857551023e-05
8.925630027079023421e-06
4.336789424996823072e-04
3.581415512599050999e-04
6.253516744436637964e-07
1.607036392670124769e-05
2.614711593196261674e-05
8.629436706542037427e-06
8.779528434388339520e-05
1.015934976749122143e-03
5.370394137571565807e-05
1.752583921188488603e-05
1.805797364795580506e-05
2.018885134020820260e-04
1.313756229137652554e-06
7.261740393005311489e-06
1.990212012970005162e-06
1.323578471783548594e-04
1.003979741653893143e-05
2.564027226981124841e-06
3.199384309482411481e-06
1.388502641930244863e-05
4.899317218587384559e-07
2.191417479480151087e-05
3.346476432852796279e-06
6.089532234909711406e-06
2.064913587673800066e-06
2.636328645166940987e-06
8.969139344117138535e-06
1.011390995699912310e-04
1.128392523241927847e-05
7.045321981422603130e-04
3.499339800328016281e-04
3.071187893510796130e-05
6.876664701849222183e-05
2.386689448030665517e-05
3.364068979863077402e-04
3.151928249280899763e-04
5.682353366864845157e-05
1.813916605897247791e-05
9.722927643451839685e-06
3.500205639284104109e-05
6.906802354933461174e-06
2.137131559720728546e-06
2.581443732196930796e-05
1.177865306090097874e-05
1.573844929225742817e-03
5.822367938890238293e-07
1.532393616798799485e-05
1.443529254174791276e-05
2.302332177350763232e-06
2.875926156775676645e-06
5.123537789586407598e-07
2.935389602498617023e-05
6.453723472077399492e-05
1.051786966854706407e-06
4.927875579596729949e-06
6.676409975625574589e-05
4.871000783168710768e-05
9.529419912723824382e-05
2.257080996059812605e-05
8.752442954573780298e-05
5.939305265201255679e-05
1.086370320990681648e-04
4.179229654255323112e-05
1.545970008010044694e-05
3.084614218096248806e-05
3.069038575631566346e-05
4.863583171754726209e-07
2.708949250518344343e-05
3.521021653796196915e-06
1.337689627689542249e-05
8.191056622308678925e-06
2.210342245234642178e-06
2.300985761394258589e-05
3.454308853179099970e-06
1.179863102152012289e-05
1.647815588512457907e-05
8.173319656634703279e-06
8.301947787003882695e-07
1.329020506091183051e-06
1.017879912978969514e-05
1.327356148976832628e-04
5.218574733589775860e-05
1.256644191016675904e-05
1.441135100321844220e-04
5.175359092390863225e-06
3.403270966373383999e-05
3.536058648023754358e-05
5.474644785863347352e-05
2.189858969359192997e-05
1.903102383948862553e-04
1.183813583338633180e-05
9.004733874462544918e-05
8.535712368029635400e-06
2.920384213211946189e-05
3.116784910162095912e-06
6.879934517201036215e-06
1.181268180516781285e-05
5.958066321909427643e-05
1.090519872377626598e-04
6.231617927551269531e-02
3.174312587361782789e-04
5.521288767340593040e-05
4.758940194733440876e-04
1.565054524689912796e-03
1.105339833884499967e-05
1.400045493937795982e-05
9.037469327449798584e-02
1.912055631692055613e-05
8.362612788914702833e-06
7.875383744249120355e-06
3.327969461679458618e-03
7.657242822460830212e-04
1.127304625697433949e-03
4.489501407078932971e-06
3.371909551788121462e-04
6.593581929337233305e-05
1.467469555791467428e-04
6.587340612895786762e-05
1.854058609751518816e-05
3.701261477544903755e-03
1.023513050313340500e-05
6.497558206319808960e-05
5.297902589518344030e-06
2.849704469554126263e-04
5.248431261861696839e-05
1.047640666365623474e-02
4.175297726760618389e-05
7.420228030241560191e-06
2.254428545711562037e-05
8.090626797638833523e-04
1.582670956850051880e-04
3.978515451308339834e-05
4.415990770212374628e-05
1.267498941160738468e-03
1.865970079961698502e-05
2.758608752628788352e-05
4.459228875930421054e-05
1.826146217354107648e-05
9.830130636692047119e-02
2.143056364730000496e-03
1.633013889659196138e-04
5.273004993796348572e-03
3.584349062293767929e-03
4.064276311055436963e-07
1.330355298705399036e-04
1.396249426761642098e-04
4.662676656153053045e-05
6.058137387299211696e-06
3.167165850754827261e-04
3.985255898442119360e-05
3.673424362204968929e-05
2.211693936260417104e-04
9.147697710432112217e-05
1.323952255916083232e-05
3.674456675071269274e-04
3.182897344231605530e-04
6.543243653140962124e-04
1.085899566533043981e-05
3.502935578580945730e-04
2.161712109227664769e-05
3.971602836827514693e-06
4.926525070914067328e-05
4.057408204971579835e-06
2.461779513396322727e-04
2.359492100367788225e-06
6.475016562035307288e-05
1.998973777517676353e-03
4.966580308973789215e-05
8.420288795605301857e-04
4.815413922187872231e-05
7.816024299245327711e-05
5.105841046315617859e-05
3.804120060522109270e-04
2.032051270361989737e-04
6.428491906262934208e-04
8.934354127632104792e-07
