1.591355612617917359e-06
3.531593847583280876e-06
2.135140420023162733e-08
3.561495987014495768e-08
2.652254522672592429e-07
4.857718067796668038e-07
3.327216191451043414e-08
3.895840734458033694e-07
3.752747659291344462e-07
1.349388725202516071e-07
4.589634556850796798e-07
2.114328708557877690e-06
5.187922056393290404e-07
1.709561985308027943e-07
1.322109710599761456e-07
1.659987788116268348e-06
7.837518296582857147e-07
1.492173424821885419e-07
3.118456390893697971e-07
2.060067458842240740e-07
2.858533187932721376e-09
6.819644293720728001e-10
3.653702407291348209e-08
4.759921168329128704e-08
3.197377695940417652e-09
1.176222710341789934e-07
6.919334083477224340e-08
4.781022155952996400e-08
2.735569353262690129e-07
8.734116363484645262e-07
2.565407157817389816e-07
1.087827143919639639e-07
8.103766901967901504e-08
6.803151819667618838e-08
2.174874147442551475e-08
1.339296318292326760e-07
8.156343028531409800e-06
3.043952290227025514e-07
4.272116171932793804e-08
1.478306694480124861e-05
8.242245996825658949e-08
4.170327727592848532e-08
7.248844440255197696e-07
1.669404241511074360e-07
1.948571650700614555e-07
6.363880800108745461e-08
1.851804043440097303e-08
4.330753995418490376e-07
1.764291965855591116e-07
3.170337947722146055e-08
3.699425121794774896e-07
3.593592339257156709e-07
1.239619606963060505e-08
2.752345835688174702e-07
2.763400175354036037e-07
1.081165521554794395e-07
2.684165849586861441e-07
8.529126205303327879e-08
7.308774740977241891e-08
1.243582232746121008e-07
2.122424831441094284e-07
5.697561960005259607e-07
1.481793105995166115e-07
2.103291762978187762e-06
1.032846554949173878e-07
8.591321716266975272e-07
5.964116553514031693e-06
2.320553988965912140e-07
2.783654508675681427e-06
3.228841478630783968e-07
7.872156260191331967e-09
3.510571389142569387e-07
1.759604728590602463e-08
1.794433046597987413e-08
8.656139982576860348e-08
9.013050750183992932e-09
2.356372519329852366e-08
3.941028836607074481e-08
1.592050011822720990e-07
6.296833277019686648e-08
1.199129968654233380e-07
2.767210958154464606e-07
4.492144967116473708e-07
4.513708518061321229e-08
5.131003035785397515e-07
9.153066571343515534e-07
2.258709628222277388e-06
8.677527034706145059e-07
1.480334617554035503e-06
1.278868921872344799e-07
1.496253219102072762e-07
1.578513035838113865e-07
7.078971009377710288e-08
1.889923026965334429e-07
2.017366114159813151e-06
2.342185823067666206e-08
9.168856962560312240e-08
3.916636970302533882e-08
1.921319459086134884e-08
1.481188974139513448e-06
3.508378938477108022e-07
3.378315227564598899e-07
3.462292497147245740e-08
2.978437123601906933e-07
5.191274965454795165e-08
2.006253296826798760e-08
7.733066098580820835e-08
1.702085228316718712e-07
9.427665645489469171e-06
2.072895171068012132e-07
3.989201857734769874e-09
5.144248760302616574e-08
1.769380833138711751e-05
8.869650628184899688e-06
1.040739789459621534e-05
1.101724933505465742e-06
1.645099473535083234e-06
2.841758714566822164e-06
2.385204134043306112e-04
4.320156949688680470e-05
1.041914674715371802e-05
1.644301955820992589e-04
6.011785008013248444e-04
3.644917160272598267e-05
8.695176802575588226e-04
3.098740464224647440e-08
1.474389819122734480e-07
9.936719891356915468e-08
1.938321325667402562e-08
2.204336766453707241e-07
6.342242500068095978e-07
3.278670490658441850e-08
1.052074196650210069e-07
7.768909426886239089e-08
3.604675669066637056e-07
1.299291767509203055e-07
4.865537661657981516e-08
3.577809337684811908e-08
1.796886124338925583e-07
2.387884912025128870e-08
4.511341344937136455e-08
8.756455116554207052e-08
3.756331690141223589e-09
3.929297065496939467e-08
3.746761194634018466e-07
7.239608024178778578e-09
1.932701554352433959e-09
1.317101538944598360e-08
6.220031423254113179e-08
1.454706932690896792e-08
3.315049070806708187e-07
1.914230051625054330e-05
1.709840802277540206e-07
1.948486243463776191e-07
7.511649755542748608e-07
6.750241482222918421e-06
1.241910695171100087e-06
2.640332468217820860e-07
7.992689887714732322e-08
1.174858994090755004e-06
7.499578202896373114e-08
1.833009832807874773e-07
1.627219489819253795e-06
1.086079009837703779e-06
1.231580455396397156e-07
6.388886220065614907e-08
1.125534954127260789e-08
1.315499105203343788e-07
7.135576538530585822e-07
2.362354365459395922e-07
3.245305038035439793e-07
2.135347472176363226e-07
1.927680131075248937e-07
4.185598356798436726e-07
9.584161375641997438e-08
2.000242318445089040e-07
1.520106366115214769e-06
2.609703528833051678e-07
3.353484771650983021e-06
5.717059252674516756e-07
9.476210607317625545e-07
1.361696888579899678e-07
5.285144197841873392e-06
5.545307999454962555e-07
1.507527599642344285e-06
3.857186356981401332e-07
1.154466872321791016e-06
6.459466703745420091e-07
6.390595785887853708e-07
1.009163224807707593e-05
1.389946362451155437e-07
4.022253961011301726e-07
1.346667659163358621e-06
1.937303295562742278e-06
1.460644284634327050e-06
5.916475629419437610e-07
3.152451597543404205e-07
2.783156958230392775e-07
2.534827956424123840e-07
8.148734877977403812e-07
1.205145423455178388e-07
2.331173163838684559e-06
6.191024226609442849e-07
2.092186605295864865e-06
3.267930139827512903e-07
2.277596138355875155e-07
2.636436136072006775e-08
2.150707132386742160e-06
4.592925051838392392e-06
6.101223561927326955e-07
2.354817851824009267e-08
3.372699893589015119e-06
4.362119341294601327e-07
2.256678044432192110e-07
6.630578752719884505e-08
7.034852274045988452e-07
2.837627448570856359e-07
4.040662133775185794e-07
2.228067330634075915e-07
4.074871071679808665e-07
6.975767519179498777e-07
2.433917529742757324e-07
3.522812335177150089e-07
4.596581675286870450e-07
4.439280587575922254e-07
5.656837060996622313e-07
4.741850716527551413e-07
7.837586508685490116e-07
1.265752445078760502e-07
1.012512100828644179e-07
1.755060452524048742e-07
7.612813533341977745e-06
2.789443840356398141e-07
3.152400722683523782e-07
8.827245778775250074e-08
5.689531690222793259e-07
2.686178675048722653e-07
1.018695385823775723e-07
2.177766589284146903e-07
1.123197961305777426e-07
5.546032184611249249e-07
1.280654373658762779e-07
4.179240420398855349e-07
8.247078540080110542e-07
1.969875711438362487e-07
1.979146873054560274e-06
4.198477654426824301e-06
4.401458681968506426e-07
3.941933357509697089e-07
6.907920635512709850e-08
3.683716442992590601e-07
1.488043039898911957e-06
3.327179740608698921e-07
9.634077287046238780e-06
6.616455266339471564e-06
1.290308682655449957e-05
1.488226786250379519e-07
3.095680156661728688e-08
1.062513206306903157e-07
2.948222572740633041e-06
1.207643776979239192e-06
5.768765731772873551e-07
7.490686584787908942e-06
1.049175011758052278e-06
1.234216028933587950e-06
1.050359401233436074e-06
4.994288360649079550e-07
1.772516924347655731e-07
4.224743292979837861e-07
2.108737504613600322e-07
4.850484813800903794e-08
1.303514096662183874e-07
4.108315181383659365e-07
1.201461685695903725e-07
1.332670933607005281e-07
1.258898976175260032e-07
1.613359472685260698e-07
7.862684469728264958e-06
2.064446213978499145e-08
6.955573450539986879e-09
5.573870112129952759e-07
6.058901362848700956e-07
1.098009306588210166e-05
2.494626187399262562e-06
2.008914862017263658e-06
1.080620791071851272e-06
2.973664869898584584e-08
1.428212037524190237e-08
1.161320817288924445e-08
6.799360630083128854e-09
1.124976911626163201e-08
2.716484743814362446e-07
6.915728363310336135e-07
5.414705128714558668e-08
1.717594955152890179e-08
4.564837752241146518e-08
7.406736557413751143e-08
8.918807026248032344e-09
1.403069944672097336e-07
9.153397968475474045e-07
1.491939372044726042e-08
3.037750673229311360e-08
1.423360629360104213e-08
1.178911261945359001e-07
2.230041040718333534e-08
8.461278788729487133e-09
1.347681404695322271e-06
9.149404434083407978e-08
1.431411646990454756e-07
3.264124188717687503e-07
2.505606744307442568e-07
6.536222230124622001e-08
9.404335798990359763e-08
7.651732403246569447e-08
1.022398123495804612e-06
2.937441649919492193e-07
6.988895018267271553e-10
4.277464782376227959e-08
2.591036185606299114e-08
2.949685118380784843e-08
2.510303076519448950e-08
2.955040301344524778e-08
1.546889016879049450e-08
6.569384254362375941e-07
1.716932445106067462e-07
4.918550075672101229e-06
2.671140180154907284e-07
6.233740350580774248e-07
1.546905423310818151e-06
3.623755674198037013e-06
7.739585043964325450e-07
5.710471100428549107e-07
3.098783167843066622e-07
1.234374303749063984e-05
1.176179580397729296e-06
2.872630666672648658e-08
1.381129610678044628e-08
1.332801957687479444e-07
4.115607225685380399e-06
9.980420045963001030e-09
6.389214490809536073e-08
2.782287765512592159e-06
7.051536954350012820e-07
1.757249350475831307e-07
5.052725668974744622e-07
6.055819085304392502e-06
4.615807029040297493e-06
2.355874784143452416e-07
2.048243885610645521e-08
7.732439399887880427e-08
6.860506118755438365e-08
1.546030858889935189e-08
1.925953618808762258e-08
4.117980267892562551e-07
2.800441336603398668e-07
2.369545342162382440e-07
1.783208745109732263e-07
4.621700000484452175e-08
9.277844128519063815e-07
1.140716037184574816e-07
4.020629162937439105e-08
5.190440788283012807e-07
6.757683763680688571e-07
1.152984197005935130e-07
6.459783463697021944e-08
1.695752693819940760e-08
3.021864714014554920e-08
4.601065839437978866e-08
3.075552612585852330e-08
6.050719036920781946e-09
1.911268121546072507e-08
3.246517010779825796e-08
6.716814215934618915e-09
3.127156844584533246e-08
7.973413573836296564e-08
2.911373364611336001e-09
1.776303193423700577e-08
3.006921645010152133e-08
1.402095417546433964e-08
1.461208576358785649e-08
2.287780986875986855e-08
1.362713319963404501e-08
1.942441656410665018e-07
3.434429629578517051e-09
1.940070681882843928e-08
8.084280693765322212e-07
4.242874140913954761e-08
1.247401648640789062e-08
9.358179653418119415e-08
1.209011060154807637e-07
7.063396196826943196e-07
8.168134968400408980e-08
3.359436959726735950e-07
4.125079158256994560e-07
1.649166136985513731e-08
1.253801968914558529e-07
3.670548380796390120e-07
1.585184037367071141e-07
5.451693141367286444e-07
5.418809223556309007e-07
1.016795962982541823e-07
9.420461992704076692e-07
6.681115110040991567e-07
8.997905354135582456e-08
4.215858240286252112e-08
5.323523311062672292e-08
1.040733419358730316e-03
5.283929382926544349e-08
1.947334595797656220e-07
5.805173373119032476e-07
5.773275546516742907e-08
8.396638804697431624e-06
3.142293053315370344e-06
2.097925886346274638e-07
2.462941210978897288e-07
2.713949885219335556e-03
4.247165463766577886e-08
1.834659997257404029e-06
5.623077470318094129e-08
1.276295620300516021e-07
3.090297468588687479e-06
1.061743333252707089e-07
1.389283056596468668e-06
3.213311927652284794e-08
6.314554990005660784e-10
1.348651585431070998e-05
1.086289742602275510e-07
3.061837560380809009e-05
1.404237991664558649e-04
3.654498641481040977e-07
3.410077908938546898e-08
3.466515252625868015e-08
1.962379201358999126e-07
1.990645444038818823e-07
1.956538653757888824e-06
3.687894150061765686e-06
2.529290838992892532e-07
2.134947180820745416e-06
4.477047639284137404e-07
2.812103275573463179e-06
9.362032642457052134e-07
7.680091584916226566e-06
8.438748295702680480e-07
4.094043470104224980e-05
4.748957493916350359e-08
7.783237379044294357e-06
1.011915060189494397e-06
8.948204310854634969e-08
2.770388846329296939e-06
8.656759746372699738e-06
3.218458033416027320e-08
1.052811398949415889e-06
3.119425855402369052e-07
1.638765638745098840e-06
2.359347718083881773e-06
2.154462777070875745e-07
2.111046569552854635e-06
2.680043962755007669e-06
2.770144362784776604e-07
2.897861293149617268e-07
6.012593303239555098e-07
7.126178616090328433e-07
2.157762082788394764e-06
8.575289939471986145e-06
2.061853138002334163e-06
7.195394147174738464e-08
7.147880065616618595e-10
4.749644358525983989e-05
8.832462867758295033e-07
1.814895585994236171e-05
2.077092416584491730e-03
3.823748784270719625e-08
3.962952632718952373e-06
1.612922005733707920e-06
9.570769776701126830e-08
7.618234931783263164e-09
1.144468342317850329e-06
6.907024641122916364e-08
8.420190169999841601e-06
8.398087913974450203e-08
6.388420015213114311e-09
1.656277781592052634e-08
1.062412877672613831e-07
4.132933099754154682e-06
1.239983848932979527e-08
1.148044020737870596e-06
3.784386848337817355e-08
1.059196819142016466e-07
8.400274253972384031e-08
8.957055115388357081e-07
2.769064053609326947e-07
9.269312783999339445e-08
4.461556727619608864e-06
1.799054530238208827e-06
1.308763899032783229e-06
3.306496000732295215e-05
1.259630334971006960e-05
4.418565822561504319e-06
2.662610995685099624e-06
4.041560168843716383e-05
2.418458961983560584e-07
5.779908462955063442e-08
4.328313707446795888e-07
1.333077193521603476e-06
1.415353381162276492e-05
3.236974953324533999e-05
2.288594942001509480e-06
3.313587271236428933e-08
5.915404130973911379e-07
2.554978127591311932e-04
4.425335760060988832e-07
1.244551555146244937e-07
3.796596388383477461e-07
2.012182989119537524e-07
1.162346450200857362e-07
1.824572137820723583e-07
4.748844517621364503e-08
1.318762485880142776e-07
1.964523335118428804e-07
4.653919063457578886e-07
4.244986939738737419e-08
7.577557698823511600e-05
1.741032917834672844e-08
2.341436839969901484e-07
6.525976203874961357e-08
7.740126761746068951e-08
1.910389983095228672e-06
9.506026117378496565e-07
1.452987703487451654e-06
4.228715624776668847e-06
3.188167170264932793e-07
1.130069460231197809e-08
3.993199169635772705e-01
1.472903591093199793e-06
4.880432058484984736e-08
9.844860926477849716e-09
2.140492370017454959e-06
6.051818246533002821e-08
1.086904831026913598e-06
4.519513458944857121e-05
5.815288659505313262e-06
1.603843847988173366e-04
1.486091150582069531e-05
2.266857634936059185e-08
6.287134601734578609e-05
3.246348114771535620e-07
8.908216386771528050e-07
3.359955869086661551e-09
2.002934934353106655e-06
4.827061275136657059e-06
2.561240286524935073e-08
8.654395060148090124e-05
2.207558964073541574e-06
8.321898121721460484e-07
4.096226291494531324e-07
3.456490844655490946e-07
6.350815510813845322e-06
1.314734731749922503e-06
1.921067996590863913e-05
1.529343571746721864e-04
3.431983941482030787e-07
1.565439866624274146e-08
1.069240897777490318e-04
1.755889229571039323e-07
1.041005361912539229e-06
1.944669492104367237e-07
5.771005362475989386e-07
1.492601859354181215e-05
5.340534681153030760e-09
7.669244439512112876e-08
1.713266897240828257e-07
1.762611816502612783e-07
3.045186531380750239e-05
1.039571273508954619e-07
1.424382389814127237e-07
6.879427871808729833e-08
9.643343219067901373e-06
1.549278822494670749e-04
4.473313674679957330e-05
2.196728701164829545e-06
5.545953172259032726e-05
7.885117838668520562e-07
2.599565486889332533e-04
6.961907672575762263e-08
9.954850384019664489e-07
3.704152220507239690e-07
1.667974515839887317e-06
2.282804416608996689e-07
8.212600369006395340e-05
1.093103378480009269e-06
3.625910665050469106e-07
6.155600567581132054e-05
2.982131874773585878e-09
1.133922964413613954e-07
9.658367616793839261e-07
1.049012894327461254e-06
1.135315187639207579e-06
1.332990109403908718e-07
4.783288659382378682e-06
1.820551744913245784e-07
3.725262729403766571e-07
1.040742290570051409e-06
6.451841727539431304e-08
2.509649675630498677e-06
1.482405764363647904e-06
2.776248493319144472e-07
8.059350875555537641e-06
4.791488663613563403e-06
2.299841071362607181e-06
1.778349911774057546e-07
1.168701601272914559e-06
8.243218326242640615e-05
2.944044808828039095e-06
5.438728933881975536e-08
1.076952030416578054e-04
2.708196555900599378e-09
2.233632869774737628e-07
2.006375012797434465e-07
2.872670484066475183e-05
5.266027756078983657e-07
2.134035412382218055e-06
7.905006071950992919e-08
2.406490580142417457e-07
6.169476591821876355e-07
5.108698815092793666e-07
9.793212996100919554e-08
6.765368198102805763e-06
2.006840134072263027e-07
7.393335181404836476e-06
5.617415013148274738e-07
4.264967756739679317e-08
3.185108653269708157e-06
1.986406232390436344e-06
2.598220589788979851e-07
1.290826112665399705e-08
8.812631335786136333e-07
6.651355874964792747e-07
2.369161222759430530e-07
2.557959760451922193e-06
2.601785126898903400e-06
3.133056907245190814e-07
1.491402417741483077e-05
5.333289720965694869e-08
5.396337201091228053e-06
8.060127584030851722e-06
2.961477036933501950e-07
2.070431435186037561e-07
2.022514280497489381e-07
6.984718226021868759e-08
6.141843869045260362e-07
6.476491307694232091e-07
8.818327842163853347e-06
4.927749728267372120e-07
2.187040990975219756e-05
2.442464790419762721e-07
1.145899517496218323e-07
3.588636730000871466e-07
1.849844721846238826e-08
3.063207145714841317e-07
8.574157982366159558e-05
2.165306796086952090e-06
1.347673048712749733e-07
5.520287231775000691e-07
6.566828574250394013e-07
1.293983928007946815e-06
8.258375316927413223e-08
1.031668725772760808e-04
1.518235990261018742e-06
9.203852755490515847e-07
1.311423147853929549e-07
2.122582571928433026e-07
6.272733088508175570e-08
3.774588606120232726e-07
4.065892369453649735e-07
8.743887747186818160e-08
2.367730189689609688e-08
1.577802066776712309e-08
1.876694227576081175e-06
5.430977694231842179e-07
1.325736548096756451e-06
4.116344953786210681e-08
1.155130917140922975e-06
1.270979851142328698e-06
5.145139425621891860e-07
4.563432412396650761e-06
1.062412202657014859e-08
6.627187687513469427e-09
3.099359560110315215e-07
1.255877180028619478e-07
1.064111732063111049e-08
9.425634743820410222e-06
1.077600799703759549e-07
4.560795787256211042e-04
1.197007691189355683e-06
3.470146836548337888e-08
6.363553239907560055e-08
6.300903623923659325e-05
4.160347373272088589e-07
9.398020483786240220e-05
3.739306521310936660e-06
5.411633537732996047e-06
5.273181358234069194e-08
9.930727351559198723e-09
2.092164777423022315e-06
8.050013775573461317e-07
1.037809980175552482e-07
1.175607685581780970e-04
1.942347793715271109e-08
1.036713570101710502e-06
1.038064510794356465e-05
2.513358481337490957e-07
1.594387867953628302e-06
9.230658179149031639e-06
2.700945245237562631e-08
1.247392731329455273e-07
3.241370620798988966e-07
1.472732947149779648e-05
1.179737836309868726e-07
2.702309416235948447e-07
1.741371124808210880e-05
6.687989895226564840e-08
5.062155469204299152e-05
4.310289725140137307e-08
3.555343482730677351e-06
3.410929849678723258e-08
1.394355513184564188e-05
1.945669181324660713e-09
1.147708488247189962e-07
3.910943178198067471e-07
9.657861664891242981e-05
3.515190769576292951e-07
4.180044015811290592e-06
1.472258848167484757e-08
9.797791022947421880e-08
3.745780574604395952e-08
2.577054942776157986e-07
4.204846391075989231e-07
3.700453987676155521e-08
2.003803238039836287e-04
9.723741641209926456e-06
2.691929346099186660e-08
3.547025926309288479e-06
7.061702689270532574e-08
2.143587174430194864e-08
1.396229709627050397e-08
2.327690964420980890e-07
4.607705150760921242e-08
1.805721971948059945e-08
1.211185281135840341e-05
5.094273660688486416e-07
1.616846857359632850e-04
4.860155513597419485e-07
5.654841288560419343e-07
4.699599287505407119e-07
9.042289548233384266e-07
1.781760374797158875e-07
4.255272187947412021e-07
4.475946298043709248e-07
1.790428854064884945e-07
3.279528755228966475e-07
3.307650047190691112e-07
7.570196203232626431e-07
3.140740096569061279e-01
1.503715374440162122e-08
7.138605724321678281e-07
7.424884188367286697e-06
1.772379278008884285e-06
4.073821742167638149e-07
4.159934690051159123e-07
3.744843013464560499e-07
1.369675942441972438e-06
2.842566537708535179e-08
7.679537930016522296e-07
4.860811714024748653e-06
5.352461585061973892e-07
2.355316610191948712e-06
1.402355707114111283e-07
2.133956058969488367e-06
3.233011966585763730e-06
2.583665946076507680e-06
6.281155862097875797e-08
9.052488394445390441e-07
1.783050578296752064e-07
1.537229366022074828e-07
3.793900020809815032e-07
1.168143182184167017e-08
5.465871254273224622e-06
5.011529083276400343e-06
4.904514412373828236e-07
5.583611709880642593e-05
1.605960460437927395e-05
1.093697733267617878e-06
3.392945018276805058e-07
2.209624057059045299e-07
1.095944099915868719e-07
3.785152102864230983e-08
1.059292671357070503e-07
5.101172178001434077e-07
2.854530123386211926e-08
5.741471227338479366e-07
3.276598363299854100e-06
2.021115506067872047e-06
2.125128730767755769e-07
1.468769816881376755e-08
1.967389948731579352e-07
4.960801192055441788e-08
8.841399790071591269e-08
1.283357704551235656e-07
8.488760795444250107e-05
1.077369670383632183e-03
1.784126538950658869e-06
2.832791601292683481e-08
1.569388246025482658e-07
1.313915126956999302e-04
1.450836748517758679e-07
6.878817515598711907e-08
1.534456686158591765e-07
9.453293046135513578e-07
2.489711050657206215e-06
4.853397399529058021e-07
6.973293054102214228e-09
7.777671839903632645e-08
1.208409912578645162e-06
6.065905466812182567e-08
1.084714114085727488e-07
1.984881691896589473e-06
1.529512587694625836e-07
2.772987272692262195e-06
3.258134029238135554e-07
6.563425358763197437e-08
1.387431439070496708e-05
6.125065283413277939e-06
5.127053555042948574e-06
6.128258291937527247e-07
2.365025437711665290e-07
2.448232407914474607e-05
2.015834184021514375e-07
1.573594545334344730e-06
4.464101266421494074e-08
3.092481648536704597e-08
1.884504968074907083e-06
2.019046405621338636e-06
2.429956111882347614e-07
3.513557444989601208e-08
2.017034894663538580e-08
1.404405225002847146e-06
1.241964582732180133e-05
4.604715968525852077e-07
4.444503929335041903e-07
6.541850598296150565e-05
1.007872560876421630e-05
3.153508714603958651e-06
1.159321413979341742e-06
5.709545121135306545e-07
4.884056761511601508e-05
8.538429028703831136e-06
1.306867432049330091e-07
2.578640487627126276e-05
7.948068514451733790e-07
5.312533176038414240e-06
2.528481900299084373e-06
1.298178452998399734e-03
6.195643322826072108e-07
4.103405046862462768e-07
3.326651665247482015e-08
9.358841452922206372e-06
1.831784175010398030e-06
1.774651536834426224e-07
8.489485830068588257e-02
1.428236551248573960e-08
6.175280304887564853e-07
6.582192924042828963e-08
9.874240447516058339e-08
5.695959544027573429e-07
6.826727627640138962e-09
7.586077543919600430e-08
8.426689419138710946e-06
8.014279018198067206e-09
9.463526140507383388e-08
6.997199307079426944e-06
3.374351535967434756e-07
3.741380396604654379e-07
9.506588298791029956e-07
5.824694380862638354e-05
1.100892177419154905e-06
7.206168902484932914e-06
6.014245172991650179e-07
3.602478045650059357e-06
3.489352593533112668e-07
5.450445428323291708e-07
2.640743979043236322e-08
6.661900260951370001e-05
3.998302872787462547e-06
6.477825422734895255e-07
4.424377948453184217e-07
1.589937994594947668e-07
3.595671614675666206e-06
1.402252536308878916e-07
2.312558819994592341e-07
5.703898750653024763e-06
4.451460711152321892e-07
1.380845038312372708e-08
1.808562011262893066e-08
3.654049010037851986e-07
7.005027100603911094e-07
1.390230636388878338e-06
2.556587901381135453e-07
6.379351816576672718e-06
1.194226584289026505e-08
6.320385000435635448e-05
2.108470289385877550e-05
1.522503112028061878e-06
1.155591576207370963e-06
5.826527171848283615e-07
1.913453040458534815e-08
3.227113211323739961e-06
6.901573215145617723e-06
5.580574452324071899e-06
5.567986136156832799e-06
7.457352921846904792e-07
1.383565795265440102e-08
9.721488822833634913e-06
8.652047254145145416e-04
1.439632922410964966e-01
8.385987603105604649e-04
3.509493777528405190e-03
1.091466983780264854e-03
1.175124663859605789e-02
2.143568126484751701e-04
3.129142351099289954e-05
1.637408160604536533e-03
8.495340589433908463e-04
2.166483136534225196e-05
2.560687484219670296e-03
1.441019470803439617e-03
6.140994810266420245e-05
5.848514774697832763e-06
1.576099748490378261e-06
5.025346581533085555e-06
4.072600404469994828e-06
2.428739935567136854e-05
1.335986053163651377e-05
5.989506348669237923e-07
2.264076319988816977e-04
1.357649944111471996e-05
9.232700904249213636e-06
4.540080453807604499e-07
5.078230751678347588e-04
1.127620998886413872e-05
3.161555214319378138e-04
3.510246824589557946e-05
8.816763511276803911e-06
1.618193527974653989e-05
4.963638275512494147e-05
9.555048563925083727e-06
1.090777459467062727e-05
5.153357506060274318e-06
6.190930434968322515e-05
2.242573145849746652e-06
4.360063176136463881e-04
1.200115657411515713e-04
1.264641196030424908e-05
5.653779226122424006e-05
8.450555615127086639e-03
4.118134267628192902e-03
4.860121116507798433e-04
8.472084300592541695e-04
2.750642806859104894e-07
5.490978219313547015e-05
1.194967335322871804e-04
2.656289268543332582e-07
7.530725554261152865e-08
3.980989049523486756e-07
6.462615419877693057e-05
4.574859531203401275e-07
5.808889909530989826e-05
3.929974070615571691e-07
1.820777555394670344e-07
1.182468349725240842e-05
1.107378466258523986e-06
1.511652271801722236e-06
1.054025489111154457e-07
5.447327857837080956e-04
1.824862749799649464e-07
7.957314096529444214e-07
3.978488166467286646e-05
2.533188236952810257e-08
1.158783124992623925e-04
2.567659294072655030e-07
1.048245962920191232e-06
4.308790266804862767e-06
5.288174179440829903e-06
2.144148747902363539e-04
2.996534362864622381e-07
1.403129431309935171e-06
1.658901419432368129e-05
1.780624188540969044e-05
2.599316212581470609e-05
1.934916690515819937e-05
8.377633520240124199e-08
