9.136411790677811950e-06
3.932888375857146457e-06
2.736369992817344610e-07
4.547749483663210412e-07
2.397465323156211525e-05
6.909501280460972339e-06
3.229048843422788195e-06
3.300331741229456384e-08
1.414663586274400586e-07
1.294881855073981569e-07
5.026953431297442876e-07
2.446128064548247494e-06
6.030742042639758438e-06
3.986215801887738053e-07
5.983094411021738779e-07
1.843578502302989364e-06
2.074019960218720371e-07
2.824268108270189259e-07
2.162484378231965820e-07
7.827978834029636346e-07
2.319019465346627840e-08
7.792226419667258597e-09
7.232188750094792340e-07
5.751323897129623219e-07
1.745423183763250563e-08
1.962020633072825149e-06
1.288430098611570429e-06
3.099196419498184696e-07
1.186993699775484856e-06
2.180074034185963683e-06
2.880555939555051737e-06
8.526787382834299933e-07
6.085251243348466232e-06
1.174439830720075406e-06
6.884404797347087879e-07
2.062014118564547971e-06
5.554543531616218388e-05
2.788987103485851549e-06
2.787739958876045421e-06
1.464416982344118878e-06
8.225237024817033671e-08
5.956225734848885622e-08
5.970485972284222953e-07
1.061381340150546748e-06
9.007426626794767799e-08
2.053820480796275660e-06
7.201574891979589665e-09
2.012474453749746317e-07
3.612849184264632640e-07
8.871057275428029243e-07
3.634120048445765860e-06
7.224667797345318832e-07
8.087070568763010669e-07
8.699131285538896918e-06
3.939149792131502181e-06
3.359477886988315731e-07
3.544100536601035856e-06
2.265518617150519276e-07
1.483587993789114989e-06
3.836271389445755631e-07
9.841452310865861364e-07
6.667432444373844191e-06
2.898080538216163404e-06
1.031003703246824443e-04
1.542574068480462302e-06
3.514354375511175022e-06
1.006433558359276503e-05
2.379936859142617323e-06
1.014647295960457996e-05
6.186148766573751345e-07
2.601099780008553353e-08
1.874213239716482349e-06
1.951242545317199983e-08
2.078562175711340387e-07
3.602106346534128534e-08
6.338888169921119697e-08
3.651822737538168440e-07
2.825562717134744162e-08
1.187054863294179086e-06
2.382718733429101121e-08
8.089202907513026730e-08
5.467903463340917369e-08
8.022487207881567883e-08
3.910588475264376029e-07
6.986801537323117373e-08
1.767445922951083048e-07
3.669839543363195844e-06
1.662769818722154014e-06
2.414755044810590334e-07
1.975139518606283673e-08
3.695991779295582091e-08
9.945848944425961236e-08
1.575163111056099297e-08
6.940990715520456433e-08
5.022396862841560505e-07
2.094999373980499513e-08
1.168495842307493149e-07
9.006069490169466008e-08
9.857763672016517376e-08
1.618044393580930773e-06
3.223681233066599816e-07
2.477964017089107074e-06
1.508349214418558404e-07
1.347166562482016161e-05
1.081318998785718577e-07
2.370826592823505052e-07
2.179484397402120521e-07
1.976240127987693995e-06
3.333603381179273129e-04
2.944506150015513413e-07
3.038042905245674774e-06
6.208643412719538901e-07
3.304642086732201278e-05
2.704599864955525845e-06
1.322313096352445427e-06
1.264175011783663649e-06
1.322789903497323394e-04
4.300535749734990532e-07
6.624476372962817550e-05
9.307220898335799575e-05
3.151400960632599890e-06
8.737073221709579229e-05
1.122977773775346577e-04
3.519763049553148448e-05
4.730184082291088998e-05
6.336823616948095150e-07
1.384483709898631787e-07
2.047748415279215806e-09
9.922030841380546917e-08
4.997218070457165595e-07
4.014420369458093774e-07
1.509340030736439076e-08
1.827852180724676145e-08
1.700576746088700020e-08
3.513377366815007008e-09
8.733002943017709185e-08
6.914788031053831219e-08
3.085366984123538714e-08
5.407557068792812061e-08
1.546880810110451421e-07
1.128937796579521091e-07
1.015010226979029540e-07
1.648312242252814031e-08
6.038059723323385697e-07
2.023800931283403770e-07
3.150464635837124661e-07
7.672102952938075759e-08
1.392137676248239586e-07
2.798690729832742363e-06
8.789636041228732211e-08
2.078937995975138620e-06
1.003891338768880814e-05
7.871615821386512835e-07
9.013317026074219029e-07
2.397196340098162182e-06
8.259915921371430159e-05
9.967089681595098227e-06
2.666211230462067761e-06
5.313274300533521455e-07
2.573206256784033030e-05
1.702491772448411211e-06
6.787287475162884220e-06
1.894763954624067992e-06
2.543393520682002418e-06
1.009122115647187456e-06
6.020080149937712122e-07
3.834910557998227887e-07
7.517841140725067817e-07
3.861762706947047263e-06
3.002041921718046069e-06
1.471204086556099355e-05
5.964869274066586513e-07
2.381228568992810324e-06
3.378508210971631343e-07
1.151929609477519989e-06
2.752390173554886132e-07
5.379583285503031220e-07
9.345060789200942963e-06
2.077315912174526602e-05
5.281369340082164854e-06
7.990513495315099135e-07
5.683578820026014000e-06
1.463129933654272463e-06
1.304733996221330017e-05
3.005118060173117556e-06
1.034268279909156263e-06
3.118041377092595212e-06
3.318267090435256250e-06
2.520117050153203309e-05
1.657154789427295327e-04
1.177486268488792120e-07
1.163312117569148540e-05
3.259120603615883738e-06
1.123018955695442855e-05
2.909212525992188603e-06
3.598230250645428896e-06
2.527362767068552785e-06
3.607899770941003226e-06
1.412557139701675624e-06
1.961605221367790364e-06
1.811589754652231932e-06
3.003765641551581211e-06
5.093447157378250267e-07
4.532178536464925855e-06
3.571549768821569160e-06
8.116249773593153805e-06
2.336352054044255055e-06
2.511031925678253174e-05
6.106884029577486217e-06
2.039590253843925893e-05
9.508523362455889583e-06
3.848110645776614547e-05
1.089327179215615615e-05
7.198901130323065445e-06
4.998860276828054339e-06
1.799204437702428550e-05
8.457566877950739581e-07
8.044084097491577268e-06
8.168804924935102463e-06
4.609469397109933197e-05
5.189386138226836920e-05
5.127710392116568983e-05
4.828600594919407740e-07
4.122984137211460620e-06
4.855255610891617835e-06
6.846031510576722212e-07
2.248234522994607687e-06
6.705782197968801484e-06
1.460046746615262236e-06
9.337862138636410236e-06
1.494096409260237124e-06
8.154506758728530258e-06
1.640034838601422962e-06
3.915841261914465576e-06
1.167274604085832834e-06
2.867994771804660559e-05
6.981407295825192705e-06
4.670324926792090992e-07
1.688170414126943797e-06
1.440572646060900297e-06
3.629434104368556291e-06
6.049379521755327005e-07
1.183308540930738673e-05
9.628197403799276799e-06
6.429920631489949301e-07
2.638022806422668509e-06
3.370101239852374420e-06
2.994392843902460299e-06
6.118265787335985806e-07
5.849121862411266193e-06
2.702168558244011365e-06
5.789926944999024272e-06
8.463062499686202500e-07
4.910174084216123447e-06
1.251549929293105379e-05
1.553292167955078185e-05
5.621975287795066833e-05
2.747542112047085539e-06
2.181983290938660502e-06
1.038378195516997948e-05
7.469035608664853498e-06
2.749772875176859088e-06
9.582066923030652106e-06
7.003446626185905188e-06
8.906482094062084798e-07
8.703371349838562310e-06
5.993647960167436395e-07
2.087765551550546661e-06
1.856534026956069283e-06
4.374902800918789580e-06
8.706945209269179031e-07
2.718083180752728367e-07
2.896730393331381492e-07
6.657307380919519346e-07
2.347296401694620727e-07
6.429509653571585659e-07
1.049019829224562272e-06
5.368039637687616050e-06
3.617335764261042641e-08
3.666213501674064901e-07
1.159210682999400888e-06
1.289364263357128948e-06
6.062625288905110210e-06
2.199509071942884475e-05
1.432588851457694545e-05
7.751764883323630784e-07
1.751097215674235485e-06
7.917476807506318437e-08
2.649210557592596160e-07
1.015134998283429013e-07
8.472109414014994400e-08
1.270594111701939255e-06
5.322847300703870133e-06
3.915297668299899669e-07
1.009352217806736007e-06
7.324575221900886390e-07
1.226728545589139685e-05
8.271513962654353236e-08
1.208417188536259346e-07
3.832278423487878172e-07
1.428553808580090845e-08
9.137892931221358594e-08
1.310447856894825236e-07
1.459679737081387429e-07
1.289800888315539851e-08
2.541756494167657365e-08
8.838781582198862452e-07
4.927041885594007908e-08
6.286233542596164625e-07
2.796628450596472248e-06
1.171431904367636889e-06
3.455994601608836092e-08
6.457799628378779744e-08
5.006011249975017563e-08
1.741067762850434519e-06
2.139746158036359702e-07
4.118723972990068205e-10
1.203070798538874442e-08
4.104321504883046146e-08
8.892558156503582723e-08
5.494541710504563525e-08
1.574542238813592121e-07
6.878494929196676821e-08
1.320668388871126808e-06
3.299543323009856977e-07
2.620709267375787022e-07
4.108559181759119383e-08
4.390624962979927659e-05
5.159338979865424335e-05
1.677981117609306239e-06
8.534051971764711197e-07
1.556278306225067354e-07
1.468183512542964309e-07
1.623723619559314102e-06
4.016045750176999718e-06
9.572512738031946355e-08
1.718854747423392837e-08
5.070607585366815329e-06
2.086890708596911281e-05
1.329358401136460088e-08
2.279312525388377253e-07
7.820628411536745261e-07
5.282228130454313941e-07
1.448147770588548156e-07
2.213363040937110782e-05
4.919667730973742437e-07
8.918454113882035017e-06
1.451893894000022556e-07
3.508356627435205155e-08
5.759054388931872381e-08
3.707287987708696164e-08
6.670987318102561403e-08
5.864766450258684927e-08
5.252051593629403214e-08
5.564818934544746298e-07
2.179166358473594300e-07
2.235495412605814636e-05
4.198192527837818488e-06
2.615335233713267371e-06
1.035555328599002678e-06
1.270188363378110807e-06
2.593035787867847830e-06
1.110518860514275730e-05
1.978245478539975011e-07
9.580477211557081318e-08
5.613266296222718665e-08
8.969977649542215659e-09
8.703113252295224811e-08
5.233751210198533954e-08
4.600356096062796496e-09
4.217188731558962900e-08
2.857403380573941831e-08
9.062744510401898879e-08
1.000521123728503881e-07
1.062936618723142601e-07
2.777637142514777224e-08
1.238776903278449026e-08
7.701962090322922450e-08
2.432776682326220907e-06
2.021843670263478998e-08
1.294669402795989299e-07
5.202707953344543057e-08
5.876288255990402831e-08
8.092439607310097927e-09
4.584513391137079452e-08
1.403608393957256339e-06
1.418204078618146013e-07
3.685545024723069218e-08
1.671620140086815809e-07
1.104941475205123425e-06
2.812840421029250138e-06
9.258066711481660604e-06
1.761254907250986435e-06
6.065155844225955661e-07
3.533575636538444087e-07
8.332283982781518716e-07
6.618016072934551630e-07
6.923431783434352838e-08
2.923738122717622900e-07
1.763351610861718655e-05
2.430176948564621853e-08
3.351661689521279186e-06
2.039000037257210352e-06
1.150839068486675387e-08
8.628634873275586870e-08
2.356856612095725723e-07
3.877500421367585659e-04
1.678897376677923603e-07
4.498519103890430415e-07
6.122999707258713897e-07
4.389190522147146112e-08
1.144312136602820829e-06
1.204942964250221848e-05
1.790010202284975094e-07
1.174107779888799996e-07
3.030060417950153351e-02
3.344861738696636166e-07
7.464731606887653470e-05
2.283933042690478032e-08
7.091621796462277416e-07
2.054412107099778950e-06
2.486437153947917977e-07
1.333013415205641650e-06
3.232657036278396845e-06
3.168321427438058890e-08
2.015819518419448286e-06
4.385704954756874940e-08
1.106368745240615681e-05
1.718224666547030210e-05
3.537183204116445268e-07
3.592012376429920550e-07
5.793284429955747328e-08
1.485288834146558656e-07
6.948826012376230210e-06
4.489887430736416718e-07
1.114400220103561878e-04
2.244395773232099600e-06
4.639644976123236120e-05
3.557437082690739771e-07
2.119524644683679071e-08
7.326056561396399047e-07
1.720655018289107829e-05
4.546058676169195678e-07
1.865771810116712004e-05
5.294630227581365034e-07
7.045238453429192305e-05
1.912557081595878117e-06
1.047901946549245622e-06
6.216040219442220405e-06
5.991782472847262397e-06
1.024050533260378870e-07
9.688113095762673765e-06
4.133107722736895084e-07
3.435446842559031211e-06
4.646125034923898056e-06
2.589506721051293425e-06
1.007291416499356274e-06
2.120170938724186271e-05
9.102090530177520122e-07
1.999926325879641809e-06
3.689102356929652160e-07
6.706025487801525742e-06
4.228955106100329431e-07
2.464451790729071945e-05
3.729862510226666927e-05
7.954015046607310069e-08
1.778640523752983427e-08
5.745770875364542007e-03
4.249435789915878559e-07
1.408062962582334876e-04
1.114913146011531353e-03
5.906200328809063649e-08
5.938512913417071104e-06
4.517909246715134941e-07
1.490067916165571660e-06
1.620831113768872456e-07
3.125418515992350876e-06
6.350023795675951988e-07
8.854782208800315857e-06
4.746786146370141068e-07
9.467361650195016409e-08
3.702509445702162338e-07
1.459472258602545480e-07
1.027922917273826897e-04
9.907739695336204022e-07
1.700771576906845439e-06
1.304248797850959818e-07
5.556699420594668481e-07
4.694418294093338773e-06
3.696515022966195829e-07
5.927030315433512442e-07
2.858243988157482818e-07
4.668000474339351058e-05
3.040100864382111467e-06
5.254083248473762069e-07
2.043123640760313720e-05
6.230801318451995030e-06
1.598537892277818173e-06
4.421656922204419971e-05
7.884617662057280540e-04
1.685191932665475179e-07
9.693311540104332380e-07
4.025740054203197360e-06
3.062799351027933881e-06
2.948384098999667913e-05
5.277827222016640007e-05
2.370094262005295604e-05
5.406677701103035361e-07
6.548862529598409310e-06
5.509213078767061234e-04
2.441636752337217331e-06
8.185680599126499146e-06
9.424684321857057512e-07
2.426040168757026549e-07
5.315504267855430953e-07
7.432938673446187750e-06
4.615924709128194081e-08
3.758687626032042317e-06
7.833534709789091721e-07
2.095604031637776643e-05
1.179790558580862125e-07
1.133200275944545865e-04
3.277239812859988888e-09
9.137897336586320307e-07
1.128601994082600868e-07
1.419687305315164849e-05
5.965282070974353701e-06
6.962630777707090601e-06
7.545491371274692938e-06
6.414422841771738604e-06
7.868788998166564852e-08
1.219137146790671977e-07
2.343818396329879761e-01
5.855551080458099023e-06
6.267762842071533669e-08
6.604973634694033535e-08
6.575441346967636491e-08
2.497596263140167139e-08
1.501997388686504564e-07
8.251530816778540611e-04
8.289369361591525376e-06
3.994540747953578830e-06
3.565993438314762898e-07
3.963468202528019901e-07
6.248745194170624018e-05
2.164385705327731557e-06
2.434261887174216099e-06
8.539677409657997487e-09
2.833608596120029688e-05
8.677099685883149505e-06
1.575658217234376934e-07
2.086717577185481787e-04
1.024019366013817489e-05
6.442982680709974375e-07
1.684317965100490255e-07
1.114308219030135660e-07
2.287857114424696192e-06
1.265025161956145894e-06
1.777117358869872987e-05
2.441170181555207819e-05
2.379588295298162848e-07
1.398722275780528435e-07
1.878791081253439188e-04
4.002695277449674904e-07
1.280499236600007862e-05
4.122477093915222213e-06
2.224952027063409332e-07
2.360187863814644516e-05
4.015453782812983263e-07
5.164825779502280056e-06
5.211873030930291861e-07
3.190752124737628037e-07
3.094226703979074955e-04
7.819308507350797299e-07
5.295826781548385043e-07
1.165083631349261850e-06
2.946946096926694736e-06
2.802524977596476674e-05
1.232123613590374589e-04
1.801977668947074562e-05
5.309556581778451800e-05
1.600550035618653055e-06
1.087948447093367577e-03
1.765040593681987957e-07
8.328347576025407761e-06
8.699947784407413565e-07
3.781975101446732879e-05
2.043716023081287858e-07
2.708514148253016174e-05
1.502392137808783446e-06
5.462480885398690589e-07
9.786210284801200032e-06
2.698417489455096074e-09
3.659262404198670993e-07
1.603475766387418844e-06
1.653019126024446450e-06
6.580989406756998505e-07
1.775868554432236124e-07
4.257419277564622462e-05
1.263528929484891705e-06
9.680092034614062868e-07
2.240155254185083322e-06
7.713185823376988992e-08
1.176877901798434323e-07
9.372545832775358576e-07
1.533254767593916768e-08
9.785986549104563892e-06
3.513114734232658520e-06
2.964917030112701468e-06
4.957022156304446980e-06
1.000525458039192017e-06
1.918156072497367859e-02
1.546710450384125579e-06
6.704493671350064687e-07
2.148032945115119219e-05
1.444012642792813494e-08
2.084172820104868151e-06
2.265661294131859904e-07
1.156122107204282656e-05
2.683337470443802886e-06
8.932805940276011825e-06
2.930169102910440415e-07
1.820626351900500595e-07
4.521864411799469963e-06
1.284004383705905639e-06
1.252830088560585864e-07
4.352966243459377438e-06
7.329543586820363998e-05
2.630550284266064409e-07
9.685360055300407112e-06
4.470851990845403634e-07
1.072404938895488158e-05
2.572046923887683079e-06
1.143564176686595601e-07
1.596813774540351005e-07
9.042473436693398980e-08
1.166356469184393063e-06
6.499525966319197323e-07
4.857761723542353138e-06
4.100378646398894489e-06
4.463232926354976371e-06
1.505984073446597904e-06
5.872725239441933809e-08
8.220606832765042782e-05
5.970184702164260671e-07
2.141438528724393109e-07
5.537763172469567508e-06
6.776378995709819719e-07
2.252942579161754111e-07
3.871360604534856975e-06
1.006450247587054037e-06
7.036549504846334457e-05
2.972208221763139591e-07
4.924552285956451669e-06
2.719390010952338343e-07
4.940835651723318733e-07
1.496486447649658658e-06
1.924926884555588913e-08
1.011078666124376468e-06
1.154486017185263336e-05
5.925224286329466850e-06
3.492701523555297172e-07
3.364385037230022135e-08
4.277899279259145260e-07
8.373316086363047361e-05
9.520763200043802499e-08
3.464690053078811616e-06
4.496951532928505912e-06
4.517379181834257906e-07
6.843674782430753112e-07
4.286519867946481099e-07
1.122747562476433814e-06
2.301960421391413547e-06
8.883115754088066751e-08
2.819370479301142041e-07
7.802879053997457959e-08
1.543086654010039638e-07
3.782328121815226041e-07
4.043627995997667313e-06
4.889135743724182248e-05
4.294347490940708667e-07
1.058022007782710716e-06
1.211566882375336718e-06
2.669779632924473844e-07
1.292105594075110275e-06
2.176290969657657115e-08
3.125150271898746723e-08
1.065249875864537898e-06
3.841310203256398381e-08
4.731234923838201212e-07
5.265022764433524571e-07
2.380166961302165873e-07
5.190977826714515686e-04
5.342763415683293715e-06
4.814922505147478660e-08
3.798687657763366587e-06
1.794531417544931173e-04
6.309215223154751584e-06
1.805429928936064243e-05
3.967671545979101211e-06
6.469628260674653575e-06
1.393941033711598720e-06
1.134900351473788760e-08
3.026076228707097471e-05
1.411615073720895452e-07
2.022234184551052749e-07
1.718123166938312352e-05
1.622516805355189717e-07
1.093779431471375574e-07
1.970794301087153144e-07
1.042764893099956680e-06
3.765626615859218873e-06
3.645806430085940519e-07
4.510068052354654355e-08
3.328533011881518178e-06
4.687380794621276436e-08
1.164756486105034128e-05
3.904907316609751433e-06
1.314408564212499186e-06
1.039234630297869444e-04
1.953655782926944084e-06
1.776996941771358252e-05
1.428948195325574488e-07
5.074402338323125150e-07
1.389159542952711490e-08
8.853963663568720222e-06
1.876108690623823350e-08
1.430495103704743087e-06
3.855181785183958709e-05
1.623146235942840576e-04
2.776152712158364011e-07
3.868058229272719473e-06
1.002790881443615945e-07
2.331338464500731789e-07
4.573338685531780357e-08
5.726975814468460158e-06
5.439143023977521807e-06
1.432724019423403661e-07
1.978662621695548296e-04
8.798329508863389492e-05
2.007320034635995398e-07
1.364829950034618378e-04
3.909514703082095366e-07
8.290005553135415539e-07
7.288369019420315453e-09
9.382786174683133140e-07
8.028277420635276940e-07
1.643599922829253046e-08
6.648707312706392258e-06
2.167201046177069657e-06
2.386274281889200211e-03
9.950966841643094085e-07
3.657470415419084020e-08
9.708853667689254507e-07
5.385072654462419450e-08
5.834781404701061547e-06
2.122278965543955564e-05
7.620428732479922473e-07
3.890597781719407067e-07
2.997768717705184827e-07
1.103655677070491947e-06
5.382615881899255328e-07
1.713124960660934448e-01
5.423391513659225893e-08
2.283237279243621742e-07
2.814349863911047578e-05
8.606987648818176240e-06
1.275148747481580358e-06
7.958544756547780707e-08
2.629288360367354471e-07
2.425142611173214391e-07
8.452797572999770637e-08
3.147554537008545594e-07
4.623527274816296995e-05
5.045942998549435288e-06
1.526961932540871203e-05
2.597198545117862523e-06
1.091297122002288233e-06
1.209986180583655369e-06
2.376029215156449936e-06
1.627241630330900080e-07
7.288136202987516299e-06
4.658903435483807698e-06
6.975842836709489347e-08
2.421769451643740467e-08
1.859330041042994708e-06
1.270628763450076804e-05
2.065680973828420974e-06
8.872428588801994920e-05
6.922907778061926365e-05
4.459497176867444068e-06
4.596363851305795833e-06
2.954614501504693180e-06
1.717012492008507252e-05
6.798247795813949779e-06
2.259104405766265700e-07
9.955693940355558880e-07
3.535826181177981198e-06
2.217974603979655512e-08
2.751135639300628100e-07
9.127551311394199729e-05
8.409427209699060768e-06
1.109207914851140231e-06
7.736583995665569091e-08
1.168210019386606291e-06
1.203872415089790593e-07
1.758601342771726195e-06
2.867189095923095010e-06
4.311179873184300959e-05
3.619543349486775696e-05
1.457646158087300137e-05
1.037900460687524173e-06
7.672007740211483906e-08
3.932431282009929419e-04
5.745109987742580415e-08
2.096759459391250857e-07
5.066999051450693514e-07
1.314179144173976965e-06
9.526553412797511555e-07
1.238763957189803477e-06
3.961425321108436037e-08
3.267521435645903694e-07
4.339791246366075939e-07
1.006555862659297418e-06
4.335324047133326530e-05
8.658773367642425001e-06
1.191754748219864268e-07
9.711855091154575348e-05
8.115494551930169109e-07
7.414423919271939667e-08
1.786245888979465235e-06
9.228170529240742326e-05
5.781829486295464449e-07
1.498311945624664077e-07
4.963521860190667212e-06
2.316014797543175519e-05
3.174679250150802545e-06
2.521335773053579032e-05
2.907507905547390692e-07
5.869962365068204235e-07
1.826825837270007469e-06
1.303152771470195148e-06
3.938007921533426270e-06
9.439166888114414178e-07
1.781703140579793399e-08
4.691218236985150725e-06
7.341845048358663917e-06
1.018908506011939608e-06
3.987983916431403486e-07
7.458180789399193600e-06
1.079381127055967227e-05
7.035153976175934076e-05
2.249256425557177863e-07
6.646465635640197434e-07
3.667563723865896463e-04
3.859774096781620756e-06
4.011578269569326949e-08
1.044662622007308528e-05
1.200397582579171285e-05
2.711231672947178595e-06
4.086537592229433358e-05
2.502178773283958435e-03
2.095296309789773659e-07
1.133466071223665494e-06
4.639027650910065859e-08
6.760806627426063642e-06
3.607878852562862448e-06
1.318837121289107017e-06
8.695159107446670532e-02
4.659952068664097169e-08
1.246856754733016714e-06
5.658972668243222870e-07
1.394834185930449166e-07
4.662634580654412275e-07
6.672790764383762507e-09
2.340322424743135343e-07
2.886442234739661217e-04
3.525508773805086093e-08
2.883267029574199114e-07
5.322226002135721501e-07
1.760015720719820820e-06
3.657939942058874294e-07
1.501897941125207581e-06
8.663361222716048360e-05
7.517705284953990486e-07
7.384177297353744507e-05
9.058726391231175512e-06
5.390704700403148308e-06
2.847302994268829934e-06
2.050264583886018954e-06
9.863400762810670130e-09
3.201939762220717967e-05
2.021107547989231534e-06
3.199488105565251317e-07
1.528393340777256526e-06
3.826489773928187788e-07
5.255681753624230623e-05
2.445356983571400633e-07
5.798416964353236835e-07
5.229994712863117456e-06
8.243766842497279868e-07
9.221466825692914426e-07
1.908540525619173422e-07
3.612685304688056931e-06
2.264554268549545668e-06
1.818098462535999715e-05
2.023842398557462730e-06
1.863198008322797250e-06
5.192428176314933808e-08
1.203189549414673820e-05
1.189169270219281316e-04
3.554861450538737699e-06
6.388924020939157344e-07
7.188716040218423586e-07
2.141275103895168286e-07
2.404793804089422338e-06
1.539186268928460777e-05
1.200691331177949905e-04
5.304017577145714313e-06
2.665387455635936931e-06
7.870860230241305544e-08
9.719165973365306854e-05
1.481057610362768173e-03
3.756873011589050293e-01
1.006450329441577196e-04
8.321218774653971195e-04
3.131297708023339510e-04
6.521587260067462921e-03
4.077327321283519268e-04
1.553536640130914748e-05
1.093625614885240793e-04
1.029541181196691468e-05
1.371605321764945984e-04
6.782787386327981949e-05
3.425457180128432810e-05
4.250966594554483891e-04
9.235412580892443657e-04
3.421935616643168032e-06
3.276677671237848699e-05
1.553834408696275204e-05
3.107830343651585281e-05
3.588578430935740471e-03
3.673395258374512196e-05
8.619798609288409352e-05
1.800454920157790184e-04
3.141278575640171766e-04
6.296199330790841486e-07
1.045820390572771430e-04
1.204106774821411818e-05
8.733224240131676197e-05
6.012205631122924387e-06
1.002470185085257981e-06
4.682877624873071909e-04
3.373785148141905665e-05
1.286820333916693926e-04
8.782363693171646446e-06
4.710417124442756176e-05
4.767487916979007423e-05
5.765874178109697823e-08
3.732065088115632534e-04
2.487872494384646416e-03
6.122847844380885363e-05
1.563078374601900578e-03
2.870617806911468506e-02
1.775928103597834706e-04
3.729796735569834709e-04
1.768194022588431835e-03
2.955299351015128195e-06
6.438570562750101089e-04
2.198673319071531296e-04
1.993651721932110377e-06
7.528905143772135489e-07
1.662516069700359367e-06
1.878565381048247218e-04
9.041043085744604468e-06
1.320207084063440561e-04
4.161039669270394370e-06
1.177389822260010988e-05
3.634136010077781975e-05
3.858580021187663078e-05
9.039353244588710368e-06
4.879796051682205871e-07
4.309432551963254809e-05
2.601661890366813168e-07
3.766195959542528726e-07
6.948296686459798366e-06
7.137522288758191280e-07
1.548826367070432752e-05
1.547358124298625626e-06
2.151584794773953035e-06
1.885925030364887789e-06
1.074654792319051921e-04
8.622231689514592290e-05
1.992034522118046880e-04
1.541577075840905309e-04
3.871317021548748016e-04
1.987808151170611382e-03
9.340013639302924275e-05
5.994988896418362856e-06
1.213659430732150213e-07
