3.060040626223781146e-06
6.919373117852956057e-05
1.369804613204905763e-05
1.016522946883924305e-04
3.833230493910377845e-06
3.407184703974053264e-05
1.203443207486998290e-05
1.270417997147887945e-04
9.459722059546038508e-05
2.176698180846869946e-04
1.262810430489480495e-03
9.420286514796316624e-04
1.345534692518413067e-03
9.541675535729154944e-05
1.107129719457589090e-04
8.232670370489358902e-04
4.280102904886007309e-03
5.560985664487816393e-05
9.579490142641589046e-05
2.807239943649619818e-04
3.774897777475416660e-05
1.739796425681561232e-04
1.390065590385347605e-04
2.389498520642518997e-03
1.140923195634968579e-04
6.809987098677083850e-06
1.257041731150820851e-05
2.052743411695701070e-06
5.664996479026740417e-06
1.249298657057806849e-05
6.542907613038551062e-06
1.565050069984863512e-06
6.971653419896028936e-06
9.600085832062177360e-06
2.486774064891505986e-05
6.440123797801788896e-06
3.399036722839809954e-05
9.778383173397742212e-06
4.258696571923792362e-05
3.669211218948476017e-05
3.973738330387277529e-06
4.524547548498958349e-04
4.440751581569202244e-06
4.953898314852267504e-05
1.663130569795612246e-05
3.991203266195952892e-05
1.341222969131194986e-06
7.705600000917911530e-05
2.408948603260796517e-06
1.182141204481013119e-04
2.454870582369039766e-06
3.713493424584157765e-05
4.683398219640366733e-05
7.288505003089085221e-05
7.040526543278247118e-05
5.817201326863141730e-06
1.266408653464168310e-04
3.194234159309417009e-05
8.075976438703946769e-06
8.326163515448570251e-05
4.979572986485436559e-05
5.890768443350680172e-05
1.279394637094810605e-04
1.835886941989883780e-04
1.742078347888309509e-05
7.671873754588887095e-05
5.756144673796370625e-05
2.973395203298423439e-05
6.197342008817940950e-05
7.273798019014066085e-06
4.858811153098940849e-04
4.610898758983239532e-05
2.393299015238881111e-03
7.810951024293899536e-02
2.348791435360908508e-02
9.514165576547384262e-04
9.794773533940315247e-03
4.055757541209459305e-03
9.907291270792484283e-03
8.730443369131535292e-05
2.548700431361794472e-04
1.547478605061769485e-03
2.349786693230271339e-03
2.008323324844241142e-03
8.737097959965467453e-05
3.875622060149908066e-04
2.154166344553232193e-03
1.504954070696840063e-05
3.960946341976523399e-04
9.797720122151076794e-05
1.782622130122035742e-04
1.202382700284942985e-04
2.080453268717974424e-04
1.713928068056702614e-04
2.873104531317949295e-04
7.835556607460603118e-05
4.544853800325654447e-05
3.606348400353454053e-05
2.285129303345456719e-04
9.209392010234296322e-05
2.908488568209577352e-05
2.873255289159715176e-04
2.540875902923289686e-05
2.174653309339191765e-05
4.541125963442027569e-05
4.571396493702195585e-05
2.463034797983709723e-05
1.717512932373210788e-04
1.233331742696464062e-03
1.038359368976671249e-05
6.694836429232964292e-06
1.031328702083555982e-05
1.369132660329341888e-04
8.101831190288066864e-04
2.264402064611203969e-05
1.192753188661299646e-04
4.537807544693350792e-04
6.390253838617354631e-05
4.673909643315710127e-05
2.239856403321027756e-04
1.094002800527960062e-04
1.241726295120315626e-05
1.883957520476542413e-05
8.756738970987498760e-04
3.472886237432248890e-05
1.034767017699778080e-03
1.174022181658074260e-04
7.693920633755624294e-05
9.430586942471563816e-05
9.822396095842123032e-04
1.062552165240049362e-02
2.344652166357263923e-04
1.080821733921766281e-03
4.298592466511763632e-05
2.557281404733657837e-04
4.609841198544017971e-05
1.916361361509189010e-05
7.680786438868381083e-06
3.665282274596393108e-04
4.577514846459962428e-05
6.927791982889175415e-04
1.085260373656637967e-05
4.392055416246876121e-06
5.329801751940976828e-06
3.124712384305894375e-04
3.858701966237276793e-04
1.874751433206256479e-06
1.086929023585980758e-05
5.983579831081442535e-05
3.774489186980645172e-06
6.507381331175565720e-04
6.621650536544620991e-04
5.387431010603904724e-04
1.798135781427845359e-05
1.152793811343144625e-05
3.430118958931416273e-04
2.431137108942493796e-04
4.243311122991144657e-04
9.635991591494530439e-05
4.364101914688944817e-04
1.027403486659750342e-04
1.454507146263495088e-04
8.126706234179437160e-05
3.179081613779999316e-05
3.167323302477598190e-04
3.432707308093085885e-05
9.886932093650102615e-05
6.617076694965362549e-03
7.428477692883461714e-05
9.064179903361946344e-05
4.902122309431433678e-04
4.026346432510763407e-04
5.014920607209205627e-04
3.806350578088313341e-04
1.934612009790726006e-05
4.492440348258242011e-05
3.825879248324781656e-04
2.461721014697104692e-04
6.095544085837900639e-04
1.424579204467590898e-05
3.178550741722574458e-06
4.195019209873862565e-05
4.175716458121314645e-05
1.344336669717449695e-05
1.030097064358415082e-05
1.582921686349436641e-04
4.348211805336177349e-04
1.909292477648705244e-04
3.290928361820988357e-05
2.820359077304601669e-05
8.959031220001634210e-06
4.354691918706521392e-05
3.123572605545632541e-05
1.319729926763102412e-04
2.025034773396328092e-04
6.154311704449355602e-04
4.225010925438255072e-04
1.379757886752486229e-04
1.851779379649087787e-04
2.219357520516496152e-05
7.878213364165276289e-05
7.939302304293960333e-05
3.441805347392801195e-06
2.591504380689002573e-05
2.437515286146663129e-05
1.931472099386155605e-03
3.339092072565108538e-04
7.612755143782123923e-05
1.747010624967515469e-03
3.163456131005659699e-05
2.701518498361110687e-02
5.242379382252693176e-03
1.615010551176965237e-03
8.853368490235880017e-05
5.278278258629143238e-04
6.747177685610949993e-04
1.032337429933249950e-03
1.599031238583847880e-04
3.779755788855254650e-04
9.461875015404075384e-05
4.142242833040654659e-04
1.094613762688823044e-04
5.715417210012674332e-04
9.902639430947601795e-05
2.129726090061012655e-05
9.670473082223907113e-05
2.530183155613485724e-05
1.557220530230551958e-04
1.378141605528071523e-04
8.635382255306467414e-05
3.198379545210627839e-06
8.534606604371219873e-05
1.950278237927705050e-05
3.816946627921424806e-05
7.058423216221854091e-05
4.329153307480737567e-05
1.051006547641009092e-04
2.029481402132660151e-05
7.764717156533151865e-05
2.710811713768634945e-05
1.781958271749317646e-04
1.137862913310527802e-03
3.780565020861104131e-05
2.210922320955432951e-05
5.354365202947519720e-05
3.043673677893821150e-05
2.032356569543480873e-04
3.731856850208714604e-05
5.432305624708533287e-05
4.268841803423129022e-05
1.879670162452384830e-04
7.343912147916853428e-04
1.981845707632601261e-04
2.766115940175950527e-04
3.948069061152637005e-04
2.421311182843055576e-05
2.913063508458435535e-04
2.625635243020951748e-04
6.470730295404791832e-05
3.849051790894009173e-05
1.046436409524176270e-05
1.419643922417890280e-05
5.130422505317255855e-05
6.893717909406404942e-06
2.555856190156191587e-05
3.537770680850371718e-05
1.065022934199078009e-05
1.780025486368685961e-04
2.080779813695698977e-04
1.645491720410063863e-04
1.271017845283495262e-05
2.567096962593495846e-04
3.627746991696767509e-05
6.601296627195551991e-05
3.280193413957022130e-05
1.485851127654314041e-03
3.723223926499485970e-05
8.255430657300166786e-06
1.933291423483751714e-05
3.576144536054925993e-06
7.070098072290420532e-04
4.208675818517804146e-04
9.234360186383128166e-05
4.666358290705829859e-05
1.487771223764866590e-04
9.570258043822832406e-06
3.914586704922839999e-05
1.111455367208691314e-05
1.162718835985288024e-04
2.822640999511349946e-05
2.650337773957289755e-05
2.099282573908567429e-05
2.347705158172175288e-04
1.247546060767490417e-05
1.501304450357565656e-05
2.355973629164509475e-05
3.743462684724363498e-06
3.304796700831502676e-05
1.684207381913438439e-05
9.898866846924647689e-05
1.149461022578179836e-03
1.228204695507884026e-03
1.513554889243096113e-04
2.928106812760233879e-03
7.747774361632764339e-04
1.637181558180600405e-04
1.474731398047879338e-04
5.272703710943460464e-04
6.442634016275405884e-02
1.553181931376457214e-02
2.095015719532966614e-02
4.282621957827359438e-04
1.462574000470340252e-04
7.225550507428124547e-05
4.136633287998847663e-05
7.812608237145468593e-05
1.432633289368823171e-04
5.377736670197919011e-05
4.240629205014556646e-04
1.442498806864023209e-02
1.707714109215885401e-04
4.945576656609773636e-04
4.653519950807094574e-03
2.198165049776434898e-03
1.555153285153210163e-03
4.214726795908063650e-04
6.734304770361632109e-05
1.828550557547714561e-05
4.026394744869321585e-04
1.825559047574643046e-05
4.623000568244606256e-04
1.510602305643260479e-04
9.004339517559856176e-05
1.003361103357747197e-05
5.932807107456028461e-05
1.081512018572539091e-04
2.276597115269396454e-05
6.616107566514983773e-05
2.182731623179279268e-05
1.273313973797485232e-04
8.126973174512386322e-03
2.048647962510585785e-03
9.921711171045899391e-04
5.094348452985286713e-04
1.919780188472941518e-04
1.467373874038457870e-02
1.914482098072767258e-03
7.265395834110677242e-05
1.437504670320777223e-05
1.631425693631172180e-04
1.462589443690376356e-05
3.572459681890904903e-04
2.247910946607589722e-03
6.710599991492927074e-04
1.589525723829865456e-03
1.195427030324935913e-03
3.421640576561912894e-05
6.546149961650371552e-05
1.035491659422405064e-04
1.529744622530415654e-05
1.767191679391544312e-05
4.451617132872343063e-05
4.169638123130425811e-05
1.283924357267096639e-04
3.401804497116245329e-05
2.566691728134173900e-05
1.646126474952325225e-05
1.492526280344463885e-05
4.375215939944610000e-05
1.646464079385623336e-05
1.593582856003195047e-04
5.224935011938214302e-04
1.114113838411867619e-04
2.639703780005220324e-06
5.308926338329911232e-04
7.545786502305418253e-05
9.361830598209053278e-05
2.285442169522866607e-04
2.726556158449966460e-05
1.230677444254979491e-04
1.324962940998375416e-04
5.476598289533285424e-06
6.150233821244910359e-05
3.375869346200488508e-05
1.103800896089524031e-04
3.677871776744723320e-03
4.977344360668212175e-05
5.917702947044745088e-05
2.816193045873660594e-05
7.060378993628546596e-05
2.497050081728957593e-05
1.134203012043144554e-05
6.162095814943313599e-05
5.763878561992896721e-06
7.239776896312832832e-04
1.470589631935581565e-04
1.556294620968401432e-03
2.460234281898010522e-05
5.688991222996264696e-05
5.980145651847124100e-04
5.835805786773562431e-04
2.255512808915227652e-04
1.275041286135092378e-04
3.435731923673301935e-05
5.009027290725498460e-07
5.665476692229276523e-06
5.109119592816568911e-05
2.179907605750486255e-04
1.096598498406819999e-05
3.380482303327880800e-05
1.047497382387518883e-03
1.765702472766861320e-05
2.180413866881281137e-05
8.872267062542960048e-05
7.304792234208434820e-05
1.929451173054985702e-05
6.372759817168116570e-04
1.116065759561024606e-04
9.715101441543083638e-06
2.125765058735851198e-05
3.494722477626055479e-04
3.600240161176770926e-04
8.563373739889357239e-06
2.690212340894504450e-06
9.081129064725246280e-06
3.606676909839734435e-05
5.301453256834065542e-06
2.307137401658110321e-05
1.186512317508459091e-02
2.589853829704225063e-04
3.842582227662205696e-04
2.560853135946672410e-05
1.166415051557123661e-03
1.085548195987939835e-03
1.610996332601644099e-05
1.842890378611627966e-05
1.978805994440335780e-05
8.622605673735961318e-05
3.746605943888425827e-05
8.081509172916412354e-02
1.150350362877361476e-05
6.351408228510990739e-05
2.151142871298361570e-05
4.271030775271356106e-05
1.558521908009424806e-04
1.723717316053807735e-03
1.064356820279499516e-05
3.059970549657009542e-05
5.394055042415857315e-04
2.564509304647799581e-05
6.106441724114120007e-04
6.894461694173514843e-04
3.338423266541212797e-04
2.552933074184693396e-05
2.905723158619366586e-05
4.122339760215254501e-06
4.475513007491827011e-03
1.016940339468419552e-03
2.843101719918195158e-05
9.132819250226020813e-03
9.676358786236960441e-06
1.816305681131780148e-03
1.648168690735474229e-04
2.087430220854002982e-05
2.943777690234128386e-05
1.771769893821328878e-04
1.503296516602858901e-06
3.499921644106507301e-03
2.876254484363016672e-06
5.150232027517631650e-05
5.556805990636348724e-04
9.574869181960821152e-05
8.521451381966471672e-04
6.097398727433755994e-05
2.219905945821665227e-05
4.399679164635017514e-05
4.007958807051181793e-03
5.912338110647397116e-06
1.507076831330778077e-05
4.623538188752718270e-06
3.008458952535875142e-05
5.227372184890555218e-06
1.050565629157063086e-06
4.785574492416344583e-05
4.563205493468558416e-06
1.568691686770762317e-06
1.172004122054204345e-04
1.757110294420272112e-05
3.567123349057510495e-05
3.367260069353505969e-05
1.310351071879267693e-04
1.875644738902337849e-05
6.886325536470394582e-06
7.441911293426528573e-06
2.385727129876613617e-03
2.519968074921052903e-05
8.581785368733108044e-05
2.096977550536394119e-05
4.584109046845696867e-05
9.225750545738264918e-05
1.744060718920081854e-04
5.916405003517866135e-03
6.959992460906505585e-04
5.981052527204155922e-05
2.415206654404755682e-05
5.870964741916395724e-05
1.520082441857084632e-04
7.190906671894481406e-06
1.629789494472788647e-06
7.800749037414789200e-03
6.146879513835301623e-06
6.741045217495411634e-05
1.866352831711992621e-04
1.974811311811208725e-04
3.572381319827400148e-05
9.286089334636926651e-04
2.224147237939178012e-06
1.048879312293138355e-05
4.446843813639134169e-04
1.798713674361351877e-05
2.305324960616417229e-05
4.062211701238993555e-06
1.938445202540606260e-04
8.095200173556804657e-04
4.677539691329002380e-03
1.713164056127425283e-05
5.616152975562727079e-06
5.419183707999764010e-06
2.420610599074279889e-06
7.352201646426692605e-05
1.382963455398567021e-05
3.618278014982934110e-06
1.432011718861758709e-03
6.029390988260274753e-06
4.238063775119371712e-05
1.491007651566178538e-06
2.455006324453279376e-06
1.200346159748733044e-04
2.887301161536015570e-05
3.059780865442007780e-04
1.135938236984657124e-05
5.745866801589727402e-03
1.808447414077818394e-04
7.399894093396142125e-05
9.605503146303817630e-05
3.470709270914085209e-05
1.072450468200258911e-04
1.755000084813218564e-05
1.778468686097767204e-05
3.175293841195525602e-06
3.762482037927838974e-06
5.225181303103454411e-05
7.551808812422677875e-05
5.984709787298925221e-05
6.084100095904432237e-05
8.359277853742241859e-05
7.767942588543519378e-05
1.290820509893819690e-04
6.894257385283708572e-04
3.832764923572540283e-04
1.406583352945744991e-03
1.759119754751736764e-06
1.401386340148746967e-03
1.522429738542996347e-05
2.282966306665912271e-06
4.867316965828649700e-05
1.498008641647174954e-04
5.062369837105507031e-06
3.144065150991082191e-03
1.803481973183806986e-05
1.568335719639435410e-04
1.220746780745685101e-04
1.262017030967399478e-04
5.514606073120376095e-06
3.031245141755789518e-04
3.237410055589862168e-05
1.036305679008364677e-03
7.988910656422376633e-04
1.447856659069657326e-03
5.582447101915022358e-06
5.329303676262497902e-04
2.547878830228000879e-05
7.154328632168471813e-04
2.554164093453437090e-04
1.422676630318164825e-02
1.733712088025640696e-05
2.245756331831216812e-05
3.173904360664892010e-06
5.238043959252536297e-04
5.608253104583127424e-06
1.186268377750820946e-06
6.013418533257208765e-05
2.090576799673726782e-06
6.740836397511884570e-05
1.289788633584976196e-04
1.293177592742722481e-05
3.526059299474582076e-05
1.008190083666704595e-04
4.590095613821176812e-06
8.648086804896593094e-04
1.513088645879179239e-04
1.506967673776671290e-04
1.625983713893219829e-05
1.291004009544849396e-03
8.841892849886789918e-05
6.457750259869499132e-06
7.168629281295579858e-07
1.828085078159347177e-05
1.559932425152510405e-04
7.559327514172764495e-06
1.460385828977450728e-04
8.985506428871303797e-05
1.353254774585366249e-03
2.829503671364363981e-07
1.677646068856120110e-03
3.123766509816050529e-04
6.142927304608747363e-05
1.060587019310332835e-04
1.647701137699186802e-04
3.025212208740413189e-04
1.097993481380399317e-05
6.039992058504140005e-06
3.091420012424350716e-06
1.464863362343749031e-05
3.391102654859423637e-04
1.250614004675298929e-04
5.208482616581022739e-05
1.218867510033305734e-05
2.500824848539195955e-05
5.979219349683262408e-05
6.291988484008470550e-06
7.322316378122195601e-05
1.636799424886703491e-03
4.236328095430508256e-06
9.828926704358309507e-05
3.851695964840473607e-06
9.794422658160328865e-05
2.198901929659768939e-04
8.497511968016624451e-03
5.867606378160417080e-04
1.475926524108217563e-06
5.878278752788901329e-04
6.269299774430692196e-04
5.740395560860633850e-02
1.181529205496190116e-05
2.495828666724264622e-04
1.476145407650619745e-04
1.288674047827953473e-05
3.074816413572989404e-05
2.354048592678736895e-05
5.679984315065667033e-05
3.255793444623122923e-06
2.431677188724279404e-03
9.841819701250642538e-05
1.418234023731201887e-04
8.691071707289665937e-05
3.717999061336740851e-05
7.306028692255495116e-06
1.789225352695211768e-04
2.060371916741132736e-04
2.843184302037116140e-05
1.110426728700986132e-05
7.779794032103382051e-06
1.974653059733100235e-05
4.030624768347479403e-05
6.454463000409305096e-04
5.154190148459747434e-05
4.586367867887020111e-04
2.167007733078207821e-05
2.149650981664308347e-06
1.209034584462642670e-03
4.250597557984292507e-04
8.973225703812204301e-06
1.736886929393222090e-06
2.246481471956940368e-06
2.268490334245143458e-06
7.458419713657349348e-05
9.703314572107046843e-05
1.775722193997353315e-04
8.734053699299693108e-05
4.128679574932903051e-05
2.694702197914011776e-05
6.414080417016521096e-05
1.161504114861600101e-04
7.915642345324158669e-05
4.476114554563537240e-06
9.603194257579161786e-07
3.010182263096794486e-05
4.620415711542591453e-05
4.713575981440953910e-05
8.876000531017780304e-03
7.375197310466319323e-05
5.770806455984711647e-05
5.293941358104348183e-04
1.930376856762450188e-05
7.656867819605395198e-05
3.103621769696474075e-03
1.538347918540239334e-03
1.501003134762868285e-04
3.362122806720435619e-04
5.538059122045524418e-05
2.902192063629627228e-04
1.241079880855977535e-04
1.049154554493725300e-03
3.302899858681485057e-05
1.514166251581627876e-05
3.499216472846455872e-05
2.233558334410190582e-04
4.750812513520941138e-05
4.536498181550996378e-06
5.245239208306884393e-06
1.788692665286362171e-03
1.405190960213076323e-05
2.897056765505112708e-05
8.056344995566178113e-06
2.659429737832397223e-04
9.189153090119361877e-03
4.698184966400731355e-06
9.821425919653847814e-05
6.248682620935142040e-05
2.621194471430499107e-05
7.029446715023368597e-05
8.980550046544522047e-05
6.497112190118059516e-05
1.327354402747005224e-04
4.520769289229065180e-04
2.578237035777419806e-05
6.646028487011790276e-05
1.924186653923243284e-04
1.239002085640095174e-05
1.503981329733505845e-04
6.982776685617864132e-04
2.105726792933637626e-07
8.256981382146477699e-04
2.328008122276514769e-05
5.174288991838693619e-03
1.251967842108570039e-05
4.219150650897063315e-05
3.296548733487725258e-03
6.105311513238120824e-06
4.253377028362592682e-07
9.692327148513868451e-05
5.505131866812007502e-06
2.778255729936063290e-04
2.219258203695062548e-05
5.330983299245417584e-07
4.107337190362159163e-06
1.013757937471382320e-04
1.297746348427608609e-04
2.069241054414305836e-05
5.307190076564438641e-05
1.838880598370451480e-05
6.495089473901316524e-05
2.746311110968235880e-06
2.810558726196177304e-06
2.842888534360099584e-06
6.103624036768451333e-05
1.304011384490877390e-04
2.119581622537225485e-04
1.595950743649154902e-05
6.397829565685242414e-06
9.451890036871191114e-06
4.335681733209639788e-04
1.895523041639535222e-06
2.006887225434184074e-03
8.575750689487904310e-05
2.767313562799245119e-04
1.901805226225405931e-04
8.927551243687048554e-05
1.308783066633623093e-05
7.953943713800981641e-05
2.523688635847065598e-05
6.376276724040508270e-05
1.072476661647669971e-04
3.920953313354402781e-04
1.662753202253952622e-04
3.925882992916740477e-05
1.367897311865817755e-05
1.653702042858640198e-06
7.577856194984633476e-06
2.197056164732202888e-05
3.141196066280826926e-05
1.945428084582090378e-05
1.355960421278723516e-06
6.980941634537884966e-06
1.859366602730005980e-05
4.225941665936261415e-05
6.677700002910569310e-05
6.745794671587646008e-04
4.902603686787188053e-04
3.368865873198956251e-05
5.535012460313737392e-04
2.015891914197709411e-05
9.438298293389379978e-04
1.359459245577454567e-03
3.219327423721551895e-03
1.311347470618784428e-03
4.086723038199124858e-06
1.747140458974172361e-06
3.667234705062583089e-05
5.588189815171062946e-04
6.123435014160349965e-05
7.179450221883598715e-06
1.035771560964349192e-06
1.213023060699924827e-04
2.107586478814482689e-04
7.798319711582735181e-05
1.677381223998963833e-04
5.010991357266902924e-03
8.214937224693130702e-06
3.117147934972308576e-05
5.150699053046992049e-06
9.775585567695088685e-06
1.327395002590492368e-04
7.493040175177156925e-05
8.964373730123043060e-03
2.144238351320382208e-05
5.240719474386423826e-06
5.591273657046258450e-05
8.249881648225709796e-05
3.404702874831855297e-05
1.744513974699657410e-05
2.820554887875914574e-03
3.650111830211244524e-05
1.368407625705003738e-03
1.117663996410556138e-04
9.850453352555632591e-06
2.855082584574120119e-06
8.618281754024792463e-06
9.261268132831901312e-05
2.094884839607402682e-04
9.109058737521991134e-06
2.747852886386681348e-05
2.009499985433649272e-05
5.051453626947477460e-05
2.763440716080367565e-05
3.320670221000909805e-04
1.040550647303462029e-03
7.984260446391999722e-05
1.586495091032702476e-05
2.607188253023196012e-05
2.564714668551459908e-05
4.028731782454997301e-04
2.173801040044054389e-04
1.019383398670470342e-05
7.186464245023671538e-06
3.542082049534656107e-05
5.619418516289442778e-05
8.442936632491182536e-06
2.624488661240320653e-05
5.514203803613781929e-05
3.474474651739001274e-04
2.405487794021610171e-05
3.426345938351005316e-04
1.889613922685384750e-04
3.527532317093573511e-05
3.185190507792867720e-05
7.818224548827856779e-05
4.518476089288014919e-06
4.766508209286257625e-05
1.450303971068933606e-04
1.214719086419790983e-04
4.008815740235149860e-04
7.155853381846100092e-05
1.873933615570422262e-05
3.865912184119224548e-02
1.409696269547566772e-04
2.253475395264104009e-05
1.056062901625409722e-04
4.505208562477491796e-05
2.258324821013957262e-05
4.383660780149511993e-06
1.329366750724148005e-05
5.666936431225622073e-06
7.988681318238377571e-06
4.926904221065342426e-04
3.262217796873301268e-04
1.230577709065983072e-05
8.154872375598642975e-06
1.971413876162841916e-04
9.638960473239421844e-04
1.542027712275739759e-05
5.387841611081967130e-06
3.406320512294769287e-02
8.512747444910928607e-05
1.695694372756406665e-04
1.803299674065783620e-04
1.433371938765048981e-02
2.537868203944526613e-05
1.038036658428609371e-03
6.399087142199277878e-04
1.002240242087282240e-05
7.266108877956867218e-05
3.053580485357088037e-06
2.688784843485336751e-05
1.822500780690461397e-05
3.501872015476692468e-06
5.976710326649481431e-06
1.821188925532624125e-05
9.882139274850487709e-04
2.505121483409311622e-05
1.069939462468028069e-04
1.014752342598512769e-04
1.500045065768063068e-03
8.122816798277199268e-04
6.893376121297478676e-05
5.545849562622606754e-04
1.229626359418034554e-04
1.220274157276435290e-06
7.363593613263219595e-05
5.684091229340992868e-05
9.080597083084285259e-04
3.775861486792564392e-02
1.772248992892855313e-06
1.259113741980399936e-05
1.345323107670992613e-04
2.198519177909474820e-05
6.965399952605366707e-04
2.924065938714193180e-06
4.051966243423521519e-04
1.244482609763508663e-05
9.990052785724401474e-05
4.641328814614098519e-06
3.905250050593167543e-04
2.404422275503748097e-06
4.084233296453021467e-06
1.148984301835298538e-05
3.278551448602229357e-04
6.101563485572114587e-05
2.143104793503880501e-04
1.555293420096859336e-05
3.773474418267142028e-06
2.278962710988707840e-05
8.786489615886239335e-07
5.866999345016665757e-06
1.632672251616895664e-06
1.805591164156794548e-04
4.381445705803344026e-06
6.187526741996407509e-05
1.034088290907675400e-05
2.902475671362481080e-06
1.706014700175728649e-05
8.451145731669384986e-06
1.115583199862157926e-05
1.246925210580229759e-03
1.117568558584025595e-06
1.019897777587175369e-02
9.314493509009480476e-04
1.002329190669115633e-05
2.039319952018558979e-04
7.188956806203350425e-05
4.587806870404165238e-06
4.325391637394204736e-05
5.754344601882621646e-05
5.007410436519421637e-05
4.805223215953446925e-05
2.779136957542505115e-05
8.594294922659173608e-05
5.113043880555778742e-05
1.190883449453394860e-05
7.470169221051037312e-04
1.076239859685301781e-04
1.770498056430369616e-05
4.442577392183011398e-06
3.622890972110326402e-06
7.338457635341910645e-06
4.144475678913295269e-04
6.472344466601498425e-06
1.038464324665255845e-04
4.463816003408282995e-05
4.855962470173835754e-04
1.098443826776929200e-04
6.082727573812007904e-03
3.802734659984707832e-03
4.757742863148450851e-05
4.847353848163038492e-04
7.628092862432822585e-05
7.153905607992783189e-05
5.387184210121631622e-04
6.027304334565997124e-04
1.548024738440290093e-04
6.369934271788224578e-05
4.105751286260783672e-04
1.143986955867148936e-04
9.130741818808019161e-05
7.028062827885150909e-04
1.723281602608039975e-04
4.348153714090585709e-03
1.305398182012140751e-04
1.149343699216842651e-02
3.207174886483699083e-04
4.535968881100416183e-03
2.968705957755446434e-04
1.356214052066206932e-04
1.561333797872066498e-02
5.341933108866214752e-03
3.786431392654776573e-03
1.423599460395053029e-04
6.392939016222953796e-03
1.331594830844551325e-05
