1.646435521251987666e-05
1.771289862517733127e-05
6.980078524065902457e-07
4.215420972286665346e-07
8.986396096588578075e-06
8.774204761721193790e-04
2.983558033520239405e-06
3.870435705266572768e-07
2.405507075309287757e-06
3.092500264756381512e-07
9.120732102019246668e-06
6.119239515101071447e-07
3.668498720799107105e-06
2.095740683216718026e-06
8.346395588887389749e-06
1.160817464551655576e-05
2.270059212605701759e-06
4.282696863810997456e-06
1.726885898278851528e-06
2.282324931002222002e-05
5.349485436454415321e-04
2.252471489327945164e-07
4.691174808613141067e-07
9.284173785317761940e-08
5.122252133560323273e-08
2.656882998053333722e-06
4.005969458376057446e-06
1.584871483828464989e-06
7.610158831994340289e-07
4.973358045390341431e-06
7.646409358130767941e-05
2.101153040712233633e-05
4.550055109575623646e-06
6.235097771423170343e-06
9.509401934337802231e-06
1.615543296793475747e-04
4.703169688582420349e-03
1.934932879521511495e-05
6.100578957557445392e-06
2.639974445628467947e-05
4.533078765689424472e-07
4.930620889354031533e-07
6.629840640925976913e-07
1.763627892614749726e-06
2.325996092622517608e-06
1.308565788349369541e-05
3.012151807979535079e-07
1.266020717594074085e-06
7.792288670316338539e-06
3.744172545339097269e-06
3.012611523445229977e-05
7.978074791026301682e-06
1.093945684260688722e-06
1.729838731989730150e-05
2.822659325829590671e-06
6.738222282365313731e-07
5.093143045087344944e-06
1.736938770591223147e-07
2.143524579878430814e-05
5.859653242623608094e-07
6.545811856994987465e-07
3.741024556802585721e-06
2.202791802119463682e-05
9.825410415942315012e-06
1.846555505835567601e-06
1.902699295897036791e-05
6.224973731150384992e-06
4.439143594936467707e-07
2.591124484752072021e-06
2.727159007918089628e-04
1.367022719023225363e-06
6.314138772722799331e-06
9.442383941404841607e-08
3.553366695996373892e-06
1.070578264261712320e-06
1.013601149679743685e-06
6.356040103128179908e-07
1.369782921756268479e-06
1.464969318476505578e-05
1.044947907757887151e-06
4.324659130361396819e-06
7.252078648889437318e-05
1.119222270062891766e-05
1.899680484029886429e-07
1.055111852110712789e-06
8.515990884916391224e-06
1.481366780353710055e-04
6.405878957593813539e-05
5.931900886935181916e-06
5.927979032094299328e-07
1.791676027096400503e-06
1.460795829189009964e-06
1.035286572914628778e-06
4.375116873234219383e-07
9.970653081836644560e-06
8.821714914120093454e-08
5.769352924289705697e-07
3.586347156669944525e-05
7.307445775950327516e-05
3.271064997534267604e-06
7.115892003639601171e-06
7.772484309498395305e-07
1.596499998868239345e-07
9.296313510276377201e-04
1.206196657221880741e-06
2.916045332312933169e-06
2.114620656357146800e-06
2.593019416963215917e-05
5.214619704929646105e-06
6.716938059980748221e-06
1.983445798714456032e-07
3.592171424315893091e-06
4.043355511385016143e-05
7.136882777558639646e-05
1.148580940935062245e-05
5.349883167582447641e-07
9.124555799644440413e-05
3.089430265390546992e-06
2.639138619997538626e-05
1.482716616010293365e-04
4.099482794117648154e-06
5.112840517540462315e-05
1.899770286399871111e-04
1.622734998818486929e-05
9.824848966673016548e-04
6.375776865752413869e-05
4.042794444103492424e-06
9.472490347661732812e-08
5.744860231970960740e-07
6.228637630556477234e-06
8.668170607961656060e-07
8.225056262745056301e-06
1.504330384705099277e-06
5.164280310054891743e-07
4.885976977675454691e-06
4.286232808681234019e-07
2.542155380069743842e-05
2.315603924216702580e-04
6.776365921723481733e-07
3.654306226508197142e-07
3.500068714856752194e-06
9.877468983177095652e-06
1.800039058252878021e-06
5.323694949765922502e-06
8.848410857353883330e-07
9.461052286496851593e-06
5.731895384997187648e-07
4.437411007529590279e-06
1.124645859817974269e-05
3.742052285815589130e-06
1.748739014146849513e-04
1.798985181267198641e-06
2.376841337081714300e-07
5.802003215649165213e-06
6.326075094875704963e-07
3.520707650750409812e-06
3.088240191573277116e-06
7.384179752989439294e-06
4.490550225000333739e-07
3.269592980359448120e-06
1.721692086675830069e-07
5.865434218321752269e-07
3.774350432195205940e-07
2.206701537943445146e-06
3.054297792459692573e-07
1.569760712527568103e-07
6.023685727996053174e-07
1.144232328442740254e-06
1.729118821458541788e-06
1.909319422566113644e-07
5.508794060915533919e-07
1.549395847177947871e-06
2.253398861284949817e-06
2.948289647974888794e-06
2.364241481700446457e-06
9.068830308933684137e-08
7.340146339629427530e-07
4.025896942039253190e-06
3.498807245705393143e-06
3.203801043127896264e-06
1.091002914677119406e-07
3.942110197385773063e-06
2.670552248673629947e-06
1.638930825720308349e-06
3.790795801705826307e-07
1.091998092306312174e-05
9.814972372623742558e-07
3.078709596593398601e-06
6.704288466607977170e-07
1.300362600886728615e-05
6.482810590568988118e-07
4.792122581420699134e-06
2.578156454546842724e-06
1.340993890153185930e-06
1.360840315101086162e-06
8.034802476686309092e-07
8.160413926816545427e-07
7.429369475175917614e-07
6.862366603854752611e-07
1.546719204270630144e-06
3.944300601688155439e-07
1.034385491038847249e-06
8.635389008304628078e-07
1.585669792802946176e-06
2.402848338078911183e-07
1.649582191021181643e-05
2.975651477754581720e-05
4.997248652216512710e-06
1.073590919986600056e-05
8.116046956274658442e-06
2.445043037369032390e-06
1.425579375791130587e-05
7.019162353572028223e-07
2.644069809321081266e-06
1.619490717530425172e-06
6.877707619423745200e-06
5.985390998830553144e-06
5.802731379844772164e-07
3.247560016461648047e-06
1.308077230532944668e-06
3.173011009494075552e-06
1.042868734657531604e-05
1.703933230601251125e-05
1.145907503996568266e-06
6.938918886589817703e-06
1.055136976901849266e-06
1.973812004507635720e-06
2.673577000678051263e-06
1.756551114340254571e-06
1.286187057303322945e-06
1.656012159401143435e-06
1.341498500551097095e-05
1.330719328507257160e-06
1.869109723884321284e-06
9.559023510519182310e-07
5.236542165221180767e-06
3.723556858403753722e-07
1.018307102640392259e-06
5.509981519935536198e-07
3.204815584467723966e-06
1.178050115413498133e-05
1.362208877253578976e-06
7.772354365442879498e-06
1.019562546389352065e-06
2.388055236224317923e-06
1.279082539440423716e-06
5.209668870520545170e-06
5.441891971713630483e-06
2.033504188148071989e-06
9.653931556385941803e-06
2.351623834329075180e-06
4.082312443642877042e-06
5.854593041476618964e-07
2.162421424145577475e-06
2.784986918413778767e-06
2.714361698963330127e-06
2.380757177888881415e-05
2.070297568934620358e-06
5.057051566836889833e-06
1.984659775189356878e-06
3.542329523043008521e-06
6.883655601086502429e-07
3.647101266324170865e-06
2.057588062598370016e-06
1.579692070663440973e-05
8.189095410671143327e-07
4.620616778083785903e-07
4.725144663098035380e-06
7.010335593804484233e-06
1.571705865899275523e-06
1.196033554151654243e-05
3.065158580284332857e-07
1.461265469515637960e-06
2.689352641027653590e-06
1.399684424541192129e-05
1.245827206730609760e-06
3.672482307592872530e-06
3.986462616012431681e-05
1.931285169121110812e-06
1.746476482367143035e-04
9.474175749346613884e-05
5.105417585582472384e-06
3.557486252248054370e-06
5.711308403988368809e-05
9.139992471318691969e-06
2.280380840602447279e-06
1.216153850691625848e-05
9.582070106262108311e-07
1.630681708775227889e-06
1.490412432758603245e-05
1.746835323501727544e-06
1.342914856650168076e-06
3.284572358097648248e-06
5.993550189486995805e-07
3.067511215704143979e-06
3.216085815438418649e-06
1.710846117930486798e-04
2.420166765659814700e-06
5.471225904329912737e-06
2.750462499534478411e-06
1.457181610931002069e-07
1.470590177632402629e-06
3.959592959290603176e-06
1.042970666276232805e-06
1.190598823086475022e-06
8.596695693086076062e-07
3.544688297552056611e-06
3.563515065252431668e-07
1.134571220973157324e-06
2.296294269399368204e-06
6.498921266029356048e-06
4.104252866454771720e-07
1.598223775545193348e-06
4.205113839361729333e-07
1.865184458438307047e-05
1.452898686693515629e-06
1.910111677716486156e-07
1.354636083306104410e-07
5.357569534680806100e-06
8.006004645721986890e-05
1.024074435918009840e-06
5.315990847520879470e-07
2.322937007193104364e-06
4.681771486048091901e-07
3.138116153422743082e-05
5.816826273985498119e-07
8.514707587892189622e-06
2.357081211812328547e-05
1.650600279390346259e-05
1.505018462921725586e-05
1.130252485381788574e-06
1.215844167745672166e-05
4.929275974063784815e-07
1.288830617340863682e-06
3.481950898276409134e-06
1.122382286666834261e-06
1.143882673204643652e-05
3.885293554048985243e-04
1.365661773888859898e-05
2.628795492398694478e-08
1.651687398407375440e-06
4.174650314325845102e-07
1.164102059192373417e-07
1.724669004943280015e-06
1.577696384629234672e-04
1.283247684114030562e-06
1.063125091604888439e-05
3.679746441775932908e-06
9.223141006486912374e-08
9.649074854678474367e-07
1.575842958345674560e-07
5.074454634268477093e-09
1.036301426893260214e-07
4.356526517312886426e-07
2.489676080585923046e-05
4.232729679642943665e-06
6.879472639411687851e-04
4.154457419645041227e-04
1.402888938173418865e-05
1.194413130178872962e-06
3.911942258127965033e-05
4.537293989415047690e-06
7.206710051832487807e-06
3.668301076231728075e-07
1.798817152121046092e-06
1.334219723503338173e-05
6.758762538083828986e-06
4.400590569275664166e-06
1.873470552027356462e-07
1.001835357783420477e-06
1.458245833418914117e-06
2.423585328870103694e-06
7.007340485642998829e-08
3.948640312501083827e-07
7.725449790996208321e-08
4.457359921161696548e-07
8.404034588238573633e-07
1.729182343979118741e-07
9.853010851657018065e-07
2.741266769135108916e-07
8.625384850802220171e-08
1.590178726473823190e-07
2.163408083788453951e-07
1.172786596725927666e-06
9.133722755905182566e-07
2.085520691252895631e-06
3.627355624757910846e-07
1.307826437368930783e-06
2.203582880611065775e-06
3.669041234388714656e-06
7.954842658364214003e-06
1.190759485325543210e-05
2.699965989449992776e-06
7.934664125741619500e-08
3.928985279344487935e-06
2.245393034172593616e-06
4.718185095953231212e-07
3.005096402830531588e-07
2.470388244546484202e-05
9.486126941737893503e-07
2.757976957923347072e-08
2.176213911297963932e-06
2.944719312836241443e-07
2.415970925540023018e-07
2.694357306154415710e-07
2.746372160800092388e-07
4.589174204738810658e-05
9.102739682020910550e-07
3.206911287634284236e-07
4.216304205328924581e-06
4.905759354301153508e-08
6.268994184210896492e-06
3.331098696435219608e-06
9.245610499419854023e-07
3.819052096787345363e-07
1.960887806490063667e-03
5.717872042509952735e-08
6.866114290460245684e-06
7.286134007244982058e-08
2.017752422034391202e-06
7.495983709304709919e-07
3.562789515854092315e-06
5.080762548459460959e-06
4.839313987758941948e-05
1.792065631889272481e-06
8.514284672855865210e-06
1.332944634668820072e-06
8.243927368312142789e-06
6.887389190524118021e-06
2.410338538538780995e-06
2.290927625381300459e-07
1.025696974465972744e-06
1.946729526025592349e-06
3.382639306437340565e-06
3.535087453201413155e-04
6.323289562715217471e-05
1.820189368118008133e-06
1.164638524642214179e-05
2.879318344639614224e-05
4.741604868740978418e-07
7.382102467090589926e-06
3.258912101955502294e-06
2.901607558669638820e-07
3.856376133626326919e-05
4.110465283702069428e-07
2.037972262769471854e-05
1.744910719025938306e-06
1.827745677474013064e-06
1.103408703784225509e-05
8.112456271192058921e-06
3.421726432861760259e-06
2.291890268679708242e-06
9.929954103427007794e-06
1.359946395496081095e-06
4.073649506608489901e-07
3.308766451937117381e-07
1.485902885178802535e-06
6.382575065799755976e-06
1.509455705672735348e-05
1.450043873774120584e-05
4.799728685611626133e-06
3.330533445478067733e-06
4.564035862131277099e-06
1.650838821660727262e-04
3.520506197673967108e-06
7.656190348370728316e-08
9.515429155726451427e-07
6.579113687621429563e-05
1.331940069349002442e-07
1.351580431219190359e-05
5.268179811537265778e-03
8.761811614022008143e-07
2.843994707291130908e-06
1.375093597744125873e-05
1.267248717340407893e-05
1.791201157175237313e-06
2.488019106294814264e-07
1.447935034093461582e-07
1.094669460144359618e-05
5.613476901089597959e-07
2.412910760085651418e-07
1.462616410208283924e-06
7.538164368270372506e-07
1.858049108705017716e-05
1.083302691995413625e-07
3.555485136530478485e-06
5.454668183801913983e-08
1.013766086543910205e-05
2.181853051297366619e-05
1.371775056213664357e-06
2.457115044762758771e-07
2.207541172083438141e-08
6.649543138337321579e-06
1.163904016721062362e-06
1.783425091161916498e-06
7.799307240929920226e-06
1.050900664267828688e-05
5.695080744771985337e-06
1.062699297449398728e-07
5.501331761479377747e-04
4.653632004192331806e-06
3.760779350159282330e-07
3.502245590425445698e-06
7.911751890787854791e-05
6.216015663085272536e-06
9.405729360878467560e-05
7.755561455269344151e-06
9.381423637933039572e-07
1.456501536267751362e-06
2.409674152659135871e-06
3.662248673208523542e-06
1.446682404093735386e-06
8.015646244530216791e-07
3.591806603253644425e-07
5.370268922888499219e-07
4.326762791606597602e-06
8.224244538723723963e-07
8.456155455860425718e-07
1.547544002278300468e-06
4.673636794905178249e-06
2.112608854076825082e-06
4.416226292960345745e-04
4.572576983719045529e-07
7.165942861320218071e-07
2.429927405955822906e-07
5.636264904751442373e-05
5.621263881039340049e-06
7.479862688342109323e-06
4.621452262654202059e-06
1.206689739774446934e-05
1.256061864296498243e-06
1.862941019226127537e-07
5.239127669483423233e-03
7.542418643424753100e-06
5.840812491442193277e-07
3.371538014107500203e-06
4.100047306110354839e-07
3.216795505522895837e-07
1.242661369360575918e-06
1.256619634659728035e-05
2.639664558046206366e-07
4.453849840047041653e-07
6.799404559387767222e-07
1.841959601733833551e-06
1.614779321243986487e-04
9.144413525064010173e-06
1.324828645010711625e-06
3.944144566503382521e-08
3.695330815389752388e-05
1.650858393986709416e-05
4.283948555894312449e-07
1.526967040263116360e-03
4.236765676068898756e-07
1.380444587084639352e-06
3.825137355306651443e-06
1.791041484011657303e-07
1.427624852112785447e-06
2.862129349523456767e-06
6.088803274906240404e-06
2.866709110094234347e-07
3.511826207613921724e-07
9.823892099802833400e-08
2.003674599109217525e-04
1.346485078101977706e-06
2.286308244947576895e-06
1.776607092551785172e-07
1.127136712852916389e-07
1.534378861833829433e-05
6.028283223713515326e-07
1.146907834481680766e-06
1.656148128859058488e-06
1.193006653465999989e-07
8.381056832149624825e-04
2.857644005871406989e-07
4.000477929366752505e-05
4.717265156273242610e-08
1.010135861179151107e-06
4.585120677802478895e-06
2.184213917644228786e-05
1.848026499828847591e-06
2.860617769329110160e-06
1.593290619439358125e-07
6.860236680950038135e-06
1.463466105633415282e-06
6.269525783864082769e-06
6.915598532941658050e-06
1.300794139069694211e-07
2.086238509946269915e-06
1.580717507749795914e-04
2.209316789958393201e-06
5.343516932043712586e-06
4.902663640677928925e-04
7.370600485501199728e-08
6.194185516505967826e-06
1.331786961600300856e-06
8.249117655623194878e-08
4.815566967408813071e-07
7.194479678673815215e-08
1.125966264226008207e-06
4.624909252015640959e-06
1.015857997117564082e-04
1.461125975765753537e-06
4.410506093677213357e-08
1.115904979087645188e-06
9.416894317837432027e-05
1.319349053119367454e-06
2.380058140261098742e-05
2.322927983300360211e-08
6.522198418679181486e-06
1.789275188457395416e-06
2.375752501393435523e-06
1.215820520883426070e-04
1.182104796271232772e-07
6.884272920615330804e-07
8.729380169825162739e-06
1.705000386209576391e-06
3.089514502789825201e-04
2.260228029626887292e-06
2.631275274325162172e-04
2.510096464902744628e-06
5.362389856600202620e-06
7.102451036189449951e-07
5.451460310723632574e-06
4.996099960408173501e-06
4.548616630017932039e-07
5.312027724357903935e-07
1.098441498470492661e-05
1.564918534313619602e-06
5.798289066660800017e-07
4.252101007296005264e-06
1.345338773717230652e-06
3.428803756833076477e-05
3.391635573279927485e-06
4.560577053780434653e-06
1.223870516042779855e-08
2.210769025623449124e-06
7.686160188313806430e-07
6.107381409492518287e-07
1.290705199608055409e-06
2.010086973314173520e-06
3.742127091754809953e-06
1.560289274493698031e-05
1.620745990749128396e-07
7.680821909161750227e-06
3.237656346755102277e-05
7.754633202239347156e-07
3.686216132336994633e-06
3.512712282827124000e-06
2.145087819371838123e-06
2.761995347100310028e-05
1.764297394402092323e-06
2.559226959419902414e-05
1.283480912661616458e-07
4.184713361610192806e-06
1.534537659608758986e-06
2.256401927525075735e-07
4.954148153046844527e-06
2.198139128495313344e-07
5.880434036953374743e-05
4.586395516525954008e-05
9.737301525092334487e-07
5.803563496442620817e-08
1.102297915167582687e-07
1.454906396247679368e-06
3.364745862199924886e-05
2.767141609183454420e-07
7.785407942719757557e-04
3.482684633127064444e-06
4.746771651298331562e-07
1.350213551631895825e-05
7.917185484984656796e-07
8.485544071845652070e-07
7.796770660206675529e-06
2.521561691537499428e-05
4.280108441889751703e-06
7.508855333071551286e-07
1.123603681207896443e-07
1.185274777526501566e-05
5.453498488350305706e-06
1.914390129968523979e-03
3.956502041546627879e-06
1.429529447705135681e-06
1.542922632324916776e-06
2.957671654257865157e-07
3.440182263148017228e-05
4.500130046380945714e-08
2.190345639974111691e-06
3.652889901673006534e-08
5.782787866337457672e-07
1.310135218091090792e-07
1.102045601442114275e-07
1.035544755723094568e-05
1.467902766307815909e-04
2.933499308710452169e-05
4.815022691673220834e-08
1.105296519199328031e-06
2.656686585396528244e-03
5.359562692319741473e-06
2.176140333176590502e-05
4.439997155714081600e-06
2.690961409825831652e-04
3.252450824220431969e-06
3.427778239029066754e-08
1.285535859096853528e-06
4.935946549267100636e-07
8.792125782974835602e-08
6.312422556220553815e-06
7.596997875225497410e-07
8.058880666794721037e-06
1.590007377672009170e-05
3.115242463991307886e-07
2.701883749978151172e-05
3.190580173395574093e-04
2.275260840178816579e-06
1.051446597557514906e-04
5.122406605551077519e-07
7.015064056759001687e-06
6.052524099686706904e-07
1.667124934101593681e-06
1.320214414590736851e-05
1.226542372023686767e-05
3.164514782838523388e-05
5.305572585712070577e-07
1.659833856137993280e-06
1.979847468192019733e-07
3.973330240114592016e-05
2.411200306084992917e-08
1.210187383549055085e-05
5.676089858752675354e-05
7.024211663519963622e-05
9.240343956662400160e-08
2.505930069673922844e-06
5.663320479243338923e-08
3.012236675203894265e-06
4.875164449913427234e-08
3.784396994888084009e-06
6.097115488046256360e-07
2.359892476988534327e-07
5.157631312613375485e-05
1.939519308507442474e-03
1.003731213700120861e-07
9.640986718295607716e-06
7.068691161293827463e-07
4.317978437029523775e-06
1.739485071539093042e-07
4.963683863934420515e-07
1.462632462789770216e-05
1.674277996244200040e-07
3.303935955045744777e-05
2.128217056451831013e-05
3.016862365257111378e-06
4.309661960633093258e-07
3.413312583688821178e-07
4.576870082928508054e-07
4.893360596724960487e-07
2.956495700345840305e-05
6.144364306237548590e-06
3.098116394539829344e-06
7.609277417941484600e-06
1.084775476556387730e-06
4.181717486062552780e-06
1.182062078441958874e-05
9.071425301954150200e-04
1.351874789889961903e-08
2.559255847245367477e-07
1.674531176831806079e-06
4.067262580065289512e-06
3.761394509638193995e-06
5.816746124764904380e-06
1.748102658893913031e-05
1.043228803609963506e-05
6.518389454868156463e-07
8.335946404258720577e-07
1.021855496219359338e-05
2.967761429317761213e-05
5.457780389406252652e-06
3.534441646024788497e-07
8.384629950342059601e-07
9.134707943303510547e-05
5.044568638368218672e-07
3.230641141271917149e-06
2.093099027433709125e-07
1.085540770873194560e-05
6.650396358054422308e-07
2.856521348348906031e-07
1.629027082117318059e-07
1.010948267321509775e-06
7.988734068931080401e-06
2.595748185285629006e-07
6.616602331632748246e-05
1.465897980779118370e-06
2.882448825403116643e-06
1.148618707702553365e-06
1.774829070200212300e-05
9.103308912017382681e-06
7.912298315204679966e-06
2.096896196235320531e-06
4.832999911741353571e-05
3.023320971351495245e-07
2.034761109825922176e-06
6.173211772875220049e-07
7.971598847689165268e-07
1.390715078741777688e-05
2.217243633140242309e-07
3.710926102939993143e-05
1.658951447325307527e-07
1.642799907131120563e-05
1.379990426357835531e-04
2.006814756896346807e-04
1.634491636650636792e-04
8.811079169390723109e-06
6.142433903733035550e-07
9.110112841881345958e-07
5.697677843272686005e-04
2.258452468595351093e-06
1.314240535066346638e-06
4.698497832578141242e-06
4.685595058617764153e-07
1.119736225518863648e-06
1.627980195095801719e-09
7.326058693024606328e-08
1.317206852036179043e-06
1.523659830127144232e-05
6.734117050655186176e-05
1.738699793349951506e-04
7.010552508290857077e-05
8.378574420930817723e-06
3.804885636782273650e-05
7.170269964262843132e-05
5.279009087644226383e-07
1.065769629349233583e-05
9.988593774323817343e-06
4.022308075946057215e-06
8.970883982328814454e-07
5.913061613682657480e-07
2.529642370063811541e-04
3.806360382441198453e-06
3.850196662824600935e-06
3.000813421749626286e-06
5.771281394117977470e-06
1.538266042189206928e-05
2.227870254500885494e-06
1.414309394931478892e-06
4.450100732356077060e-07
3.927174248019582592e-07
4.796640041604405269e-06
2.676191797945648432e-06
3.326382795876270393e-07
4.988515684090089053e-06
9.273145406041294336e-05
2.824020339176058769e-05
1.946233969647437334e-04
5.130198701408517081e-07
2.321169858987559564e-06
1.926946140429208754e-07
4.792957042809575796e-05
2.326146919529037405e-08
1.297732410421303939e-07
1.407713057233195286e-06
6.263382601900957525e-06
7.343388688241248019e-07
2.183036413043737411e-04
3.033411815067665884e-07
1.971740402950672433e-06
3.657943068446911639e-07
2.047072626965018571e-07
5.505485773937834892e-07
2.562716758802707773e-07
1.921037212014198303e-02
5.940947289673204068e-08
1.155435256805503741e-05
6.583682079508434981e-07
1.226664494424767327e-06
3.225049454158579465e-07
1.558827165126785985e-07
2.564878229804889997e-07
2.611948912090156227e-05
3.043906460220568988e-08
3.423160706006456167e-07
2.997772753587923944e-06
2.421873205094016157e-06
8.774853199611243326e-08
3.171061280227149837e-07
1.827301457524299622e-04
8.232091204263269901e-07
7.111265404091682285e-06
2.123214699167874642e-06
1.878084844975091983e-06
5.276500360196223482e-06
6.197148536557506304e-07
2.069216691324982094e-07
2.684851460799109191e-05
3.431996447034180164e-05
9.721220521896611899e-07
2.062255816781544127e-06
2.237426315332413651e-06
8.781873621046543121e-04
1.443821838620351627e-05
7.149280349949549418e-07
1.651876518735662103e-04
1.715781365874136100e-07
4.144958893448347226e-06
2.764308817404526053e-07
4.622576398105593398e-06
2.117836629622615874e-05
7.265034128067782149e-06
9.037989912030752748e-06
5.232870535110123456e-05
2.858934600169504847e-08
1.052405641530640423e-04
6.786409358028322458e-05
8.468778105452656746e-05
1.960146391866146587e-06
1.398392851115204394e-05
2.759382141448440962e-06
4.867550160270184278e-06
8.833471656544134021e-05
7.162628890000632964e-07
3.710583041538484395e-05
1.501684437243966386e-06
1.029095244575728429e-07
1.007937589747598395e-05
1.817547890823334455e-04
5.183529853820800781e-01
1.555982307763770223e-04
5.121146328747272491e-03
5.569955101236701012e-04
8.232865482568740845e-02
1.449175775051116943e-01
2.067987952614203095e-05
4.462179262191057205e-03
6.931733223609626293e-04
1.416674494976177812e-04
5.399944711825810373e-06
3.221439328626729548e-06
8.781981887295842171e-04
2.823589835315942764e-03
3.732737241080030799e-05
7.299627759493887424e-04
2.326611866010352969e-05
3.242538878112100065e-05
1.212296119774691761e-04
3.484103217488154769e-06
1.511861046310514212e-04
4.431384732015430927e-04
2.302715583937242627e-04
2.402093514319858514e-06
2.263102214783430099e-04
3.051130624953657389e-05
4.511474817991256714e-02
6.565963121829554439e-05
4.054387318319641054e-05
1.081590773537755013e-03
4.165738209849223495e-05
1.209012480103410780e-04
3.857499450532486662e-06
4.516341257840394974e-03
1.742792846926022321e-05
3.047405243705725297e-07
5.685180440195836127e-05
8.957262337207794189e-02
2.384365536272525787e-03
2.658056328073143959e-03
2.859184496628586203e-05
6.806859892094507813e-05
4.823583585675805807e-04
1.435366924852132797e-02
5.570664507104083896e-05
2.456663409247994423e-03
1.014729961752891541e-03
6.720650708302855492e-05
9.673972817836329341e-05
1.354665146209299564e-04
4.514661486609838903e-05
9.990017861127853394e-05
4.156062204856425524e-04
4.485247700358740985e-05
3.323969940538518131e-05
7.324512116611003876e-04
1.926306053064763546e-03
3.311506588943302631e-04
5.449887794384267181e-07
6.523545016534626484e-05
5.809320100524928421e-07
2.123792000929825008e-06
2.914730202974169515e-06
4.569124598674534354e-07
1.438251201761886477e-04
5.080510163679718971e-06
2.506633973098360002e-05
1.845477981987642124e-06
1.618313399376347661e-05
2.802881454044836573e-06
2.472747837600763887e-05
2.039288483501877636e-05
1.011514104902744293e-03
2.585304318927228451e-04
5.990616500639589503e-06
9.945340570993721485e-05
4.515046839514980093e-06
