1.014833807945251465e+00
3.620659828186035156e+00
-3.292901754379272461e+00
-1.439165472984313965e+00
1.707854151725769043e+00
-3.458338260650634766e+00
-9.013226032257080078e-01
-1.481193423271179199e+00
-1.254718422889709473e+00
-2.730422973632812500e+00
1.358631849288940430e-01
7.638068199157714844e-01
-8.869725465774536133e-01
-1.531342983245849609e+00
-5.037061572074890137e-01
-5.605266094207763672e-01
-4.138752818107604980e-01
-9.230546951293945312e-01
1.431201100349426270e-01
-2.853432893753051758e+00
-2.146882057189941406e+00
1.414012193679809570e+00
3.672146201133728027e-01
-1.497002601623535156e+00
-1.860192894935607910e+00
-3.063157320022583008e+00
-7.983486056327819824e-01
-2.777035236358642578e+00
-1.171588420867919922e+00
-1.939274430274963379e+00
-1.911075592041015625e+00
-8.696182966232299805e-01
-3.563115119934082031e+00
-1.618298411369323730e+00
-2.568696260452270508e+00
-5.314295291900634766e-01
8.810746669769287109e-01
-1.508976459503173828e+00
-6.274049282073974609e-01
-2.758989572525024414e+00
5.484025180339813232e-02
-9.321854114532470703e-01
-2.999064207077026367e+00
-1.917552947998046875e+00
-1.673678755760192871e+00
2.119416952133178711e+00
-3.314914703369140625e+00
-7.154309749603271484e-01
7.366814017295837402e-01
-2.182694911956787109e+00
1.472722530364990234e+00
-4.060224294662475586e-01
1.990194320678710938e-01
-1.184481382369995117e+00
7.909607887268066406e-02
2.883637428283691406e+00
-1.318566799163818359e+00
-5.024390697479248047e+00
3.686721086502075195e+00
-7.318717241287231445e-01
1.967605829238891602e+00
2.666403293609619141e+00
1.767016172409057617e+00
-1.571393251419067383e+00
1.822743654251098633e+00
-7.080495357513427734e-02
1.652115225791931152e+00
-2.563902616500854492e+00
-1.441174626350402832e+00
-2.890590667724609375e+00
-2.884743690490722656e+00
-1.863333821296691895e+00
-1.264757871627807617e+00
2.887197136878967285e-01
1.911531448364257812e+00
-9.813489913940429688e-01
-1.403337359428405762e+00
-3.486036062240600586e-01
4.721294045448303223e-01
-3.319986581802368164e+00
1.907523751258850098e+00
-2.771742820739746094e+00
-1.369477748870849609e+00
-6.720533370971679688e-01
1.434724211692810059e+00
-2.259243488311767578e+00
3.259623050689697266e-01
-1.724972844123840332e+00
1.589555025100708008e+00
6.465073227882385254e-01
9.887631535530090332e-01
-6.601689457893371582e-01
1.447407841682434082e+00
6.306007504463195801e-01
1.765041589736938477e+00
-2.687438964843750000e+00
3.348777294158935547e+00
1.286799550056457520e+00
-1.282895088195800781e+00
1.088438510894775391e+00
-8.904328346252441406e-01
-6.288798451423645020e-01
-5.184614658355712891e+00
2.059302091598510742e+00
-4.999915599822998047e+00
-3.659098148345947266e+00
-2.487601757049560547e+00
1.291579604148864746e+00
1.311116933822631836e+00
1.835486412048339844e+00
-9.836567640304565430e-01
1.820129275321960449e+00
-5.999063849449157715e-01
1.594468235969543457e+00
-2.909041643142700195e+00
-1.352821826934814453e+00
-1.079933047294616699e+00
3.331445217132568359e+00
-3.427786827087402344e-01
-4.093659400939941406e+00
-2.323385477066040039e+00
-4.309209346771240234e+00
-1.535634517669677734e+00
-4.941406726837158203e+00
-2.880466461181640625e+00
-8.998396396636962891e-01
5.572601556777954102e-01
1.638474464416503906e-01
-1.830673217773437500e-01
-1.181515455245971680e+00
7.130300998687744141e-01
3.049248456954956055e-01
2.478709220886230469e+00
1.004174709320068359e+00
-1.336721897125244141e+00
1.037000775337219238e+00
-2.853317737579345703e+00
-1.098692893981933594e+00
-1.219841718673706055e+00
-2.381632089614868164e+00
-9.825793504714965820e-01
-9.602622985839843750e-01
2.424533367156982422e-01
-1.667747378349304199e+00
3.024117946624755859e+00
-2.388359785079956055e+00
-4.245008945465087891e+00
-3.767174720764160156e+00
-1.230953454971313477e+00
-2.886014282703399658e-01
6.111063361167907715e-01
9.871730804443359375e-01
-2.441274642944335938e+00
-4.559643268585205078e-01
-2.468045473098754883e+00
-1.371746957302093506e-01
-7.452005743980407715e-01
-1.146305799484252930e+00
-9.315159916877746582e-01
5.800611972808837891e-01
-2.633911371231079102e-02
-1.262639760971069336e+00
-1.432242393493652344e+00
-1.041164994239807129e+00
1.552106589078903198e-01
-3.813965797424316406e+00
1.408148407936096191e-01
-4.105541229248046875e+00
-7.276078462600708008e-01
-2.230412244796752930e+00
-3.571872711181640625e-01
-5.613738894462585449e-01
1.108109474182128906e+00
-5.914316177368164062e-01
-4.130785465240478516e+00
-3.651087999343872070e+00
-1.987896561622619629e+00
-2.387177944183349609e+00
-3.977262377738952637e-01
3.241671621799468994e-01
-3.625189304351806641e+00
-6.537055969238281250e-01
2.585887908935546875e-01
-8.441594839096069336e-01
-1.856181979179382324e+00
2.017848014831542969e+00
-2.189953088760375977e+00
-3.402034640312194824e-01
-7.579525709152221680e-01
-8.580176234245300293e-01
-1.061303734779357910e+00
-1.654470443725585938e+00
1.093839406967163086e+00
-6.787616014480590820e-01
-4.509673595428466797e+00
6.739914417266845703e-02
-5.571270585060119629e-01
3.938651084899902344e-01
-1.530159831047058105e+00
1.305683374404907227e+00
-1.160680174827575684e+00
1.181322574615478516e+00
1.022774100303649902e+00
2.556154489517211914e+00
1.574697971343994141e+00
3.943079113960266113e-01
9.648351073265075684e-01
-6.756492853164672852e-01
-2.029483020305633545e-01
2.383040666580200195e+00
-2.109837532043457031e+00
1.298311352729797363e-01
-1.662211298942565918e+00
-1.167108058929443359e+00
-2.680006265640258789e+00
9.490280151367187500e-01
1.210299730300903320e-01
3.713795244693756104e-01
-1.143200397491455078e+00
-9.748157858848571777e-02
-1.691239953041076660e+00
2.539901971817016602e+00
1.109649300575256348e+00
1.919125199317932129e+00
-6.278645992279052734e-01
-1.448826193809509277e+00
-5.539168715476989746e-01
-2.842813134193420410e-01
-7.084243893623352051e-01
-5.016640424728393555e-01
-1.986890077590942383e+00
4.814681708812713623e-01
-1.184859275817871094e+00
-8.591366410255432129e-01
2.815456092357635498e-01
-1.550629138946533203e+00
-3.407482385635375977e+00
1.584347486495971680e+00
-9.007270336151123047e-01
-2.550540685653686523e+00
1.692708492279052734e+00
-2.609930992126464844e+00
4.672398269176483154e-01
7.495748400688171387e-01
-4.041388034820556641e+00
-1.986110329627990723e+00
-1.539073705673217773e+00
1.585524559020996094e+00
1.036908984184265137e+00
9.648855924606323242e-01
-1.824874877929687500e+00
2.071681976318359375e+00
-2.975428342819213867e+00
1.241764545440673828e+00
-4.204889833927154541e-01
-3.004274368286132812e-01
-2.197933673858642578e+00
-2.130903720855712891e+00
2.292691469192504883e-01
-8.667975068092346191e-01
-1.651939392089843750e+00
-2.625570535659790039e+00
-1.174021244049072266e+00
-2.309245109558105469e+00
3.886301279067993164e+00
-7.942522764205932617e-01
-1.110580444335937500e+00
-6.286425590515136719e-01
-2.107082366943359375e+00
-1.904557585716247559e+00
-2.439419746398925781e+00
-1.548235118389129639e-01
-2.744203805923461914e+00
-2.174799680709838867e+00
1.953549385070800781e+00
-2.136941909790039062e+00
-3.031454324722290039e+00
-1.844082832336425781e+00
-3.630312442779541016e+00
-2.685679197311401367e+00
-1.179766535758972168e+00
-5.808468461036682129e-01
-1.317692756652832031e+00
1.818660020828247070e+00
-4.552749991416931152e-01
-1.203982710838317871e+00
7.894592285156250000e-01
-4.293158054351806641e+00
-5.275416374206542969e-01
-3.110597133636474609e+00
1.461632966995239258e+00
-3.109015464782714844e+00
6.292909383773803711e-01
-3.332413911819458008e+00
-1.775154471397399902e+00
-2.446075975894927979e-01
-8.451276421546936035e-01
-2.320954561233520508e+00
-4.300209522247314453e+00
-5.494365692138671875e+00
-4.571053028106689453e+00
-5.476796627044677734e-01
-4.409197807312011719e+00
-8.778895139694213867e-01
-1.634276628494262695e+00
-2.825858592987060547e+00
-6.576464772224426270e-01
-2.176535606384277344e+00
-4.297209978103637695e-01
1.074925661087036133e+00
2.955089569091796875e+00
-3.016810178756713867e+00
-2.617426156997680664e+00
5.310170650482177734e-01
1.602182626724243164e+00
-1.088252186775207520e+00
-2.545163154602050781e+00
-1.024759531021118164e+00
-3.512619972229003906e+00
-1.188142061233520508e+00
-3.521762847900390625e+00
3.629961013793945312e-01
-2.228244543075561523e+00
-2.879834175109863281e-02
-3.292707920074462891e+00
-3.009807348251342773e+00
-2.239831447601318359e+00
-1.598075270652770996e+00
-4.239785671234130859e+00
-2.266047239303588867e+00
-2.297195434570312500e+00
-4.364537715911865234e+00
9.637136459350585938e-01
-1.609725877642631531e-02
-4.232281684875488281e+00
-4.471512794494628906e+00
-2.517482280731201172e+00
-1.034385204315185547e+00
-1.410314798355102539e+00
-2.662013769149780273e-01
6.367383003234863281e-01
8.442881107330322266e-01
-1.223190069198608398e+00
-1.496786832809448242e+00
-2.942020297050476074e-01
2.002728223800659180e+00
3.838856935501098633e+00
2.387473106384277344e+00
-1.108357429504394531e+00
-7.634716033935546875e-01
-2.935583114624023438e+00
-2.925868034362792969e+00
-5.261960506439208984e+00
-2.637879848480224609e+00
3.309020996093750000e+00
-1.907005429267883301e+00
-3.059400558471679688e+00
-5.899314880371093750e-01
-1.072219729423522949e+00
-2.466517686843872070e+00
3.828919827938079834e-01
-5.494090914726257324e-01
-4.825426578521728516e+00
-2.800655603408813477e+00
-4.788786470890045166e-01
-1.857761859893798828e+00
-1.880750298500061035e+00
-4.290215492248535156e+00
-2.946743011474609375e+00
-1.189963698387145996e+00
-2.477617263793945312e+00
-4.408714771270751953e+00
-6.436801910400390625e+00
-4.405588150024414062e+00
-1.635972142219543457e+00
-1.940800428390502930e+00
3.882466554641723633e-01
-1.986114263534545898e+00
-2.592597961425781250e+00
-1.894712597131729126e-01
-1.398851394653320312e+00
5.952800512313842773e-01
-2.567908287048339844e+00
5.255063176155090332e-01
-1.042218685150146484e+00
8.714017271995544434e-01
-1.159643411636352539e+00
1.022150039672851562e+00
-8.282482624053955078e-01
-1.226895570755004883e+00
-3.554727792739868164e+00
2.618056774139404297e+00
7.261103391647338867e-01
5.845046043395996094e-01
-2.564064979553222656e+00
7.519583106040954590e-01
2.423217773437500000e+00
-2.849924087524414062e+00
3.737225532531738281e+00
1.172415256500244141e+00
-1.622508406639099121e+00
-3.557613372802734375e+00
4.092589020729064941e-01
1.660955190658569336e+00
2.574297904968261719e+00
7.573297500610351562e+00
1.754685401916503906e+00
2.978986024856567383e+00
1.115754961967468262e+00
1.030211091041564941e+00
4.175271034240722656e+00
1.633513450622558594e+00
-1.948397159576416016e+00
1.405185818672180176e+00
1.943220138549804688e+00
4.537191390991210938e+00
1.265597105026245117e+00
3.891026020050048828e+00
-2.508938312530517578e-02
2.969929695129394531e+00
-6.539535522460937500e-02
-6.336042881011962891e-01
-2.176389455795288086e+00
-1.584694147109985352e+00
2.575198650360107422e+00
3.227275609970092773e+00
3.878348469734191895e-01
9.194175004959106445e-01
1.647586226463317871e+00
1.135353922843933105e+00
-1.085708498954772949e+00
7.269319295883178711e-01
-1.777403235435485840e+00
2.179974794387817383e+00
3.711803674697875977e+00
1.494196534156799316e+00
2.318044900894165039e+00
8.135465979576110840e-01
-1.717472791671752930e+00
-3.962445497512817383e+00
-2.436194896697998047e+00
1.313280344009399414e+00
8.406375050544738770e-01
6.015727519989013672e+00
6.589434146881103516e-01
-2.854472875595092773e+00
4.560729980468750000e+00
2.077090501785278320e+00
1.412123441696166992e-01
2.875403881072998047e+00
4.519133567810058594e+00
-2.387000083923339844e+00
-5.520674586296081543e-01
-1.369286060333251953e+00
5.138266086578369141e-02
1.298502087593078613e+00
-3.966909646987915039e+00
2.401241064071655273e-01
-6.448693275451660156e-01
-9.430974721908569336e-02
1.857109546661376953e+00
-2.249080181121826172e+00
-1.772455334663391113e+00
1.270383834838867188e+00
9.569361209869384766e-01
2.150664567947387695e+00
-3.176231384277343750e-01
-1.764847397804260254e+00
1.216834068298339844e+00
-2.504462242126464844e+00
-2.550089359283447266e-01
-1.156065225601196289e+00
3.332525253295898438e+00
-3.119574546813964844e+00
1.792484283447265625e+00
3.016219377517700195e+00
2.963453769683837891e+00
-6.192099094390869141e+00
5.266427993774414062e+00
-2.179723739624023438e+00
3.934177160263061523e-01
-8.001205921173095703e-01
-4.668990135192871094e+00
2.460056304931640625e+00
7.083525657653808594e-01
-9.608197212219238281e-01
5.585296750068664551e-01
2.788396835327148438e+00
1.521773457527160645e+00
4.582187652587890625e+00
1.277168750762939453e+00
-2.005864620208740234e+00
1.125162601470947266e+00
1.199504852294921875e+00
-2.221245765686035156e+00
-1.245699375867843628e-01
6.082745194435119629e-01
2.074441432952880859e+00
3.098688840866088867e+00
-3.802020311355590820e+00
4.661727428436279297e+00
-4.036329388618469238e-01
2.628109931945800781e+00
-2.068333148956298828e+00
1.316484212875366211e+00
-7.298820614814758301e-01
4.318500518798828125e+00
9.119840264320373535e-01
-1.759420633316040039e+00
1.764103889465332031e+00
3.252946376800537109e+00
-3.477437496185302734e-01
-6.072572708129882812e+00
-7.036742568016052246e-01
-1.040997028350830078e+00
-4.708147644996643066e-01
2.822325706481933594e+00
2.326580524444580078e+00
2.177632331848144531e+00
4.235173225402832031e+00
3.884035587310791016e+00
8.985173702239990234e-01
-7.070498466491699219e-01
1.041452407836914062e+00
-3.507665157318115234e+00
8.786146640777587891e-01
7.721194028854370117e-01
4.975965321063995361e-01
-3.654210329055786133e+00
2.957370281219482422e+00
3.757459640502929688e+00
4.129841029644012451e-01
1.156805157661437988e+00
2.882687330245971680e+00
-6.626541018486022949e-01
-8.905163764953613281e+00
2.764394521713256836e+00
2.313239574432373047e-01
2.490422487258911133e+00
5.199486255645751953e+00
-2.212419033050537109e+00
-1.054033398628234863e+00
1.704926490783691406e+00
7.815225124359130859e-01
-5.437256097793579102e-01
-7.850662469863891602e-01
5.393579602241516113e-01
-8.022857904434204102e-01
-3.075625896453857422e+00
6.751278400421142578e+00
-6.922401428222656250e+00
-1.843375682830810547e+00
2.587617039680480957e-01
1.965051174163818359e+00
1.257081985473632812e+00
2.070836305618286133e+00
6.620528221130371094e+00
2.804059982299804688e+00
-2.300819456577301025e-01
2.992151498794555664e+00
-1.643094062805175781e+00
-9.008032083511352539e-01
3.839022397994995117e+00
-2.143162727355957031e+00
2.030403614044189453e+00
5.798521995544433594e+00
-4.323206901550292969e+00
-4.586951732635498047e+00
-3.212818145751953125e+00
1.872939825057983398e+00
-5.328630208969116211e-01
-6.165251731872558594e+00
2.167565107345581055e+00
1.646409988403320312e+00
-2.514767408370971680e+00
-1.182454347610473633e+00
1.317361235618591309e+00
8.072686791419982910e-01
4.274512827396392822e-01
1.612455844879150391e+00
5.980140686035156250e+00
-2.472349166870117188e+00
-3.733056783676147461e-01
-3.030376672744750977e+00
1.571386814117431641e+00
-2.221627473831176758e+00
1.823809623718261719e+00
-2.782391548156738281e+00
4.057219028472900391e+00
4.909979104995727539e-01
-2.788263261318206787e-01
5.077026367187500000e+00
6.611704826354980469e-03
-2.383943796157836914e-01
-1.370226860046386719e+00
-9.876675605773925781e-01
-7.420873641967773438e-01
-2.554724216461181641e+00
3.159359693527221680e+00
4.331738948822021484e+00
7.639716267585754395e-01
7.063302397727966309e-01
1.543369591236114502e-01
7.601866722106933594e-01
-2.039282619953155518e-01
-5.984248220920562744e-02
3.074011564254760742e+00
-1.449791193008422852e+00
1.682599782943725586e+00
8.109433650970458984e-01
2.689028263092041016e+00
1.108708286285400391e+01
1.370738744735717773e+00
5.689644813537597656e-01
3.028939008712768555e+00
-1.521846771240234375e+00
2.812347412109375000e+00
-2.530565857887268066e-01
4.140233099460601807e-01
3.389709234237670898e+00
2.880285739898681641e+00
5.176490545272827148e-01
-2.007964611053466797e+00
-1.662772178649902344e+00
-1.029826045036315918e+00
2.482432842254638672e+00
-4.728212356567382812e+00
-2.127019405364990234e+00
3.014391422271728516e+00
-1.440128326416015625e+00
3.226873874664306641e+00
5.036219954490661621e-01
9.425751566886901855e-01
6.771893501281738281e-01
1.306081771850585938e+00
-2.435479164123535156e+00
2.950885057449340820e+00
4.785526275634765625e+00
2.071356534957885742e+00
1.823014736175537109e+00
-2.762285232543945312e+00
-8.725441694259643555e-01
6.876496076583862305e-01
-2.007160186767578125e+00
-6.142947673797607422e-01
2.863203525543212891e+00
4.128865242004394531e+00
1.333366632461547852e+00
-2.326020240783691406e+00
-3.792372226715087891e+00
-5.536860227584838867e-01
3.879679203033447266e+00
7.082721590995788574e-01
2.401065587997436523e+00
3.193916559219360352e+00
5.653089880943298340e-01
2.178030490875244141e+00
1.532161235809326172e+00
1.806028962135314941e+00
6.956740021705627441e-01
4.045641422271728516e+00
-1.635474205017089844e+00
-1.437106609344482422e+00
2.737252712249755859e+00
4.679844856262207031e+00
1.544157981872558594e+00
-4.730234622955322266e+00
-1.387864232063293457e+00
4.269191741943359375e+00
5.490211963653564453e+00
1.955599069595336914e+00
2.443022966384887695e+00
3.521858930587768555e+00
-1.068064451217651367e+00
-3.261837005615234375e+00
1.416426658630371094e+00
-5.516379833221435547e+00
-1.131963849067687988e+00
8.066237568855285645e-01
4.013617336750030518e-01
-2.472695112228393555e-01
-1.524913311004638672e-01
8.645453453063964844e-01
1.550793647766113281e+00
-3.715523958206176758e+00
-2.273270487785339355e-01
-6.713466644287109375e+00
4.896475374698638916e-02
1.511384487152099609e+00
-1.808172702789306641e+00
-1.352738380432128906e+00
1.161807179450988770e+00
2.093351602554321289e+00
1.520586729049682617e+00
-7.616136670112609863e-01
2.147314786911010742e+00
3.925408124923706055e-01
6.800271272659301758e-01
1.896344304084777832e+00
8.071525096893310547e-01
3.630349636077880859e+00
4.112881660461425781e+00
-3.370141983032226562e-02
8.800445795059204102e-01
1.267376184463500977e+00
2.618347406387329102e+00
2.167333602905273438e+00
-1.966368198394775391e+00
-8.183614611625671387e-01
3.307112216949462891e+00
1.126925945281982422e+00
-4.672256708145141602e-01
-1.756790876388549805e-01
9.800375103950500488e-01
5.507740974426269531e-01
-5.382900238037109375e+00
3.676942825317382812e+00
-5.865608453750610352e-01
1.042578220367431641e+00
-2.422584533691406250e+00
-4.122438907623291016e+00
5.113378524780273438e+00
-3.227692842483520508e-01
7.399556040763854980e-01
1.004696726799011230e+00
-1.191245093941688538e-01
-4.787241935729980469e+00
3.190391540527343750e+00
1.692065596580505371e-01
-1.019587278366088867e+00
7.619037032127380371e-01
1.266115188598632812e+00
-1.079418659210205078e+00
-3.226391077041625977e-01
-1.427418231964111328e+00
5.047706365585327148e-01
7.191440463066101074e-01
3.276368081569671631e-01
4.090992450714111328e+00
1.867513060569763184e+00
-2.589574813842773438e+00
4.577969551086425781e+00
-2.104884386062622070e-01
3.861242771148681641e+00
-7.132619023323059082e-01
2.113832086324691772e-01
2.182999610900878906e+00
-8.012965321540832520e-02
2.793224811553955078e+00
3.867312073707580566e-01
7.363210201263427734e+00
2.972281932830810547e+00
-7.972807884216308594e-01
2.035255908966064453e+00
-2.566941499710083008e+00
3.983914852142333984e-01
6.281222105026245117e-01
7.136168479919433594e-01
8.363284170627593994e-02
1.844072699546813965e+00
4.662406444549560547e-01
-9.246199131011962891e-01
5.156890392303466797e+00
-3.213350534439086914e+00
-1.879110932350158691e-01
5.149823427200317383e-01
-2.496536970138549805e+00
-5.652462244033813477e-01
2.113362073898315430e+00
-7.220014333724975586e-01
1.835747957229614258e+00
-2.543665468692779541e-01
-4.805575609207153320e-01
-1.725764513015747070e+00
9.672223329544067383e-01
1.248723745346069336e+00
-3.679488301277160645e-01
-1.646342277526855469e+00
-1.554442346096038818e-01
1.702896237373352051e+00
-7.167357206344604492e-01
-4.843001961708068848e-01
3.687371253967285156e+00
-6.023738384246826172e-01
-1.532001256942749023e+00
2.042341947555541992e+00
6.975134015083312988e-01
-1.396761894226074219e+00
4.334322452545166016e+00
2.922292947769165039e+00
1.937052607536315918e+00
1.765728950500488281e+00
7.160518169403076172e-01
8.482493162155151367e-01
4.139449119567871094e+00
1.776525139808654785e+00
7.554692625999450684e-01
2.019885540008544922e+00
-1.991629362106323242e+00
1.003648996353149414e+00
-1.015722155570983887e-01
-3.007715940475463867e+00
3.367806911468505859e+00
3.491624116897583008e+00
-2.387329101562500000e+00
-2.281665802001953125e-02
1.240294218063354492e+00
-1.240995645523071289e+00
-4.719439744949340820e-01
1.475636512041091919e-01
-3.255097866058349609e+00
-2.549233675003051758e+00
-3.685660660266876221e-02
-5.815047264099121094e+00
9.186663627624511719e-01
4.790461063385009766e+00
-2.778478860855102539e+00
8.346546292304992676e-01
3.638439655303955078e+00
2.204877138137817383e+00
3.036987781524658203e-02
2.763092517852783203e-02
1.664316415786743164e+00
-3.186623096466064453e+00
-2.877680063247680664e-01
2.491532564163208008e-01
-6.108842492103576660e-01
-2.515679359436035156e+00
-1.102157950401306152e+00
1.708924770355224609e+00
-1.086259245872497559e+00
5.657527923583984375e+00
4.965721130371093750e+00
-6.345739364624023438e-01
7.600352168083190918e-01
-2.434936523437500000e+00
1.846862912178039551e+00
4.017435550689697266e+00
-1.938824415206909180e+00
2.913076400756835938e+00
-8.274108171463012695e-03
6.661617159843444824e-01
-1.655116677284240723e+00
1.970458745956420898e+00
-1.656891107559204102e+00
-4.114264249801635742e-01
-1.048000097274780273e+00
6.919716596603393555e-01
-2.821634531021118164e+00
-1.121079921722412109e-02
2.590341567993164062e-01
7.168971538543701172e+00
-8.778412938117980957e-01
1.710473895072937012e-01
4.826320648193359375e+00
-9.981384873390197754e-01
-2.191179275512695312e+00
-9.075613021850585938e-01
5.029942035675048828e+00
-6.315057277679443359e-01
-7.780396342277526855e-01
2.460816144943237305e+00
-7.091484069824218750e-01
5.719052553176879883e-01
1.470455527305603027e+00
1.323302268981933594e+00
5.675113201141357422e-01
1.189186930656433105e+00
5.906485557556152344e+00
-1.563107490539550781e+00
-4.093358516693115234e-01
5.103670358657836914e-01
6.317802071571350098e-01
5.902798771858215332e-01
-1.177188277244567871e+00
1.020468592643737793e+00
3.041666984558105469e+00
-3.432524204254150391e-01
-1.653673410415649414e+00
3.572098493576049805e+00
6.248594522476196289e-01
2.740859985351562500e-02
3.279521942138671875e+00
3.524195909500122070e+00
-7.843453884124755859e-01
2.615618228912353516e+00
-1.665469169616699219e+00
-1.789661526679992676e+00
1.402944087982177734e+00
9.245699644088745117e-01
1.145110726356506348e+00
-4.973226070404052734e+00
4.081737041473388672e+00
2.101924419403076172e+00
1.985722899436950684e+00
2.346404075622558594e+00
1.001536607742309570e+00
-1.298990130424499512e+00
1.153756380081176758e+00
6.551986336708068848e-01
8.995725512504577637e-01
-4.213707923889160156e+00
-8.566439151763916016e-01
-2.029459714889526367e+00
8.499925613403320312e+00
3.161897182464599609e+00
3.130131959915161133e-01
-6.893298029899597168e-01
3.533040046691894531e+00
-1.566125869750976562e+00
-3.723004102706909180e+00
2.752312183380126953e+00
3.112607479095458984e+00
4.115037441253662109e+00
-1.675703167915344238e+00
7.313103079795837402e-01
2.380052566528320312e+00
-2.488781809806823730e-01
2.017858028411865234e+00
9.664643406867980957e-01
2.470732688903808594e+00
2.203659057617187500e+00
5.541174411773681641e+00
-1.899261772632598877e-01
-2.127856016159057617e+00
5.031982660293579102e-01
-2.194731235504150391e+00
1.830770373344421387e+00
-1.615455865859985352e+00
1.351222157478332520e+00
-4.184278964996337891e+00
-3.163373231887817383e+00
1.831184625625610352e+00
-3.545055389404296875e+00
-2.656512498855590820e+00
-4.036427497863769531e+00
-2.427514076232910156e+00
-2.931612253189086914e+00
-2.423379421234130859e+00
-4.778454303741455078e+00
-3.676369428634643555e+00
-3.112958431243896484e+00
-3.019294500350952148e+00
-1.293682336807250977e+00
-2.599314689636230469e+00
-2.121073246002197266e+00
-6.270257234573364258e-01
-2.459111452102661133e+00
-3.195897817611694336e+00
3.730591535568237305e-01
-5.499100685119628906e-02
-3.956971764564514160e-01
-1.054326057434082031e+00
9.404167532920837402e-01
-6.596184372901916504e-01
-2.993251383304595947e-01
-2.238452672958374023e+00
-2.473849296569824219e+00
1.304465174674987793e+00
-1.085245847702026367e+00
-4.782909393310546875e+00
-2.787107944488525391e+00
-2.808531045913696289e+00
-2.607813119888305664e+00
-3.104692459106445312e+00
-4.975260734558105469e+00
2.003139734268188477e+00
-4.022802829742431641e+00
1.796101331710815430e-01
-1.218296527862548828e+00
4.565449237823486328e+00
1.830537199974060059e+00
3.052216291427612305e+00
3.099066495895385742e+00
-5.244715213775634766e-01
7.155735015869140625e+00
1.971901059150695801e-01
4.103272914886474609e+00
5.678466320037841797e+00
4.781646728515625000e+00
1.021985530853271484e+00
3.111596703529357910e-01
1.406984567642211914e+00
4.037189960479736328e+00
5.523514270782470703e+00
4.743475437164306641e+00
1.670058012008666992e+00
1.898938179016113281e+00
5.408396720886230469e-01
2.735918045043945312e+00
-1.477017641067504883e+00
2.480184286832809448e-01
1.970604419708251953e+00
-3.099033355712890625e+00
-4.700066447257995605e-01
-8.085972070693969727e-02
-6.300486326217651367e-01
1.907444000244140625e-01
1.833288550376892090e+00
2.410550594329833984e+00
