2.530924797058105469e+00
3.822534322738647461e+00
4.301825523376464844e+00
-1.933364152908325195e+00
4.098071575164794922e+00
-4.785241484642028809e-01
1.134257197380065918e+00
3.014656305313110352e-01
2.164679050445556641e+00
-4.111400127410888672e+00
1.981567144393920898e-01
8.883535861968994141e-02
-2.626899957656860352e+00
-3.970720291137695312e+00
1.940284252166748047e+00
-5.027661323547363281e-01
-2.424630880355834961e+00
-3.571742177009582520e-01
-9.951723814010620117e-01
-1.543006658554077148e+00
-3.314905405044555664e+00
1.184462189674377441e+00
4.043701291084289551e-01
6.041607856750488281e-01
-1.231374859809875488e+00
4.204124927520751953e+00
1.992822170257568359e+00
2.972271442413330078e+00
2.462731599807739258e+00
-1.583204746246337891e+00
-2.016469717025756836e+00
1.941180527210235596e-01
-1.683286190032958984e+00
2.108607530593872070e+00
1.053817510604858398e+00
-5.947158336639404297e-01
-1.501716375350952148e+00
-1.012947082519531250e+00
4.212800025939941406e+00
1.813986659049987793e+00
4.797865867614746094e+00
2.022294104099273682e-01
2.055977106094360352e+00
-2.415739536285400391e+00
-1.391589999198913574e+00
1.396841287612915039e+00
7.727937102317810059e-01
-2.215326130390167236e-01
4.565346837043762207e-01
2.535417795181274414e+00
5.494237422943115234e+00
3.720866441726684570e-01
-2.642498970031738281e+00
-7.700216174125671387e-01
-3.130331516265869141e+00
-2.335552453994750977e+00
-1.559007883071899414e+00
-6.659270763397216797e+00
-2.302822589874267578e+00
-4.934685707092285156e+00
-2.416873693466186523e+00
1.048257112503051758e+00
-8.317599892616271973e-01
-7.977374076843261719e+00
-1.661933422088623047e+00
-1.324787497520446777e+00
-2.475557088851928711e+00
-1.186925649642944336e+00
-2.248339176177978516e+00
-4.121706783771514893e-01
-1.512270927429199219e+00
2.815969944000244141e+00
-8.472940921783447266e-01
8.554078936576843262e-01
2.844357252120971680e+00
1.746074795722961426e+00
7.567151784896850586e-01
1.284313917160034180e+00
7.003202438354492188e-01
1.969390511512756348e+00
4.366486072540283203e+00
8.603819608688354492e-01
3.009157776832580566e-01
3.058431625366210938e+00
3.470798015594482422e+00
-2.211531639099121094e+00
2.361840963363647461e+00
7.482016086578369141e-02
4.040518760681152344e+00
1.830491781234741211e+00
1.738026142120361328e+00
-1.680595397949218750e+00
1.707958817481994629e+00
-3.701124906539916992e+00
3.330943107604980469e+00
-3.083384990692138672e+00
1.335384607315063477e+00
4.036798477172851562e+00
2.344052791595458984e-01
1.771842718124389648e+00
2.699894905090332031e+00
-6.082348823547363281e-01
-2.099869251251220703e+00
3.848673105239868164e+00
1.121452927589416504e+00
-6.025476455688476562e+00
-3.541968822479248047e+00
3.436028480529785156e+00
5.821943879127502441e-01
2.546570539474487305e+00
1.618310928344726562e+00
-2.108923435211181641e+00
-2.506532907485961914e+00
3.389275372028350830e-01
-3.352935791015625000e+00
1.554668068885803223e+00
-1.871244549751281738e+00
2.091833353042602539e+00
9.731347560882568359e-01
6.733566522598266602e-01
4.502844810485839844e-01
-1.624746084213256836e+00
-2.515101909637451172e+00
-3.655602931976318359e+00
5.069404840469360352e-01
-8.659762144088745117e-01
-5.604409575462341309e-01
7.410100102424621582e-01
1.528947472572326660e+00
6.462020277976989746e-01
1.608018875122070312e+00
-3.000995635986328125e+00
-5.741245746612548828e-01
-1.838027358055114746e+00
6.371176242828369141e-02
-1.829575419425964355e+00
6.710035800933837891e-01
-1.509871482849121094e-01
-3.736871242523193359e+00
-6.920008659362792969e-01
-1.663839697837829590e+00
-5.872166156768798828e-02
-1.432384252548217773e-01
1.588850021362304688e-01
2.813270092010498047e+00
-1.437013506889343262e+00
-2.640617609024047852e+00
7.111063599586486816e-02
8.894516229629516602e-01
1.870073676109313965e+00
2.060231924057006836e+00
3.743869781494140625e+00
-1.809876441955566406e+00
1.862541437149047852e+00
-1.045716166496276855e+00
1.824071168899536133e+00
4.330232143402099609e+00
3.033248424530029297e+00
5.086027145385742188e+00
3.150531291961669922e+00
1.938169002532958984e+00
5.142163276672363281e+00
3.517313718795776367e+00
8.038750290870666504e-01
1.183469176292419434e+00
1.518874764442443848e+00
1.659287810325622559e+00
-4.623466134071350098e-01
4.365045547485351562e+00
2.051892280578613281e+00
4.201756000518798828e+00
1.202029228210449219e+00
1.976451396942138672e+00
1.780273437500000000e+00
6.858057975769042969e-01
-2.690508365631103516e+00
1.007562041282653809e+00
2.472095638513565063e-01
1.162948608398437500e+00
1.823768854141235352e+00
5.104007720947265625e-01
2.185550689697265625e+00
2.554506063461303711e+00
2.410948753356933594e+00
1.086475849151611328e+00
3.046393871307373047e+00
1.328485846519470215e+00
1.143258333206176758e+00
8.058288097381591797e-01
-1.380195021629333496e+00
7.504909634590148926e-01
-4.302795231342315674e-01
4.005344867706298828e+00
4.948359727859497070e-01
2.098218500614166260e-01
1.015075087547302246e+00
4.717037081718444824e-04
1.030952215194702148e+00
2.582556605339050293e-01
5.183575630187988281e+00
4.345718324184417725e-01
1.475844383239746094e+00
2.227604150772094727e+00
6.467994213104248047e+00
3.449768543243408203e+00
2.949427843093872070e+00
2.075610399246215820e+00
4.562939167022705078e+00
3.389738798141479492e+00
5.015269279479980469e+00
1.275669574737548828e+00
3.874974727630615234e+00
4.784760475158691406e+00
3.300117015838623047e+00
4.116790294647216797e+00
2.742465734481811523e+00
1.668876290321350098e+00
1.154875040054321289e+00
5.315191745758056641e-01
3.491519391536712646e-01
-9.861279726028442383e-01
6.847340464591979980e-01
5.199569702148437500e+00
4.922348499298095703e+00
-6.294806003570556641e-01
1.549589157104492188e+00
9.866473078727722168e-01
1.985355734825134277e+00
9.881271719932556152e-01
8.086060285568237305e-01
-1.093450784683227539e+00
1.064307570457458496e+00
-1.098040640354156494e-01
-4.823146462440490723e-01
4.993145465850830078e+00
1.428080558776855469e+00
4.251418411731719971e-01
4.082798004150390625e+00
1.378107666969299316e+00
3.715971112251281738e-01
5.116889476776123047e+00
1.718911051750183105e+00
3.649517297744750977e+00
1.020781278610229492e+00
8.337404727935791016e-01
2.684371471405029297e+00
1.913402080535888672e-01
4.523178577423095703e+00
2.051501035690307617e+00
2.336777687072753906e+00
2.116318225860595703e+00
5.921370506286621094e+00
-1.861549973487854004e+00
3.184718489646911621e-01
3.431807518005371094e+00
3.988903045654296875e+00
1.325144290924072266e+00
5.482169628143310547e+00
5.057992935180664062e+00
-5.353930592536926270e-02
1.052334427833557129e+00
3.229049444198608398e-01
1.071591854095458984e+00
2.726044178009033203e+00
7.827017307281494141e+00
1.517730355262756348e+00
2.846705615520477295e-01
5.670191764831542969e+00
-8.223628401756286621e-01
1.394318103790283203e+00
2.113065958023071289e+00
5.997568368911743164e-01
3.009327411651611328e+00
3.786872625350952148e+00
3.574853658676147461e+00
-3.072741627693176270e-02
-5.095895528793334961e-01
1.931388974189758301e-01
6.204891204833984375e-02
1.527004718780517578e+00
1.988168656826019287e-01
2.624393701553344727e-01
-7.760821580886840820e-01
2.421275377273559570e-01
2.008775770664215088e-01
-1.165524959564208984e+00
-7.534052729606628418e-01
-1.604478001594543457e+00
-1.271613359451293945e+00
-3.139077663421630859e+00
-1.236306548118591309e+00
-2.947414159774780273e+00
-2.011214196681976318e-01
-1.551222085952758789e+00
9.217419624328613281e-01
-1.975988745689392090e+00
4.765167236328125000e+00
-6.162430286407470703e+00
-1.229602336883544922e+00
-6.336528778076171875e+00
3.849602937698364258e-01
1.993122339248657227e+00
2.344707489013671875e+00
4.307702779769897461e-01
2.216244697570800781e+00
-1.521191000938415527e+00
1.665872812271118164e+00
-2.507145404815673828e-01
2.813680410385131836e+00
1.315733671188354492e+00
2.864034175872802734e+00
-2.665715694427490234e+00
-1.676305174827575684e+00
-3.063621759414672852e+00
9.956569671630859375e-01
-3.884829998016357422e+00
-5.202822089195251465e-01
-1.152578830718994141e+00
-5.919874906539916992e-01
1.852265357971191406e+00
-1.978970766067504883e+00
-1.595789551734924316e+00
-3.592415332794189453e+00
4.623886346817016602e-01
-4.001880168914794922e+00
-4.227291584014892578e+00
-3.797443866729736328e+00
3.499409914016723633e+00
-2.312529325485229492e+00
-2.466453909873962402e-01
-1.947501301765441895e-01
-1.023772716522216797e+00
-1.385373950004577637e+00
-4.024713635444641113e-01
-4.407994747161865234e+00
-4.507452964782714844e+00
-1.594712615013122559e+00
5.153606534004211426e-01
1.216124057769775391e+00
-1.394402384757995605e-01
3.362795352935791016e+00
1.550148129463195801e+00
-6.017199754714965820e-01
-7.084596157073974609e-02
1.564814567565917969e+00
1.833042144775390625e+00
3.282709836959838867e+00
3.266063213348388672e+00
4.172875881195068359e+00
1.602631688117980957e+00
-1.304040908813476562e+00
-1.070169210433959961e+00
-6.105746030807495117e-01
-2.955175638198852539e-01
2.457979202270507812e+00
1.753252387046813965e+00
1.360186100006103516e+00
1.313107490539550781e+00
1.255680918693542480e+00
-1.104201078414916992e+00
1.756828308105468750e+00
1.573047339916229248e-01
-4.221411705017089844e+00
-3.147966861724853516e+00
-2.071602582931518555e+00
-2.616878986358642578e+00
-3.477919578552246094e+00
-5.567458152770996094e+00
-5.746179580688476562e+00
-3.966630935668945312e+00
-5.800030231475830078e+00
-3.816015720367431641e+00
-4.774748802185058594e+00
-5.716534137725830078e+00
-2.316892385482788086e+00
-6.026301383972167969e+00
-2.127557039260864258e+00
-4.447238445281982422e+00
-3.458944320678710938e+00
-3.773109912872314453e+00
-4.162525177001953125e+00
-3.894782364368438721e-01
-3.664365053176879883e+00
-2.685969352722167969e+00
-3.864630699157714844e+00
-2.444217443466186523e+00
5.929929018020629883e-02
-1.498482584953308105e+00
-6.207525134086608887e-01
-1.206868171691894531e+00
-6.811260700225830078e+00
8.717283606529235840e-01
1.954709172248840332e+00
2.961758852005004883e+00
-1.606923341751098633e-01
-2.042960166931152344e+00
2.369039058685302734e+00
-1.973871707916259766e+00
2.721279859542846680e+00
2.570374965667724609e+00
-2.216803789138793945e+00
-1.222030639648437500e+00
2.081949472427368164e+00
4.990546703338623047e-01
7.744718551635742188e+00
8.042484283447265625e+00
-2.837678194046020508e+00
4.156807422637939453e+00
2.622963428497314453e+00
8.424359560012817383e-02
2.871215820312500000e+00
1.217111825942993164e+00
-9.002455472946166992e-01
3.087740182876586914e+00
5.843510031700134277e-01
-1.684084415435791016e+00
4.061746895313262939e-01
3.639650821685791016e+00
-2.437778472900390625e+00
2.418309450149536133e-01
-3.865825414657592773e+00
-3.242083787918090820e+00
-4.126453995704650879e-01
-5.827463626861572266e+00
1.006527662277221680e+00
3.549519538879394531e+00
-2.111453294754028320e+00
5.969492793083190918e-01
-2.042004108428955078e+00
4.686335563659667969e+00
-1.754639744758605957e-01
-2.699579298496246338e-02
-6.393274307250976562e+00
5.593311309814453125e+00
4.174954414367675781e+00
1.647253036499023438e+00
3.391853332519531250e+00
7.467634081840515137e-01
-4.572640419006347656e+00
-7.137659549713134766e+00
-5.531505346298217773e-01
-3.719606161117553711e+00
-8.775770664215087891e-01
2.655150890350341797e+00
1.281283617019653320e+00
3.071163296699523926e-01
1.149137377738952637e+00
1.873982906341552734e+00
1.300255358219146729e-01
2.328288078308105469e+00
7.472814559936523438e+00
4.262237250804901123e-01
2.414229631423950195e+00
-3.937924385070800781e+00
-3.911304950714111328e+00
3.180880784988403320e+00
1.335088014602661133e+00
6.857657432556152344e-02
-3.357943773269653320e+00
-6.090236306190490723e-01
9.147906303405761719e-01
-1.748992443084716797e+00
-2.185875624418258667e-01
1.776247501373291016e+00
1.429536342620849609e-01
-6.882563829421997070e-01
9.461218118667602539e-01
-3.319620609283447266e+00
1.945528149604797363e+00
-4.292614459991455078e+00
-1.524052739143371582e+00
1.644494533538818359e+00
4.154560565948486328e+00
-3.669203758239746094e+00
2.984502315521240234e+00
2.072779655456542969e+00
3.602563381195068359e+00
-3.846580743789672852e+00
3.342406749725341797e+00
1.850946068763732910e+00
1.679265499114990234e-01
-2.574317932128906250e+00
-2.205177783966064453e+00
5.801875591278076172e-01
-9.895048737525939941e-01
-1.044495582580566406e+00
-2.266264438629150391e+00
6.649393439292907715e-01
1.820465564727783203e+00
4.688402175903320312e+00
1.048099398612976074e-01
-2.356403589248657227e+00
1.956073760986328125e+00
-2.745825529098510742e+00
-3.632243156433105469e+00
3.214192092418670654e-01
-1.660448312759399414e+00
-6.337233781814575195e-01
1.577936649322509766e+00
-3.379690170288085938e+00
-2.622312307357788086e-01
1.547751188278198242e+00
3.621029853820800781e+00
-5.874727249145507812e+00
-3.632355451583862305e+00
-2.817643642425537109e+00
-8.717813491821289062e-01
5.258250832557678223e-01
-3.798838853836059570e+00
-3.730056881904602051e-01
1.311792135238647461e+00
2.680011510848999023e+00
-5.189830303192138672e+00
-2.456234931945800781e+00
-9.158859252929687500e-01
-6.938883662223815918e-01
-8.545673489570617676e-01
-1.892590761184692383e+00
4.640196323394775391e+00
-4.151957631111145020e-01
1.577181935310363770e+00
-2.360515356063842773e+00
4.653226375579833984e+00
1.911880612373352051e+00
-3.170319080352783203e+00
5.305626392364501953e-01
-2.884396076202392578e+00
-2.674596905708312988e-01
-4.271088123321533203e+00
1.697934627532958984e+00
1.010534882545471191e+00
-1.305558681488037109e+00
-6.758131384849548340e-01
9.094395637512207031e-01
-5.239753127098083496e-01
-5.571136474609375000e+00
8.505558371543884277e-01
6.960413455963134766e+00
6.300742626190185547e-01
-1.352724075317382812e+00
-1.018518209457397461e+00
-2.399344921112060547e+00
-9.327596426010131836e-01
-8.851989507675170898e-01
-2.133403062820434570e+00
7.489697933197021484e-01
1.157199144363403320e-01
7.781457901000976562e-02
-1.586178064346313477e+00
6.092338562011718750e+00
-5.442953109741210938e+00
-3.165690898895263672e+00
2.057537078857421875e+00
-4.708879590034484863e-01
-3.831936717033386230e-01
9.743422269821166992e-01
-2.306337803602218628e-01
2.286821365356445312e+00
-6.451075077056884766e-01
2.207047790288925171e-01
4.297764301300048828e-01
1.382085084915161133e-01
2.098999261856079102e+00
-1.684285759925842285e+00
3.681366443634033203e-01
2.978166103363037109e+00
-5.941187858581542969e+00
-5.848142623901367188e+00
4.862584173679351807e-01
-1.646369844675064087e-01
-1.007196784019470215e+00
-5.219044208526611328e+00
-1.479326963424682617e+00
5.790895462036132812e+00
1.450814485549926758e+00
-1.322154641151428223e+00
2.898819923400878906e+00
-2.140841007232666016e+00
-1.686584353446960449e+00
-9.621451497077941895e-01
3.464417934417724609e+00
1.294407129287719727e+00
1.679289340972900391e-02
-3.158373117446899414e+00
2.773860692977905273e+00
-2.074551343917846680e+00
-1.782355785369873047e+00
-5.366612672805786133e-01
2.312763035297393799e-02
3.083883821964263916e-01
-1.613153338432312012e+00
1.792621850967407227e+00
-4.738288402557373047e+00
-1.568820238113403320e+00
-2.723134279251098633e+00
3.500192165374755859e-01
-1.443671703338623047e+00
-5.914499282836914062e+00
7.411329746246337891e-01
-2.905571460723876953e-02
-4.626216888427734375e+00
2.096177339553833008e-01
-7.735439389944076538e-02
-6.460068225860595703e-01
-6.493392944335937500e+00
-1.008174419403076172e+00
1.414160490036010742e+00
-1.079063534736633301e+00
-1.545786619186401367e+00
-6.093422770500183105e-01
1.942820549011230469e+00
6.530881404876708984e+00
-2.382461071014404297e+00
1.023703932762145996e+00
2.548230409622192383e+00
-1.291149616241455078e+00
2.189749240875244141e+00
2.627050161361694336e+00
-2.578673601150512695e+00
7.666509151458740234e-01
3.133326768875122070e-02
4.375255584716796875e+00
-2.106408834457397461e+00
-3.973137736320495605e-01
-1.988368988037109375e+00
2.537408351898193359e+00
-6.418882369995117188e+00
3.144574463367462158e-01
3.419480800628662109e+00
-1.034524679183959961e+00
2.787951827049255371e-01
-1.037139892578125000e+00
-2.992201328277587891e+00
-2.429554939270019531e+00
-2.946335315704345703e+00
2.034546613693237305e+00
-5.899667739868164062e-01
3.402262926101684570e+00
3.002454280853271484e+00
3.824840784072875977e+00
-2.750543117523193359e+00
-6.930740475654602051e-01
-4.246754169464111328e+00
3.014867603778839111e-01
-9.895427227020263672e-01
-4.088169336318969727e-02
3.281425714492797852e+00
-1.814223408699035645e+00
-5.858891010284423828e+00
-3.235528945922851562e+00
-2.447330474853515625e+00
1.666381359100341797e-01
-2.206914901733398438e+00
-5.396388173103332520e-01
1.937991738319396973e+00
-2.012515544891357422e+00
3.953691720962524414e+00
-6.785289049148559570e-01
9.364466369152069092e-02
-3.353652358055114746e-01
2.899189472198486328e+00
-2.310821533203125000e+00
-3.856606721878051758e+00
-4.652368724346160889e-01
5.810461044311523438e-01
1.645642280578613281e+00
-1.582581400871276855e+00
-2.001983880996704102e+00
1.653366923332214355e+00
2.927712917327880859e+00
2.113212108612060547e+00
1.794398128986358643e-01
3.940120458602905273e+00
-4.774240016937255859e+00
-2.601428031921386719e+00
-3.765069246292114258e-01
5.039544105529785156e-01
5.094519853591918945e-01
-2.261847972869873047e+00
1.811167895793914795e-01
-1.389172077178955078e-01
-2.772167921066284180e+00
-8.215053081512451172e-01
-1.458293676376342773e+00
-2.610712647438049316e-01
-1.147181987762451172e+00
-4.755193710327148438e+00
-2.399958372116088867e+00
1.363389253616333008e+00
-6.116953849792480469e+00
6.609525680541992188e-01
-3.309401869773864746e-01
9.219510555267333984e-01
3.161488771438598633e+00
-1.285389780998229980e+00
3.827850818634033203e-01
-3.683712005615234375e+00
-2.182317018508911133e+00
1.588692307472229004e+00
7.450522184371948242e-01
3.303173780441284180e-01
8.010479927062988281e+00
-1.644771575927734375e+00
-2.175387859344482422e+00
2.984081745147705078e+00
3.026597023010253906e+00
-8.622754812240600586e-01
-2.302488088607788086e+00
-5.295225143432617188e+00
9.340634346008300781e-01
-1.678500413894653320e+00
-4.845526218414306641e+00
-2.208864450454711914e+00
-3.276419878005981445e+00
-1.230497598648071289e+00
-5.696079254150390625e+00
4.940259456634521484e+00
1.637971162796020508e+00
-1.166955709457397461e+00
7.589134573936462402e-01
-2.087292432785034180e+00
3.336050510406494141e+00
-1.268877983093261719e-01
2.729544162750244141e+00
-6.803922653198242188e-01
-2.345145702362060547e+00
-3.270165205001831055e+00
2.884569644927978516e+00
2.100173830986022949e-01
-6.947265267372131348e-01
2.823713302612304688e+00
-8.328438997268676758e-01
-5.577924251556396484e+00
-1.941833019256591797e+00
-2.023905754089355469e+00
2.152283668518066406e+00
1.011870622634887695e+00
-9.899181723594665527e-01
-1.442074775695800781e-03
-3.129973411560058594e+00
-5.032966136932373047e-01
9.383129477500915527e-01
-1.399112701416015625e+00
2.856678962707519531e+00
-1.647031545639038086e+00
-4.163931846618652344e+00
3.570615053176879883e+00
-3.573343038558959961e+00
3.506332397460937500e+00
-3.922593593597412109e-01
2.475612640380859375e+00
7.098225593566894531e+00
1.489672064781188965e+00
3.094018697738647461e-01
-2.108741998672485352e+00
1.650799036026000977e+00
-1.905563473701477051e+00
1.443021655082702637e+00
6.976574659347534180e-01
-2.042425155639648438e+00
-1.637813091278076172e+00
5.623436570167541504e-01
-3.301959633827209473e-01
-1.142387270927429199e+00
7.906907796859741211e-01
-3.806325912475585938e+00
-2.241489410400390625e+00
-3.522319316864013672e+00
3.963893651962280273e+00
2.811175823211669922e+00
2.605325222015380859e+00
-9.659993648529052734e-01
-1.120288014411926270e+00
-4.213476657867431641e+00
7.198446989059448242e-01
-2.514774799346923828e+00
-1.566823959350585938e+00
-3.752251386642456055e+00
-2.265874147415161133e+00
4.268456459045410156e+00
-6.899925470352172852e-01
1.023119807243347168e+00
6.137156486511230469e-01
1.988943457603454590e+00
-1.778427600860595703e+00
-9.182368516921997070e-01
-1.935133576393127441e+00
-2.237531185150146484e+00
1.637958049774169922e+00
1.093814134597778320e+00
3.470502853393554688e+00
4.965096950531005859e+00
2.961173534393310547e+00
-3.072309732437133789e+00
2.819334864616394043e-01
6.105053901672363281e+00
6.890167713165283203e+00
1.103271365165710449e+00
-3.401983976364135742e+00
-1.597237110137939453e+00
-2.151270627975463867e+00
3.280185222625732422e+00
8.429598808288574219e+00
3.387516736984252930e+00
-4.262152671813964844e+00
2.855782032012939453e+00
3.861469745635986328e+00
2.537632584571838379e-01
1.940571546554565430e+00
-1.371087789535522461e+00
-3.068369865417480469e+00
-5.015638470649719238e-01
3.268486022949218750e+00
-4.994417667388916016e+00
4.170424938201904297e+00
3.112711429595947266e+00
-2.646635770797729492e+00
2.807074785232543945e+00
6.355773210525512695e-01
3.509489297866821289e-01
-5.025920867919921875e-01
1.639638543128967285e-01
-2.233285903930664062e-01
-5.793785095214843750e+00
1.099296331405639648e+00
1.457265257835388184e+00
1.944897770881652832e-01
-3.140523672103881836e+00
-4.727874994277954102e-01
-2.811711072921752930e+00
1.046691417694091797e+00
2.137876510620117188e+00
1.401203155517578125e+00
1.183468699455261230e-01
-2.345395088195800781e-02
-1.326611757278442383e+00
5.850623846054077148e-01
2.728801727294921875e+00
-2.887153625488281250e-01
-1.136257410049438477e+00
1.973252058029174805e+00
1.132051706314086914e+00
2.593780755996704102e+00
-1.776190280914306641e+00
-1.670750379562377930e+00
-4.640354633331298828e+00
-1.862223625183105469e+00
-2.728482961654663086e+00
-1.999648094177246094e+00
4.334922134876251221e-01
9.354300498962402344e-01
2.106971979141235352e+00
4.513897895812988281e+00
-1.121686458587646484e+00
6.399873495101928711e-01
-1.679378509521484375e+00
-2.381743907928466797e+00
-4.613274574279785156e+00
1.035493135452270508e+00
6.035583019256591797e-01
-4.344518661499023438e+00
-2.830275297164916992e+00
1.100716471672058105e+00
1.708978414535522461e-01
3.795433044433593750e+00
9.428249001502990723e-01
3.407199859619140625e+00
1.238444924354553223e+00
2.835020065307617188e+00
-3.704357147216796875e-01
1.749506592750549316e+00
9.572646617889404297e-01
6.769772171974182129e-01
-1.723723173141479492e+00
-1.122568726539611816e+00
-4.669586718082427979e-01
-2.284802675247192383e+00
-4.453355789184570312e+00
-4.679547786712646484e+00
5.562522888183593750e+00
3.836888074874877930e+00
-4.067147731781005859e+00
-4.015131592750549316e-01
-9.198701977729797363e-01
-1.807974100112915039e+00
-3.168252944946289062e+00
-2.043157577514648438e+00
-3.228470563888549805e+00
8.919056653976440430e-01
-1.690691232681274414e+00
1.025192618370056152e+00
-6.351504325866699219e+00
-5.433183908462524414e-02
-6.202361583709716797e-01
-1.837270259857177734e-01
8.588962554931640625e+00
-4.409584522247314453e+00
-2.363987445831298828e+00
-2.715067863464355469e-01
-2.960587978363037109e+00
1.879204511642456055e-01
-6.260848045349121094e+00
-9.711515903472900391e-01
-3.505144119262695312e+00
3.701871871948242188e+00
-2.100971698760986328e+00
-2.913205385208129883e+00
-3.383362293243408203e+00
5.254274368286132812e+00
-3.901053667068481445e+00
-1.076522588729858398e+00
3.504799127578735352e+00
3.247116804122924805e+00
5.184020042419433594e+00
-2.310719490051269531e+00
4.295873165130615234e+00
2.193191051483154297e+00
-1.411041498184204102e+00
-3.559532642364501953e+00
-9.199186563491821289e-01
2.330305337905883789e+00
-3.134754300117492676e-01
-1.039035081863403320e+00
-2.882492780685424805e+00
-3.112904787063598633e+00
-5.365972042083740234e+00
-6.141734600067138672e+00
6.302400827407836914e-01
-3.884038209915161133e+00
-1.587175488471984863e+00
-3.267471790313720703e+00
-5.334235668182373047e+00
-1.283408641815185547e+00
-3.065987586975097656e+00
-1.708326101303100586e+00
-6.776364803314208984e+00
-2.177677154541015625e+00
-5.350149154663085938e+00
-4.073280334472656250e+00
-4.422561168670654297e+00
-6.276299953460693359e+00
-4.166122913360595703e+00
-4.692637920379638672e+00
-3.512830257415771484e+00
-2.503134489059448242e+00
-3.394241333007812500e+00
2.837702035903930664e+00
1.285494923591613770e+00
-2.422716379165649414e+00
7.309466600418090820e-01
-6.735084056854248047e-01
-4.743905067443847656e+00
-3.329369068145751953e+00
-2.996640205383300781e+00
-5.662078261375427246e-01
-5.254729270935058594e+00
-4.792994976043701172e+00
-2.189228057861328125e+00
1.038935780525207520e+00
-3.514688968658447266e+00
-5.768347263336181641e+00
-5.131266593933105469e+00
-5.724566936492919922e+00
-3.827082157135009766e+00
-4.687477588653564453e+00
-3.351029157638549805e+00
-2.950998306274414062e+00
-6.857925891876220703e+00
-8.841453194618225098e-01
-3.460367918014526367e+00
4.301956176757812500e+00
2.648997306823730469e+00
1.190293550491333008e+00
7.386166095733642578e+00
2.279840260744094849e-01
5.391193866729736328e+00
2.701455593109130859e+00
3.498516082763671875e+00
2.636033535003662109e+00
2.039000988006591797e+00
1.961541175842285156e+00
4.861999988555908203e+00
4.507573246955871582e-01
4.938779354095458984e+00
2.502590894699096680e+00
2.931455373764038086e+00
-1.479275941848754883e+00
-2.003539085388183594e+00
-3.218846797943115234e+00
1.536922752857208252e-01
-6.355337142944335938e+00
-6.100564002990722656e-01
3.061391353607177734e+00
-6.168446063995361328e+00
-1.799667358398437500e+00
1.595848202705383301e-01
-1.956119656562805176e+00
-3.148005485534667969e+00
-4.820811748504638672e-02
-1.223027706146240234e-02
