5.645985603332519531e-01
1.694165587425231934e+00
-1.941841840744018555e+00
-1.671989798545837402e+00
1.009359240531921387e+00
-2.501688480377197266e+00
-2.232334911823272705e-01
-1.538428783416748047e+00
-3.913586139678955078e+00
-2.321104288101196289e+00
-5.142567634582519531e+00
-2.006215333938598633e+00
-3.684444427490234375e+00
-2.647878408432006836e+00
-7.291430234909057617e-01
-2.827906370162963867e+00
-2.844941616058349609e+00
-5.598177909851074219e-01
-1.258913397789001465e+00
-1.635545611381530762e+00
-4.230251789093017578e+00
-1.678678870201110840e+00
-1.912928938865661621e+00
-3.436284065246582031e+00
-1.754934072494506836e+00
-3.765547513961791992e+00
-1.974522113800048828e+00
-2.280860900878906250e+00
-3.272152185440063477e+00
-3.918609142303466797e+00
-2.762505531311035156e+00
4.986028373241424561e-01
-4.240276813507080078e+00
-7.075494527816772461e-01
9.132490158081054688e-01
-1.716055154800415039e+00
-1.348431468009948730e+00
-2.268851995468139648e+00
8.483527302742004395e-01
1.246665239334106445e+00
5.594943165779113770e-01
-1.727434039115905762e+00
1.355046033859252930e+00
1.897580862045288086e+00
1.099025249481201172e+00
-1.726997375488281250e+00
9.284114837646484375e-01
2.666245937347412109e+00
4.092406630516052246e-01
6.429161131381988525e-02
4.250847101211547852e-01
-1.214152574539184570e+00
-7.651126384735107422e-02
-2.556919455528259277e-01
-2.009049892425537109e+00
1.951186060905456543e+00
5.080409049987792969e-01
-2.050530910491943359e+00
2.058078289031982422e+00
7.156708836555480957e-01
3.352927684783935547e+00
3.509680747985839844e+00
5.373606204986572266e+00
1.476088523864746094e+00
2.127090930938720703e+00
1.550327897071838379e+00
3.551985502243041992e+00
2.034885644912719727e+00
9.637131690979003906e-01
-1.495714187622070312e+00
-2.184364318847656250e+00
-1.424915313720703125e+00
-2.860184192657470703e+00
-9.358802437782287598e-01
-1.074831128120422363e+00
-8.301322460174560547e-01
-1.221881866455078125e+00
6.795274019241333008e-01
1.351089596748352051e+00
2.193409681320190430e+00
-1.235336780548095703e+00
-2.740759849548339844e+00
-2.916411399841308594e+00
-1.437371969223022461e+00
1.917247176170349121e+00
-3.860014915466308594e+00
-1.700950145721435547e+00
-2.766053915023803711e+00
2.876791477203369141e+00
-1.530781984329223633e+00
-2.389641284942626953e+00
-2.121311664581298828e+00
1.450607776641845703e+00
-8.096929788589477539e-01
2.704274177551269531e+00
-2.639647483825683594e+00
2.562671661376953125e+00
-2.669032812118530273e-01
-2.686889171600341797e-01
4.955785274505615234e-01
-2.187453508377075195e-01
2.736153602600097656e-01
-3.616313457489013672e+00
-2.371857643127441406e+00
-1.168411493301391602e+00
-4.343810081481933594e+00
-2.166708469390869141e+00
5.663288593292236328e+00
-4.814561605453491211e-01
1.168471574783325195e+00
-3.220719099044799805e-01
1.630018234252929688e+00
7.792974114418029785e-01
2.371237039566040039e+00
-1.875761866569519043e+00
-2.824935019016265869e-01
2.785060107707977295e-01
1.345158100128173828e+00
-1.296907901763916016e+00
-8.043623566627502441e-01
-2.455824613571166992e+00
-1.153680801391601562e+00
-3.768093109130859375e+00
-3.719086647033691406e+00
-1.595241665840148926e+00
1.318616986274719238e+00
-1.766277551651000977e-01
-1.480059385299682617e+00
-1.141605377197265625e-01
-2.790439128875732422e-01
-5.962790250778198242e-01
9.679844379425048828e-01
3.093395709991455078e+00
-6.980580687522888184e-01
-5.072414875030517578e-01
-3.655345916748046875e+00
-1.110474228858947754e+00
-8.701478838920593262e-01
7.305878400802612305e-01
-3.263232469558715820e+00
-2.350659608840942383e+00
-5.502320528030395508e-01
-1.481284141540527344e+00
-3.361936807632446289e+00
2.130839347839355469e+00
-5.242611169815063477e-01
-1.889591217041015625e+00
-1.301602125167846680e-01
1.421475410461425781e-01
7.330144643783569336e-01
-1.572158336639404297e+00
9.535285234451293945e-01
-2.060610294342041016e+00
-9.731433987617492676e-01
-2.026689529418945312e+00
-1.460701704025268555e+00
7.510895729064941406e-01
3.202094554901123047e+00
2.718974113464355469e+00
1.623274207115173340e+00
-2.163311481475830078e+00
1.471624135971069336e+00
2.511565446853637695e+00
-1.026092767715454102e+00
6.217653155326843262e-01
-1.519706487655639648e+00
1.020485281944274902e+00
1.676087498664855957e+00
1.515953540802001953e+00
-5.221842527389526367e-01
7.377130985260009766e-01
2.264703035354614258e+00
1.342980384826660156e+00
3.665472030639648438e+00
-3.645231485366821289e+00
-2.749142885208129883e+00
-3.121709823608398438e-02
-1.955099344253540039e+00
2.366909980773925781e+00
-1.329384326934814453e+00
2.427417039871215820e-01
7.254910469055175781e-01
-1.040471553802490234e+00
-1.476767420768737793e+00
-2.082614898681640625e+00
8.517965078353881836e-01
-2.445268630981445312e+00
1.278967380523681641e+00
8.425213098526000977e-01
-1.338214993476867676e+00
4.886214137077331543e-01
-2.827145338058471680e+00
-1.056513786315917969e+00
-1.352838993072509766e+00
-2.587820291519165039e+00
9.412596225738525391e-01
-2.556041240692138672e+00
-3.327609300613403320e-01
-1.184942007064819336e+00
8.896142244338989258e-01
-1.194927811622619629e+00
-8.298542350530624390e-02
-1.455960035324096680e+00
1.809664726257324219e+00
1.066948652267456055e+00
-1.367804527282714844e+00
3.957588076591491699e-01
-3.762442991137504578e-02
-2.883115410804748535e-02
4.238377809524536133e-01
1.235965490341186523e+00
2.754165649414062500e+00
1.303565859794616699e+00
1.730091810226440430e+00
-7.729894518852233887e-01
1.578237295150756836e+00
6.485986709594726562e-01
-2.519348859786987305e-01
-1.457827091217041016e+00
-2.611623525619506836e+00
-1.726094484329223633e+00
7.388034462928771973e-01
-5.601686835289001465e-01
-1.253934502601623535e+00
-7.358738780021667480e-01
-1.513929605484008789e+00
1.467323780059814453e+00
-3.225949406623840332e-01
-2.916508674621582031e+00
6.990900635719299316e-01
-3.151530325412750244e-01
9.977115392684936523e-01
8.838538527488708496e-01
-2.292457818984985352e+00
2.554203510284423828e+00
-2.268011808395385742e+00
-1.108421087265014648e+00
3.816879987716674805e+00
2.137410402297973633e+00
-5.659347772598266602e-01
2.631766319274902344e+00
1.438634395599365234e-01
5.121195316314697266e-01
9.885885119438171387e-01
-1.634832978248596191e+00
8.905928134918212891e-01
-5.211902260780334473e-01
2.716033935546875000e+00
1.794999361038208008e+00
1.501528859138488770e+00
1.375568628311157227e+00
5.047733783721923828e-01
-6.567317247390747070e-01
1.804992198944091797e+00
1.685805916786193848e+00
5.780081748962402344e-01
4.478009939193725586e-01
2.457570135593414307e-01
3.762462735176086426e-01
-2.481464862823486328e+00
5.501601696014404297e-01
-4.694537162780761719e+00
-6.358802318572998047e-03
1.484179973602294922e+00
7.017140388488769531e-01
-1.844254732131958008e-01
-3.001832962036132812e+00
-1.703822255134582520e+00
-2.029518127441406250e+00
-1.180555343627929688e+00
6.615670919418334961e-01
1.653461456298828125e+00
6.071993112564086914e-01
1.614819169044494629e+00
-7.823429107666015625e-01
-2.384413242340087891e+00
-2.975518465042114258e+00
3.494896292686462402e-01
-2.124506235122680664e+00
3.193690478801727295e-01
-2.334676682949066162e-01
8.058624863624572754e-01
-4.589095413684844971e-01
-3.321744799613952637e-01
-2.449624538421630859e-01
7.415154576301574707e-02
5.863141417503356934e-01
-3.002554178237915039e+00
-1.512942790985107422e+00
-3.020278215408325195e+00
-2.379848003387451172e+00
-1.843939781188964844e+00
1.157672882080078125e+00
-1.231542110443115234e+00
-1.362973809242248535e+00
-1.878458023071289062e+00
5.213300585746765137e-01
-1.765756964683532715e+00
-2.944063186645507812e+00
-3.667191028594970703e+00
-3.929169178009033203e+00
-9.861651062965393066e-01
-2.777416229248046875e+00
-2.836741685867309570e+00
-1.365610003471374512e+00
-3.857440948486328125e+00
-4.012557029724121094e+00
-2.508052825927734375e+00
-1.170098781585693359e-02
1.369072198867797852e+00
6.986265182495117188e-01
-4.325508773326873779e-01
-9.682787656784057617e-01
1.318935275077819824e+00
-1.739888191223144531e+00
4.021573066711425781e-01
-3.735424041748046875e+00
-8.645637035369873047e-01
2.539957046508789062e+00
3.576392889022827148e+00
-2.593014836311340332e-01
2.274091243743896484e-01
-1.507905364036560059e+00
-5.134882926940917969e-01
-2.274521827697753906e+00
-1.508367657661437988e+00
-3.614427566528320312e+00
2.123510360717773438e+00
1.866086721420288086e+00
-5.641500353813171387e-01
5.453324317932128906e-01
9.769034385681152344e-01
-1.146780490875244141e+00
-4.876825511455535889e-01
-5.345452785491943359e+00
-4.856032848358154297e+00
-3.442054748535156250e+00
-3.037699699401855469e+00
-1.178131103515625000e-01
1.766771793365478516e+00
3.031191825866699219e+00
-1.775017499923706055e+00
-2.210758447647094727e+00
-8.276922702789306641e-01
-8.587305545806884766e-01
6.794044375419616699e-01
-2.242223978042602539e+00
-1.009587049484252930e+00
1.299066662788391113e+00
6.488909721374511719e-01
1.247816681861877441e-01
-1.149734139442443848e+00
-1.569137930870056152e+00
5.400838851928710938e-01
1.703013539314270020e+00
-1.127841472625732422e+00
-6.418808102607727051e-01
-6.721150279045104980e-01
1.198328971862792969e+00
-1.373721718788146973e+00
-1.897509574890136719e+00
-6.256439089775085449e-01
-3.653591156005859375e+00
-2.660324573516845703e+00
-3.060031414031982422e+00
4.797799140214920044e-02
-3.164839267730712891e+00
-3.453163385391235352e+00
-3.585060834884643555e+00
-2.731059312820434570e+00
-3.027469635009765625e+00
-2.038705348968505859e+00
-2.080416202545166016e+00
-4.606340885162353516e+00
-4.227463245391845703e+00
-4.643282890319824219e+00
-5.955106616020202637e-01
-2.944267988204956055e+00
-2.628334999084472656e+00
-3.360527038574218750e+00
-3.032173871994018555e+00
-1.121030449867248535e+00
-2.520225524902343750e+00
-3.509390830993652344e+00
-4.385284423828125000e+00
8.745685219764709473e-01
1.846394419670104980e+00
-2.689226627349853516e+00
-3.423655033111572266e+00
-2.964939355850219727e+00
-2.135951280593872070e+00
-2.930228233337402344e+00
1.773415207862854004e+00
1.975891113281250000e+00
-4.397294521331787109e-01
-5.653024911880493164e-01
1.655644297599792480e+00
-2.549561738967895508e+00
-1.324193179607391357e-01
4.186576843261718750e+00
1.217193484306335449e+00
-8.336201310157775879e-01
1.716772317886352539e+00
-4.098959922790527344e+00
1.084724664688110352e+00
1.854805946350097656e+00
-4.043015003204345703e+00
2.611478865146636963e-01
-2.887260913848876953e+00
1.998496949672698975e-01
-3.470681309700012207e-01
2.099702835083007812e+00
-8.999952077865600586e-01
-2.081599473953247070e+00
7.125573158264160156e+00
-1.574686765670776367e-01
6.881351470947265625e-01
5.953377246856689453e+00
-1.187859892845153809e+00
4.374471664428710938e+00
-2.572868824005126953e+00
-1.235776662826538086e+00
7.122966647148132324e-02
4.396705925464630127e-01
1.575415730476379395e+00
3.787686824798583984e+00
-3.706579208374023438e+00
2.444304943084716797e+00
-7.685862779617309570e-01
5.042366027832031250e+00
1.248196005821228027e+00
1.685627818107604980e+00
-4.544392585754394531e+00
2.146252155303955078e+00
7.715656280517578125e+00
2.705151796340942383e+00
1.717725038528442383e+00
2.652799844741821289e+00
-2.314076662063598633e+00
-1.524329185485839844e-03
1.014485478401184082e+00
-6.966463327407836914e-01
-4.180682182312011719e+00
6.488371849060058594e+00
-1.698331594467163086e+00
-3.207730650901794434e-01
1.478618621826171875e+00
8.533190488815307617e-01
-2.928076982498168945e-01
-9.232733845710754395e-01
-9.112832546234130859e-01
3.376077651977539062e+00
4.545864582061767578e+00
-6.504939198493957520e-01
-2.994753360748291016e+00
7.882725000381469727e-01
-7.022351622581481934e-01
3.808736324310302734e+00
-1.531587481498718262e+00
1.855792522430419922e+00
-5.568977594375610352e-01
-2.342826843261718750e+00
2.678615331649780273e+00
2.076498508453369141e+00
1.180694103240966797e+00
-2.288893699645996094e+00
3.165390491485595703e-01
-3.402802944183349609e+00
-1.941037178039550781e-01
-3.042283535003662109e+00
5.697889924049377441e-01
-3.504377603530883789e+00
5.213789939880371094e-01
-1.489222407341003418e+00
5.755519866943359375e+00
1.451031446456909180e+00
5.831710100173950195e-01
-2.567145586013793945e+00
3.395897865295410156e+00
-1.373836636543273926e+00
-1.173750638961791992e+00
-6.156657934188842773e-01
-2.197553873062133789e+00
-4.430468678474426270e-01
-6.728272438049316406e-01
-1.179315805435180664e+00
-2.084173679351806641e+00
2.857169151306152344e+00
7.664527893066406250e-01
1.463396072387695312e+00
1.750466585159301758e+00
-3.279458045959472656e+00
4.138873219490051270e-01
-1.138314723968505859e+00
-1.676027059555053711e+00
-2.366359949111938477e+00
3.027470827102661133e+00
9.269957542419433594e-01
-9.720225930213928223e-01
-6.840720176696777344e-01
-1.124381303787231445e+00
3.884942531585693359e+00
3.749454259872436523e+00
-8.443083763122558594e-01
1.745920658111572266e+00
-6.592229008674621582e-01
2.611531019210815430e-01
7.250184416770935059e-01
1.184343576431274414e+00
-1.310746669769287109e+00
1.524430036544799805e+00
-2.014618813991546631e-01
-4.894048213958740234e+00
-9.951372742652893066e-01
3.571363449096679688e+00
5.343205451965332031e+00
4.289025068283081055e-02
-1.814232021570205688e-01
4.616608619689941406e+00
-9.840700030326843262e-01
-1.444227397441864014e-01
-1.217601418495178223e+00
3.043964803218841553e-01
-2.301821947097778320e+00
-1.744188904762268066e+00
-2.132500171661376953e+00
-1.182798147201538086e+00
-2.494666874408721924e-01
-3.030539512634277344e+00
3.796387672424316406e+00
2.949909925460815430e+00
-8.680549263954162598e-01
-1.875392436981201172e+00
6.330310344696044922e+00
-2.154430627822875977e+00
-4.893366813659667969e+00
-2.837497711181640625e+00
1.613991498947143555e+00
-1.318477272987365723e+00
3.670705080032348633e+00
-1.105632424354553223e+00
1.651995480060577393e-01
-2.444260120391845703e-01
2.695357322692871094e+00
-4.376128673553466797e+00
2.721899509429931641e+00
-3.023872137069702148e+00
-1.237735033035278320e+00
-2.508496284484863281e+00
8.275941848754882812e+00
-5.116189479827880859e+00
2.210076808929443359e+00
3.624099731445312500e+00
-9.057863354682922363e-01
-2.412429451942443848e-01
-1.180065512657165527e+00
4.231469154357910156e+00
1.856830239295959473e+00
-1.453187942504882812e+00
1.642527580261230469e+00
1.606984376907348633e+00
-2.969362020492553711e+00
5.667141914367675781e+00
-1.495833039283752441e+00
-1.233713865280151367e+00
1.398033618927001953e+00
-2.184472084045410156e+00
-4.358454704284667969e+00
3.699148893356323242e+00
-6.523085832595825195e-01
1.539814352989196777e+00
-5.276684284210205078e+00
1.822228670120239258e+00
-1.142304420471191406e+00
8.953058719635009766e-02
-9.627790451049804688e-01
-4.171234607696533203e+00
-1.475716710090637207e+00
3.815798044204711914e+00
6.603563427925109863e-01
-6.616243124008178711e-01
9.706933498382568359e-01
-3.260073184967041016e+00
-3.378299236297607422e+00
2.768745183944702148e+00
4.410578250885009766e+00
-1.510776638984680176e+00
2.983049869537353516e+00
3.735194921493530273e+00
2.139375209808349609e+00
-1.133146524429321289e+00
7.977731704711914062e+00
-4.202881455421447754e-01
1.653023481369018555e+00
1.714582443237304688e+00
-1.932046532630920410e+00
-2.011004686355590820e-01
-1.133047103881835938e+00
-2.074131488800048828e+00
3.378577232360839844e+00
-1.257941246032714844e+00
1.494440793991088867e+00
3.389906883239746094e-01
-1.480114340782165527e+00
-1.218928694725036621e-01
4.161228179931640625e+00
7.184965014457702637e-01
-2.915243864059448242e+00
4.411211013793945312e+00
-1.533169507980346680e+00
1.104504108428955078e+00
7.749162197113037109e+00
-6.799401044845581055e-01
-1.627545118331909180e+00
3.001950979232788086e+00
9.120661020278930664e-01
6.288983345031738281e+00
2.501484632492065430e+00
2.441905021667480469e+00
3.904245138168334961e+00
6.695018291473388672e+00
1.273116469383239746e+00
9.665206670761108398e-01
-9.478344321250915527e-01
-3.112391471862792969e+00
-4.098031520843505859e-01
7.849605083465576172e-01
-5.071063995361328125e+00
1.384139776229858398e+00
1.766231775283813477e+00
1.949216365814208984e+00
1.756495714187622070e+00
-7.060097455978393555e-01
-7.050969600677490234e-01
-1.347060203552246094e+00
-1.951228857040405273e+00
5.430640697479248047e+00
1.653911709785461426e+00
2.342729806900024414e+00
2.360973119735717773e+00
-2.411913394927978516e+00
4.106905937194824219e+00
-1.794809699058532715e+00
2.411843776702880859e+00
2.484142780303955078e-01
4.285656452178955078e+00
7.586100101470947266e-01
1.877949833869934082e+00
-1.938738465309143066e+00
1.306081295013427734e+00
5.870310068130493164e-01
2.284502744674682617e+00
-2.519990921020507812e+00
-3.027659654617309570e-01
-5.985970497131347656e-01
1.773083329200744629e+00
4.995189607143402100e-01
-2.518748998641967773e+00
5.425652503967285156e+00
1.180230140686035156e+00
2.182003021240234375e+00
-3.309132337570190430e+00
-2.222584724426269531e+00
-1.747296571731567383e+00
1.660131692886352539e+00
-3.276204466819763184e-01
-1.429326176643371582e+00
1.933837056159973145e+00
7.935870885848999023e-01
5.913939952850341797e+00
1.167118549346923828e+00
-2.364787817001342773e+00
9.094609022140502930e-01
-1.188607454299926758e+00
-4.524059295654296875e+00
-1.468040943145751953e+00
8.750870227813720703e-01
2.045783281326293945e+00
2.190569639205932617e-01
2.021346241235733032e-01
5.397690534591674805e-01
3.025044202804565430e-01
-1.142650246620178223e+00
-2.476774692535400391e+00
-3.170555830001831055e+00
-3.383353233337402344e+00
-1.015427589416503906e+00
-2.162174463272094727e+00
1.521966695785522461e+00
2.888095855712890625e+00
-1.406732320785522461e+00
1.899248600006103516e+00
3.626594543457031250e+00
1.850885152816772461e+00
-8.576281070709228516e-01
2.591823935508728027e-01
2.941940784454345703e+00
2.384465932846069336e+00
-2.143396437168121338e-01
3.027306497097015381e-02
3.340246438980102539e+00
7.955945968627929688e+00
-1.312380790710449219e+00
-1.657119631767272949e+00
1.386516094207763672e+00
8.371032476425170898e-01
-2.659358978271484375e+00
8.874467611312866211e-01
-2.033765316009521484e+00
6.116152763366699219e+00
2.446383237838745117e+00
2.920241832733154297e+00
-8.791258335113525391e-01
-1.554930686950683594e+00
-1.246423959732055664e+00
-3.785725593566894531e+00
2.443090438842773438e+00
-3.758836269378662109e+00
-1.474966704845428467e-01
8.166347146034240723e-01
-4.750025868415832520e-01
5.854842662811279297e+00
2.937319755554199219e+00
1.455914735794067383e+00
-1.704311132431030273e+00
3.114901781082153320e-01
-1.806349754333496094e+00
1.502560496330261230e+00
3.391685009002685547e+00
-1.430706739425659180e+00
-4.955654442310333252e-01
5.519740581512451172e-01
5.113808512687683105e-01
-2.262561321258544922e-01
-3.534976243972778320e+00
8.831968307495117188e+00
-2.986842632293701172e+00
-1.035954236984252930e+00
-1.150071263313293457e+00
-6.468949913978576660e-01
-4.542758464813232422e+00
5.115190505981445312e+00
2.066543102264404297e-01
-1.128191709518432617e+00
-2.378117322921752930e+00
-2.633445024490356445e+00
2.190878868103027344e+00
2.726258516311645508e+00
7.977070331573486328e+00
1.679536581039428711e+00
4.205323696136474609e+00
1.257085561752319336e+00
1.723873615264892578e-02
1.514070749282836914e+00
-1.898918151855468750e+00
7.605589628219604492e-01
2.319534778594970703e+00
4.914463758468627930e-01
-2.388174831867218018e-01
1.767814874649047852e+00
-1.512595891952514648e+00
2.037054896354675293e-01
-5.663166046142578125e+00
-3.664818525314331055e+00
-2.904559373855590820e+00
1.491349816322326660e+00
-2.135093688964843750e+00
1.819295883178710938e-01
7.255459427833557129e-01
2.548064708709716797e+00
2.334294557571411133e+00
-1.321672081947326660e+00
3.947767734527587891e+00
-8.733578324317932129e-01
3.079693078994750977e+00
5.022632122039794922e+00
-5.557709932327270508e-02
-2.265395641326904297e+00
-3.201985120773315430e+00
1.769709706306457520e+00
-2.786652565002441406e+00
-2.880192995071411133e+00
1.525050282478332520e+00
-1.019333124160766602e+00
1.959334015846252441e+00
4.976401627063751221e-01
-3.012755513191223145e-01
-1.135963201522827148e+00
-1.064549446105957031e+00
3.163366794586181641e+00
1.968943953514099121e+00
7.097182273864746094e-01
4.452285289764404297e+00
1.858921647071838379e+00
3.760180234909057617e+00
4.788998126983642578e+00
5.726127147674560547e+00
4.519237518310546875e+00
-3.979703783988952637e-02
1.231547594070434570e+00
-3.387019634246826172e+00
3.250654041767120361e-01
1.241873860359191895e+00
-4.177165031433105469e-02
1.354923725128173828e+00
3.581256151199340820e+00
7.253713130950927734e+00
2.285887479782104492e+00
6.315051078796386719e+00
-6.226846575736999512e-01
-2.243035793304443359e+00
1.216550320386886597e-01
1.605662584304809570e+00
1.208574533462524414e+00
1.586850404739379883e+00
2.409283161163330078e+00
3.454449653625488281e+00
-2.172204971313476562e+00
-6.773401498794555664e-01
-2.222434282302856445e-01
-3.049997806549072266e+00
-2.425823688507080078e+00
4.650473594665527344e-03
-8.237326145172119141e-02
9.284346580505371094e+00
1.370246767997741699e+00
-2.884393930435180664e+00
-2.979098558425903320e+00
4.182659149169921875e+00
2.276387453079223633e+00
-1.690368890762329102e+00
6.677752733230590820e-02
-1.022485494613647461e-01
-2.406157493591308594e+00
-2.420010566711425781e-01
-1.252226591110229492e+00
1.848065733909606934e+00
9.667198657989501953e-01
4.647158622741699219e+00
-3.542840003967285156e+00
4.177481174468994141e+00
3.290166378021240234e+00
5.130543708801269531e+00
7.271649837493896484e-01
1.575793027877807617e+00
-1.187663197517395020e+00
-1.140380054712295532e-01
-5.211710929870605469e+00
-2.026173353195190430e+00
8.141378164291381836e-01
2.602295279502868652e-01
2.750679016113281250e+00
2.848029136657714844e+00
-3.680039405822753906e+00
1.392980575561523438e+00
5.556702136993408203e+00
-1.908420324325561523e+00
-1.414857506752014160e+00
-1.063441872596740723e+00
-4.137924015522003174e-01
-3.487306833267211914e+00
7.354347109794616699e-01
-3.057443201541900635e-01
-9.832756519317626953e-01
4.204485416412353516e-01
7.498735189437866211e-02
-1.562639951705932617e+00
-1.477336049079895020e+00
3.775153398513793945e+00
4.887400865554809570e-01
1.613510489463806152e+00
-2.341977357864379883e-01
1.044502973556518555e+00
-2.267126321792602539e+00
-1.840615034103393555e+00
2.442079484462738037e-01
-9.742932915687561035e-01
-2.197498798370361328e+00
-1.016327381134033203e+00
4.744096755981445312e+00
1.745507597923278809e+00
-7.103235721588134766e-01
3.315862417221069336e+00
3.398653268814086914e+00
-2.702702522277832031e+00
5.482139110565185547e+00
-8.376451730728149414e-01
1.072122573852539062e+00
-4.038573801517486572e-01
-2.080791711807250977e+00
2.294689893722534180e+00
-3.105487823486328125e+00
-1.006358623504638672e+00
7.593836784362792969e+00
1.716596007347106934e+00
1.800270199775695801e+00
-4.757649302482604980e-01
-5.995912551879882812e-01
5.686795234680175781e+00
1.195644855499267578e+00
2.363511800765991211e+00
-1.369198203086853027e+00
1.621838808059692383e-01
-2.383904457092285156e-01
6.779895782470703125e+00
2.881885528564453125e+00
5.211818695068359375e+00
2.456460595130920410e-01
1.926551342010498047e+00
-3.748002290725708008e+00
2.887990236282348633e+00
8.477855682373046875e+00
2.020760059356689453e+00
1.681227087974548340e+00
-1.150116205215454102e+00
2.569162249565124512e-01
3.328557014465332031e+00
2.022956848144531250e+00
-1.330736517906188965e+00
-4.108011722564697266e-02
-2.677318334579467773e+00
3.328260183334350586e+00
-9.741463661193847656e-01
-1.715024709701538086e+00
-4.554609298706054688e+00
-2.124202966690063477e+00
-5.664383888244628906e+00
-3.574269056320190430e+00
-2.118516921997070312e+00
2.297673702239990234e+00
-6.617676615715026855e-01
-1.471880793571472168e+00
-2.604593634605407715e-01
-3.721642017364501953e+00
-3.326709032058715820e+00
-4.223045349121093750e+00
-5.495142936706542969e-01
-4.586336612701416016e+00
-1.442656874656677246e+00
-1.368986248970031738e+00
-4.188035011291503906e+00
-5.798536300659179688e+00
-2.371989011764526367e+00
-2.842672586441040039e+00
-1.264108657836914062e+00
-1.751521468162536621e+00
9.152895808219909668e-01
9.389162659645080566e-01
-6.211619973182678223e-01
-3.591390848159790039e+00
-1.864032030105590820e+00
-3.020266294479370117e+00
-3.547919750213623047e+00
-2.976831197738647461e+00
-7.919768691062927246e-01
-4.529983043670654297e+00
-4.106346607208251953e+00
-3.721650838851928711e+00
-1.622727990150451660e+00
-3.213122367858886719e+00
-2.012490272521972656e+00
-2.817219734191894531e+00
-3.074082851409912109e+00
-5.429243087768554688e+00
-6.014643669128417969e+00
-5.171373844146728516e+00
-1.230385899543762207e+00
-2.921412706375122070e+00
9.233817458152770996e-02
-2.976256370544433594e+00
3.147972106933593750e+00
4.076958656311035156e+00
8.457086682319641113e-01
5.734155178070068359e+00
6.689974665641784668e-01
2.466621398925781250e+00
2.104792594909667969e+00
2.270579338073730469e+00
4.939148426055908203e+00
9.946396350860595703e-01
1.513009905815124512e+00
2.175291061401367188e+00
3.027526736259460449e-01
2.667167186737060547e+00
2.166487455368041992e+00
4.728221297264099121e-01
-1.349019765853881836e+00
-6.385061740875244141e-01
-1.836637258529663086e+00
-1.729953169822692871e+00
-2.482897758483886719e+00
-1.091855645179748535e+00
-2.809792757034301758e-01
-2.381001710891723633e+00
-3.101877689361572266e+00
-2.154054880142211914e+00
-9.213146567344665527e-02
-1.170504808425903320e+00
3.501098155975341797e-01
2.595182895660400391e+00
