-9.828051924705505371e-01
4.755452156066894531e+00
-3.211407661437988281e+00
-2.111589908599853516e-01
2.385973483324050903e-01
-1.028165698051452637e+00
-2.154935300350189209e-01
-1.161453604698181152e+00
1.266518831253051758e-01
-1.953256011009216309e+00
-3.876013755798339844e-01
1.884914875030517578e+00
-7.564766407012939453e-01
-2.332095861434936523e+00
-2.009045183658599854e-01
-1.873546361923217773e+00
-1.555994033813476562e+00
-1.477088689804077148e+00
-2.231595516204833984e+00
-2.722973823547363281e+00
-3.855372428894042969e+00
-1.888532519340515137e+00
-2.084989070892333984e+00
-4.012022495269775391e+00
-2.906126022338867188e+00
-3.532840490341186523e+00
-4.169821739196777344e+00
-4.313070774078369141e+00
-4.282503604888916016e+00
-4.036433696746826172e+00
-2.657568693161010742e+00
-3.449032902717590332e-01
-4.155924320220947266e+00
-4.736757278442382812e-02
-4.544095396995544434e-01
-2.248689651489257812e+00
-2.519736766815185547e+00
-3.129332065582275391e+00
-1.745839476585388184e+00
-3.698270559310913086e+00
-2.013339757919311523e+00
-2.942167520523071289e+00
-2.667572736740112305e+00
-3.346773624420166016e+00
-4.444169521331787109e+00
-1.011502742767333984e+00
-5.099971771240234375e+00
-1.325496196746826172e+00
-1.138532638549804688e+00
-2.751009941101074219e+00
-9.414033889770507812e-01
-1.980233192443847656e-01
-2.647147178649902344e+00
-1.773261070251464844e+00
1.244491219520568848e+00
8.778426647186279297e-01
-7.183943390846252441e-01
-6.093779087066650391e+00
-2.782845497131347656e-02
-3.357739925384521484e+00
-3.654476404190063477e-01
1.488850593566894531e+00
8.086992502212524414e-01
-4.381238460540771484e+00
-5.526552200317382812e-01
-3.584858775138854980e-02
2.093549251556396484e+00
1.431515514850616455e-01
-4.981757104396820068e-01
-1.901093602180480957e+00
-1.569441795349121094e+00
-1.271583080291748047e+00
-1.573121547698974609e-02
1.103564977645874023e+00
2.851786136627197266e+00
1.203454971313476562e+00
-2.340244352817535400e-01
1.151517748832702637e+00
-1.743895888328552246e+00
-3.056610107421875000e+00
1.154321074485778809e+00
-6.510488986968994141e-01
-7.130729556083679199e-01
1.046805858612060547e+00
4.088866710662841797e-02
-2.707481861114501953e+00
-7.860717773437500000e-01
-1.795656919479370117e+00
1.396086215972900391e-01
-2.034090906381607056e-01
-1.313208580017089844e+00
-3.875185966491699219e+00
-6.254157423973083496e-01
-7.960115671157836914e-01
7.576491236686706543e-01
-5.130867004394531250e+00
1.279890060424804688e+00
-7.325041294097900391e-01
-1.304021835327148438e+00
-4.787336587905883789e-01
-2.076300621032714844e+00
-2.969652414321899414e+00
-4.865494728088378906e+00
2.135356962680816650e-01
-3.353993415832519531e+00
-3.896415472030639648e+00
-2.330444812774658203e+00
3.595943212509155273e+00
-1.386517643928527832e+00
1.362303972244262695e+00
-2.795167684555053711e+00
-1.973075747489929199e+00
2.475328683853149414e+00
-9.894291162490844727e-01
-5.097686290740966797e+00
-2.387821674346923828e-03
-4.796552658081054688e+00
4.345860004425048828e+00
-8.927280306816101074e-01
-3.504143476486206055e+00
-2.222527980804443359e+00
-1.599058389663696289e+00
-2.594568967819213867e+00
-2.922033786773681641e+00
-2.485390663146972656e+00
-1.088454246520996094e+00
-9.133533239364624023e-01
-2.261122703552246094e+00
-2.414623260498046875e+00
-1.601359605789184570e+00
1.220184326171875000e+00
-1.512188434600830078e+00
1.370025396347045898e+00
-1.632459402084350586e+00
-1.742405891418457031e+00
-2.330555438995361328e+00
-3.861463546752929688e+00
-4.421899795532226562e+00
-8.755877614021301270e-01
-2.044714927673339844e+00
1.559581756591796875e-01
-5.417900085449218750e-01
-4.890202879905700684e-01
-2.350290536880493164e+00
1.091324567794799805e+00
-1.547589540481567383e+00
-4.107710838317871094e+00
-4.647674560546875000e+00
-1.473307609558105469e-02
-2.068123817443847656e+00
2.500752806663513184e-01
2.231818199157714844e+00
-2.821425914764404297e+00
-1.729174613952636719e+00
-3.569654703140258789e+00
-1.329426169395446777e+00
-7.351982593536376953e-02
-8.796503543853759766e-01
6.619878411293029785e-01
-2.003315925598144531e+00
-4.320964813232421875e+00
-5.410673618316650391e-01
-4.085069298744201660e-01
-2.897374153137207031e+00
7.127308845520019531e-01
-3.433578014373779297e+00
-3.372662067413330078e-01
-2.614127635955810547e+00
-1.408132314682006836e-01
-2.448199748992919922e+00
2.826343536376953125e+00
5.226820707321166992e-02
5.803806185722351074e-01
1.018609642982482910e+00
-2.879768133163452148e+00
-2.472475767135620117e+00
-1.650794744491577148e+00
-1.317847251892089844e+00
9.485477209091186523e-02
-7.712881565093994141e-01
-1.834998488426208496e+00
1.543999910354614258e+00
1.894707977771759033e-01
-1.430999040603637695e+00
-9.284042119979858398e-01
4.872752666473388672e+00
-1.267712116241455078e-01
4.694974124431610107e-01
1.659049987792968750e+00
1.494602560997009277e+00
1.686586141586303711e-01
-1.129660487174987793e+00
2.367313623428344727e+00
-5.535454750061035156e-01
-2.507602453231811523e+00
7.984862327575683594e-01
-2.073782682418823242e-01
-1.618698120117187500e+00
-6.924571990966796875e-01
1.904875278472900391e+00
-1.110423564910888672e+00
-6.784934401512145996e-01
3.276979327201843262e-01
4.238213539123535156e+00
-1.758933067321777344e-03
-1.250940799713134766e+00
-2.354619503021240234e-01
-1.846057027578353882e-01
-1.528564333915710449e+00
-8.787571787834167480e-01
2.015452384948730469e-01
4.852806925773620605e-01
-1.092070221900939941e+00
-8.698453903198242188e-01
-3.254289388656616211e+00
1.317302107810974121e+00
1.167939901351928711e-01
1.191100478172302246e-01
-4.196950793266296387e-01
-7.553818821907043457e-02
-2.476715326309204102e+00
-2.841707468032836914e-01
9.147962331771850586e-01
1.723684310913085938e+00
-4.394810199737548828e+00
-3.203647375106811523e+00
1.639315485954284668e-01
-2.022706031799316406e+00
-5.648357868194580078e-01
2.760674357414245605e-01
-1.573332548141479492e+00
-3.410918116569519043e-01
-4.494521617889404297e-01
-3.020864009857177734e+00
2.982116937637329102e-01
-2.759769916534423828e+00
-2.133220672607421875e+00
-1.678002357482910156e+00
-9.311066865921020508e-01
-2.047541618347167969e+00
4.349515736103057861e-01
-6.328011155128479004e-01
-8.676030635833740234e-01
-1.284011483192443848e+00
-4.418083190917968750e+00
-4.380489885807037354e-01
-3.440230607986450195e+00
1.205318927764892578e+00
1.462830305099487305e+00
2.802582979202270508e+00
-2.903328537940979004e-01
2.562159538269042969e+00
-2.899703741073608398e+00
1.472854614257812500e+00
-8.646959066390991211e-01
-1.726510763168334961e+00
-2.626471281051635742e+00
-1.279184460639953613e+00
1.441826820373535156e-01
-1.649382114410400391e+00
-2.167433738708496094e+00
-1.860728144645690918e+00
-3.157826423645019531e+00
6.398280262947082520e-01
4.994142055511474609e+00
1.829134672880172729e-02
1.299454331398010254e+00
1.071194648742675781e+00
-7.442706823348999023e-01
7.774092257022857666e-02
-1.960398435592651367e+00
-2.201484680175781250e+00
-1.759070754051208496e+00
-1.255777120590209961e+00
1.582415103912353516e-01
-2.824322223663330078e+00
-2.792779922485351562e+00
-9.103037714958190918e-01
-3.883130550384521484e+00
-1.810440123081207275e-01
-4.917693436145782471e-01
2.211813926696777344e+00
-8.583719730377197266e-01
2.244747638702392578e+00
-1.454697132110595703e+00
-3.132378578186035156e+00
-1.128424108028411865e-01
-2.938501834869384766e+00
-9.984923005104064941e-01
-3.013525485992431641e+00
-1.515635251998901367e+00
-3.029464721679687500e+00
2.085300981998443604e-01
-2.621140956878662109e+00
-2.717497348785400391e+00
-1.772505164146423340e+00
8.510634303092956543e-01
-4.879092693328857422e+00
-6.740006923675537109e+00
-4.262316226959228516e+00
-6.279073715209960938e+00
-6.438791751861572266e-02
-6.032749176025390625e+00
-2.916636943817138672e+00
-5.339566707611083984e+00
-4.235788345336914062e+00
-4.752832412719726562e+00
-3.574559688568115234e+00
-1.324602842330932617e+00
1.121364593505859375e+00
1.276154994964599609e+00
-3.874054908752441406e+00
-4.929382324218750000e+00
-2.564891099929809570e+00
-1.182116508483886719e+00
-3.400586128234863281e+00
-4.228526592254638672e+00
-2.629365205764770508e+00
-3.601537227630615234e+00
7.202133536338806152e-01
-7.143994569778442383e-01
-1.493416428565979004e+00
-2.465623378753662109e+00
-8.992936611175537109e-01
-3.350443124771118164e+00
-2.258800506591796875e+00
-2.705644130706787109e+00
-1.821001648902893066e+00
-3.667264223098754883e+00
-3.740514755249023438e+00
6.141722202301025391e-02
-2.742672204971313477e+00
-9.866943359375000000e-01
2.714914798736572266e+00
-4.378952980041503906e+00
-4.448459148406982422e+00
-3.114708423614501953e+00
-2.156286239624023438e+00
-1.861254692077636719e+00
-8.441694974899291992e-01
2.172779798507690430e+00
1.259909749031066895e+00
6.551843881607055664e-02
-1.692982435226440430e+00
-3.995507955551147461e+00
9.430705904960632324e-01
2.398097276687622070e+00
1.269374847412109375e+00
-4.954279661178588867e-01
-1.760234355926513672e+00
-9.584307670593261719e-01
-3.429569482803344727e+00
-3.607145547866821289e+00
8.607470989227294922e-02
2.000246047973632812e+00
6.908081769943237305e-01
-4.138844013214111328e+00
-2.189253807067871094e+00
-9.109950065612792969e-01
-2.323472976684570312e+00
-1.017915487289428711e+00
-3.238342523574829102e+00
-5.088294982910156250e+00
-1.004169344902038574e+00
-1.628153681755065918e+00
-2.584743022918701172e+00
-3.276668071746826172e+00
-7.356234550476074219e+00
-4.274005889892578125e+00
-4.144808292388916016e+00
-5.212921619415283203e+00
-5.700129985809326172e+00
-7.236302375793457031e+00
-6.079983711242675781e+00
-3.446501970291137695e+00
-4.627652645111083984e+00
-9.054124355316162109e-01
-5.903709411621093750e+00
-3.802829265594482422e+00
-3.560140132904052734e+00
-4.342449665069580078e+00
-3.503111124038696289e+00
-3.156877279281616211e+00
-1.563107520341873169e-01
-2.887094259262084961e+00
-1.678100109100341797e+00
-3.569910526275634766e+00
-1.069007873535156250e+00
-1.024159669876098633e+00
-3.444541096687316895e-01
-2.967206716537475586e+00
-1.839794516563415527e-01
3.475891590118408203e+00
4.305776357650756836e-01
-4.108177423477172852e-01
9.906881451606750488e-01
5.835058212280273438e+00
-4.274221658706665039e-01
4.046587467193603516e+00
2.171221733093261719e+00
3.957869410514831543e-01
-2.184836626052856445e+00
4.450374543666839600e-01
7.526984214782714844e-01
3.288989782333374023e+00
7.276215076446533203e+00
2.112339973449707031e+00
2.002422809600830078e+00
1.163725256919860840e+00
1.443356394767761230e+00
3.081100940704345703e+00
7.215016484260559082e-01
2.269805669784545898e-01
1.503661274909973145e+00
1.428255796432495117e+00
1.630280852317810059e+00
5.555300712585449219e-01
7.248534679412841797e+00
-2.211756706237792969e-01
3.191045522689819336e+00
-5.471374988555908203e-01
1.071920275688171387e+00
-9.706282615661621094e-01
-4.942877888679504395e-01
2.303111076354980469e+00
4.094722747802734375e+00
2.352119684219360352e-01
1.567248106002807617e+00
2.567624568939208984e+00
2.604810714721679688e+00
1.800027132034301758e+00
-1.453203558921813965e+00
-7.056667804718017578e-01
-3.941004276275634766e-01
3.021785259246826172e+00
2.830415487289428711e+00
1.479729413986206055e+00
5.962657451629638672e+00
2.633633911609649658e-01
-2.016131639480590820e+00
-2.490708351135253906e+00
-2.448536396026611328e+00
-3.171948194503784180e-01
5.928386688232421875e+00
-1.993266820907592773e+00
-1.444082736968994141e+00
-9.098924398422241211e-01
2.258901596069335938e+00
3.953532695770263672e+00
5.111498832702636719e+00
3.235071182250976562e+00
-4.563683271408081055e-01
8.585088253021240234e-01
-3.048017501831054688e+00
-2.544530153274536133e+00
5.497613549232482910e-01
-3.639962673187255859e-01
2.088008642196655273e+00
-2.599097967147827148e+00
1.397732019424438477e+00
2.651003360748291016e+00
-2.107190132141113281e+00
5.114266395568847656e+00
2.118523120880126953e+00
-2.692295312881469727e-01
1.081897974014282227e+00
-1.161542415618896484e+00
-8.303450345993041992e-01
-1.648476362228393555e+00
-3.133099555969238281e+00
4.217454433441162109e+00
1.678328275680541992e+00
5.144229412078857422e+00
-3.280950188636779785e-01
2.256963849067687988e-01
2.419934988021850586e+00
3.173215866088867188e+00
-3.818785429000854492e+00
3.260819435119628906e+00
-3.062627553939819336e+00
-1.907467603683471680e+00
-5.528637170791625977e-01
-3.832189083099365234e+00
4.802519798278808594e+00
3.117650270462036133e+00
-2.513563394546508789e+00
-2.401360034942626953e+00
1.894572973251342773e+00
2.537898778915405273e+00
3.418681383132934570e+00
1.968969702720642090e-01
-4.800679981708526611e-01
-5.131375789642333984e-01
1.107766032218933105e-01
-1.451682329177856445e+00
-6.918109655380249023e-01
3.918059766292572021e-01
4.780502796173095703e+00
1.635583639144897461e+00
-8.772403001785278320e-02
4.981094360351562500e+00
1.436826229095458984e+00
3.175767898559570312e+00
5.989025235176086426e-01
-4.465377926826477051e-01
5.413576364517211914e-01
4.465356349945068359e+00
-1.187726497650146484e+00
-1.896261453628540039e+00
-3.839328885078430176e-01
2.129237413406372070e+00
-2.225803852081298828e+00
-2.051955461502075195e+00
7.895486354827880859e-01
1.068792819976806641e+00
2.074366569519042969e+00
-1.666712045669555664e+00
4.185694217681884766e+00
2.029687404632568359e+00
9.959005117416381836e-01
2.418039321899414062e+00
-1.336079478263854980e+00
-5.500597953796386719e-01
4.045995473861694336e-01
-2.417316913604736328e+00
1.342878699302673340e+00
1.852971613407135010e-01
-1.467330455780029297e+00
-3.343219757080078125e+00
2.008627176284790039e+00
1.998873233795166016e+00
-2.027213335037231445e+00
-7.919246703386306763e-02
3.630995750427246094e+00
-8.042100071907043457e-01
-6.912355899810791016e+00
2.237727642059326172e+00
1.340996742248535156e+00
2.253806114196777344e+00
-8.641550540924072266e-01
1.041046261787414551e+00
-7.753719091415405273e-01
3.636536121368408203e+00
2.500570297241210938e+00
-2.175112724304199219e+00
1.086367368698120117e-01
-2.260527610778808594e-01
3.230857849121093750e-02
-4.068706035614013672e+00
7.188032150268554688e+00
-6.757964134216308594e+00
-5.402582883834838867e-01
4.423159599304199219e+00
1.725660085678100586e+00
1.339928865432739258e+00
-2.054632753133773804e-01
2.796190261840820312e+00
6.859356403350830078e+00
-2.786580622196197510e-01
1.904419898986816406e+00
1.029011487960815430e+00
1.076353549957275391e+00
3.792890310287475586e+00
-6.087641716003417969e-01
1.316947460174560547e+00
3.254903793334960938e+00
-2.398215770721435547e+00
-5.302732467651367188e+00
9.400093555450439453e-02
3.718276977539062500e+00
1.982419133186340332e+00
-5.754904747009277344e+00
2.392212629318237305e+00
-7.216042280197143555e-01
-7.261763215065002441e-01
1.155623197555541992e+00
7.731326818466186523e-01
-7.474357485771179199e-01
2.976197957992553711e+00
4.531544148921966553e-01
2.850918292999267578e+00
-1.567059993743896484e+00
-1.430435061454772949e+00
-1.009334564208984375e+00
2.630650520324707031e+00
1.757370710372924805e+00
7.966867089271545410e-01
2.510691165924072266e+00
3.218153238296508789e+00
1.556725978851318359e+00
-1.732085704803466797e+00
5.404314517974853516e+00
-3.086197376251220703e+00
2.304413795471191406e+00
-2.414759099483489990e-01
1.412997126579284668e+00
3.620678663253784180e+00
-1.473169684410095215e+00
9.527192115783691406e-01
2.852803707122802734e+00
2.952520608901977539e+00
7.853220105171203613e-01
2.303149998188018799e-01
-4.744059443473815918e-01
1.055890321731567383e+00
-2.341019064188003540e-01
2.166116952896118164e+00
-4.443450570106506348e-01
4.722661972045898438e-01
5.394216775894165039e-01
1.267185449600219727e+00
9.745309829711914062e+00
-8.679536581039428711e-01
-1.575575590133666992e+00
4.121596336364746094e+00
-2.233851671218872070e+00
3.462283134460449219e+00
2.375228166580200195e+00
-9.727580547332763672e-01
4.353532314300537109e+00
3.708999633789062500e+00
1.310169696807861328e+00
-4.340011775493621826e-01
1.327892661094665527e+00
-1.691151380538940430e+00
3.131432056427001953e+00
-2.159513950347900391e+00
-2.102673292160034180e+00
1.830354928970336914e+00
-6.013095378875732422e-01
-1.185409784317016602e+00
-6.993851661682128906e-01
-9.854836463928222656e-01
-4.834822416305541992e-01
1.378059983253479004e+00
-2.203335285186767578e+00
1.276660203933715820e+00
4.114868164062500000e+00
2.291285037994384766e+00
4.013884067535400391e+00
-9.338831305503845215e-01
2.341917991638183594e+00
3.740647435188293457e-02
-1.151510238647460938e+00
3.266334533691406250e-05
6.456470489501953125e+00
5.663021087646484375e+00
8.943713903427124023e-01
-2.060078620910644531e+00
-1.614606499671936035e+00
-4.719235897064208984e-01
1.262360095977783203e+00
6.091144084930419922e-01
2.358891725540161133e+00
6.769484877586364746e-01
-1.243160128593444824e+00
1.902787446975708008e+00
4.399762630462646484e+00
2.209370136260986328e+00
4.014360904693603516e-01
5.846259593963623047e+00
-3.075040817260742188e+00
-3.956250429153442383e+00
3.903904438018798828e+00
1.722383260726928711e+00
-7.771655321121215820e-01
-2.032158374786376953e+00
1.578487873077392578e+00
3.258333206176757812e+00
4.351958274841308594e+00
2.781059503555297852e+00
-1.513853520154953003e-01
5.312932968139648438e+00
-2.960030555725097656e+00
-2.627793788909912109e+00
-1.621264219284057617e+00
-4.407719612121582031e+00
-1.165167689323425293e+00
4.944286346435546875e-01
1.724678277969360352e+00
1.824926733970642090e-01
-1.818107843399047852e+00
2.127086877822875977e+00
3.974469900131225586e-01
-3.282906532287597656e+00
-3.263466596603393555e+00
-3.349961996078491211e+00
-8.355817794799804688e-01
-5.548769235610961914e-01
-4.177980422973632812e-01
-2.470169067382812500e+00
3.240502357482910156e+00
7.974660992622375488e-01
1.099875688552856445e+00
-6.505587100982666016e-01
1.951336622238159180e+00
5.912147998809814453e+00
3.810920476913452148e+00
2.570407867431640625e+00
1.819253206253051758e+00
3.971115827560424805e+00
7.741028785705566406e+00
-1.218570947647094727e+00
1.407120943069458008e+00
2.513553142547607422e+00
1.954965114593505859e+00
1.986467838287353516e-02
-1.943203210830688477e+00
-2.917000651359558105e-02
2.756820678710937500e+00
5.566610336303710938e+00
1.164785861968994141e+00
-2.148294687271118164e+00
-3.357945084571838379e-01
8.681395053863525391e-01
-3.953231811523437500e+00
3.302083492279052734e+00
-3.239776372909545898e+00
1.388114809989929199e+00
-5.090933442115783691e-01
-4.228163719177246094e+00
5.517941951751708984e+00
6.942307949066162109e-02
8.095162391662597656e+00
3.223433017730712891e+00
-2.218325138092041016e+00
-3.848180294036865234e+00
2.040414333343505859e+00
2.952777385711669922e+00
-2.097280979156494141e+00
1.877508878707885742e+00
3.218355655670166016e+00
-7.619063854217529297e-01
4.629813194274902344e+00
-1.790599346160888672e+00
2.683833122253417969e+00
-1.185513973236083984e+00
-2.290889620780944824e-01
1.932545423507690430e+00
1.025022268295288086e-01
-1.767619550228118896e-01
4.977762699127197266e-03
-1.323004007339477539e+00
1.919826745986938477e+00
5.508248805999755859e+00
-1.665454149246215820e+00
2.113864183425903320e+00
3.818330049514770508e+00
2.599372863769531250e+00
3.416180849075317383e+00
5.095311164855957031e+00
1.614734768867492676e+00
1.502033770084381104e-01
3.450471162796020508e-01
-2.567197084426879883e+00
2.626834154129028320e+00
-2.395056784152984619e-01
5.887600183486938477e-01
1.458782911300659180e+00
-7.553581148386001587e-02
6.993023157119750977e-01
-4.134521484375000000e-01
3.022731065750122070e+00
-1.325516998767852783e-01
6.838591098785400391e-01
-1.040139049291610718e-01
-2.454947233200073242e+00
2.953377246856689453e+00
1.319168090820312500e+00
-1.306538581848144531e-01
9.525387287139892578e-01
5.580801963806152344e-01
2.165557622909545898e+00
-1.551732063293457031e+00
1.082683444023132324e+00
2.605966567993164062e+00
1.303698778152465820e+00
-2.435082435607910156e+00
-2.823910117149353027e-01
2.536141872406005859e+00
1.674574375152587891e+00
-1.723443388938903809e+00
1.760087728500366211e+00
1.425279855728149414e+00
2.018240928649902344e+00
1.894640207290649414e+00
-3.531123995780944824e-01
1.401141643524169922e+00
1.880285501480102539e+00
8.888351321220397949e-01
-1.534288644790649414e+00
4.113595008850097656e+00
7.725444316864013672e+00
-8.268634080886840820e-01
4.202397346496582031e+00
5.625326633453369141e+00
3.672454357147216797e+00
2.508780479431152344e+00
-3.957221508026123047e+00
-1.247530221939086914e+00
-2.890827417373657227e+00
-1.423729509115219116e-01
3.317043781280517578e+00
6.905354499816894531e+00
2.241222113370895386e-01
3.397480487823486328e+00
2.155498027801513672e+00
2.518010377883911133e+00
7.551974654197692871e-01
-2.048064947128295898e+00
-4.263293266296386719e+00
-2.417399585247039795e-01
2.164947748184204102e+00
-1.493906497955322266e+00
-2.782106995582580566e-01
4.859034538269042969e+00
3.540014028549194336e-01
-9.145897626876831055e-02
2.529234409332275391e+00
3.658128261566162109e+00
-2.266311645507812500e+00
-1.926569223403930664e+00
1.987303495407104492e+00
-1.963866949081420898e-01
1.734558105468750000e+00
1.973357439041137695e+00
1.937451660633087158e-01
-3.698157668113708496e-01
-3.905467987060546875e-01
1.782967329025268555e+00
-7.123782634735107422e-01
3.175475120544433594e+00
6.153381347656250000e+00
-7.509553432464599609e-01
4.351777434349060059e-01
-2.358732700347900391e+00
8.620429039001464844e-01
2.640934944152832031e+00
1.612761020660400391e-01
2.746591091156005859e+00
2.990120887756347656e+00
8.683756589889526367e-01
1.711812734603881836e+00
3.431658744812011719e+00
1.193324446678161621e+00
2.694175720214843750e+00
1.504934072494506836e+00
2.485188722610473633e+00
-2.411077499389648438e+00
-9.118157625198364258e-01
2.916668176651000977e+00
4.127501487731933594e+00
8.499053716659545898e-01
-6.264926195144653320e-01
4.540729999542236328e+00
2.856431722640991211e+00
1.495302796363830566e+00
-1.411312222480773926e+00
4.755921840667724609e+00
7.907832860946655273e-01
-6.667146086692810059e-01
1.635312914848327637e+00
5.130115032196044922e+00
3.140048980712890625e+00
1.942873597145080566e+00
3.105546712875366211e+00
-2.318912446498870850e-01
2.865439891815185547e+00
2.360551357269287109e+00
5.731939077377319336e-01
4.736945033073425293e-01
3.384712934494018555e+00
3.565149545669555664e+00
4.302950501441955566e-01
-2.084635257720947266e+00
2.463536977767944336e+00
3.595848083496093750e+00
-1.973510026931762695e+00
-1.672609686851501465e+00
7.304740905761718750e+00
1.976198792457580566e+00
-1.622048854827880859e+00
3.209966897964477539e+00
1.141334295272827148e+00
8.999965190887451172e-01
3.795797586441040039e+00
-1.491185426712036133e+00
-1.259006500244140625e+00
1.795023798942565918e+00
7.265815138816833496e-01
2.750289916992187500e+00
-1.970306158065795898e+00
1.091805219650268555e+00
1.715864181518554688e+00
1.185836791992187500e+00
2.893640756607055664e+00
1.873847484588623047e+00
-2.678534388542175293e-01
2.988662004470825195e+00
1.302695751190185547e+00
3.343821048736572266e+00
-4.709424018859863281e+00
2.621039867401123047e+00
-3.973192691802978516e+00
7.423623085021972656e+00
3.549623489379882812e+00
5.345323085784912109e-01
-7.192218899726867676e-01
4.036115646362304688e+00
-1.410469651222229004e+00
-1.384665489196777344e+00
2.628980398178100586e+00
3.104926347732543945e+00
3.879390478134155273e+00
2.531631469726562500e+00
3.350323677062988281e+00
5.779223442077636719e-01
-2.408080101013183594e-01
7.127080112695693970e-02
2.364751338958740234e+00
3.575430631637573242e+00
2.385185003280639648e+00
3.580343127250671387e-01
1.035389184951782227e+00
-4.234850883483886719e+00
-7.184243798255920410e-01
-3.246392726898193359e+00
3.165243566036224365e-01
-2.596507549285888672e+00
1.390181303024291992e+00
-3.643792390823364258e+00
-4.889198780059814453e+00
-2.582636475563049316e-01
-2.657061815261840820e+00
-1.930168151855468750e+00
-5.289515018463134766e+00
-3.675204277038574219e+00
-4.404319286346435547e+00
-2.425227642059326172e+00
-5.936937332153320312e+00
-4.223967552185058594e+00
-5.216306686401367188e+00
-3.522125244140625000e+00
-3.796370029449462891e+00
-2.914993286132812500e+00
-6.226191043853759766e+00
-5.398101210594177246e-01
-2.253444433212280273e+00
-2.885891914367675781e+00
-1.598730564117431641e+00
-2.381875514984130859e-01
2.501098215579986572e-01
-1.411444902420043945e+00
2.112974971532821655e-01
-1.866683483123779297e+00
-1.900031089782714844e+00
-3.123326063156127930e+00
-4.652129173278808594e+00
2.807464599609375000e+00
-2.287248373031616211e+00
-3.666979312896728516e+00
-1.602777719497680664e+00
-4.989272117614746094e+00
-2.408440351486206055e+00
-4.927378177642822266e+00
-5.135509490966796875e+00
2.972236633300781250e+00
-2.689588069915771484e+00
1.800025701522827148e+00
-3.015146851539611816e-01
6.328956127166748047e+00
3.409545421600341797e+00
2.944795608520507812e+00
4.547644615173339844e+00
-9.993857145309448242e-01
5.782959938049316406e+00
2.441792011260986328e+00
5.063648223876953125e+00
6.239202499389648438e+00
4.410789012908935547e+00
6.646143198013305664e-01
2.427231550216674805e+00
3.793735265731811523e+00
5.956518650054931641e+00
3.508914709091186523e+00
9.438178539276123047e-01
1.981222629547119141e-01
-1.104840517044067383e+00
-1.234567642211914062e+00
3.441274166107177734e+00
-1.337556123733520508e+00
-3.876456022262573242e-01
1.701179742813110352e+00
-4.310300827026367188e+00
-1.299600601196289062e+00
4.742737412452697754e-01
-8.077447414398193359e-01
-1.106430053710937500e+00
1.589750289916992188e+00
4.983549594879150391e+00
