2.524957060813903809e-01
3.692706346511840820e+00
1.962440490722656250e+00
2.072782516479492188e+00
5.100094079971313477e-01
-8.661687374114990234e-01
3.077927589416503906e+00
-1.268933057785034180e+00
-1.176817059516906738e+00
-4.117724418640136719e+00
5.253816843032836914e-01
-1.170829653739929199e+00
-2.238675117492675781e+00
7.666852474212646484e-01
3.888519763946533203e+00
1.307238638401031494e-01
-4.280052185058593750e+00
2.726350307464599609e+00
-2.192902565002441406e-01
-1.297414183616638184e+00
-3.104815483093261719e+00
-1.019092798233032227e+00
-4.732072830200195312e+00
-4.022834300994873047e+00
-1.558874011039733887e+00
-6.369760036468505859e-01
1.561352491378784180e+00
3.082794666290283203e+00
-1.638747692108154297e+00
-1.584865212440490723e+00
-6.649839401245117188e+00
5.558010339736938477e-01
-3.561402559280395508e+00
-2.675124645233154297e+00
-5.179516792297363281e+00
-1.001330375671386719e+01
-1.900977015495300293e+00
-4.106487274169921875e+00
2.670709848403930664e+00
-3.420703411102294922e+00
-1.304709196090698242e+00
-1.942874789237976074e+00
3.423520326614379883e+00
-3.544125080108642578e+00
-1.642657160758972168e+00
3.990981578826904297e+00
1.566957712173461914e+00
2.661844491958618164e+00
5.506380200386047363e-01
-2.748935461044311523e+00
-3.763114929199218750e+00
-3.588160037994384766e+00
-9.904524087905883789e-01
-3.346235513687133789e+00
-2.059463977813720703e+00
-1.226587653160095215e+00
-2.611186742782592773e+00
-7.537157535552978516e+00
-2.315151691436767578e+00
-4.395254135131835938e+00
6.075077652931213379e-01
-9.105535745620727539e-01
-1.466814994812011719e+00
-6.273497581481933594e+00
5.013117790222167969e-01
-5.263255834579467773e-01
1.555467605590820312e+00
-6.245359182357788086e-01
-3.058478236198425293e-02
-1.820886135101318359e-02
7.077519893646240234e-01
-3.076192378997802734e+00
-4.578306674957275391e+00
-3.616722106933593750e+00
-1.946006536483764648e+00
1.451253890991210938e-01
2.591101825237274170e-01
-3.488743305206298828e-01
-7.720642089843750000e-01
1.227623343467712402e+00
-1.173777222633361816e+00
-5.015274286270141602e-01
-2.156705379486083984e+00
-2.678047895431518555e+00
4.524992465972900391e+00
-4.188220500946044922e+00
-4.237360060214996338e-01
-3.902676701545715332e-01
9.593660831451416016e-01
1.031431257724761963e-01
4.380434155464172363e-01
-5.312111377716064453e+00
-7.421911954879760742e-01
-6.708590030670166016e+00
1.491113185882568359e+00
-2.264651298522949219e+00
-1.205046176910400391e+00
-2.759769201278686523e+00
-2.947385787963867188e+00
-3.274001598358154297e+00
-3.516483783721923828e+00
-9.387667775154113770e-01
-3.790567398071289062e+00
-9.578266739845275879e-01
-3.549772202968597412e-01
-7.902255058288574219e-01
-1.921754240989685059e+00
1.290421843528747559e+00
1.586451292037963867e+00
4.185057640075683594e+00
1.952396869659423828e+00
6.238002777099609375e+00
2.742471456527709961e+00
4.465391159057617188e+00
2.523705959320068359e+00
2.012517929077148438e+00
1.891872763633728027e+00
1.347144365310668945e+00
-2.693392753601074219e+00
-2.660328388214111328e+00
-3.702805757522583008e+00
-2.003443956375122070e+00
-2.508567333221435547e+00
-1.924256563186645508e+00
-1.309665322303771973e+00
2.283936500549316406e+00
2.619619846343994141e+00
-3.003368139266967773e+00
-1.492109775543212891e+00
-5.239699840545654297e+00
-4.071932315826416016e+00
-1.891261577606201172e+00
-2.098482847213745117e+00
-4.908066272735595703e+00
-3.836313724517822266e+00
-5.741799354553222656e+00
-3.406432628631591797e+00
-6.131709098815917969e+00
-3.085755586624145508e+00
-1.063614130020141602e+00
1.015567779541015625e+00
-3.626332283020019531e+00
-3.780484437942504883e+00
-9.426233172416687012e-01
-2.462498426437377930e+00
-3.170442104339599609e+00
-3.225748777389526367e+00
-3.582662045955657959e-01
-2.805700302124023438e+00
2.174486637115478516e+00
-3.226556062698364258e+00
1.022737979888916016e+00
-4.016579151153564453e+00
-1.037124991416931152e+00
-4.958674311637878418e-01
1.192891359329223633e+00
-2.547217130661010742e+00
5.322449207305908203e-01
-2.415073812007904053e-01
9.226098060607910156e-01
-2.935696363449096680e+00
9.269002079963684082e-01
3.313851356506347656e-02
-2.035806417465209961e+00
2.023612499237060547e+00
-1.610539197921752930e+00
-1.779617905616760254e+00
-2.233762741088867188e+00
-9.895675182342529297e-01
-1.783466339111328125e+00
1.146329402923583984e+00
1.357471227645874023e+00
-1.555883288383483887e+00
-1.422629475593566895e+00
-1.152882933616638184e+00
-1.453883647918701172e+00
-5.241958618164062500e+00
-2.702247381210327148e+00
-4.107612967491149902e-01
-2.251960784196853638e-01
-7.208964824676513672e-01
1.299227952957153320e+00
3.226169347763061523e-01
2.773466825485229492e+00
1.563203692436218262e+00
1.649322390556335449e+00
-9.597907662391662598e-01
2.858722805976867676e-01
2.152010679244995117e+00
1.124298453330993652e+00
2.104906082153320312e+00
4.410293579101562500e+00
3.464541912078857422e+00
1.942981600761413574e+00
-2.817122697830200195e+00
2.950547635555267334e-01
1.229712009429931641e+00
2.608681440353393555e+00
6.350077390670776367e-01
4.789568901062011719e+00
-2.668059110641479492e+00
1.687611341476440430e+00
1.996012210845947266e+00
2.863598346710205078e+00
2.292026281356811523e-01
-3.610903024673461914e-02
-1.712953090667724609e+00
8.304197788238525391e-01
-5.470008850097656250e-01
5.578616261482238770e-01
1.104441642761230469e+00
1.378745436668395996e+00
2.137061357498168945e+00
4.874976277351379395e-01
-2.719455659389495850e-01
-1.252569258213043213e-03
-2.375636339187622070e+00
2.548837184906005859e+00
-1.840862631797790527e-01
8.440883159637451172e-01
-1.693603157997131348e+00
1.615193843841552734e+00
-5.700918436050415039e-01
3.226745605468750000e+00
-1.821300506591796875e+00
-5.806621313095092773e-01
1.193751573562622070e+00
1.620913147926330566e-01
-2.383582115173339844e+00
2.627891540527343750e+00
9.224906563758850098e-02
2.526065349578857422e+00
8.975135684013366699e-01
9.308469891548156738e-01
-1.139566421508789062e+00
-1.955206394195556641e+00
-4.435984194278717041e-01
1.422064542770385742e+00
-1.191542029380798340e+00
-2.446850776672363281e+00
6.511292457580566406e-01
-2.173356533050537109e+00
1.044397115707397461e+00
-6.493860483169555664e-02
-4.618222236633300781e+00
1.584813833236694336e+00
-3.560918569564819336e-01
-1.161786675453186035e+00
-9.351125955581665039e-01
-8.055031895637512207e-01
-1.887786388397216797e-02
4.308127880096435547e+00
3.790863156318664551e-01
6.713332533836364746e-01
3.891006469726562500e+00
-1.782557964324951172e-01
4.701086878776550293e-01
2.349993467330932617e+00
1.254741191864013672e+00
-5.638145208358764648e-01
2.125331759452819824e-01
-1.156292200088500977e+00
-2.677221059799194336e+00
2.322867155075073242e+00
4.091492176055908203e+00
2.507026672363281250e+00
3.928414583206176758e-01
-2.742401123046875000e+00
-2.411735773086547852e+00
-6.558705806732177734e+00
-4.291994571685791016e+00
-3.691919565200805664e+00
-2.416568279266357422e+00
-2.846521139144897461e+00
-2.575647115707397461e+00
-3.539538860321044922e+00
-1.877175331115722656e+00
-3.564643859863281250e+00
-3.608750820159912109e+00
1.746918559074401855e-01
-1.649655342102050781e+00
-1.062434196472167969e+00
1.056954145431518555e+00
7.374747395515441895e-01
1.095584630966186523e+00
6.994773149490356445e-01
-1.962873578071594238e+00
-3.043348789215087891e-01
-1.021670579910278320e+00
1.804309785366058350e-01
1.585061788558959961e+00
-5.260337829589843750e+00
-1.500737309455871582e+00
6.842699050903320312e-01
-1.055102229118347168e+00
4.504494965076446533e-01
2.073685407638549805e+00
-2.605718374252319336e+00
-6.337226033210754395e-01
-1.903534770011901855e+00
-7.249313592910766602e-01
2.938443422317504883e+00
-5.148482322692871094e-01
-5.448122024536132812e-01
-1.443617820739746094e+00
-3.352598905563354492e+00
-2.400300025939941406e+00
-1.972364485263824463e-01
1.499006748199462891e-01
1.414040565490722656e+00
4.816079616546630859e+00
-3.792160451412200928e-01
2.065756767988204956e-01
3.040129661560058594e+00
2.542881727218627930e+00
-4.677081108093261719e-01
-3.020980060100555420e-01
2.883884906768798828e+00
3.750541687011718750e+00
-3.328665494918823242e-01
4.143750667572021484e-02
2.683901071548461914e+00
1.104170680046081543e+00
1.533956408500671387e+00
1.906660795211791992e+00
3.404026746749877930e+00
9.560641050338745117e-01
3.824312925338745117e+00
1.725253105163574219e+00
2.704113960266113281e+00
1.087806940078735352e+00
-2.339867591857910156e+00
-2.491318702697753906e+00
1.664414525032043457e+00
-3.539823770523071289e+00
-4.401533603668212891e+00
2.122457325458526611e-01
-2.978416442871093750e+00
9.555749893188476562e-01
-2.094923019409179688e+00
-1.428566694259643555e+00
-1.992943644523620605e+00
-5.917641639709472656e+00
-6.775568485260009766e+00
-4.586154937744140625e+00
-7.586557269096374512e-01
-1.807437062263488770e+00
-1.290400922298431396e-01
-5.378600955009460449e-01
-5.255751609802246094e+00
-2.561338424682617188e+00
-3.364368438720703125e+00
-5.036339759826660156e+00
-3.381559371948242188e+00
-4.942637681961059570e-02
-2.423463582992553711e+00
-2.989740133285522461e+00
-2.288665056228637695e+00
-8.649781942367553711e-01
-1.108917951583862305e+00
-2.243933677673339844e+00
-1.821496725082397461e+00
-1.497618079185485840e+00
-1.298578143119812012e+00
4.325815737247467041e-01
-3.805318355560302734e+00
-4.821425437927246094e+00
-4.409414768218994141e+00
-3.666094303131103516e+00
-1.629234910011291504e+00
-4.000157833099365234e+00
-5.418079376220703125e+00
-4.925437927246093750e+00
-4.555239677429199219e+00
-4.214032649993896484e+00
-5.144187450408935547e+00
-3.189863681793212891e+00
-1.373139739036560059e+00
-3.045321941375732422e+00
-5.064087867736816406e+00
-3.484199047088623047e+00
-3.365858078002929688e+00
-3.091441631317138672e+00
-2.934073448181152344e+00
-3.738283872604370117e+00
9.898862242698669434e-01
-4.245193958282470703e+00
-2.705248594284057617e+00
-1.496678948402404785e+00
-6.658777594566345215e-01
3.187488317489624023e+00
-5.177254080772399902e-01
3.213447093963623047e+00
2.280374050140380859e+00
-6.644026041030883789e-01
3.611255407333374023e+00
-5.803299546241760254e-01
1.281348109245300293e+00
2.505279302597045898e+00
3.777973175048828125e+00
-7.258877158164978027e-01
3.109734058380126953e-01
2.047710418701171875e+00
-1.875227093696594238e+00
1.518884181976318359e+00
2.872582912445068359e+00
-2.420578718185424805e+00
5.578544735908508301e-02
-3.642340660095214844e+00
-2.942017018795013428e-01
5.713673591613769531e+00
6.098724842071533203e+00
-3.603425741195678711e+00
4.043594002723693848e-01
6.983117461204528809e-01
3.085525512695312500e+00
-1.680575370788574219e+00
4.153406620025634766e+00
2.876243591308593750e+00
5.667870521545410156e+00
1.215002536773681641e+00
-1.102429866790771484e+00
-1.981759071350097656e+00
-5.265076637268066406e+00
-1.399785280227661133e+00
4.896123409271240234e+00
-1.633701801300048828e+00
-2.897510230541229248e-01
-2.853383064270019531e+00
2.937510490417480469e+00
-3.248647689819335938e+00
3.842905521392822266e+00
2.117625951766967773e+00
-6.012374758720397949e-01
6.860685348510742188e+00
-2.151602029800415039e+00
-6.466271281242370605e-01
3.091314077377319336e+00
-1.689498662948608398e+00
-3.291034698486328125e+00
3.165426254272460938e-01
-1.989341497421264648e+00
-1.123531103134155273e+00
7.706241607666015625e+00
-3.360237479209899902e-01
-2.105620384216308594e+00
1.496536254882812500e+00
1.936025977134704590e+00
1.383932828903198242e+00
-1.071024417877197266e+00
-1.755375146865844727e+00
7.537773847579956055e-01
7.262205600738525391e+00
-1.357182025909423828e+00
-3.337692022323608398e+00
2.513536214828491211e+00
1.253105640411376953e+00
5.305274486541748047e+00
-6.602359414100646973e-01
2.491991043090820312e+00
2.853812694549560547e+00
-3.892099857330322266e+00
5.612524509429931641e+00
-2.218245029449462891e+00
5.081686019897460938e+00
-1.127211451530456543e+00
-2.861189365386962891e+00
1.049951016902923584e-01
-7.187477350234985352e-01
-5.135552883148193359e+00
-2.658569812774658203e-02
-2.627240896224975586e+00
-1.439638137817382812e+00
-4.315633773803710938e+00
1.142702674865722656e+01
-1.952329754829406738e+00
-9.063949584960937500e-01
-2.910117387771606445e+00
2.245328426361083984e+00
-3.645023107528686523e+00
-1.696417570114135742e+00
1.899764895439147949e+00
-5.152884721755981445e-01
1.043297767639160156e+00
-2.020177364349365234e+00
1.100789606571197510e-01
-3.485744953155517578e+00
3.792037963867187500e+00
-1.290819644927978516e+00
4.949767589569091797e+00
2.184393167495727539e+00
-6.255444526672363281e+00
1.350537061691284180e+00
-2.803053855895996094e+00
2.829888343811035156e+00
-1.444011211395263672e+00
1.065096282958984375e+01
2.826477050781250000e+00
2.285019159317016602e+00
2.502423524856567383e+00
2.489262223243713379e-01
4.407511234283447266e+00
3.490512132644653320e+00
-3.154323816299438477e+00
1.148959875106811523e+00
-3.824941396713256836e+00
-1.749289751052856445e+00
2.336041182279586792e-01
1.347084999084472656e+00
1.421890497207641602e+00
1.927573204040527344e+00
-1.541339039802551270e+00
-4.548999786376953125e+00
5.587496161460876465e-01
2.637101411819458008e+00
-9.860923886299133301e-01
1.739104390144348145e+00
4.834942817687988281e+00
-1.542950868606567383e+00
9.728497266769409180e-02
3.139457702636718750e+00
-4.417066574096679688e+00
3.229493796825408936e-01
3.225003480911254883e-01
-1.492710351943969727e+00
-6.871044635772705078e-02
-3.050373315811157227e+00
-1.312803030014038086e+00
-3.334479093551635742e+00
3.734152793884277344e+00
3.134905695915222168e-01
-3.634251952171325684e-01
-1.530880093574523926e+00
1.169819450378417969e+01
-4.657099843025207520e-01
-5.322952270507812500e+00
-1.970123529434204102e+00
-1.786538720130920410e+00
-1.137909173965454102e+00
7.272666931152343750e+00
-7.728495001792907715e-01
-7.374939918518066406e-01
1.759247660636901855e+00
-2.423525333404541016e+00
-4.652985572814941406e+00
3.662008047103881836e+00
1.356109619140625000e+00
-1.555567741394042969e+00
-4.202672004699707031e+00
5.102198600769042969e+00
-7.290741443634033203e+00
1.830951452255249023e+00
3.684140205383300781e+00
-2.638416290283203125e+00
-7.470898628234863281e-01
-2.650320768356323242e+00
-2.489989995956420898e+00
1.230061054229736328e+00
5.521386146545410156e+00
-6.770502328872680664e-01
-1.732554912567138672e+00
-4.052680969238281250e+00
-2.355638146400451660e-01
8.874634504318237305e-01
3.072288274765014648e+00
8.297470211982727051e-01
-9.343652725219726562e-01
-1.916159391403198242e+00
4.377717971801757812e+00
-2.765689611434936523e+00
-9.205071926116943359e-01
-7.908687591552734375e+00
-3.145285844802856445e+00
-5.200716972351074219e+00
-1.129491806030273438e+00
-4.688872814178466797e+00
6.828361749649047852e-01
-6.633238196372985840e-01
4.241185188293457031e+00
1.237389087677001953e+00
-8.532654047012329102e-01
-3.301028013229370117e-01
5.711164474487304688e-01
-3.158622503280639648e+00
2.537812232971191406e+00
3.748383998870849609e+00
-1.941946029663085938e+00
7.372456789016723633e-01
9.090592712163925171e-02
-7.078449726104736328e-01
2.900774776935577393e-02
1.060553169250488281e+01
4.544244408607482910e-01
4.071044921875000000e-02
3.902501344680786133e+00
-1.994864344596862793e+00
1.139675855636596680e+00
2.276216745376586914e+00
-1.748591184616088867e+00
8.206990242004394531e+00
1.168320417404174805e+00
4.738449573516845703e+00
5.272116661071777344e-01
-4.460526466369628906e+00
-1.890089392662048340e+00
5.505775451660156250e+00
5.179793357849121094e+00
-1.975699186325073242e+00
5.335625171661376953e+00
-2.786633372306823730e-01
-3.359215259552001953e-01
7.171025753021240234e+00
-1.448005199432373047e+00
-9.615882039070129395e-01
4.013453483581542969e+00
-3.107720851898193359e+00
3.750350475311279297e+00
2.185499191284179688e+00
1.120724976062774658e-01
2.556694269180297852e+00
2.841784000396728516e+00
-2.110050618648529053e-01
-2.777104377746582031e-01
1.548728346824645996e-01
-4.432235717773437500e+00
2.500163078308105469e+00
1.279888272285461426e+00
-4.798315048217773438e+00
4.347314357757568359e+00
-2.587407112121582031e+00
4.088943958282470703e+00
2.915400505065917969e+00
-1.231149196624755859e+00
4.801706075668334961e-01
-9.675956368446350098e-01
-1.132497787475585938e+00
8.216062545776367188e+00
-6.614421010017395020e-01
3.270009994506835938e+00
3.777165651321411133e+00
-1.108014345169067383e+00
1.251449584960937500e+00
-3.167065382003784180e-01
4.266123771667480469e+00
-3.173118829727172852e-01
1.762211322784423828e+00
-9.051448106765747070e-01
-3.118748664855957031e+00
-2.505827903747558594e+00
-3.651382923126220703e+00
7.411400675773620605e-01
1.488457441329956055e+00
-1.338955760002136230e+00
-2.906164884567260742e+00
6.691811680793762207e-01
3.911158084869384766e+00
-1.197751998901367188e+00
-7.072216272354125977e-01
1.345033264160156250e+01
-2.040863275527954102e+00
1.351809382438659668e+00
-3.596423864364624023e+00
-1.361772775650024414e+00
1.898991703987121582e+00
-3.455991148948669434e-01
-4.310061454772949219e+00
-2.413543224334716797e+00
2.099048376083374023e+00
2.944718360900878906e+00
4.723824501037597656e+00
-2.343974113464355469e+00
-4.330047130584716797e+00
2.806240081787109375e+00
-7.799366116523742676e-01
-8.669444918632507324e-01
-2.441256761550903320e+00
-1.187768340110778809e+00
5.130578279495239258e-01
1.089345335960388184e+00
6.274751424789428711e-01
2.819129943847656250e+00
9.684198498725891113e-01
-2.020536422729492188e+00
2.388220548629760742e+00
4.168931961059570312e+00
-1.406100392341613770e+00
-5.304781913757324219e+00
-5.776453018188476562e-01
8.608735203742980957e-01
3.947571039199829102e+00
4.616844654083251953e-02
-1.651817440986633301e+00
4.665036201477050781e+00
2.857882380485534668e-01
-3.786855459213256836e+00
4.837100505828857422e-01
3.204544544219970703e+00
6.055476665496826172e+00
4.913391768932342529e-01
5.246222496032714844e+00
7.671338319778442383e-01
5.732800960540771484e+00
-1.269876718521118164e+00
-3.028527736663818359e+00
2.732735633850097656e+00
1.617735862731933594e+00
-1.639023423194885254e+00
-1.697488665580749512e+00
-5.581213951110839844e+00
8.926556587219238281e+00
-2.160529375076293945e+00
-2.170633316040039062e+00
2.351584434509277344e+00
-1.291640281677246094e+00
-1.137924194335937500e-02
-4.003085613250732422e+00
4.236491203308105469e+00
-6.767413139343261719e+00
5.574314594268798828e-01
-1.856057405471801758e+00
-2.178642511367797852e+00
3.939285278320312500e+00
-5.317876338958740234e-01
-1.401799470186233521e-01
5.521229505538940430e-01
-2.020203113555908203e+00
-7.959806323051452637e-01
7.335964441299438477e-01
1.250248551368713379e+00
-1.542736768722534180e+00
-1.608281850814819336e+00
2.053993225097656250e+00
-3.236125946044921875e+00
1.723392844200134277e+00
-3.951353073120117188e+00
1.065262699127197266e+01
3.789319753646850586e+00
-1.117164850234985352e+00
-4.176491260528564453e+00
-1.002840280532836914e+00
2.400097250938415527e-02
7.346427440643310547e+00
-2.930795907974243164e+00
-1.401688814163208008e+00
-1.560042738914489746e+00
-3.363718271255493164e+00
1.598122119903564453e+00
2.645957708358764648e+00
1.019368934631347656e+01
1.077114582061767578e+00
8.760952949523925781e+00
-2.041361570358276367e+00
9.646292924880981445e-01
-2.790290117263793945e-01
6.406239271163940430e-01
1.242618083953857422e+00
-1.126216053962707520e+00
-2.198315620422363281e+00
-1.311132431030273438e+00
-1.558993339538574219e+00
-2.396605968475341797e+00
3.109304904937744141e+00
-9.565984606742858887e-01
2.413614749908447266e+00
-8.918842673301696777e-01
-2.486679792404174805e+00
-5.929942131042480469e+00
-4.224264621734619141e-02
-1.112506270408630371e+00
5.988272190093994141e+00
1.473801970481872559e+00
-4.229297637939453125e+00
3.724856853485107422e+00
-3.259551525115966797e-02
1.702538132667541504e+00
7.148506164550781250e+00
-1.506534218788146973e-02
3.603635311126708984e+00
2.984292805194854736e-01
7.077970504760742188e-01
2.989212512969970703e+00
2.017832696437835693e-01
1.086640000343322754e+00
2.452435493469238281e+00
-2.216219902038574219e-02
4.059346675872802734e+00
1.864112973213195801e+00
-7.849118709564208984e-01
1.538206696510314941e+00
8.947588205337524414e-01
-1.842326641082763672e+00
8.748134374618530273e-01
1.421615481376647949e-01
1.438237428665161133e+00
4.980620861053466797e+00
1.808333873748779297e+00
7.000193119049072266e+00
8.857498168945312500e+00
1.020726323127746582e+00
-1.417659521102905273e-01
1.429691910743713379e-01
7.652117013931274414e-01
-2.485412597656250000e+00
-5.107962608337402344e+00
-1.400811672210693359e+00
1.489197015762329102e+00
1.110911655426025391e+01
1.828142285346984863e+00
3.187741518020629883e+00
-2.251508235931396484e+00
-2.901713609695434570e+00
1.473495364189147949e+00
1.853222131729125977e+00
3.066095590591430664e+00
9.225285053253173828e-01
9.103450179100036621e-01
2.474608182907104492e+00
-2.272104024887084961e+00
1.705189347267150879e+00
-3.778504848480224609e+00
-1.611834645271301270e+00
3.125824451446533203e+00
6.995714902877807617e-01
-1.353938579559326172e+00
1.260223197937011719e+01
1.262581348419189453e-02
-1.552165389060974121e+00
-5.659984588623046875e+00
2.306343078613281250e+00
1.211213111877441406e+00
1.364744901657104492e+00
4.952310085296630859e+00
3.197379112243652344e+00
1.538444995880126953e+00
3.865241050720214844e+00
-1.834995865821838379e+00
-8.610780239105224609e-01
2.347489595413208008e-01
1.086835503578186035e+00
1.867996931076049805e+00
3.471544265747070312e+00
3.388516664505004883e+00
3.904711246490478516e+00
-1.595561981201171875e+00
2.359736442565917969e+00
2.093358516693115234e+00
-3.687820672988891602e+00
-2.927493095397949219e+00
-1.140887141227722168e+00
-1.500806570053100586e+00
3.235943794250488281e+00
2.231639385223388672e+00
1.573762416839599609e+00
3.937471628189086914e+00
4.955279350280761719e+00
2.032026767730712891e+00
-3.565663337707519531e+00
-1.237748861312866211e+00
3.637880802154541016e+00
-4.427799224853515625e+00
-8.206604123115539551e-01
-2.152447462081909180e+00
8.421559333801269531e-01
4.996987879276275635e-01
-3.239516735076904297e+00
-2.173636555671691895e-01
1.944661855697631836e+00
-1.215293407440185547e+00
1.185364723205566406e+00
4.173625469207763672e+00
-9.520660340785980225e-02
-2.898751735687255859e+00
3.566318154335021973e-01
-1.431504130363464355e+00
-5.615210533142089844e+00
-1.509048461914062500e+00
-2.395335435867309570e+00
-3.299533843994140625e+00
-2.371349096298217773e+00
3.344104528427124023e+00
-5.445683002471923828e-01
-1.523993730545043945e+00
3.142261743545532227e+00
-1.548219442367553711e+00
1.164183855056762695e+00
1.066072750091552734e+01
-2.262699007987976074e-01
2.983731985092163086e+00
1.551196277141571045e-01
-3.539126873016357422e+00
-3.551563262939453125e+00
1.042538881301879883e-01
5.728971004486083984e+00
8.968439102172851562e+00
3.575276851654052734e+00
1.646728634834289551e+00
-3.085076212882995605e-01
-3.692862510681152344e+00
2.290091276168823242e+00
-2.037651062011718750e+00
-2.204026699066162109e+00
-3.227303504943847656e+00
2.372632265090942383e+00
4.615095853805541992e-01
3.618065595626831055e+00
1.367507815361022949e+00
1.049503707885742188e+01
6.012666225433349609e-02
3.342860221862792969e+00
-2.900852918624877930e+00
3.621756315231323242e+00
9.569787979125976562e+00
1.181121468544006348e+00
3.344510555267333984e+00
-3.928956985473632812e-01
7.267828583717346191e-01
-5.929988622665405273e-01
2.043851852416992188e+00
2.200414180755615234e+00
-1.174731373786926270e+00
-3.683138847351074219e+00
2.680123329162597656e+00
2.715349197387695312e-02
-3.609273910522460938e+00
-1.824486374855041504e+00
-2.685583114624023438e+00
-4.729856014251708984e+00
-1.004380941390991211e+00
-7.450606822967529297e-01
2.106904983520507812e+00
1.573402881622314453e-01
-1.757335186004638672e+00
4.954592704772949219e+00
-4.352827548980712891e+00
-1.979637861251831055e+00
-4.313026428222656250e+00
-2.991169929504394531e+00
5.894693136215209961e-01
-7.524749040603637695e-01
-2.559025526046752930e+00
-3.076756954193115234e+00
-5.392727851867675781e+00
-4.554023265838623047e+00
-4.049290180206298828e+00
-4.722260475158691406e+00
1.490624845027923584e-01
-2.594287633895874023e+00
-1.211739659309387207e+00
-2.537022590637207031e+00
2.597045898437500000e+00
-6.216613054275512695e-01
-1.630153417587280273e+00
-7.442206144332885742e-01
3.065420985221862793e-01
2.732448101043701172e+00
6.926317214965820312e-01
-1.833847403526306152e+00
-1.861838102340698242e+00
2.844682693481445312e+00
-4.490802884101867676e-01
-2.951981067657470703e+00
-2.306696414947509766e+00
-2.158041477203369141e+00
3.197337865829467773e+00
-2.034092903137207031e+00
-5.580034255981445312e-01
1.156434655189514160e+00
-2.796679973602294922e+00
-1.666201829910278320e+00
-1.416963100433349609e+00
6.433286070823669434e-01
5.062492847442626953e+00
1.858114719390869141e+00
4.351030349731445312e+00
-4.384428024291992188e+00
-1.609384298324584961e+00
2.580492496490478516e+00
4.507688522338867188e+00
4.240973949432373047e+00
-2.994036674499511719e-02
-8.097023367881774902e-01
1.772216081619262695e+00
-1.074404358863830566e+00
-1.764112710952758789e-02
4.107193946838378906e-01
7.525494694709777832e-02
-4.084635257720947266e+00
2.618228435516357422e+00
2.226508855819702148e+00
-1.878618478775024414e+00
-2.599468946456909180e+00
-2.589602470397949219e-01
1.489582300186157227e+00
-1.354514479637145996e+00
-2.271310687065124512e-01
-3.819601058959960938e+00
-1.174568533897399902e+00
-3.818431138992309570e+00
3.150324344635009766e+00
1.009506106376647949e+00
