-1.289983749389648438e+00
1.474612355232238770e+00
-2.493378162384033203e+00
-4.529183387756347656e+00
-1.410927414894104004e+00
-4.345330238342285156e+00
-1.779650926589965820e+00
-4.894973635673522949e-01
1.458663344383239746e+00
6.634489297866821289e-01
-2.574567794799804688e+00
1.085186004638671875e-02
-9.604649543762207031e-01
-3.390796184539794922e+00
-1.834173798561096191e-01
-1.999081850051879883e+00
-4.268295288085937500e+00
-1.434176445007324219e+00
1.160219669342041016e+00
-2.102612495422363281e+00
-2.820852279663085938e+00
-4.981018304824829102e-01
3.006374835968017578e+00
1.808691024780273438e+00
2.864109575748443604e-01
-4.488894462585449219e+00
-2.749008893966674805e+00
-5.184483051300048828e+00
-3.274274349212646484e+00
-4.311863422393798828e+00
-4.791181087493896484e+00
-2.303917407989501953e+00
-7.270379066467285156e+00
-1.117440938949584961e+00
-3.709142684936523438e+00
-2.163080930709838867e+00
-3.371390581130981445e+00
-9.591442346572875977e-01
-2.494740962982177734e+00
-1.843877792358398438e+00
-7.141084671020507812e-01
-2.153666257858276367e+00
-1.791942834854125977e+00
-2.187362194061279297e+00
-1.361905694007873535e+00
-2.143633663654327393e-01
-2.791271448135375977e+00
-1.090657234191894531e+00
-3.276346921920776367e-01
-1.274800777435302734e+00
2.699400186538696289e+00
-9.559271335601806641e-01
-1.067546963691711426e+00
-4.313707351684570312e+00
-2.004378795623779297e+00
-5.208642482757568359e-01
-1.859503030776977539e+00
-6.496466159820556641e+00
-1.611053943634033203e-01
-3.504806041717529297e+00
-6.453318595886230469e-01
3.980417251586914062e-01
1.915913820266723633e-02
-3.603918313980102539e+00
6.933915615081787109e-01
-1.235857725143432617e+00
-2.763755917549133301e-01
-2.054348289966583252e-01
-8.288891315460205078e-01
-5.725013017654418945e-01
-1.837409853935241699e+00
-3.311120033264160156e+00
-1.159888029098510742e+00
6.345272064208984375e-01
3.772785186767578125e+00
-2.729480504989624023e+00
-7.905030250549316406e-01
-5.234102010726928711e-01
-5.577279090881347656e+00
-4.125082194805145264e-01
1.379601836204528809e+00
-3.630710124969482422e+00
-1.725059151649475098e+00
-1.722500324249267578e-01
3.240592479705810547e+00
8.845360279083251953e-01
7.402101755142211914e-01
-1.741389155387878418e+00
2.041678190231323242e+00
2.926433801651000977e+00
-3.491599321365356445e+00
-1.940185070037841797e+00
3.740589916706085205e-01
9.640008211135864258e-02
1.391277551651000977e+00
-5.477298259735107422e+00
2.316921710968017578e+00
-5.294436216354370117e-01
-2.670489311218261719e+00
1.727724075317382812e-02
-4.583157300949096680e-01
1.000100135803222656e+00
-4.176202297210693359e+00
7.915365695953369141e-01
-6.494365215301513672e+00
-5.090146064758300781e+00
-1.837336659431457520e+00
-4.885022044181823730e-01
-2.238228768110275269e-01
1.712833046913146973e-01
-3.858724594116210938e+00
-4.068163394927978516e+00
8.229690194129943848e-01
-3.206055641174316406e+00
-4.218435287475585938e+00
-2.367885112762451172e+00
-2.064911127090454102e+00
2.652674198150634766e+00
-2.734918355941772461e+00
-7.598066806793212891e+00
-6.815139770507812500e+00
-4.211802005767822266e+00
-2.685204982757568359e+00
-3.914705276489257812e+00
-2.287270069122314453e+00
-5.008496761322021484e+00
-2.398068904876708984e+00
2.711918830871582031e+00
5.722162723541259766e-01
7.764479517936706543e-01
4.018109321594238281e+00
-5.447226762771606445e-01
3.675151824951171875e+00
1.331057190895080566e+00
1.855549931526184082e+00
1.736465334892272949e+00
-2.215830564498901367e+00
-3.000468969345092773e+00
-8.354139328002929688e-02
-4.095625877380371094e+00
-2.042752265930175781e+00
-1.592520952224731445e+00
-5.587435960769653320e-01
-1.321461558341979980e+00
2.961892843246459961e+00
-4.054105758666992188e+00
-5.244254112243652344e+00
-4.434456825256347656e+00
-2.004435777664184570e+00
-2.038911819458007812e+00
7.513830661773681641e-01
-1.945181488990783691e-01
-1.477731943130493164e+00
2.667685747146606445e-01
-2.845381736755371094e+00
-1.393385052680969238e+00
4.296257495880126953e-01
2.479553222656250000e-01
-1.424306631088256836e+00
1.134212732315063477e+00
-3.332980871200561523e-01
1.078602790832519531e+00
4.367142617702484131e-01
-4.137375831604003906e+00
-9.660519659519195557e-02
-2.072005271911621094e+00
-3.056235611438751221e-01
-2.617117404937744141e+00
4.075041413307189941e-01
1.362233757972717285e-01
-9.419807195663452148e-01
-8.244745135307312012e-01
8.643420338630676270e-01
-6.354171633720397949e-01
-2.890592575073242188e+00
-1.588752746582031250e+00
-7.078527212142944336e-01
-2.461452722549438477e+00
3.645070195198059082e-01
-3.452170848846435547e+00
-3.257912635803222656e+00
1.662976622581481934e+00
-2.652659416198730469e+00
8.660642504692077637e-01
2.049825429916381836e+00
2.913703441619873047e+00
-3.816493749618530273e-01
-3.266380548477172852e+00
5.087959766387939453e-01
5.162063241004943848e-01
1.357605218887329102e+00
-6.161793470382690430e-01
1.880674600601196289e+00
-1.212419509887695312e+00
-1.910196781158447266e+00
-1.283472537994384766e+00
-9.249805808067321777e-01
1.192254424095153809e+00
-2.772114276885986328e+00
3.282711744308471680e+00
8.873999118804931641e-01
-1.061822891235351562e+00
6.594617366790771484e-01
1.544668912887573242e+00
7.861734628677368164e-01
-3.724312186241149902e-01
1.252589464187622070e+00
2.100130796432495117e+00
4.729737639427185059e-01
-2.359201312065124512e-01
-2.973773479461669922e+00
-8.155772686004638672e-01
1.788658380508422852e+00
7.149035930633544922e-01
-2.933992862701416016e+00
1.526192665100097656e+00
5.608284473419189453e-02
-9.365284442901611328e-01
-3.635271489620208740e-01
4.027973711490631104e-01
-1.054675459861755371e+00
-3.471374511718750000e-03
2.631669521331787109e+00
-6.855285167694091797e-01
-2.710957288742065430e+00
-4.123708724975585938e+00
-4.962565302848815918e-01
-3.459968805313110352e+00
5.694469809532165527e-01
-1.597375571727752686e-01
1.573246419429779053e-01
1.878869175910949707e+00
1.484152078628540039e+00
1.392217993736267090e+00
2.051949024200439453e+00
-3.518020391464233398e+00
-3.880335807800292969e+00
-1.519927382469177246e-01
1.075830459594726562e+00
-1.695250749588012695e+00
2.569377183914184570e+00
-2.408358812332153320e+00
-1.202284216880798340e+00
-1.151247382164001465e+00
-3.219135761260986328e+00
-2.425962448120117188e+00
-1.428916215896606445e+00
2.364418506622314453e+00
-1.564759492874145508e+00
5.903517603874206543e-01
-3.222474813461303711e+00
2.517188310623168945e+00
-3.272038698196411133e+00
5.631660819053649902e-01
-1.671931028366088867e+00
-3.050532937049865723e-01
-1.789517760276794434e+00
1.305033206939697266e+00
9.428603053092956543e-01
-3.681684494018554688e+00
-2.369084835052490234e+00
-3.564120531082153320e+00
-3.146677732467651367e+00
8.830587863922119141e-01
2.998780012130737305e+00
-3.051561713218688965e-01
-4.790827035903930664e-01
4.048469543457031250e+00
-3.821785926818847656e+00
-2.699837684631347656e+00
-3.561367273330688477e+00
-2.991805791854858398e+00
-2.145502805709838867e+00
-2.431359887123107910e-02
-1.150074481964111328e+00
-4.248171329498291016e+00
-2.761658430099487305e+00
-4.308612823486328125e+00
-6.109683990478515625e+00
-2.337760210037231445e+00
-2.760363578796386719e+00
1.965664386749267578e+00
1.588149785995483398e+00
1.232506275177001953e+00
-3.226654291152954102e+00
-2.169217109680175781e+00
-2.465128898620605469e+00
-4.304657936096191406e+00
4.518479108810424805e-02
-3.840558052062988281e+00
-2.220229208469390869e-01
-1.170672297477722168e+00
-1.173199176788330078e+00
-1.608569860458374023e+00
-1.648008704185485840e+00
5.646293163299560547e-01
7.249325513839721680e-02
-1.784170031547546387e+00
-6.977954387664794922e+00
-4.806910037994384766e+00
-6.033424854278564453e+00
-2.812031745910644531e+00
-5.417596340179443359e+00
-8.406053781509399414e-01
-4.012783050537109375e+00
-4.724004745483398438e+00
-3.482901811599731445e+00
-3.484075069427490234e+00
-1.925607919692993164e-01
-8.188117742538452148e-01
2.368009328842163086e+00
-3.636049509048461914e+00
-5.818096637725830078e+00
1.513835668563842773e+00
-2.575797080993652344e+00
-3.895576477050781250e+00
-2.452635288238525391e+00
-2.533845186233520508e+00
-4.569033145904541016e+00
-6.338124871253967285e-01
-4.168550968170166016e+00
-5.962932109832763672e-01
-3.259186506271362305e+00
1.586285829544067383e-01
-5.076426029205322266e+00
-3.609500408172607422e+00
-4.948799133300781250e+00
-2.223999023437500000e+00
-2.887958288192749023e+00
-4.192228615283966064e-01
-1.941766023635864258e+00
-5.275600910186767578e+00
-1.190569400787353516e-01
-1.125378727912902832e+00
-1.897089481353759766e+00
-5.160668373107910156e+00
-1.931696772575378418e+00
-3.343961954116821289e+00
-1.029271960258483887e+00
1.076828956604003906e+00
3.027185916900634766e+00
8.752923011779785156e-01
2.346929907798767090e-01
-2.331079959869384766e+00
-3.785438537597656250e+00
2.075178623199462891e+00
2.011128187179565430e+00
1.233957171440124512e+00
-5.897563695907592773e-01
-1.673499464988708496e+00
-2.608082532882690430e+00
-3.309083938598632812e+00
-5.220838546752929688e+00
-2.176476955413818359e+00
4.004179000854492188e+00
3.349694013595581055e-01
-2.230815887451171875e+00
-5.185070037841796875e-01
-1.512310862541198730e+00
-2.817618846893310547e+00
-3.325666427612304688e+00
7.049731016159057617e-01
-2.855181455612182617e+00
-3.030287265777587891e+00
-8.337404727935791016e-01
-1.153424978256225586e+00
-2.536284446716308594e+00
-3.842584609985351562e+00
-1.022200345993041992e+00
-3.638343334197998047e+00
-5.440526008605957031e+00
-6.631887912750244141e+00
-6.975205898284912109e+00
-3.161455154418945312e+00
-1.539994478225708008e+00
-2.103047370910644531e+00
-5.181655883789062500e-01
-3.882958412170410156e+00
-3.214621543884277344e+00
-2.954410552978515625e+00
-4.253853321075439453e+00
-3.128803968429565430e+00
-1.413211345672607422e+00
-7.335315942764282227e-01
-2.429050683975219727e+00
-9.840583801269531250e-02
1.031407952308654785e+00
6.951897144317626953e-01
1.284889459609985352e+00
-1.713031768798828125e+00
-3.318688154220581055e+00
-9.894466400146484375e-02
-2.044605731964111328e+00
-2.338907003402709961e+00
-2.036318778991699219e+00
-4.294356107711791992e-01
2.598944664001464844e+00
-3.494072914123535156e+00
6.969627380371093750e+00
3.188451230525970459e-01
-2.243239402770996094e+00
-8.922792077064514160e-01
-2.192418277263641357e-01
3.192173242568969727e-01
3.038478136062622070e+00
8.005763053894042969e+00
-1.002707839012145996e+00
3.453113794326782227e+00
1.574310421943664551e+00
2.976699113845825195e+00
4.802927017211914062e+00
1.697883367538452148e+00
1.084414124488830566e-01
-5.611953511834144592e-02
2.605786085128784180e+00
1.979568958282470703e+00
5.039311051368713379e-01
4.987181663513183594e+00
-1.171828866004943848e+00
2.486865043640136719e+00
-7.875046133995056152e-01
-1.380300521850585938e-02
-9.598100185394287109e-01
-2.554946660995483398e+00
3.690017223358154297e+00
5.828705787658691406e+00
3.657088875770568848e-01
5.338347434997558594e+00
2.112501263618469238e-01
3.665385723114013672e+00
1.261445522308349609e+00
1.011888831853866577e-01
-1.073264479637145996e+00
1.287552475929260254e+00
3.764121294021606445e+00
3.940731048583984375e+00
3.427786588668823242e+00
2.756936788558959961e+00
-1.307642698287963867e+00
-2.739023447036743164e+00
-2.406044006347656250e+00
-1.235805988311767578e+00
2.646742820739746094e+00
3.516793251037597656e+00
4.279527068138122559e-01
-2.214161634445190430e+00
1.505435228347778320e+00
2.367476463317871094e+00
3.953018903732299805e+00
6.457174301147460938e+00
2.851959466934204102e+00
-2.068825483322143555e+00
-1.978151321411132812e+00
1.718506336212158203e+00
2.460873603820800781e+00
1.251606702804565430e+00
-1.941209793090820312e+00
1.785868406295776367e+00
-3.155886530876159668e-01
1.480133295059204102e+00
4.320795536041259766e+00
-1.714984893798828125e+00
1.873591303825378418e+00
2.583332300186157227e+00
3.138498306274414062e+00
1.587491989135742188e+00
6.688400506973266602e-01
-1.030173420906066895e+00
4.480166435241699219e-01
-1.354511857032775879e+00
5.775315761566162109e-01
1.082865893840789795e-02
4.647850036621093750e+00
-1.912304759025573730e+00
1.515267848968505859e+00
3.287951231002807617e+00
2.891521930694580078e+00
-5.803977012634277344e+00
8.657384872436523438e+00
-4.106949329376220703e+00
1.716724872589111328e+00
-9.312655925750732422e-01
-2.320602178573608398e+00
3.096398115158081055e+00
-9.693755507469177246e-01
-3.213750839233398438e+00
-2.357405185699462891e+00
1.351796865463256836e+00
4.159606933593750000e+00
9.849603652954101562e+00
-1.868458390235900879e-01
-3.689335584640502930e-01
2.649981498718261719e+00
1.038260698318481445e+00
-1.649935841560363770e+00
-1.183282494544982910e+00
6.787227392196655273e-01
4.584646701812744141e+00
2.827025890350341797e+00
-3.833019971847534180e+00
6.520791053771972656e+00
1.174236774444580078e+00
7.230870723724365234e-01
9.795507192611694336e-01
2.891904830932617188e+00
-4.469248294830322266e+00
2.435613155364990234e+00
1.399132370948791504e+00
-1.698075294494628906e+00
1.243844509124755859e+00
4.391390800476074219e+00
-6.857221573591232300e-02
-5.155086040496826172e+00
-1.171597003936767578e+00
1.529540181159973145e+00
-9.581339955329895020e-01
1.800521492958068848e+00
4.080862522125244141e+00
2.892052173614501953e+00
7.627165794372558594e+00
3.570222377777099609e+00
-1.922310233116149902e+00
7.848143577575683594e-04
1.764467954635620117e-01
-1.490782976150512695e+00
2.531828880310058594e+00
2.422279357910156250e+00
1.770378053188323975e-01
-2.498543024063110352e+00
3.243264555931091309e-01
7.131602287292480469e+00
2.157970905303955078e+00
9.337768554687500000e-01
3.881495237350463867e+00
-3.023365259170532227e+00
-9.310585975646972656e+00
4.211605548858642578e+00
1.755287885665893555e+00
1.981463074684143066e+00
3.014198064804077148e+00
-2.857573032379150391e+00
-2.660745143890380859e+00
1.955395460128784180e+00
2.602173686027526855e-01
-1.618094325065612793e+00
2.509901225566864014e-01
-2.839170455932617188e+00
4.370117187500000000e-01
-1.401191949844360352e+00
7.443329334259033203e+00
-7.860382080078125000e+00
-2.295675754547119141e+00
4.128707885742187500e+00
3.676363706588745117e+00
2.585718154907226562e+00
5.544519424438476562e-01
5.311112880706787109e+00
6.315889358520507812e+00
-1.880195438861846924e-01
3.400661468505859375e+00
7.661716938018798828e-01
2.246247291564941406e+00
5.464843750000000000e+00
-3.479368686676025391e-01
1.978209018707275391e+00
5.666213989257812500e+00
-4.054140090942382812e+00
-6.333666324615478516e+00
4.905276596546173096e-01
5.081370472908020020e-01
4.559890747070312500e+00
-5.377574920654296875e+00
2.126033306121826172e+00
1.990802526473999023e+00
-2.452955245971679688e+00
1.603797197341918945e+00
1.415187478065490723e+00
-1.360529899597167969e+00
-1.487678587436676025e-01
1.096508145332336426e+00
8.606828689575195312e+00
-1.688834905624389648e+00
-1.865720748901367188e-01
-1.708834886550903320e+00
-1.825644731521606445e+00
3.068693161010742188e+00
7.105999588966369629e-01
2.475156784057617188e-01
5.262851238250732422e+00
4.428797364234924316e-01
-6.512793302536010742e-01
3.049254417419433594e+00
-2.470580816268920898e+00
-2.312871217727661133e+00
-2.241177797317504883e+00
2.666059970855712891e+00
1.214488506317138672e+00
-1.191964745521545410e+00
3.615377664566040039e+00
2.634381771087646484e+00
-2.809000015258789062e-01
-3.812164068222045898e-01
2.769582986831665039e+00
-9.079285860061645508e-01
-1.964374899864196777e+00
3.829982280731201172e-01
-9.197929501533508301e-01
9.091463685035705566e-01
7.435361146926879883e-01
-8.091583847999572754e-01
1.671475172042846680e+00
7.783062458038330078e+00
1.267852783203125000e-01
-1.674927949905395508e+00
2.997071504592895508e+00
-2.328835725784301758e+00
3.534808158874511719e+00
9.269681572914123535e-01
-9.375190734863281250e-01
5.989054203033447266e+00
2.886214256286621094e+00
3.462691783905029297e+00
-5.796195268630981445e-01
-2.760407686233520508e+00
7.244915366172790527e-01
2.256543159484863281e+00
-2.323053359985351562e+00
-2.535833120346069336e+00
4.613915085792541504e-01
-1.823055267333984375e+00
-1.958758592605590820e+00
-1.651757955551147461e-02
-5.401123762130737305e-01
-9.286736249923706055e-01
6.071795463562011719e+00
-4.837423324584960938e+00
3.332933187484741211e+00
2.406949758529663086e+00
1.547972202301025391e+00
4.224457144737243652e-01
-1.655533552169799805e+00
-6.152261495590209961e-01
2.355648040771484375e+00
8.418676853179931641e-01
1.972206354141235352e+00
3.844218969345092773e+00
5.711525440216064453e+00
2.502471446990966797e+00
-3.954685926437377930e-01
2.234065532684326172e-01
-1.649854540824890137e+00
4.119908332824707031e+00
4.519877731800079346e-01
8.915030956268310547e-01
1.700626969337463379e+00
2.902938842773437500e+00
1.852564215660095215e+00
-3.858013451099395752e-01
4.603840708732604980e-01
2.422038555145263672e+00
5.746224403381347656e+00
-2.104077816009521484e+00
-2.348637580871582031e-01
3.573170661926269531e+00
6.244335174560546875e+00
-1.508650779724121094e-01
-1.070003032684326172e+00
-3.922762870788574219e-01
5.967489719390869141e+00
7.446911811828613281e+00
1.424719095230102539e+00
1.050643920898437500e+00
3.506429195404052734e+00
-7.405393719673156738e-01
-1.183672189712524414e+00
3.738250136375427246e-01
-1.497022271156311035e+00
-1.346140027046203613e+00
5.328985452651977539e-01
2.713750839233398438e+00
-9.445300102233886719e-01
2.358514070510864258e-01
8.635143041610717773e-01
2.098428010940551758e+00
-3.301382780075073242e+00
-2.109605789184570312e+00
-4.141880035400390625e+00
2.646280527114868164e-01
5.464439868927001953e+00
-3.727370262145996094e+00
-1.265307664871215820e+00
1.372618079185485840e+00
2.233858108520507812e+00
1.523920774459838867e+00
-1.095136106014251709e-01
2.797312259674072266e+00
1.880531430244445801e+00
-1.042190670967102051e+00
3.790397167205810547e+00
3.060165166854858398e+00
5.048861026763916016e+00
7.335166931152343750e+00
2.055062532424926758e+00
2.162217497825622559e-01
1.959026932716369629e+00
2.986945629119873047e+00
3.233273983001708984e+00
1.612598776817321777e+00
-5.627173781394958496e-01
2.727604866027832031e+00
9.458611011505126953e-01
-1.034981369972229004e+00
1.909958124160766602e-01
1.395968317985534668e+00
-2.996563434600830078e+00
-5.992883682250976562e+00
9.865171432495117188e+00
2.998977899551391602e-02
4.512972354888916016e+00
-2.601763486862182617e+00
-1.112060308456420898e+00
8.655408024787902832e-01
2.546153068542480469e-01
2.656495094299316406e+00
2.994604110717773438e+00
-2.025292515754699707e-01
-7.026421546936035156e+00
1.918156981468200684e+00
3.308520317077636719e+00
-2.989120483398437500e-01
2.572387456893920898e+00
3.450479507446289062e+00
-3.456482648849487305e+00
4.102066993713378906e+00
-1.737677335739135742e+00
2.212487697601318359e+00
-4.401063323020935059e-01
1.766814947128295898e+00
2.572201728820800781e+00
-4.596782326698303223e-01
-3.532700061798095703e+00
5.275943279266357422e+00
-1.249084353446960449e+00
4.073201656341552734e+00
-1.041181206703186035e+00
-1.569355368614196777e+00
6.644408702850341797e-01
-2.951833307743072510e-01
6.484540104866027832e-01
3.051813125610351562e+00
8.191703796386718750e+00
1.275626659393310547e+00
1.853228926658630371e+00
1.425255298614501953e+00
-1.654077291488647461e+00
3.233385086059570312e-01
1.507320284843444824e+00
2.223909378051757812e+00
-4.409958422183990479e-02
1.283152818679809570e+00
3.224074840545654297e-02
-9.696321487426757812e-01
2.419034719467163086e+00
-2.495368719100952148e+00
-2.249125838279724121e-01
-3.579789400100708008e-01
-7.029423713684082031e-01
-1.814540624618530273e-01
3.396216392517089844e+00
1.917218804359436035e+00
-7.466310262680053711e-02
-1.122984647750854492e+00
5.065331459045410156e+00
-4.681011199951171875e+00
3.795343041419982910e-01
3.024188041687011719e+00
-2.327412962913513184e-01
-2.193310260772705078e-01
-3.370255947113037109e+00
2.575412750244140625e+00
-5.179507136344909668e-01
3.660456180572509766e+00
5.509940624237060547e+00
2.236295938491821289e-01
-1.191242337226867676e+00
-4.547995328903198242e-01
-5.297200083732604980e-01
5.920062065124511719e-01
-2.676247954368591309e-01
2.143941164016723633e+00
3.208137512207031250e+00
2.650943994522094727e+00
5.578760504722595215e-01
-3.826353073120117188e+00
4.566792488098144531e+00
2.537979125976562500e+00
2.472274541854858398e+00
1.405154228210449219e+00
-1.978362560272216797e+00
1.916361808776855469e+00
-1.917808771133422852e+00
-3.656813144683837891e+00
1.004720568656921387e+00
2.991904497146606445e+00
-4.637805938720703125e+00
2.509187459945678711e+00
3.025909185409545898e+00
2.157071828842163086e+00
-3.142113924026489258e+00
3.873142302036285400e-01
-4.436100959777832031e+00
1.482975602149963379e+00
1.177986860275268555e-01
-4.563173770904541016e+00
4.030644893646240234e-01
4.931462764739990234e+00
-3.046034336090087891e+00
2.618129014968872070e+00
3.960308074951171875e+00
2.787324905395507812e+00
-6.130921840667724609e-02
8.640084862709045410e-01
1.884801983833312988e+00
-2.676783800125122070e+00
5.104215145111083984e+00
4.300395488739013672e+00
4.125491082668304443e-01
-5.085014820098876953e+00
-1.367400050163269043e+00
2.978197574615478516e+00
3.395871818065643311e-01
4.601438999176025391e+00
5.508462905883789062e+00
-2.068526506423950195e+00
-1.051194787025451660e+00
-1.463602185249328613e-01
4.040887951850891113e-01
3.094991207122802734e+00
-1.263569831848144531e+00
8.266674995422363281e+00
2.314211845397949219e+00
1.786235570907592773e+00
-2.574943006038665771e-02
4.289096832275390625e+00
-1.402183771133422852e+00
-5.479053258895874023e-01
-5.318904519081115723e-01
6.211359500885009766e-01
-1.983759403228759766e+00
-1.593894124031066895e+00
2.379144728183746338e-01
5.799668788909912109e+00
7.161629199981689453e-01
3.343776464462280273e+00
5.681087493896484375e+00
-2.889787197113037109e+00
2.305349111557006836e-01
-2.384759664535522461e+00
7.080915451049804688e+00
-6.968243122100830078e-01
-1.105424165725708008e+00
3.303792178630828857e-01
2.859958648681640625e+00
3.484936475753784180e+00
-7.496799230575561523e-01
2.078374624252319336e+00
2.105677604675292969e+00
1.764652371406555176e+00
4.217940807342529297e+00
-1.594889283180236816e+00
-4.895850643515586853e-02
7.595362663269042969e-01
3.147878885269165039e+00
2.880199432373046875e+00
1.332645416259765625e-01
4.109822809696197510e-01
4.227611541748046875e+00
-1.626297473907470703e+00
-2.703424930572509766e+00
4.944860458374023438e+00
4.079525947570800781e+00
-1.419357955455780029e-01
2.715080976486206055e+00
2.300742626190185547e+00
3.143227398395538330e-01
3.733569383621215820e-01
-1.948575496673583984e+00
-1.906638741493225098e+00
3.701908349990844727e+00
-4.265066981315612793e-01
3.658201217651367188e+00
-4.966272354125976562e+00
5.809151172637939453e+00
1.986682295799255371e+00
1.016017675399780273e+00
3.276403903961181641e+00
1.101399421691894531e+00
1.072511911392211914e+00
3.194131135940551758e+00
-3.236011028289794922e+00
2.405623435974121094e+00
-5.219849586486816406e+00
1.542536258697509766e+00
-1.975102901458740234e+00
5.219737052917480469e+00
3.359165191650390625e+00
-3.277299642562866211e+00
1.194741725921630859e-01
4.065640926361083984e+00
-2.819691896438598633e+00
-1.917618751525878906e+00
2.954162120819091797e+00
7.477108955383300781e+00
5.419549465179443359e+00
-1.414241075515747070e+00
4.033822059631347656e+00
3.389203786849975586e+00
1.416370868682861328e-01
4.800940036773681641e+00
-3.377025127410888672e-01
6.277989864349365234e+00
2.508767604827880859e+00
2.828679084777832031e+00
-2.810229539871215820e+00
-1.823005557060241699e+00
-1.619686603546142578e+00
-5.191515922546386719e+00
-2.132277786731719971e-01
-5.190250873565673828e+00
-1.715591549873352051e+00
-4.210175991058349609e+00
-4.429423809051513672e+00
2.364138603210449219e+00
-5.051523685455322266e+00
-2.228187084197998047e+00
-7.577594280242919922e+00
-2.198351621627807617e-01
-5.148931503295898438e+00
-2.020232677459716797e+00
-4.853851795196533203e+00
-6.335660457611083984e+00
-5.441139221191406250e+00
-3.658883810043334961e+00
-2.144708633422851562e+00
-2.739676475524902344e+00
-5.450112342834472656e+00
2.454023957252502441e-01
-2.691875696182250977e+00
-3.840138912200927734e+00
-1.546735763549804688e+00
1.242979764938354492e-01
-2.510448217391967773e+00
-3.123218059539794922e+00
2.409178972244262695e+00
-1.870300769805908203e+00
-2.293532848358154297e+00
-4.148602962493896484e+00
-5.709135532379150391e+00
4.248150348663330078e+00
-2.248156309127807617e+00
-4.125201225280761719e+00
-3.134264707565307617e+00
-5.504807472229003906e+00
-3.417161226272583008e+00
-3.651682138442993164e+00
-5.764434337615966797e+00
3.047467231750488281e+00
-5.432153701782226562e+00
-3.943106532096862793e-01
-3.052394390106201172e+00
4.503854751586914062e+00
3.743440151214599609e+00
4.760539531707763672e+00
2.318530082702636719e+00
-2.890600264072418213e-02
8.383148193359375000e+00
3.320421218872070312e+00
5.081269264221191406e+00
6.906073093414306641e+00
3.953862190246582031e+00
2.118405103683471680e+00
1.185392856597900391e+00
5.867724418640136719e-01
3.631995677947998047e+00
7.081287860870361328e+00
2.956862688064575195e+00
-2.763781547546386719e+00
8.598037958145141602e-01
1.051371455192565918e+00
8.108827471733093262e-01
2.502836585044860840e-01
7.845762968063354492e-01
2.369493246078491211e-02
-3.891340017318725586e+00
-4.205692291259765625e+00
-1.644243478775024414e+00
-1.417454481124877930e+00
-3.279659748077392578e+00
1.624454379081726074e+00
6.642170906066894531e+00
