-1.215056061744689941e+00
2.424002885818481445e+00
-3.381358861923217773e+00
-4.654214382171630859e+00
-3.526273012161254883e+00
-5.020494937896728516e+00
-5.265975952148437500e+00
-1.293265581130981445e+00
-4.807142615318298340e-01
1.336966156959533691e+00
-2.338828325271606445e+00
1.739156484603881836e+00
-2.345026016235351562e+00
-2.078666448593139648e+00
-3.850934505462646484e-01
-2.100957870483398438e+00
-1.920019149780273438e+00
-1.936998367309570312e-01
-3.114294707775115967e-01
-2.389140129089355469e+00
-4.926036357879638672e+00
-1.445750713348388672e+00
-4.876959323883056641e-01
-2.200690746307373047e+00
-4.888119220733642578e+00
-3.900448679924011230e-01
-2.166281342506408691e-01
-1.597396612167358398e+00
-2.106478691101074219e+00
-1.829657077789306641e+00
-4.498420715332031250e+00
-6.601454019546508789e-01
-1.149164319038391113e+00
-1.191118240356445312e+00
-2.306518554687500000e+00
-4.927432060241699219e+00
-2.194988965988159180e+00
-3.774152517318725586e+00
4.877293407917022705e-01
-6.401262283325195312e-01
5.270342826843261719e-01
-8.959450721740722656e-01
2.075025558471679688e+00
-1.150560259819030762e+00
-1.255192756652832031e-01
-1.149503588676452637e-01
-1.948111057281494141e+00
2.300299644470214844e+00
-5.710422992706298828e-01
-4.479316711425781250e+00
-2.069005966186523438e+00
-3.241330146789550781e+00
1.180356979370117188e+00
-2.623516798019409180e+00
1.663377881050109863e-01
-2.843511581420898438e+00
-2.030256271362304688e+00
-4.800718307495117188e+00
-1.946982145309448242e+00
-3.649102687835693359e+00
-5.290066003799438477e-01
-2.310607433319091797e+00
-2.411935091018676758e+00
-1.292424559593200684e+00
-5.631387233734130859e-01
1.079193949699401855e+00
1.640249729156494141e+00
-9.639164805412292480e-02
-2.735759317874908447e-01
-2.045814275741577148e+00
-1.876109838485717773e+00
2.424897402524948120e-01
-1.651469469070434570e+00
4.000676572322845459e-01
1.369173407554626465e+00
-5.027590990066528320e-01
1.904615879058837891e+00
-3.281779885292053223e-01
-4.940312802791595459e-01
1.121613383293151855e-01
3.968065261840820312e+00
1.112800002098083496e+00
-1.988959550857543945e+00
9.867849349975585938e-01
2.645378112792968750e+00
-7.914464473724365234e-01
8.909803628921508789e-01
-1.542791247367858887e+00
-1.157523393630981445e-01
-2.445004463195800781e+00
-1.437943935394287109e+00
-1.092486619949340820e+00
1.831088364124298096e-01
-1.853777647018432617e+00
-7.665008306503295898e-02
-4.299596786499023438e+00
-1.046552658081054688e+00
-2.030301094055175781e+00
-2.070582151412963867e+00
1.507620811462402344e+00
-1.575206398963928223e+00
-7.247872948646545410e-01
-1.258429408073425293e+00
-1.410964965820312500e+00
-5.820652246475219727e-01
-4.784685611724853516e+00
-2.606255054473876953e+00
3.089196681976318359e+00
3.461300849914550781e+00
2.793421268463134766e+00
-4.876332879066467285e-01
3.243380069732666016e+00
1.901122093200683594e+00
2.384485304355621338e-01
8.027480840682983398e-01
1.723595499992370605e+00
-2.233660459518432617e+00
1.851182460784912109e+00
9.265009164810180664e-01
-6.352415680885314941e-01
2.599333286285400391e+00
1.223773956298828125e+00
-1.684800028800964355e+00
-2.585212707519531250e+00
-2.540040969848632812e+00
3.555235862731933594e-01
1.762934327125549316e-01
-2.788432240486145020e-01
-1.465032100677490234e-01
-2.292731046676635742e+00
-1.164307236671447754e+00
-1.857075929641723633e+00
5.394789576530456543e-01
-2.060653686523437500e+00
-6.383694410324096680e-01
2.266734838485717773e-02
-2.415552854537963867e+00
-2.832481384277343750e+00
-3.492099940776824951e-01
-2.397277951240539551e-01
-1.261793136596679688e+00
-2.295190572738647461e+00
-1.734176635742187500e+00
1.806183576583862305e+00
2.915552377700805664e+00
-3.839496374130249023e-01
-3.814199447631835938e+00
-5.708094835281372070e-01
1.582436203956604004e+00
-2.195886135101318359e+00
-7.093751430511474609e-01
1.056364059448242188e+00
-1.756733179092407227e+00
-8.184202909469604492e-01
-1.566947698593139648e+00
-7.588858604431152344e-01
-1.558934450149536133e-01
-1.713398694992065430e+00
1.202142834663391113e-01
3.883969783782958984e+00
1.128575325012207031e+00
-1.758177042007446289e+00
-1.528817415237426758e-01
-2.418288469314575195e+00
-7.827035188674926758e-01
-2.423602104187011719e+00
-1.003867387771606445e-02
-3.447772979736328125e+00
1.477143883705139160e+00
2.242083549499511719e+00
1.892013430595397949e+00
3.375588417053222656e+00
3.247894525527954102e+00
2.641330718994140625e+00
-1.268474102020263672e+00
-2.428911685943603516e+00
1.266972184181213379e+00
5.946111679077148438e-02
1.330628156661987305e+00
-1.592418178915977478e-03
1.044680476188659668e-01
-2.584384679794311523e-01
-1.246495962142944336e+00
-2.857868075370788574e-01
2.044083476066589355e-01
4.594685077667236328e+00
-7.778179049491882324e-01
1.309916257858276367e+00
1.667698770761489868e-01
-8.462323546409606934e-01
-2.170023679733276367e+00
3.058856129646301270e-01
-3.641519546508789062e-01
-1.948267221450805664e-02
-4.650550365447998047e+00
9.237347841262817383e-01
-7.997686266899108887e-01
2.470093965530395508e-01
-1.072777211666107178e-01
6.527510881423950195e-01
-1.192526936531066895e+00
-4.771091341972351074e-01
1.159826636314392090e+00
2.929661273956298828e+00
-7.766084074974060059e-01
-1.662570714950561523e+00
1.469994187355041504e-01
1.554718971252441406e+00
2.121231853961944580e-01
-4.750446677207946777e-01
-6.501359343528747559e-01
4.506724476814270020e-01
4.822888225317001343e-02
1.804379701614379883e+00
-1.976457118988037109e+00
6.982613801956176758e-01
-2.976604700088500977e+00
7.270556688308715820e-02
-7.041018009185791016e-01
-1.750087261199951172e+00
-2.055033922195434570e+00
2.969607710838317871e-01
2.819014549255371094e+00
1.928347349166870117e+00
-2.730369865894317627e-01
-1.526170015335083008e+00
7.112353444099426270e-01
-7.709891796112060547e-01
-1.171366572380065918e+00
3.775167465209960938e-01
1.336274623870849609e+00
1.550871253013610840e+00
5.289773344993591309e-01
2.905656397342681885e-02
-2.489001154899597168e-01
-5.003827810287475586e-02
2.457609474658966064e-01
4.732508063316345215e-01
9.595941901206970215e-01
-3.008709669113159180e+00
4.040794849395751953e+00
-2.143661677837371826e-01
9.710876941680908203e-01
2.175276875495910645e-01
-3.990358591079711914e+00
-3.416307210922241211e+00
1.740618228912353516e+00
-2.611615061759948730e-01
7.280635833740234375e-01
3.254086017608642578e+00
8.784435391426086426e-01
3.356701612472534180e+00
-2.823118448257446289e+00
5.658023953437805176e-01
1.588540911674499512e+00
2.601412534713745117e+00
-1.425320625305175781e+00
1.455582737922668457e+00
3.851701736450195312e+00
-5.935162901878356934e-01
-1.981725811958312988e+00
-1.519616127014160156e+00
-1.776753425598144531e+00
-1.052300631999969482e-01
3.177537024021148682e-01
-5.730120539665222168e-01
-2.767558097839355469e+00
-4.593226313591003418e-01
-2.210206270217895508e+00
-3.390552520751953125e+00
-2.715126276016235352e+00
-1.206914305686950684e+00
-1.528013706207275391e+00
-4.213155806064605713e-01
-8.633066415786743164e-01
-2.512003183364868164e+00
-1.074408650398254395e+00
1.586714982986450195e-01
-2.164109230041503906e+00
9.202656745910644531e-01
-1.247312664985656738e+00
3.096203505992889404e-01
-1.522859930992126465e-01
5.330699086189270020e-01
4.928111135959625244e-01
1.393086314201354980e+00
-1.851933836936950684e+00
-4.015890598297119141e+00
-2.908439874649047852e+00
-2.424517154693603516e+00
-1.532377243041992188e+00
-1.447489738464355469e+00
3.333952724933624268e-01
-1.310001730918884277e+00
4.327788352966308594e-01
-2.747899770736694336e+00
1.598067760467529297e+00
-3.550781726837158203e+00
-2.596247673034667969e+00
-2.481268882751464844e+00
-1.983526587486267090e+00
3.579005956649780273e+00
-5.056618452072143555e-01
-1.610365271568298340e+00
-2.712281942367553711e-01
-3.653074204921722412e-01
-1.134958863258361816e+00
-7.773245573043823242e-01
8.532619476318359375e-01
1.988897800445556641e+00
2.981876134872436523e-01
6.422899961471557617e-01
-1.208705067634582520e+00
-2.109451293945312500e-01
1.679945945739746094e+00
2.898189425468444824e-01
-2.105114698410034180e+00
1.181193828582763672e+00
-6.028473377227783203e-01
-2.618236541748046875e+00
-2.999291419982910156e-01
1.123949766159057617e+00
-1.619376778602600098e+00
3.228832721710205078e+00
-4.394411444664001465e-01
-8.798094391822814941e-01
-4.651492238044738770e-01
1.538002371788024902e+00
2.568251371383666992e+00
-1.029232501983642578e+00
-1.820518016815185547e+00
-7.635844498872756958e-02
-1.470334768295288086e+00
-7.274935245513916016e-01
-2.274877548217773438e+00
-3.627544403076171875e+00
3.756061196327209473e-02
-3.530997276306152344e+00
-1.245744585990905762e+00
-3.242617547512054443e-01
2.079045295715332031e+00
-3.609255552291870117e-01
-2.780435800552368164e+00
-2.995874881744384766e+00
-1.292310476303100586e+00
-3.611401319503784180e-01
1.338948756456375122e-01
-3.456808030605316162e-01
7.950252294540405273e-02
9.109282493591308594e-01
4.413785934448242188e-01
-1.554486632347106934e+00
-2.863129377365112305e+00
-1.180179119110107422e-01
4.558290958404541016e+00
-1.852818489074707031e+00
-9.207434058189392090e-01
-6.390013098716735840e-01
1.893394708633422852e+00
1.684986948966979980e+00
1.735719740390777588e-01
-1.201269388198852539e+00
-1.262981891632080078e+00
-1.813123106956481934e+00
-3.610190629959106445e+00
-4.346887111663818359e+00
-5.873584270477294922e+00
-6.945233345031738281e+00
-4.981999397277832031e+00
-3.535099029541015625e+00
-4.944732189178466797e+00
-3.796852111816406250e+00
-6.034235477447509766e+00
-3.586090087890625000e+00
-1.578756690025329590e+00
-5.425148010253906250e+00
-1.407243847846984863e+00
-4.520067691802978516e+00
-3.775247097015380859e+00
-3.199996471405029297e+00
-4.102207660675048828e+00
-1.708830714225769043e+00
-3.881321668624877930e+00
-6.149053573608398438e-01
-3.111076831817626953e+00
-3.957349658012390137e-01
-3.729551792144775391e+00
-1.829887390136718750e+00
-2.803413867950439453e+00
-3.734375715255737305e+00
-3.102363109588623047e+00
-5.975782275199890137e-01
1.181523919105529785e+00
2.845157384872436523e+00
3.165220022201538086e-01
-1.962308168411254883e+00
3.000070571899414062e+00
-1.437101364135742188e+00
8.339967727661132812e-01
3.995638847351074219e+00
8.351253271102905273e-01
-2.458134889602661133e+00
-1.648126363754272461e+00
1.349165201187133789e+00
2.471259832382202148e-01
3.881640434265136719e+00
1.109933495521545410e+00
-1.130909800529479980e+00
3.010070800781250000e+00
2.871161937713623047e+00
2.397172451019287109e+00
4.135149002075195312e+00
2.007066965103149414e+00
8.422163128852844238e-01
2.257768869400024414e+00
1.615307807922363281e+00
-7.565006613731384277e-01
1.648502469062805176e+00
1.338403224945068359e-01
6.287128925323486328e-01
-3.429310560226440430e+00
-1.421612501144409180e+00
-3.312841653823852539e+00
-3.236022710800170898e+00
-2.024051904678344727e+00
2.063782930374145508e+00
-3.919787645339965820e+00
6.761014461517333984e-01
1.926176905632019043e+00
7.732570171356201172e-01
-1.588132262229919434e+00
2.369488477706909180e+00
-1.776076316833496094e+00
1.787408351898193359e+00
5.327600479125976562e+00
3.421365499496459961e+00
2.503628730773925781e+00
2.526054620742797852e+00
-2.186367034912109375e+00
-3.356536626815795898e+00
-1.570492625236511230e+00
-2.702848911285400391e-01
2.858785092830657959e-01
5.532902240753173828e+00
-1.110980153083801270e+00
1.636894226074218750e+00
3.150970458984375000e+00
1.559604167938232422e+00
1.754142284393310547e+00
2.448531627655029297e+00
3.069908142089843750e+00
-1.512260437011718750e+00
2.270874023437500000e+00
6.854474544525146484e-03
-4.766222238540649414e-01
2.139014005661010742e-01
-1.456749677658081055e+00
-2.380478382110595703e-01
-5.415636301040649414e-01
5.444819331169128418e-01
2.312536001205444336e+00
-4.036408901214599609e+00
2.260039091110229492e+00
1.330994486808776855e+00
-6.535762548446655273e-01
-3.795060634613037109e+00
-1.068066477775573730e+00
-2.025062084197998047e+00
8.107304573059082031e-01
-7.210428118705749512e-01
1.357118964195251465e+00
-7.184976339340209961e-01
3.014583587646484375e+00
-3.187073230743408203e+00
4.084428787231445312e+00
-1.646194577217102051e+00
-7.339721918106079102e-01
-2.047608613967895508e+00
4.647085666656494141e+00
5.445019006729125977e-01
-2.168235063552856445e+00
2.192362785339355469e+00
-2.157717943191528320e+00
1.434062242507934570e+00
5.001887083053588867e-01
-1.155608177185058594e+00
-2.482234716415405273e+00
3.938293933868408203e+00
4.454530239105224609e+00
3.597340345382690430e+00
1.310763359069824219e+00
-3.263825416564941406e+00
1.154743194580078125e+00
-1.040548831224441528e-01
1.343762636184692383e+00
1.467238306999206543e+00
3.414969444274902344e+00
-2.400403022766113281e-01
1.647232055664062500e+00
-2.348049640655517578e+00
9.281902313232421875e-01
4.832884311676025391e+00
2.277533054351806641e+00
-1.777378559112548828e+00
-1.582878232002258301e-01
-1.659144759178161621e+00
2.806038379669189453e+00
-1.435646295547485352e+00
-2.208380222320556641e+00
2.844513654708862305e+00
4.776963710784912109e+00
2.171658992767333984e+00
-9.158295392990112305e-01
-6.041225790977478027e-01
-2.120852470397949219e-03
-1.113734006881713867e+00
2.430375337600708008e+00
6.143013834953308105e-01
-7.922132015228271484e-01
3.990921735763549805e+00
4.089979171752929688e+00
3.182359218597412109e+00
-2.697180747985839844e+00
7.042461037635803223e-01
-4.553904056549072266e+00
2.318929910659790039e+00
1.131484806537628174e-01
2.171595811843872070e+00
-6.748971939086914062e-01
1.554383635520935059e+00
1.473629236221313477e+00
-2.232252120971679688e+00
-4.763594828546047211e-03
6.137908935546875000e+00
-2.799955606460571289e+00
-7.213449478149414062e+00
2.902159929275512695e+00
3.485332489013671875e+00
3.526414334774017334e-01
4.783170700073242188e+00
1.033562541007995605e+00
-1.847855210304260254e+00
-6.316555738449096680e-01
-1.294571042060852051e+00
-2.381917238235473633e+00
2.012529969215393066e-02
-3.199627161026000977e+00
-4.087165832519531250e+00
-6.279548406600952148e-01
6.978054523468017578e+00
-6.621442317962646484e+00
-2.107445716857910156e+00
2.966097354888916016e+00
-7.178679108619689941e-01
2.446377038955688477e+00
-2.685755491256713867e+00
2.283104419708251953e+00
5.268617630004882812e+00
1.326309561729431152e+00
3.706664562225341797e+00
-1.812334895133972168e+00
-7.878980040550231934e-01
-4.032381772994995117e-01
1.709645748138427734e+00
1.085266351699829102e+00
3.235507726669311523e+00
-2.735847711563110352e+00
-3.528719425201416016e+00
8.002407550811767578e-01
-4.206410646438598633e-01
9.334965050220489502e-02
-7.616032123565673828e+00
-6.575473546981811523e-01
1.478542089462280273e+00
-7.467060685157775879e-01
6.112295985221862793e-01
3.839302062988281250e-02
-4.794024825096130371e-01
1.955640792846679688e+00
1.796387434005737305e+00
3.129997730255126953e+00
-1.962108612060546875e+00
2.108514785766601562e+00
-7.694572210311889648e-01
3.271042346954345703e+00
-7.193177342414855957e-01
2.569890737533569336e+00
-1.388192057609558105e+00
4.834393978118896484e+00
-1.739318370819091797e-01
1.918117284774780273e+00
7.529976844787597656e+00
-8.723735213279724121e-01
-1.293109893798828125e+00
9.597384929656982422e-02
3.418826103210449219e+00
-2.979102134704589844e-01
-6.122233390808105469e+00
1.794558286666870117e+00
1.853983640670776367e+00
-4.463906288146972656e-01
4.033629417419433594e+00
1.916185319423675537e-01
-2.200966835021972656e+00
-2.189591526985168457e-03
1.452833652496337891e+00
3.389503002166748047e+00
1.460684537887573242e+00
1.634944796562194824e+00
1.158468961715698242e+00
4.188813686370849609e+00
9.355421066284179688e+00
-5.785833001136779785e-01
-1.878573775291442871e+00
4.507028579711914062e+00
-4.228420734405517578e+00
5.824772834777832031e+00
-6.720978617668151855e-01
2.487505972385406494e-01
2.656759262084960938e+00
5.553315877914428711e-01
5.017562210559844971e-02
-2.093494176864624023e+00
-3.905411362648010254e-01
-8.114621639251708984e-01
6.077766895294189453e+00
-3.283951997756958008e+00
-5.606896400451660156e+00
5.214068412780761719e+00
-2.163257837295532227e+00
1.703206062316894531e+00
-9.980595111846923828e-02
-5.168509483337402344e-02
-2.367657661437988281e+00
-2.657641410827636719e+00
-1.752995014190673828e+00
4.665005207061767578e+00
9.688372015953063965e-01
2.354527235031127930e+00
4.084407806396484375e+00
-4.455523014068603516e+00
-2.350175142288208008e+00
-2.580943346023559570e+00
-2.303196430206298828e+00
-3.869278430938720703e-01
1.975005626678466797e+00
1.737451791763305664e+00
-9.427177906036376953e-01
-3.339594364166259766e+00
-3.351237773895263672e+00
-4.108874797821044922e+00
7.804362177848815918e-01
-1.383471488952636719e-01
-1.570164561271667480e-01
8.588319420814514160e-01
2.223886489868164062e+00
1.030151486396789551e+00
7.076793909072875977e-02
2.382464647293090820e+00
1.424705028533935547e+00
2.402047395706176758e+00
-1.774525046348571777e+00
-1.063214302062988281e+00
1.046499609947204590e+00
2.813975811004638672e+00
1.176264047622680664e+00
-1.460231900215148926e+00
2.563750028610229492e+00
1.500255227088928223e+00
3.945324897766113281e+00
-5.429309606552124023e-01
1.382282614707946777e+00
6.773759841918945312e+00
-2.581646680831909180e+00
-6.111401081085205078e+00
-7.498209476470947266e-01
-4.044180393218994141e+00
-1.318719506263732910e+00
3.076086997985839844e+00
1.093538284301757812e+00
9.649741053581237793e-01
1.825208663940429688e-01
-1.519144475460052490e-01
-5.939455628395080566e-01
-2.697451591491699219e+00
-3.414390325546264648e+00
-5.804818153381347656e+00
2.565218806266784668e-01
2.892655372619628906e+00
2.268625736236572266e+00
-1.456179618835449219e+00
4.433771967887878418e-01
5.444008350372314453e+00
1.925814390182495117e+00
1.436633825302124023e+00
-4.679020643234252930e-01
3.916999101638793945e-01
2.697817802429199219e+00
1.416822314262390137e+00
3.083323717117309570e+00
2.099254369735717773e+00
7.891410827636718750e+00
-2.868501424789428711e+00
3.563427925109863281e-02
-1.111732870340347290e-01
3.287820816040039062e-01
1.362951874732971191e+00
-1.258748888969421387e+00
-2.657234907150268555e+00
6.696437835693359375e+00
1.519720077514648438e+00
9.471482038497924805e-02
-2.076490640640258789e+00
1.376053094863891602e-01
-1.030697107315063477e+00
-3.422300100326538086e+00
5.421685218811035156e+00
-2.793005228042602539e+00
4.329922497272491455e-01
7.418394088745117188e-03
-3.127843618392944336e+00
4.848917484283447266e+00
1.662983894348144531e-01
7.325079441070556641e-01
1.291513085365295410e+00
2.500822842121124268e-01
-3.295284509658813477e-01
8.332608938217163086e-01
4.246686935424804688e+00
-1.355693817138671875e+00
2.066513299942016602e+00
2.125825405120849609e+00
-7.389571070671081543e-01
1.362012624740600586e-01
-3.671261072158813477e+00
6.848437786102294922e+00
-8.909970521926879883e-01
-7.245572209358215332e-01
2.525804996490478516e+00
-1.991028547286987305e+00
-3.564324617385864258e+00
4.934817790985107422e+00
-3.951900899410247803e-01
-7.720732688903808594e-02
-1.728945136070251465e+00
-2.232520818710327148e+00
-1.216371774673461914e+00
-1.179800033569335938e+00
5.240701198577880859e+00
1.479551553726196289e+00
6.586824893951416016e+00
1.167712688446044922e+00
-7.775778174400329590e-01
2.541033506393432617e+00
-2.968100070953369141e+00
1.091188073158264160e+00
7.795934677124023438e-01
1.672099709510803223e+00
-5.742757320404052734e-01
-1.251411437988281250e-01
-4.467360973358154297e-01
-4.115406274795532227e-01
7.506975531578063965e-02
-3.699100732803344727e+00
1.116185307502746582e+00
8.331426382064819336e-01
-4.091468811035156250e+00
-1.014591336250305176e+00
-4.785813391208648682e-01
1.987051486968994141e+00
2.622238874435424805e+00
-1.637642025947570801e+00
1.769273519515991211e+00
-2.755657672882080078e+00
1.527162075042724609e+00
5.583340167999267578e+00
-1.818414926528930664e+00
-3.046896696090698242e+00
-2.190939664840698242e+00
6.957173347473144531e-03
1.576035022735595703e-01
-6.057024002075195312e-04
1.636584281921386719e+00
-4.949542284011840820e-01
-4.661906957626342773e-01
2.393376827239990234e+00
-8.175631165504455566e-01
-1.135504961013793945e+00
4.101541519165039062e+00
3.672588348388671875e+00
2.781443595886230469e+00
3.564018487930297852e+00
1.500058650970458984e+00
1.928273320198059082e+00
6.196278095245361328e+00
2.116211175918579102e+00
3.595501899719238281e+00
2.235529422760009766e+00
-4.726153373718261719e+00
-5.644721984863281250e-01
-3.410845279693603516e+00
1.868891716003417969e-01
7.059922695159912109e+00
2.797000646591186523e+00
-3.205067634582519531e+00
8.820567131042480469e-01
1.982021570205688477e+00
1.879060566425323486e-01
1.403630733489990234e+00
-6.372293829917907715e-01
-8.999915122985839844e-01
1.148540735244750977e+00
-1.312869071960449219e+00
-4.397471427917480469e+00
3.884166240692138672e+00
2.622769117355346680e+00
-2.323248863220214844e+00
1.844448328018188477e+00
-6.127166748046875000e-01
-1.300394296646118164e+00
-4.926188468933105469e+00
-1.139174699783325195e-01
7.153799533843994141e-01
-2.101461410522460938e+00
4.435289859771728516e+00
3.221042156219482422e+00
-5.365739464759826660e-01
-4.389074444770812988e-02
-2.541294097900390625e-01
-1.931095600128173828e+00
-1.692453503608703613e+00
3.502911090850830078e+00
1.792058944702148438e+00
1.439298868179321289e+00
1.410447239875793457e+00
-1.873512387275695801e+00
-1.022396087646484375e+00
1.043596982955932617e+00
2.769765853881835938e-01
2.941934347152709961e+00
3.401277065277099609e+00
1.105176210403442383e+00
5.391184806823730469e+00
1.167010784149169922e+00
-2.188842058181762695e+00
-3.239871501922607422e+00
1.131356954574584961e-01
-2.278018951416015625e+00
-1.187581300735473633e+00
-7.418987154960632324e-02
-2.036908149719238281e+00
5.511765003204345703e+00
-1.556297063827514648e+00
-3.243621885776519775e-01
4.261399269104003906e+00
2.729771852493286133e+00
-1.557921171188354492e-01
-2.699817180633544922e+00
2.156934738159179688e+00
-1.480076611042022705e-01
1.904277801513671875e+00
1.387542009353637695e+00
-3.185842335224151611e-01
-1.711655139923095703e+00
-6.771810650825500488e-01
2.578942298889160156e+00
1.268195509910583496e+00
2.835932731628417969e+00
3.854565382003784180e+00
1.112243175506591797e+00
-1.341555595397949219e+00
3.715090990066528320e+00
4.167716979980468750e+00
1.764150142669677734e+00
-7.147174835205078125e+00
-3.108104228973388672e+00
3.805367946624755859e+00
-2.988013505935668945e+00
-4.493714570999145508e-01
6.469403266906738281e+00
9.545687437057495117e-01
-4.999406039714813232e-01
4.663669586181640625e+00
7.216479778289794922e-01
-2.311228036880493164e+00
4.854243755340576172e+00
-1.799411773681640625e+00
2.620465517044067383e+00
-6.758121252059936523e-01
-6.135863065719604492e-02
1.353978872299194336e+00
-3.774482250213623047e+00
1.639130115509033203e+00
1.850644946098327637e+00
4.447594165802001953e+00
-5.934346318244934082e-01
9.570592641830444336e-02
-6.605257987976074219e-01
1.350233793258666992e+00
-1.245156288146972656e+00
1.615092039108276367e+00
-5.164540290832519531e+00
-1.017339944839477539e+00
-3.054933071136474609e+00
5.873774528503417969e+00
-2.287801504135131836e-01
1.163169145584106445e+00
-1.334701538085937500e+00
1.122994303703308105e+00
-3.828605115413665771e-01
-3.688125371932983398e+00
6.529430389404296875e+00
3.802033901214599609e+00
4.125897884368896484e+00
2.036560773849487305e-01
3.346154689788818359e+00
3.414287090301513672e+00
8.617515563964843750e-01
3.832382857799530029e-01
4.740702509880065918e-01
-9.805465936660766602e-01
3.056005954742431641e+00
8.885650038719177246e-01
2.793675959110260010e-01
-3.525179862976074219e+00
2.465564161539077759e-01
-5.977959632873535156e-01
1.848765313625335693e-01
-4.397542953491210938e+00
-1.483087658882141113e+00
-1.930395126342773438e+00
-3.288824319839477539e+00
1.718931436538696289e+00
-3.553264617919921875e+00
-2.131283283233642578e+00
-5.488595485687255859e+00
1.084387898445129395e-01
-5.284120082855224609e+00
-2.643447399139404297e+00
-2.425516366958618164e+00
-3.689529418945312500e+00
-3.059585332870483398e+00
-9.215938448905944824e-01
-1.751435518264770508e+00
-1.170953810214996338e-01
-4.255405426025390625e+00
2.661639451980590820e+00
-6.132003664970397949e-01
-2.149851799011230469e+00
-1.874123334884643555e+00
-1.404642105102539062e+00
-3.328109025955200195e+00
-3.404668331146240234e+00
7.443619370460510254e-01
-1.694747447967529297e+00
-4.304079055786132812e+00
-4.969648361206054688e+00
-4.260733127593994141e+00
6.192389726638793945e-01
8.460076451301574707e-01
-4.112703800201416016e+00
-3.350165605545043945e+00
-2.765428781509399414e+00
-3.859015226364135742e+00
-4.378251552581787109e+00
-2.785963058471679688e+00
2.889105081558227539e-01
-5.596580028533935547e+00
-4.183720946311950684e-01
-1.511901140213012695e+00
4.214209079742431641e+00
5.637505054473876953e-01
2.606800556182861328e+00
6.418054103851318359e+00
-2.643362760543823242e+00
6.711846828460693359e+00
4.229616641998291016e+00
2.626955509185791016e+00
5.939324378967285156e+00
2.588465929031372070e+00
3.085895061492919922e+00
-5.082840323448181152e-01
1.130936622619628906e+00
2.006849765777587891e+00
2.940344810485839844e+00
4.007783889770507812e+00
-8.088663816452026367e-01
-9.967854022979736328e-01
-3.529244661331176758e+00
-1.723812222480773926e-01
5.519390106201171875e-05
3.063692092895507812e+00
6.379563212394714355e-01
-3.042227745056152344e+00
-1.162633895874023438e-01
-9.578678011894226074e-02
7.890120744705200195e-01
-2.617887973785400391e+00
1.786923408508300781e+00
9.443339705467224121e-01
