7.480601072311401367e-01
1.777662038803100586e+00
4.809719324111938477e-02
-1.527578353881835938e+00
1.150159239768981934e+00
-3.058120608329772949e-01
1.256006121635437012e+00
-2.371239900588989258e+00
-1.113158941268920898e+00
-1.146802663803100586e+00
-2.183730602264404297e-01
1.121093511581420898e+00
9.684175252914428711e-01
-8.524802923202514648e-01
1.555919647216796875e+00
-1.994425952434539795e-01
-2.088743209838867188e+00
7.912939786911010742e-01
8.128450512886047363e-01
-2.361971855163574219e+00
-3.717822074890136719e+00
1.443796038627624512e+00
1.623911261558532715e+00
-9.153383970260620117e-01
-2.828666687011718750e+00
-1.808542966842651367e+00
-1.093801021575927734e+00
-4.903245568275451660e-01
-6.485056281089782715e-01
-1.195997118949890137e+00
-2.207056522369384766e+00
-5.382182002067565918e-01
-4.187294960021972656e+00
-2.722270965576171875e+00
-1.599647402763366699e-01
-1.993384838104248047e+00
-1.314158082008361816e+00
-3.176720380783081055e+00
1.729611158370971680e-01
-3.159202337265014648e+00
-1.016544222831726074e+00
-1.040613293647766113e+00
-1.423632144927978516e+00
-4.666134357452392578e+00
-1.668810844421386719e-03
-1.047581672668457031e+00
-2.090368986129760742e+00
-2.268271207809448242e+00
-5.560886859893798828e-01
-3.035705089569091797e+00
9.627683758735656738e-01
-5.713604450225830078e+00
-4.747089147567749023e-01
-1.837039232254028320e+00
-9.585061073303222656e-01
7.618994712829589844e-01
-1.864854812622070312e+00
-4.918154239654541016e+00
3.926331281661987305e+00
-2.040071010589599609e+00
1.689809560775756836e-01
-8.141783475875854492e-01
-6.716895103454589844e-02
-3.706586122512817383e+00
2.784068584442138672e-01
3.711104869842529297e+00
-3.781268000602722168e-02
8.427886366844177246e-01
-9.812233448028564453e-01
-2.813342571258544922e+00
-8.905526399612426758e-01
-1.338483333587646484e+00
-6.480798721313476562e-01
5.877156853675842285e-01
2.355929374694824219e+00
3.531459867954254150e-01
9.616900682449340820e-01
1.898364722728729248e-01
2.362961530685424805e+00
1.076020240783691406e+00
1.421326398849487305e-01
-9.121472835540771484e-01
-2.174003124237060547e+00
1.031147003173828125e+00
1.603705286979675293e+00
-1.877920866012573242e+00
1.197376847267150879e-01
-1.188399314880371094e+00
2.060088872909545898e+00
2.063869476318359375e+00
5.483162999153137207e-01
-2.470016241073608398e+00
1.642362952232360840e+00
-2.660419225692749023e+00
-4.976695477962493896e-01
-3.554278850555419922e+00
-2.978831529617309570e-01
-1.988267898559570312e-02
-1.663029313087463379e+00
2.350966930389404297e+00
1.389325499534606934e+00
-1.787650346755981445e+00
-2.995357513427734375e+00
-2.725779414176940918e-01
-2.684212207794189453e+00
-3.938080549240112305e+00
-1.374135851860046387e+00
4.288809299468994141e+00
3.924183249473571777e-01
1.682394742965698242e+00
-1.477720737457275391e+00
3.948027610778808594e+00
-3.643054962158203125e+00
-1.223178148269653320e+00
-2.460460424423217773e+00
1.409346222877502441e+00
-2.730782985687255859e+00
3.792811632156372070e-01
1.540807485580444336e+00
-1.719002008438110352e+00
-5.417639613151550293e-01
-8.403962850570678711e-01
-1.666093230247497559e+00
-3.919508457183837891e+00
-1.334115147590637207e+00
1.138938069343566895e+00
-1.318184137344360352e+00
6.797991394996643066e-01
2.722775936126708984e-01
-1.347438573837280273e+00
3.014910697937011719e+00
4.616171121597290039e-02
1.920665264129638672e+00
2.063947767019271851e-01
-7.385858893394470215e-01
1.661328077316284180e-01
-9.166036844253540039e-01
2.410094738006591797e-01
-2.164118051528930664e+00
-2.769937992095947266e+00
-5.214297771453857422e-02
4.784418344497680664e-01
1.274737119674682617e-01
-1.730832099914550781e+00
2.568487167358398438e+00
9.318623542785644531e-01
-3.162000894546508789e+00
-2.509022057056427002e-01
-1.109608411788940430e+00
1.475940585136413574e+00
8.986425399780273438e-01
1.528460264205932617e+00
-3.373416900634765625e+00
-1.975415229797363281e+00
-1.737327814102172852e+00
-1.651508092880249023e+00
-3.177579045295715332e-01
5.390664339065551758e-01
-1.383831501007080078e+00
2.744795083999633789e+00
-2.023564577102661133e+00
3.400568008422851562e+00
1.448771953582763672e+00
-8.371760249137878418e-01
-2.461394816637039185e-01
-2.411582946777343750e+00
2.117773532867431641e+00
1.214166045188903809e+00
4.110628128051757812e+00
9.254261851310729980e-01
9.676795601844787598e-01
8.986644148826599121e-01
3.079021930694580078e+00
2.955552816390991211e+00
-1.642660379409790039e+00
-1.515443086624145508e+00
-2.467520833015441895e-01
-1.637696504592895508e+00
2.127283811569213867e+00
-4.679277241230010986e-01
-1.731538653373718262e+00
8.544211089611053467e-02
-1.388925313949584961e+00
-1.483359336853027344e+00
1.715330719947814941e+00
3.523181438446044922e+00
-2.212860822677612305e+00
-2.195153951644897461e+00
2.358543157577514648e+00
1.724787592887878418e+00
-5.085863471031188965e-01
6.813045740127563477e-01
1.620105981826782227e+00
-3.109406232833862305e-01
-3.693515300750732422e+00
-8.536432981491088867e-01
-1.567658424377441406e+00
1.237542390823364258e+00
-3.192062377929687500e+00
1.288973569869995117e+00
-3.778048515319824219e+00
-1.180445671081542969e+00
5.286982655525207520e-01
3.399446010589599609e+00
3.103118538856506348e-01
1.017426967620849609e+00
2.925488948822021484e+00
2.481501817703247070e+00
3.112136602401733398e+00
3.398081541061401367e+00
-2.215226888656616211e-01
2.398479938507080078e+00
4.425136744976043701e-01
7.052475810050964355e-01
-7.488651871681213379e-01
2.795262575149536133e+00
2.021998405456542969e+00
-1.258236289024353027e+00
2.046998262405395508e+00
6.597695946693420410e-01
-1.516602277755737305e+00
1.495821714401245117e+00
2.823310375213623047e+00
1.295234203338623047e+00
-5.172914266586303711e-01
-1.259977102279663086e+00
-5.937367677688598633e-02
-2.057027339935302734e+00
-2.060849905014038086e+00
-4.332786202430725098e-01
5.675967931747436523e-01
8.690879344940185547e-01
-2.995290160179138184e-01
-5.405973792076110840e-01
-6.213588118553161621e-01
-1.579414129257202148e+00
-9.103974103927612305e-01
1.328393220901489258e+00
1.231971740722656250e+00
-1.864045143127441406e+00
2.629201889038085938e+00
-1.540018916130065918e-01
2.014346361160278320e+00
1.000446081161499023e+00
-4.772485733032226562e+00
5.705851316452026367e-01
-6.875238418579101562e-01
8.129325509071350098e-01
6.611630916595458984e-01
6.644219756126403809e-01
-2.638067960739135742e+00
3.925529003143310547e+00
-2.341627836227416992e+00
3.130820751190185547e+00
9.683057665824890137e-02
2.582038640975952148e-01
-1.634387612342834473e+00
1.041936755180358887e+00
1.851372480392456055e+00
-1.827864646911621094e+00
4.893904924392700195e-02
-4.142758369445800781e+00
-3.387530088424682617e+00
2.253226518630981445e+00
3.590300321578979492e+00
5.803355574607849121e-01
-9.424549341201782227e-01
2.639821529388427734e+00
-1.873703956604003906e+00
-1.081095695495605469e+00
-2.393237829208374023e+00
-3.069610595703125000e+00
-1.088563323020935059e+00
6.963288784027099609e-01
3.576155304908752441e-01
-3.113821506500244141e+00
-3.417117357254028320e+00
-3.185835480690002441e-01
-4.318912982940673828e+00
-1.989956617355346680e+00
-1.090459942817687988e+00
-5.896502733230590820e-02
1.099519729614257812e+00
2.357643842697143555e-02
-1.496775150299072266e+00
-1.420798063278198242e+00
-7.640746235847473145e-01
-2.931126832962036133e+00
-1.251415014266967773e+00
-3.357382059097290039e+00
8.390867710113525391e-02
-3.066522836685180664e+00
1.100629448890686035e+00
-6.499168872833251953e-01
1.009002089500427246e+00
8.847287893295288086e-01
2.746843576431274414e+00
-2.850169420242309570e+00
-3.334331512451171875e+00
-5.603290081024169922e+00
-3.118413925170898438e+00
1.985045671463012695e+00
-2.292612075805664062e+00
-1.981375217437744141e+00
-1.386853933334350586e+00
-1.929162144660949707e+00
-2.900919198989868164e+00
-2.114433288574218750e+00
2.625199794769287109e+00
6.329501271247863770e-01
4.748231410980224609e+00
-1.631459832191467285e+00
-1.046172022819519043e+00
-8.762280941009521484e-01
3.271979689598083496e-01
-2.412838459014892578e+00
-2.716935157775878906e+00
-1.425020575523376465e+00
-2.152752876281738281e+00
2.611681938171386719e+00
1.130792975425720215e+00
-2.924890041351318359e+00
-2.358510017395019531e+00
4.051529169082641602e-01
-3.816863775253295898e+00
-9.371981620788574219e-01
-4.174262046813964844e+00
-1.575680673122406006e-01
-1.736302733421325684e+00
2.052312642335891724e-01
-7.190869450569152832e-01
2.103006839752197266e+00
3.149279356002807617e-01
2.980576038360595703e+00
-2.035510063171386719e+00
-2.261665821075439453e+00
-1.246297478675842285e+00
2.282421588897705078e+00
-1.065346479415893555e+00
1.990745782852172852e+00
2.560908079147338867e+00
2.994252443313598633e+00
5.514860153198242188e-02
-1.888466000556945801e+00
1.566426038742065430e+00
1.052680969238281250e+00
3.046797513961791992e+00
2.281885623931884766e+00
2.735712528228759766e-01
-2.537392139434814453e+00
8.420652747154235840e-01
-2.366246938705444336e+00
-2.284060239791870117e+00
-5.994999408721923828e-01
2.265686035156250000e+00
-1.771025657653808594e-01
-4.053269624710083008e-01
-1.142850399017333984e+00
-2.318423986434936523e+00
-1.934014320373535156e+00
-9.679502248764038086e-01
-3.306177258491516113e-01
-3.330996036529541016e+00
-3.003312587738037109e+00
-1.001122593879699707e+00
-4.479356765747070312e+00
-4.581037521362304688e+00
-6.777889728546142578e+00
-4.983904361724853516e+00
-4.529107570648193359e+00
-4.696159839630126953e+00
-2.583326339721679688e+00
-3.487649202346801758e+00
-4.807067394256591797e+00
-2.019234657287597656e+00
-5.277367591857910156e+00
-2.306954264640808105e-01
-3.851185321807861328e+00
-3.374908924102783203e+00
-4.250077724456787109e+00
-2.401799440383911133e+00
-1.317506194114685059e+00
-2.763924598693847656e+00
-1.786155223846435547e+00
-1.211768865585327148e+00
1.761745214462280273e+00
7.440167665481567383e-01
-2.045825242996215820e+00
-3.940229177474975586e+00
-3.876894712448120117e-01
-1.522805929183959961e+00
3.421386003494262695e+00
1.173483490943908691e+00
5.677620172500610352e-01
-3.365753889083862305e-01
2.714237928390502930e+00
3.172936439514160156e+00
4.170308113098144531e-01
1.469147801399230957e-01
3.010754585266113281e+00
-1.760145425796508789e+00
-2.714230537414550781e+00
-7.407299280166625977e-01
-1.398279190063476562e+00
1.351269721984863281e+00
2.673506498336791992e+00
-8.209590315818786621e-01
2.882887125015258789e+00
-1.615595817565917969e-01
3.129856109619140625e+00
4.464135646820068359e+00
2.938251256942749023e+00
-7.068710327148437500e-01
-1.845157027244567871e+00
2.034424781799316406e+00
1.992454767227172852e+00
2.006946325302124023e+00
4.421812057495117188e+00
1.304330825805664062e+00
3.375434398651123047e+00
-2.426645040512084961e+00
9.266906976699829102e-01
-3.075610876083374023e+00
-3.828402042388916016e+00
-5.258314609527587891e-01
3.858163356781005859e+00
-2.032780170440673828e+00
2.431302070617675781e+00
-2.838816046714782715e-01
1.561657309532165527e+00
3.136920034885406494e-01
2.269877672195434570e+00
-2.173766374588012695e+00
5.412837505340576172e+00
7.422202110290527344e+00
3.730571269989013672e+00
1.637870073318481445e-02
4.141066074371337891e+00
-2.951126813888549805e+00
-3.119201898574829102e+00
-1.589276194572448730e+00
2.744234323501586914e+00
-2.855835676193237305e+00
4.016188144683837891e+00
-1.690189599990844727e+00
2.000493764877319336e+00
2.096060752868652344e+00
1.105010628700256348e+00
3.808775246143341064e-01
-4.959450364112854004e-01
4.418882369995117188e+00
-1.002266168594360352e+00
1.521682500839233398e+00
-2.742416620254516602e+00
-2.213259458541870117e+00
-9.488420486450195312e-01
-1.415948629379272461e+00
-1.217847585678100586e+00
1.635843396186828613e+00
1.068291306495666504e+00
2.968704223632812500e+00
-1.676874637603759766e+00
5.779279768466949463e-02
1.894204378128051758e+00
3.078808307647705078e+00
-1.000556588172912598e+00
-2.252764463424682617e+00
-5.495797395706176758e-01
1.793772459030151367e+00
-2.175608277320861816e-01
2.171262204647064209e-01
-2.823574244976043701e-01
3.318976402282714844e+00
-4.480895519256591797e+00
2.933171510696411133e+00
3.320750236511230469e+00
8.794804811477661133e-01
-5.701353549957275391e+00
1.571740269660949707e+00
-4.298620700836181641e+00
2.022302865982055664e+00
6.596487760543823242e-01
-2.351877212524414062e+00
-3.699061870574951172e-01
-1.291810274124145508e+00
-6.264152526855468750e-01
-2.129565238952636719e+00
1.181427836418151855e+00
2.016875267028808594e+00
3.439409255981445312e+00
-2.787405252456665039e-02
-2.266311883926391602e+00
2.200594425201416016e+00
1.251997232437133789e+00
-1.801690578460693359e+00
-1.221393823623657227e+00
5.795986652374267578e-01
7.481336593627929688e-02
2.613424301147460938e+00
-2.552193403244018555e+00
1.920839905738830566e+00
2.507878303527832031e+00
2.825343847274780273e+00
-1.723205566406250000e+00
1.211896896362304688e+00
-7.950783371925354004e-01
-4.865837097167968750e-01
-1.671821832656860352e+00
-1.595685482025146484e+00
7.020822167396545410e-02
4.019190311431884766e+00
-1.595761656761169434e+00
-7.870109558105468750e+00
-7.053456902503967285e-01
-5.189327001571655273e-01
-2.209740161895751953e+00
8.677712678909301758e-01
5.058015346527099609e+00
2.065770626068115234e+00
1.942907094955444336e+00
2.869610309600830078e+00
-1.039308667182922363e+00
2.307375967502593994e-01
-5.300800800323486328e-01
-2.629215717315673828e+00
-8.844429254531860352e-01
-1.840398907661437988e+00
-8.728266954421997070e-01
-3.793000459671020508e+00
2.531557083129882812e+00
5.295319557189941406e+00
1.130070924758911133e+00
-2.567243814468383789e+00
3.800610542297363281e+00
-4.253466129302978516e+00
-8.972688674926757812e+00
2.599174976348876953e+00
3.681989192962646484e+00
-6.615675687789916992e-01
3.902052164077758789e+00
-1.015658736228942871e+00
-1.400779485702514648e+00
1.504135966300964355e+00
3.498125076293945312e-02
-1.788183569908142090e+00
1.940016150474548340e+00
-3.143841981887817383e+00
9.086337089538574219e-01
-3.458502769470214844e+00
7.363654613494873047e+00
-8.093009948730468750e+00
3.225063085556030273e-01
1.862552165985107422e+00
2.575119733810424805e+00
3.272836685180664062e+00
1.772820353507995605e+00
1.081827521324157715e+00
2.487072229385375977e+00
1.755577325820922852e+00
1.763734102249145508e+00
5.436640977859497070e-01
-1.211746335029602051e+00
3.408760547637939453e+00
6.195892691612243652e-01
-1.210153579711914062e+00
3.960442304611206055e+00
-4.131579399108886719e+00
-3.494124889373779297e+00
8.679101467132568359e-01
-1.155671477317810059e+00
-1.463486701250076294e-01
-3.291677713394165039e+00
9.072743654251098633e-01
8.558399677276611328e-01
-9.656731486320495605e-01
3.561229705810546875e-01
-4.705288410186767578e-01
-4.881962537765502930e-01
5.247787237167358398e-01
-8.890122771263122559e-01
7.328032255172729492e-01
-1.437155723571777344e+00
-1.230369210243225098e+00
-3.822782039642333984e+00
7.856541872024536133e-01
1.373249769210815430e+00
-1.993035674095153809e-01
-3.468695878982543945e-01
4.081230640411376953e+00
-1.195413827896118164e+00
-6.084968447685241699e-01
2.666258811950683594e+00
-3.958097219467163086e+00
2.243000864982604980e-01
-2.911032676696777344e+00
8.285969495773315430e-01
9.519003629684448242e-01
-2.165180206298828125e+00
-2.750173807144165039e-01
2.174877643585205078e+00
-7.666921615600585938e-01
8.238608241081237793e-01
-1.910185217857360840e+00
-1.400419473648071289e+00
-1.809286475181579590e+00
-1.972591727972030640e-01
-4.096799492835998535e-01
-5.514069795608520508e-01
3.346809864044189453e+00
-2.329625338315963745e-01
1.406714797019958496e+00
6.150706768035888672e+00
1.426342725753784180e-01
-1.307850837707519531e+00
2.422802209854125977e+00
-2.370175600051879883e+00
3.935143947601318359e+00
2.624749660491943359e+00
6.842308044433593750e-01
4.031617641448974609e+00
2.264185667037963867e+00
1.052486658096313477e+00
-3.091310262680053711e+00
-1.143210411071777344e+00
-4.846500396728515625e+00
2.200855731964111328e+00
-1.472082138061523438e+00
-2.457239627838134766e+00
2.657782316207885742e+00
-1.487599849700927734e+00
-3.619785904884338379e-01
4.945563673973083496e-01
-2.452105522155761719e+00
-2.019732475280761719e+00
-6.646939516067504883e-01
-5.457466244697570801e-01
7.001216888427734375e+00
4.047012329101562500e+00
2.823139667510986328e+00
1.744615793228149414e+00
-3.729067087173461914e+00
-2.038729190826416016e+00
-3.936807394027709961e+00
-8.034363985061645508e-01
-3.019227981567382812e-01
4.425373554229736328e+00
3.962144851684570312e+00
1.941327929496765137e+00
-2.022789001464843750e+00
-2.925882339477539062e+00
-1.270987987518310547e+00
4.658007621765136719e+00
-1.448348045349121094e+00
9.920457005500793457e-01
2.076061964035034180e+00
1.983755469322204590e+00
9.611721634864807129e-01
-2.646322250366210938e+00
3.250740289688110352e+00
1.248119115829467773e+00
7.281919717788696289e-01
-3.848641157150268555e+00
-2.078748226165771484e+00
-9.597573876380920410e-01
3.959752321243286133e+00
-8.683778345584869385e-02
-2.536272525787353516e+00
-2.806994438171386719e+00
6.301081180572509766e-01
4.349403858184814453e+00
-1.297186136245727539e+00
6.075192689895629883e-01
2.718366146087646484e+00
-3.295117139816284180e+00
-4.767134189605712891e+00
-7.333208918571472168e-01
-2.667225360870361328e+00
-8.647404909133911133e-01
-2.430565357208251953e-01
-3.552579879760742188e-02
1.418507814407348633e+00
7.633013129234313965e-01
-1.113898277282714844e+00
-5.102803111076354980e-01
-3.951963186264038086e-01
6.893374323844909668e-01
-3.652577161788940430e+00
-4.361474990844726562e+00
2.567859888076782227e+00
9.543745517730712891e-01
-1.401781320571899414e+00
-3.288596868515014648e-01
3.732633590698242188e+00
1.213900327682495117e+00
9.230713844299316406e-01
3.002703189849853516e+00
3.073416233062744141e+00
2.657727152109146118e-02
-2.299272060394287109e+00
7.660205364227294922e-01
2.718244791030883789e+00
3.973433017730712891e+00
-8.456933498382568359e-01
2.311875820159912109e+00
1.966903448104858398e+00
-8.962786197662353516e-02
-4.713667631149291992e-01
-1.318392157554626465e+00
-1.952160835266113281e+00
6.489621639251708984e+00
-3.030315637588500977e+00
-1.004048585891723633e-01
7.371121644973754883e-01
-1.105800867080688477e+00
-1.743348360061645508e+00
-4.324736595153808594e+00
3.589644908905029297e+00
-1.149506807327270508e+00
1.131272017955780029e-01
-3.042323827743530273e+00
-2.194102764129638672e+00
8.258345603942871094e+00
4.799690246582031250e-01
5.805748105049133301e-01
8.959814310073852539e-01
-1.190675273537635803e-01
-7.093817710876464844e+00
-1.420125961303710938e-01
6.784961223602294922e-01
-1.291969060897827148e+00
1.572447538375854492e+00
1.629822492599487305e+00
-3.030258893966674805e+00
2.112153530120849609e+00
-2.250344514846801758e+00
2.067009210586547852e+00
-1.280457377433776855e-01
1.149050951004028320e+00
2.834676265716552734e+00
1.107004046440124512e+00
-2.875588178634643555e+00
3.580238580703735352e+00
-1.549849271774291992e+00
1.499407291412353516e-01
-3.372851848602294922e+00
-4.034861087799072266e+00
6.282318830490112305e-01
-1.081866741180419922e+00
6.418019771575927734e+00
-1.064463138580322266e+00
4.867177963256835938e+00
1.712040185928344727e+00
9.138799905776977539e-01
5.489420294761657715e-01
-1.006771683692932129e+00
8.408113718032836914e-01
-5.228914022445678711e-01
1.630651354789733887e+00
1.193957448005676270e+00
1.039950326085090637e-01
-7.212147712707519531e-01
-2.868373394012451172e+00
-2.283761978149414062e+00
-3.573328733444213867e+00
-4.625539183616638184e-01
-3.661841392517089844e+00
-3.923370122909545898e+00
5.611846446990966797e-01
1.490099191665649414e+00
4.517046451568603516e+00
5.951154232025146484e-01
-4.204038083553314209e-01
1.686849832534790039e+00
4.273210167884826660e-01
1.274526119232177734e-01
3.343619823455810547e+00
-1.005672931671142578e+00
-1.407055854797363281e-01
4.688243567943572998e-01
2.829782009124755859e+00
-1.201808452606201172e-02
5.759665966033935547e-01
4.633169174194335938e+00
-1.995895504951477051e+00
-5.136188507080078125e+00
1.855030298233032227e+00
-1.590051054954528809e+00
1.620512247085571289e+00
2.590879201889038086e-01
8.583047389984130859e-01
1.302282691001892090e+00
2.549337387084960938e+00
2.474055051803588867e+00
-2.465620636940002441e-02
7.771038532257080078e+00
4.886266708374023438e+00
3.593050479888916016e+00
2.666483640670776367e+00
-1.978067457675933838e-01
1.942816972732543945e+00
-1.527831673622131348e+00
2.793919086456298828e+00
3.427841186523437500e+00
2.875360250473022461e+00
-4.029082298278808594e+00
1.277866125106811523e+00
2.202832221984863281e+00
-2.585605621337890625e+00
1.260920047760009766e+00
1.889027357101440430e+00
-2.233371734619140625e+00
4.151183366775512695e-01
-7.280144691467285156e-01
-3.108666658401489258e+00
1.426423788070678711e+00
4.806750774383544922e+00
-3.585114002227783203e+00
1.006260871887207031e+00
1.082317471504211426e+00
1.418247938156127930e+00
-1.684375047683715820e+00
-1.229234933853149414e+00
1.313720703125000000e+00
-2.145695209503173828e+00
3.428020000457763672e+00
3.065276145935058594e+00
-9.318073391914367676e-01
-1.038097381591796875e+00
-3.963037729263305664e-01
1.632925987243652344e+00
-8.216769695281982422e-01
1.286846399307250977e+00
1.808685302734375000e+00
2.114152908325195312e-02
9.457576274871826172e-02
-3.279902458190917969e+00
2.558413267135620117e+00
4.523911952972412109e+00
-2.515144348144531250e-01
1.717327833175659180e+00
1.092737913131713867e+00
1.691511154174804688e+00
1.218034863471984863e+00
5.040647983551025391e-01
2.039033412933349609e+00
-1.213563680648803711e-01
-1.857088088989257812e+00
-1.898364543914794922e+00
-1.256451129913330078e+00
1.622160315513610840e+00
8.779281377792358398e-01
6.686187744140625000e+00
1.200230360031127930e+00
-1.885937094688415527e+00
2.620061635971069336e+00
-9.355848431587219238e-01
-2.004990577697753906e+00
-4.115600109100341797e+00
-1.830768585205078125e-02
-7.426320314407348633e-01
-4.832856655120849609e+00
1.627799570560455322e-01
4.468667984008789062e+00
2.071343064308166504e-01
-6.462485790252685547e-01
-1.263356924057006836e+00
2.406581401824951172e+00
1.660119175910949707e+00
3.425308942794799805e+00
1.912723660469055176e+00
-1.640816926956176758e-01
-4.928350448608398438e-02
2.255359888076782227e+00
-4.388843178749084473e-01
-1.263135194778442383e+00
-4.112463891506195068e-01
1.738637924194335938e+00
-1.465682864189147949e+00
-4.256147384643554688e+00
2.863561868667602539e+00
-1.046460390090942383e+00
-1.376999974250793457e+00
-3.476780652999877930e-02
-1.522189378738403320e-01
-9.665261507034301758e-01
2.246546745300292969e+00
2.922932505607604980e-01
1.416110038757324219e+00
3.322527706623077393e-01
-1.402585625648498535e+00
1.234266310930252075e-01
-5.731445789337158203e+00
1.648620367050170898e+00
7.001784324645996094e+00
-5.139564275741577148e-01
-1.952008724212646484e+00
2.582588911056518555e+00
-1.849786639213562012e+00
3.163777112960815430e+00
1.411290466785430908e-01
1.506831169128417969e+00
-3.323395252227783203e+00
1.122320175170898438e+00
-2.026372194290161133e+00
5.404436588287353516e+00
1.522225379943847656e+00
5.323979854583740234e-01
-1.247827291488647461e+00
2.829887390136718750e+00
-2.954080581665039062e+00
6.726394891738891602e-01
4.060500144958496094e+00
3.194833993911743164e+00
4.640882968902587891e+00
-9.683589935302734375e-01
3.284052610397338867e+00
5.535929679870605469e+00
3.424327969551086426e-01
8.120410442352294922e-01
3.301911354064941406e+00
1.388986229896545410e+00
2.685113668441772461e+00
1.838277578353881836e+00
-2.478456258773803711e+00
-3.786127090454101562e+00
1.831857681274414062e+00
-5.768598556518554688e+00
-3.252662658691406250e+00
-3.204769611358642578e+00
3.365385532379150391e-02
-2.401851892471313477e+00
-4.131744861602783203e+00
1.781997680664062500e+00
-4.408823966979980469e+00
-2.910278558731079102e+00
-4.437171936035156250e+00
-1.408759951591491699e+00
-4.778087139129638672e+00
-1.957238554954528809e+00
-3.057837486267089844e+00
-1.942077517509460449e+00
-4.601932048797607422e+00
-1.894446730613708496e+00
-2.910505294799804688e+00
-1.578278422355651855e+00
-4.761081695556640625e+00
8.033310770988464355e-01
-1.737353324890136719e+00
-2.006164073944091797e+00
-2.427037477493286133e+00
2.936351537704467773e+00
1.707789659500122070e+00
-1.684433817863464355e+00
1.652556508779525757e-01
7.593072056770324707e-01
-1.421948432922363281e+00
-5.703522682189941406e+00
-4.932812213897705078e+00
2.154981613159179688e+00
-2.034389734268188477e+00
-5.233143806457519531e+00
-1.232806205749511719e+00
-4.992826938629150391e+00
-4.475318431854248047e+00
-5.050217628479003906e+00
-3.213404417037963867e+00
2.181495904922485352e+00
-4.958670616149902344e+00
9.402077198028564453e-01
-1.919047832489013672e+00
4.445388793945312500e+00
3.403063297271728516e+00
3.364931106567382812e+00
6.189701080322265625e+00
1.332782745361328125e+00
8.248321533203125000e+00
2.638925075531005859e+00
7.561175346374511719e+00
7.855262756347656250e+00
3.937915325164794922e+00
1.347472548484802246e+00
2.089256048202514648e+00
1.440910100936889648e+00
4.201694011688232422e+00
7.001720428466796875e+00
4.114712715148925781e+00
1.040237545967102051e+00
1.038861274719238281e+00
-2.188497304916381836e+00
4.678850173950195312e-01
-3.909502029418945312e+00
2.938793599605560303e-02
5.737522244453430176e-01
-4.208693981170654297e+00
-2.520100355148315430e+00
-1.624859809875488281e+00
-4.155321598052978516e+00
-1.052115440368652344e+00
-2.608263492584228516e-02
3.244158744812011719e+00
