-1.810829341411590576e-01
-2.861736416816711426e-01
-2.696313381195068359e+00
3.147318363189697266e-01
1.372941732406616211e+00
1.132189512252807617e+00
4.240849494934082031e+00
-2.004564762115478516e+00
-2.227959632873535156e+00
-8.216346502304077148e-01
-1.811628341674804688e+00
-1.562301635742187500e+00
1.183116316795349121e+00
4.710282981395721436e-01
1.502545118331909180e+00
-1.177426218986511230e+00
-2.101401686668395996e-01
-1.373531818389892578e+00
8.862950205802917480e-01
-2.279189348220825195e+00
-3.695358991622924805e+00
1.331213712692260742e+00
-2.262119054794311523e-01
-8.240431547164916992e-01
3.431118726730346680e+00
-2.954768180847167969e+00
-2.776972293853759766e+00
-2.481786459684371948e-01
-3.740279436111450195e+00
-1.958220481872558594e+00
-2.248735874891281128e-01
-1.111881852149963379e+00
-2.611304044723510742e+00
-2.441715478897094727e+00
2.310953140258789062e-01
3.646620035171508789e+00
7.034335136413574219e-01
4.890057563781738281e+00
-9.395579099655151367e-01
-1.340470433235168457e+00
3.724525928497314453e+00
1.755422234535217285e+00
-4.706109166145324707e-01
-5.421999096870422363e-01
3.609135627746582031e+00
1.242546796798706055e+00
4.043275833129882812e+00
2.082417488098144531e+00
2.225153684616088867e+00
1.141310572624206543e+00
1.921204805374145508e+00
-5.975772738456726074e-01
-2.491760253906250000e+00
-1.608639717102050781e+00
6.817998886108398438e-01
2.617819070816040039e+00
-3.655279636383056641e+00
-5.335667610168457031e+00
1.301260828971862793e+00
8.148838281631469727e-01
1.065748214721679688e+00
2.020573616027832031e-01
-3.257352113723754883e-02
-3.012280702590942383e+00
8.273112177848815918e-01
4.171605110168457031e-01
-6.480755805969238281e-01
1.673819661140441895e+00
-8.050529956817626953e-01
4.479000568389892578e+00
2.029157876968383789e-01
-2.480400800704956055e+00
-1.536893606185913086e+00
-2.403110116720199585e-01
1.551770448684692383e+00
-1.924433946609497070e+00
1.315788507461547852e+00
1.481966495513916016e+00
7.668340802192687988e-01
-1.447044968605041504e+00
5.949139595031738281e-03
-1.736971855163574219e+00
6.065300703048706055e-01
-3.451173067092895508e+00
4.727776050567626953e+00
-1.948843121528625488e+00
-2.168143749237060547e+00
-6.284250617027282715e-01
7.609086036682128906e-01
-3.174875378608703613e-01
2.053659677505493164e+00
1.517399072647094727e+00
2.475112915039062500e+00
9.893204569816589355e-01
1.237636566162109375e+00
-3.613886833190917969e+00
4.449991703033447266e+00
-1.558392047882080078e+00
-3.726178407669067383e+00
-1.877635836601257324e+00
-6.677040457725524902e-01
4.390460968017578125e+00
-3.162454128265380859e+00
-1.318683862686157227e+00
-3.916902542114257812e+00
-4.155390739440917969e+00
-8.696024417877197266e-01
1.822389245033264160e+00
5.160228908061981201e-02
4.739994049072265625e+00
-1.072775125503540039e+00
1.512225031852722168e+00
3.073720455169677734e+00
2.595004320144653320e+00
-2.712633132934570312e+00
-2.563486099243164062e+00
2.877716124057769775e-01
-6.470727920532226562e-02
-2.649261355400085449e-01
-2.545685052871704102e+00
-2.133064985275268555e+00
-3.033210515975952148e+00
-1.563155412673950195e+00
-1.123162627220153809e+00
7.895470857620239258e-01
2.348915934562683105e-01
2.386715888977050781e+00
1.630654096603393555e+00
7.576256990432739258e-01
-2.587004184722900391e+00
-1.657026052474975586e+00
-1.126660227775573730e+00
1.576921939849853516e+00
1.090289115905761719e+00
5.199143886566162109e-01
-2.777360916137695312e+00
-2.359498739242553711e-01
-1.041578412055969238e+00
2.121344089508056641e+00
-4.613205432891845703e+00
-2.522940874099731445e+00
-1.655699968338012695e+00
-2.699194669723510742e+00
-2.229137420654296875e+00
-1.847116947174072266e-01
-2.698350429534912109e+00
-1.973134040832519531e+00
-2.482593297958374023e+00
-2.997566223144531250e+00
1.979746937751770020e+00
-4.581901073455810547e+00
-5.499144792556762695e-01
-4.122505187988281250e+00
-2.439451932907104492e+00
-2.518201351165771484e+00
-2.564638376235961914e+00
-3.654757022857666016e+00
-2.173280954360961914e+00
-3.586882591247558594e+00
-8.030675649642944336e-01
-6.619073867797851562e+00
7.817107439041137695e-01
9.193992614746093750e-01
7.021796107292175293e-01
-1.146511316299438477e+00
-3.153011798858642578e+00
1.102887272834777832e+00
-1.322516679763793945e+00
1.660934448242187500e+00
-1.715646982192993164e+00
-1.545877933502197266e+00
-2.848064899444580078e+00
-1.603954195976257324e+00
-1.792493343353271484e+00
-3.322469472885131836e+00
-3.653825283050537109e+00
-2.891844272613525391e+00
-4.694689750671386719e+00
2.150394439697265625e+00
-1.986822366714477539e+00
-2.834810495376586914e+00
-3.358839035034179688e+00
-1.855984330177307129e+00
-3.265059947967529297e+00
-1.491461157798767090e+00
-2.446534156799316406e+00
-6.395741939544677734e+00
-6.500737667083740234e+00
-9.537237882614135742e-01
-3.166847467422485352e+00
-2.821753025054931641e+00
-3.780204296112060547e+00
-1.150674343109130859e+00
-1.975314021110534668e+00
-5.750867843627929688e+00
-9.422925710678100586e-01
-3.047578096389770508e+00
-2.520200490951538086e+00
-4.293596744537353516e+00
1.428561925888061523e+00
-4.829386711120605469e+00
-2.982290029525756836e+00
-1.498109579086303711e+00
-7.623202204704284668e-01
-1.256597042083740234e+00
-2.042267322540283203e+00
7.411096692085266113e-01
9.159016609191894531e-01
1.724956929683685303e-01
-2.112368822097778320e+00
-1.026180505752563477e+00
-2.725507020950317383e-01
3.342804014682769775e-01
-5.344110727310180664e-01
-9.895892143249511719e-01
-1.874538660049438477e+00
-2.984814643859863281e-01
4.992370009422302246e-01
-1.391997337341308594e+00
1.331934332847595215e-02
-3.030795097351074219e+00
-1.379169940948486328e+00
-4.641140699386596680e-01
-3.507338523864746094e+00
-3.705541372299194336e+00
-3.765980958938598633e+00
-1.363534450531005859e+00
-5.163204669952392578e+00
-7.282999753952026367e-01
-7.641779780387878418e-01
-4.711215972900390625e+00
-6.585269570350646973e-01
-2.512468695640563965e-01
-1.135648488998413086e+00
-2.907537221908569336e+00
-3.887044191360473633e+00
-3.176970005035400391e+00
-1.999204635620117188e+00
-1.826524853706359863e+00
-2.706820487976074219e+00
9.889304637908935547e-01
-1.805121064186096191e+00
7.457908391952514648e-01
-4.580922126770019531e-01
-3.512720108032226562e+00
-2.938290357589721680e+00
6.814444065093994141e-02
-3.336269855499267578e-01
-1.462929248809814453e+00
-2.224874019622802734e+00
-2.758940219879150391e+00
4.969255626201629639e-01
-3.863341569900512695e+00
-2.569511175155639648e+00
-6.859240531921386719e-01
-2.093551158905029297e+00
-2.845763683319091797e+00
-1.332160532474517822e-01
-2.571534395217895508e+00
-4.015295028686523438e+00
-3.132128477096557617e+00
-4.245589256286621094e+00
-3.064414978027343750e+00
-3.347625732421875000e+00
1.173586845397949219e-01
-3.791250944137573242e+00
-2.502768516540527344e+00
-3.432394981384277344e+00
-4.859271526336669922e+00
-3.087801933288574219e+00
-1.067138314247131348e+00
-2.150678396224975586e+00
-2.856766462326049805e+00
1.306003212928771973e+00
1.442367196083068848e+00
-3.661527395248413086e+00
-1.309074282646179199e+00
-3.496712684631347656e+00
-4.762733936309814453e+00
-2.467668294906616211e+00
-1.395715832710266113e+00
-7.905945181846618652e-01
-1.763343572616577148e+00
-1.618666172027587891e+00
-7.627607583999633789e-01
-9.607523679733276367e-01
1.828233599662780762e-01
-2.489008903503417969e+00
1.239793777465820312e+00
-9.004813432693481445e-01
1.302406072616577148e+00
-7.994441390037536621e-01
-4.178217649459838867e-01
-2.217047214508056641e-01
-1.221131086349487305e+00
-1.859311103820800781e+00
-1.462321043014526367e+00
-1.863136291503906250e+00
-8.686462640762329102e-01
-1.066197752952575684e+00
-3.030045032501220703e-01
1.887626051902770996e-01
-1.443440318107604980e+00
1.364813089370727539e+00
2.350947618484497070e+00
3.460052013397216797e-01
-7.001793980598449707e-01
4.376540184020996094e+00
1.216402530670166016e+00
-6.250054240226745605e-01
2.712011575698852539e+00
1.223745584487915039e+00
-3.643853068351745605e-01
3.930510997772216797e+00
1.669219017028808594e+00
-1.140729427337646484e+00
-1.165839552879333496e+00
9.178264141082763672e-01
2.430766105651855469e+00
-1.150932550430297852e+00
-3.723163604736328125e+00
-4.130037307739257812e+00
-1.456945061683654785e+00
-2.064472198486328125e+00
-3.725763082504272461e+00
-1.300489425659179688e+00
-2.808077335357666016e+00
4.515005588531494141e+00
4.635310173034667969e+00
-1.935273766517639160e+00
-5.587601661682128906e-01
-1.472483038902282715e+00
-1.480936527252197266e+00
-2.645854711532592773e+00
-6.158490180969238281e-01
-2.962591886520385742e+00
-3.941755294799804688e+00
-2.202895879745483398e+00
-3.722162723541259766e+00
-1.914249420166015625e+00
3.024110794067382812e-01
-2.870222926139831543e-01
-5.558907985687255859e-02
6.813776493072509766e-02
1.529269218444824219e-01
1.810295343399047852e+00
-1.824944734573364258e+00
-9.176254868507385254e-01
-3.094287395477294922e+00
-3.627499818801879883e+00
-3.841189146041870117e+00
-2.737813711166381836e+00
-4.554525375366210938e+00
-4.549572467803955078e+00
-2.993535995483398438e+00
-3.573950767517089844e+00
-2.393679618835449219e+00
-2.203974485397338867e+00
-4.101962089538574219e+00
-3.193752765655517578e+00
-2.214376926422119141e+00
-3.155394196510314941e-01
-1.930883765220642090e+00
2.356658697128295898e+00
-8.497843742370605469e-01
1.791726589202880859e+00
-1.161960840225219727e+00
-1.537646293640136719e+00
-5.237303733825683594e+00
-2.874845266342163086e+00
-1.065615653991699219e+00
-1.271720886230468750e+00
-2.254259109497070312e+00
-1.519262433052062988e+00
-6.222368478775024414e-01
-1.545086741447448730e+00
1.751179337501525879e+00
-6.974557638168334961e-01
-2.341846466064453125e+00
-1.439761638641357422e+00
3.906688988208770752e-01
-3.973697185516357422e+00
-2.556676387786865234e+00
9.172906875610351562e-01
-4.176580905914306641e-02
4.689766407012939453e+00
3.208353042602539062e+00
-1.398992657661437988e+00
-7.257580161094665527e-01
4.938908219337463379e-01
1.489532828330993652e+00
8.473461270332336426e-01
2.372869253158569336e-01
-8.470001816749572754e-01
-3.281736135482788086e+00
1.450342655181884766e+00
2.640055656433105469e+00
-3.039630413055419922e+00
2.518393039703369141e+00
9.934127330780029297e-03
-1.774470686912536621e+00
-4.079959988594055176e-01
6.859529018402099609e-01
-2.621690511703491211e+00
-2.019328594207763672e+00
7.485036253929138184e-01
1.571780681610107422e+00
-2.750826597213745117e+00
-4.242910861968994141e+00
5.089094638824462891e-01
2.359198093414306641e+00
5.719737529754638672e+00
3.447237253189086914e+00
5.064361095428466797e-01
4.463438034057617188e+00
-6.833834648132324219e-01
-1.451378107070922852e+00
3.169828653335571289e+00
-7.217849493026733398e-01
1.086996316909790039e+00
8.617018461227416992e-01
-6.009438037872314453e-01
2.476720094680786133e+00
-1.670635223388671875e+00
-2.385178804397583008e-01
4.327125549316406250e+00
4.563273906707763672e+00
4.144704341888427734e+00
1.037326574325561523e+00
1.864398956298828125e+00
1.698896050453186035e+00
-2.532514333724975586e-01
8.778576254844665527e-01
2.087322235107421875e+00
7.218667984008789062e+00
1.554566383361816406e+00
-5.211430191993713379e-01
1.770702362060546875e+00
1.232226371765136719e+00
-3.598507404327392578e+00
6.995387673377990723e-01
7.737088799476623535e-01
4.780929684638977051e-01
2.324429512023925781e+00
-2.794413566589355469e+00
-1.166786193847656250e+00
6.383112430572509766e+00
2.738726377487182617e+00
7.711112499237060547e-01
2.395956516265869141e-01
-1.363557815551757812e+00
-2.097544908523559570e+00
5.589879512786865234e+00
7.704046368598937988e-01
1.333092212677001953e+00
-4.100949764251708984e-01
-1.634005069732666016e+00
2.257514476776123047e+00
4.719569683074951172e+00
2.222887516021728516e+00
1.920873999595642090e+00
1.288338184356689453e+00
2.028330326080322266e+00
3.778187274932861328e+00
4.366001605987548828e+00
5.245714783668518066e-01
-5.871571540832519531e+00
-3.902408778667449951e-01
1.001805543899536133e+00
1.145389556884765625e+00
-3.932320475578308105e-01
7.644108533859252930e-01
-1.295954704284667969e+00
-3.846030712127685547e+00
8.910657882690429688e+00
2.496270895004272461e+00
-1.234450340270996094e+00
-5.739064216613769531e+00
3.994635581970214844e+00
6.367619037628173828e-01
1.409000158309936523e-01
1.552286863327026367e+00
-4.281885147094726562e+00
4.508655071258544922e+00
-4.442203521728515625e+00
-1.488394021987915039e+00
3.064013957977294922e+00
5.199787020683288574e-01
-2.854520082473754883e-02
3.645223140716552734e+00
1.162994861602783203e+00
-4.031018733978271484e+00
3.090995550155639648e+00
-1.853023171424865723e-01
4.168229997158050537e-01
-6.665263175964355469e-01
2.536428451538085938e+00
5.609939575195312500e+00
8.048901557922363281e-01
-2.145965814590454102e+00
1.747813582420349121e+00
3.016442775726318359e+00
1.131843924522399902e+00
-7.172250151634216309e-01
1.779576301574707031e+00
1.422094851732254028e-01
1.392472147941589355e+00
1.568987131118774414e+00
-1.532303571701049805e+00
2.970305204391479492e+00
-1.468497991561889648e+00
-2.357449054718017578e+00
-2.576606988906860352e+00
4.304768741130828857e-01
2.370760738849639893e-01
7.553100585937500000e-01
1.761402189731597900e-01
3.839314937591552734e+00
4.485516548156738281e-01
1.668909192085266113e+00
2.150479316711425781e+00
2.637708425521850586e+00
1.450978159904479980e+00
-1.220079421997070312e+00
1.930291175842285156e+00
-2.980297088623046875e+00
-2.042543172836303711e+00
-1.501671910285949707e+00
-2.475060462951660156e+00
3.471141815185546875e+00
3.590735197067260742e+00
2.530016601085662842e-01
-1.334737777709960938e+00
6.395572185516357422e+00
2.014607429504394531e+00
-6.161424160003662109e+00
-2.230494976043701172e+00
-3.419448852539062500e+00
4.100878238677978516e+00
2.970423698425292969e+00
-2.944085836410522461e+00
-1.571204066276550293e-01
2.432229995727539062e+00
9.403712153434753418e-01
-1.517054438591003418e+00
2.626177966594696045e-01
-3.623936176300048828e-01
-3.512523174285888672e-01
-3.172994136810302734e+00
8.182571411132812500e+00
-5.108826637268066406e+00
1.000927567481994629e+00
1.265575885772705078e+00
2.035807371139526367e-01
-1.729907274246215820e+00
-2.087876796722412109e+00
6.795013427734375000e+00
2.064316868782043457e-01
7.482800483703613281e-01
1.211316436529159546e-01
5.404679775238037109e-01
-1.154339313507080078e+00
5.473633289337158203e+00
1.791792869567871094e+00
1.657022476196289062e+00
4.033230304718017578e+00
-2.728601455688476562e+00
-2.941304147243499756e-01
1.489199161529541016e+00
-2.329749345779418945e+00
2.523671865463256836e+00
-2.240359306335449219e+00
2.872316837310791016e+00
-4.624957084655761719e+00
1.843231916427612305e-02
-4.838757038116455078e+00
-1.845917940139770508e+00
1.933967590332031250e+00
2.235990047454833984e+00
1.362447500228881836e+00
5.542596340179443359e+00
-2.591804742813110352e+00
-1.581530451774597168e+00
-3.475489616394042969e-01
1.158259391784667969e+00
-9.371089935302734375e-02
-2.136155843734741211e+00
-1.739662885665893555e-01
2.280632734298706055e+00
2.415314197540283203e+00
-4.009607791900634766e+00
3.127717018127441406e+00
-1.416694223880767822e-01
3.598632574081420898e+00
-3.945108890533447266e+00
-5.763558149337768555e-01
-5.530302524566650391e-01
-2.238752841949462891e-01
-2.209017753601074219e+00
3.205212116241455078e+00
1.231919050216674805e+00
5.600723624229431152e-01
-2.057359218597412109e+00
-5.448524951934814453e-01
1.268366694450378418e+00
2.139747858047485352e+00
2.672530651092529297e+00
-2.152424573898315430e+00
5.912487983703613281e+00
-3.371564388275146484e+00
2.801306247711181641e+00
9.115888595581054688e+00
-7.786614894866943359e-01
8.023283481597900391e-01
4.652331829071044922e+00
-5.403403282165527344e+00
5.920067310333251953e+00
9.806458353996276855e-01
7.482527494430541992e-01
6.948015213012695312e+00
3.196966648101806641e+00
2.845497369766235352e+00
2.684651374816894531e+00
-1.026554346084594727e+00
3.270925283432006836e-01
-2.347205877304077148e+00
8.646028041839599609e-01
-3.401607751846313477e+00
-1.196161031723022461e+00
1.972710251808166504e+00
-1.508840560913085938e+00
-6.746069192886352539e-01
-6.626280546188354492e-01
2.765320301055908203e+00
1.362297773361206055e+00
-1.315196752548217773e-01
3.889734745025634766e+00
7.463049292564392090e-01
1.995113193988800049e-01
5.275856852531433105e-01
2.551192760467529297e+00
1.368644595146179199e+00
-1.099399089813232422e+00
3.169476985931396484e+00
-4.523626565933227539e-01
7.250958085060119629e-01
3.294114112854003906e+00
3.152799129486083984e+00
-9.603642225265502930e-01
1.497988939285278320e+00
6.550835371017456055e-01
6.222871541976928711e-01
-9.387377500534057617e-01
1.049325466156005859e+00
4.433854222297668457e-01
-7.299944162368774414e-01
9.840048849582672119e-02
-1.654714047908782959e-01
4.426171302795410156e+00
-2.076455950736999512e-01
-6.385834217071533203e-01
-4.977467536926269531e+00
-3.039006948471069336e+00
5.676155090332031250e+00
3.031701326370239258e+00
-3.169633150100708008e-01
-1.929578661918640137e+00
-2.109880447387695312e+00
3.417222499847412109e+00
6.930805206298828125e+00
4.458964467048645020e-01
-6.352960467338562012e-01
1.777563244104385376e-01
1.257966279983520508e+00
-2.691781997680664062e+00
-8.200305104255676270e-01
-2.251641273498535156e+00
4.118998050689697266e-01
-3.032422542572021484e+00
7.005237340927124023e-01
-1.151888966560363770e+00
-1.749970674514770508e+00
2.733238935470581055e+00
2.402891635894775391e+00
6.877124309539794922e-01
-2.513912320137023926e-01
-4.111821174621582031e+00
2.492891311645507812e+00
3.493805885314941406e+00
-1.262411117553710938e+00
-2.200675010681152344e-02
-2.911420464515686035e-01
6.436730861663818359e+00
-1.191979408264160156e+00
1.625071763992309570e+00
4.624540328979492188e+00
1.545957326889038086e+00
1.536475419998168945e+00
1.767408490180969238e+00
2.818304300308227539e+00
5.500813961029052734e+00
1.465249061584472656e+00
-1.642067193984985352e+00
4.235175609588623047e+00
1.789057612419128418e+00
-1.795365810394287109e+00
-1.318553328514099121e+00
1.650195419788360596e-01
1.946606874465942383e+00
3.232571125030517578e+00
-2.367031574249267578e+00
8.301122188568115234e-01
5.893209576606750488e-01
-2.646623849868774414e+00
-1.086736917495727539e+00
-2.284629344940185547e+00
9.436975717544555664e-01
-4.003091335296630859e+00
-1.314106822013854980e+00
-1.028433561325073242e+00
-1.699257850646972656e+00
7.518947601318359375e+00
-6.409339904785156250e-01
-1.253875255584716797e+00
8.036991357803344727e-01
1.728955984115600586e+00
-7.167854309082031250e+00
7.990993261337280273e-01
2.802805185317993164e+00
-1.326225757598876953e+00
2.202207326889038086e+00
3.185305118560791016e+00
-1.248099803924560547e+00
2.069930076599121094e+00
-3.234169721603393555e+00
4.858079910278320312e+00
-8.063197731971740723e-01
1.498901128768920898e+00
9.959620237350463867e-01
-1.479709386825561523e+00
-2.542820215225219727e+00
8.611068725585937500e+00
2.198486804962158203e+00
3.370592594146728516e+00
-1.231278300285339355e+00
-1.074352383613586426e+00
-1.006613731384277344e+00
-1.615139126777648926e+00
4.443605899810791016e+00
5.219961166381835938e+00
9.412204742431640625e+00
-2.568091630935668945e+00
-2.674814224243164062e+00
1.493202924728393555e+00
-2.952729463577270508e+00
-9.702234864234924316e-01
4.056444764137268066e-01
-2.192150115966796875e+00
-1.693698763847351074e-01
2.592349052429199219e+00
8.669257164001464844e-03
-1.992360353469848633e-01
-1.493116378784179688e+00
6.902631521224975586e-01
2.026915311813354492e+00
-4.780192971229553223e-01
-2.892498254776000977e+00
2.958199381828308105e-01
1.563451528549194336e+00
3.040503978729248047e+00
1.274518013000488281e+00
-4.578895866870880127e-01
4.622706413269042969e+00
-1.086584329605102539e+00
1.767044305801391602e+00
4.715981006622314453e+00
2.162439584732055664e+00
-1.112622022628784180e-01
2.209395408630371094e+00
-5.824943780899047852e-01
-4.207045078277587891e+00
-1.611284136772155762e+00
2.723114967346191406e+00
1.115604281425476074e+00
-2.829818725585937500e+00
5.624014139175415039e-01
1.355053186416625977e+00
1.289469242095947266e+00
-2.221465587615966797e+00
3.035406112670898438e+00
1.162335038185119629e+00
1.404302835464477539e+00
1.651405096054077148e-01
6.448520421981811523e-01
1.105909156799316406e+01
-1.300072818994522095e-01
8.800531029701232910e-01
2.940250873565673828e+00
2.833934545516967773e+00
1.760293841361999512e+00
-9.427387118339538574e-01
-2.938607454299926758e+00
-3.793349742889404297e+00
-2.526803493499755859e+00
-1.036467313766479492e+00
1.328573465347290039e+00
8.696393966674804688e+00
-2.913421392440795898e+00
7.337801456451416016e-01
1.270132303237915039e+00
-4.411437034606933594e+00
-2.558737516403198242e+00
-1.364423990249633789e+00
-3.963179111480712891e+00
-3.619295835494995117e+00
5.580100536346435547e+00
-6.286383867263793945e-01
-3.504182100296020508e+00
4.680400848388671875e+00
1.394598782062530518e-01
3.945704698562622070e-01
-1.991237640380859375e+00
-2.360173225402832031e+00
1.852343797683715820e+00
1.023080444335937500e+01
1.058366060256958008e+00
-2.451228618621826172e+00
-2.877473592758178711e+00
3.470219373703002930e-01
1.554212570190429688e-01
-1.376259624958038330e-01
6.290933489799499512e-02
1.900133848190307617e+00
-2.625226378440856934e-01
2.501588344573974609e+00
1.620357036590576172e-01
2.297287225723266602e+00
2.548997879028320312e+00
-1.399628400802612305e+00
3.207381963729858398e+00
2.096827268600463867e+00
1.013885140419006348e+00
-2.852274179458618164e-01
2.369840890169143677e-01
4.296675682067871094e+00
8.497524261474609375e-01
9.138131737709045410e-01
-5.551457405090332031e-03
-3.323352336883544922e+00
3.137900590896606445e+00
2.997562646865844727e+00
4.863110065460205078e+00
3.507159948348999023e-01
-8.765079975128173828e-01
3.483945131301879883e+00
-7.159337401390075684e-01
-1.451338768005371094e+00
5.048615336418151855e-01
4.428465843200683594e+00
-6.458308696746826172e-01
-2.385035037994384766e+00
1.295913696289062500e+00
1.947897970676422119e-01
4.494165420532226562e+00
-2.346707820892333984e+00
1.687636971473693848e-01
2.327547311782836914e+00
-2.069638729095458984e+00
1.009484052658081055e+00
2.203433066606521606e-01
-1.208972334861755371e-01
-3.053741455078125000e+00
9.140904545783996582e-01
2.805777549743652344e+00
-3.647852420806884766e+00
-9.679335355758666992e-01
-9.781321883201599121e-01
-1.623085856437683105e+00
-3.221347808837890625e+00
5.398581504821777344e+00
-1.037488341331481934e+00
-4.973491132259368896e-01
2.162482023239135742e+00
2.316818237304687500e-01
4.993069648742675781e+00
8.016756057739257812e+00
9.483686089515686035e-01
1.786076545715332031e+00
3.060805559158325195e+00
2.735909461975097656e+00
-9.590398669242858887e-01
7.486053705215454102e-01
4.170963764190673828e+00
4.687643527984619141e+00
4.442070484161376953e+00
-7.980016469955444336e-01
1.497813463211059570e+00
1.437725305557250977e+00
1.484338641166687012e+00
1.802170753479003906e+00
4.403372287750244141e+00
-2.842641115188598633e+00
1.428614258766174316e+00
1.908243894577026367e-01
9.820637702941894531e+00
4.821781158447265625e+00
5.937719345092773438e-01
1.742196440696716309e+00
9.930424392223358154e-02
-3.922806978225708008e+00
1.797848105430603027e+00
7.317158699035644531e+00
-4.563239216804504395e-01
1.086348414421081543e+00
-5.037641048431396484e+00
-1.303537368774414062e+00
3.488737583160400391e+00
5.187108993530273438e+00
4.198456287384033203e+00
-5.054402351379394531e-01
4.537449359893798828e+00
6.618344306945800781e+00
9.279465675354003906e+00
-3.891467332839965820e+00
-1.327535033226013184e+00
-3.858333110809326172e+00
-5.139661312103271484e+00
-4.754095554351806641e+00
-3.339706659317016602e+00
3.270324468612670898e-01
-2.864719152450561523e+00
-3.409530162811279297e+00
6.576726436614990234e-01
-5.032238483428955078e+00
-5.344743728637695312e+00
-4.277182579040527344e+00
8.812158107757568359e-01
-2.129712104797363281e+00
-2.294661998748779297e-01
-5.789877176284790039e-01
-3.575691699981689453e+00
-9.585995078086853027e-01
-2.705471515655517578e+00
-4.238693237304687500e+00
-8.020916581153869629e-02
-1.693117022514343262e+00
-5.281021595001220703e-01
3.739311695098876953e-01
-1.496754169464111328e+00
-3.275167703628540039e+00
-2.269929647445678711e-01
1.122550725936889648e+00
1.345648527145385742e+00
-2.086643934249877930e+00
2.007368326187133789e+00
-6.505464315414428711e-01
1.404426097869873047e+00
-1.038875579833984375e+00
2.420299530029296875e+00
-2.150866746902465820e+00
-3.799628257751464844e+00
-6.221448779106140137e-01
-4.226580619812011719e+00
-4.265282452106475830e-01
-3.141910076141357422e+00
-6.459093093872070312e+00
4.740006446838378906e+00
-4.139187812805175781e+00
2.063081741333007812e+00
-3.052183866500854492e+00
-9.199295043945312500e-01
8.407580256462097168e-01
2.538171410560607910e-01
5.357089042663574219e+00
-3.231359958648681641e+00
3.062157630920410156e+00
-1.804614186286926270e+00
3.919418096542358398e+00
1.630733609199523926e+00
5.350638031959533691e-01
5.096845030784606934e-01
-5.590210556983947754e-01
2.557899951934814453e+00
2.670795440673828125e+00
5.504420280456542969e+00
6.582570672035217285e-01
-1.205258250236511230e+00
9.806751608848571777e-01
2.323860406875610352e+00
-1.724277138710021973e-01
1.962962150573730469e+00
1.665304541587829590e+00
-3.744619846343994141e+00
-2.765134572982788086e+00
-3.734816312789916992e+00
-1.724277734756469727e+00
-1.724516034126281738e+00
-3.939021229743957520e-01
2.350263118743896484e+00
6.817312240600585938e+00
