-5.796943902969360352e-01
2.011966943740844727e+00
-2.495640516281127930e+00
-4.064131259918212891e+00
-2.820436477661132812e+00
-8.455541729927062988e-02
-1.973868012428283691e+00
1.026841521263122559e+00
-2.200105667114257812e+00
1.175619959831237793e+00
-3.090601921081542969e+00
3.364348411560058594e-01
1.188575625419616699e+00
-2.131301879882812500e+00
3.334241151809692383e+00
-2.404117822647094727e+00
-8.241882920265197754e-01
-1.257533192634582520e+00
-3.059368371963500977e+00
-1.897130250930786133e+00
-4.255380153656005859e+00
-2.385098218917846680e+00
-3.093420028686523438e+00
-2.082093954086303711e+00
-1.662435770034790039e+00
-3.334823846817016602e+00
-2.578884363174438477e+00
-1.710138440132141113e+00
-3.313233137130737305e+00
-5.675046920776367188e+00
-4.512473106384277344e+00
-1.130162715911865234e+00
-4.198091030120849609e+00
-2.541898250579833984e+00
-3.565896749496459961e+00
-7.821271419525146484e-01
-3.720391392707824707e-01
-8.817746639251708984e-01
-8.574434369802474976e-02
-2.696872711181640625e+00
-2.030560493469238281e+00
-2.391154050827026367e+00
3.361735343933105469e+00
-1.620245933532714844e+00
-2.310963630676269531e+00
1.503045111894607544e-01
-1.045089483261108398e+00
1.828844070434570312e+00
-2.025396108627319336e+00
-2.691005945205688477e+00
7.033731937408447266e-01
8.839582204818725586e-01
-3.705001354217529297e+00
-2.616765260696411133e+00
-4.189790725708007812e+00
1.581185102462768555e+00
-1.805308818817138672e+00
-4.215786933898925781e+00
-1.642525911331176758e+00
-1.853247046470642090e+00
-4.560503959655761719e-01
8.856593370437622070e-01
3.264295339584350586e+00
4.107695817947387695e-01
3.041224956512451172e+00
4.086677730083465576e-01
1.971770405769348145e+00
1.397721529006958008e+00
-6.060663461685180664e-01
1.029739499092102051e+00
-1.761020183563232422e+00
-6.562451124191284180e-01
-1.171654462814331055e+00
8.733388185501098633e-01
2.052631616592407227e+00
-1.269566178321838379e+00
1.511415719985961914e+00
3.224589824676513672e+00
1.079918622970581055e+00
1.740840077400207520e+00
7.443555593490600586e-01
-2.172103881835937500e+00
-1.242234587669372559e+00
-1.205669522285461426e+00
2.506182670593261719e+00
4.215215444564819336e-01
1.132684350013732910e+00
1.659985065460205078e+00
3.586180448532104492e+00
4.216192662715911865e-01
-3.376526236534118652e-01
-1.403048038482666016e+00
1.829551577568054199e+00
-2.321193456649780273e+00
3.937789797782897949e-01
-5.058681011199951172e+00
1.864328980445861816e+00
-3.866105079650878906e+00
-4.784350395202636719e+00
-4.009466648101806641e+00
-3.485236883163452148e+00
-1.180143356323242188e-01
-3.973901271820068359e+00
-5.725397467613220215e-01
-3.341076374053955078e+00
-5.785007476806640625e+00
-2.554157733917236328e+00
2.709622383117675781e+00
3.256483674049377441e-01
1.825654506683349609e+00
-3.500216245651245117e+00
4.594211578369140625e-01
-9.699470400810241699e-01
-2.831305503845214844e+00
-5.247231483459472656e+00
-1.505456209182739258e+00
-2.899199962615966797e+00
4.656548500061035156e-01
2.086972892284393311e-01
-5.253735542297363281e+00
-2.460594892501831055e+00
-1.284426301717758179e-01
1.435131132602691650e-01
-3.758270740509033203e+00
-2.025909423828125000e+00
-3.718502044677734375e+00
-3.221398591995239258e-01
-1.655538320541381836e+00
-3.509061336517333984e+00
-4.101323604583740234e+00
-9.878299236297607422e-01
-6.638668775558471680e-01
-3.151703774929046631e-01
-1.890713334083557129e+00
-2.331984043121337891e+00
-2.451176643371582031e+00
-1.973436117172241211e+00
-2.540828704833984375e+00
-8.912992477416992188e-02
-5.409387588500976562e+00
-2.855284452438354492e+00
-3.114236831665039062e+00
-3.143455505371093750e+00
-5.245419502258300781e+00
-1.137328386306762695e+00
-5.114796638488769531e+00
-7.641985893249511719e+00
-3.876640081405639648e+00
-2.451975345611572266e+00
-4.241981506347656250e+00
-1.152954578399658203e+00
7.272189855575561523e-02
-3.602602958679199219e+00
1.821061253547668457e+00
-3.868062734603881836e+00
-6.365423798561096191e-01
4.564213752746582031e-01
8.663992881774902344e-01
-2.896964550018310547e-02
-8.317674398422241211e-01
-8.025859594345092773e-01
-3.411449193954467773e+00
-1.457042098045349121e-01
-2.233591556549072266e+00
-2.957629919052124023e+00
-1.039388179779052734e+00
1.167649149894714355e+00
-1.693282604217529297e+00
2.915017604827880859e+00
5.204506516456604004e-01
1.055319190025329590e+00
-5.059902071952819824e-01
-2.761411666870117188e-02
8.288651108741760254e-01
-2.507072210311889648e+00
-2.417108058929443359e+00
-3.658155918121337891e+00
-1.595978260040283203e+00
-2.701457500457763672e+00
-2.648840248584747314e-01
-3.693864345550537109e+00
4.506022930145263672e-01
-1.732293367385864258e+00
3.398307561874389648e-01
-8.401447534561157227e-01
3.580182552337646484e+00
-2.865077853202819824e-01
1.387906074523925781e+00
8.739731311798095703e-01
-2.365697383880615234e+00
-2.454091787338256836e+00
-2.416153907775878906e+00
-1.229632616043090820e+00
2.252520084381103516e+00
-2.887938976287841797e+00
-1.160316467285156250e+00
-2.186774730682373047e+00
-2.357633829116821289e+00
-2.025437951087951660e-01
2.097885370254516602e+00
-2.349144697189331055e+00
-1.022715568542480469e+00
-8.778934478759765625e-01
2.543893814086914062e+00
7.818503975868225098e-01
-4.475743770599365234e+00
-3.301640510559082031e+00
-4.548935294151306152e-01
-2.884759902954101562e+00
-1.554310560226440430e+00
-1.151969075202941895e+00
1.900225877761840820e-01
-1.981800079345703125e+00
8.675127625465393066e-01
-2.163643836975097656e+00
-4.081692695617675781e-01
-1.356513500213623047e-01
-1.611479997634887695e+00
-2.288161993026733398e+00
-1.045508384704589844e+00
-1.466290950775146484e-01
-1.146977663040161133e+00
-4.534304738044738770e-01
-2.547369003295898438e-01
-3.196261405944824219e+00
-4.422709465026855469e+00
-1.504483461380004883e+00
-1.188374280929565430e+00
5.563352704048156738e-01
-9.599083662033081055e-02
9.562277793884277344e-01
-1.127003788948059082e+00
-2.324370145797729492e+00
-2.091616868972778320e+00
-1.585738182067871094e+00
-3.074854373931884766e+00
-9.788889884948730469e-01
2.611532688140869141e+00
-2.593101501464843750e+00
-2.571254968643188477e+00
-1.748592972755432129e+00
-5.721778869628906250e+00
-3.096454858779907227e+00
-2.033639192581176758e+00
-2.615502595901489258e+00
-2.001763820648193359e+00
-3.022302389144897461e+00
-1.214728355407714844e+00
-8.751868009567260742e-01
1.047340035438537598e+00
-1.067126274108886719e+00
1.395795106887817383e+00
-2.392002105712890625e+00
1.543077945709228516e+00
-8.805253505706787109e-01
-3.223190069198608398e+00
-2.168391942977905273e+00
-4.469807744026184082e-01
-2.122910022735595703e+00
-9.822890758514404297e-01
-2.464624404907226562e+00
-4.303048133850097656e+00
-2.614799261093139648e+00
-2.659215629100799561e-01
1.736755132675170898e+00
3.841216564178466797e-01
6.171554327011108398e-01
-1.217110037803649902e+00
-1.616080164909362793e+00
2.063578516244888306e-01
-2.070811033248901367e+00
-1.115008354187011719e+00
-6.107990145683288574e-01
-3.111086606979370117e+00
-1.308622598648071289e+00
-1.689754486083984375e+00
-1.905071735382080078e+00
-1.720302462577819824e+00
-1.092784523963928223e+00
-2.319988012313842773e+00
-4.299286007881164551e-02
3.927568495273590088e-01
3.744562268257141113e-01
3.835150957107543945e+00
-4.177651405334472656e+00
2.235470771789550781e+00
-2.189017534255981445e+00
-4.095646858215332031e+00
-1.925292015075683594e+00
-3.494652986526489258e+00
-2.466576576232910156e+00
-3.332885026931762695e+00
-1.689917802810668945e+00
-5.905719995498657227e-01
-2.002692222595214844e+00
-4.611085057258605957e-01
-1.676043272018432617e+00
-2.364300966262817383e+00
-7.069729566574096680e-01
-1.781530022621154785e+00
-4.211723804473876953e-02
4.279348254203796387e-01
-1.123317241668701172e+00
-5.287069082260131836e-01
-1.885645985603332520e-01
-4.229296207427978516e+00
-8.237110972404479980e-01
1.894603848457336426e+00
2.003575801849365234e+00
1.265527009963989258e+00
-5.743789672851562500e-02
-1.341017246246337891e+00
-1.690608978271484375e+00
1.099933505058288574e+00
2.855305671691894531e+00
-7.197532057762145996e-01
-1.608405113220214844e-01
1.874124526977539062e+00
4.461380004882812500e+00
5.047792434692382812e+00
1.277814865112304688e+00
1.255893707275390625e-01
1.065418839454650879e+00
1.647626042366027832e+00
-4.235062599182128906e-01
1.343556880950927734e+00
1.589089989662170410e+00
-1.125414013862609863e+00
5.670726895332336426e-01
-2.684360027313232422e+00
-1.920000791549682617e+00
-1.900915384292602539e+00
-3.355155587196350098e-01
6.869539618492126465e-01
-1.325440883636474609e+00
-4.193410873413085938e+00
-2.237744331359863281e+00
-1.529583930969238281e-01
3.084691762924194336e-01
1.308081150054931641e+00
9.973012208938598633e-01
8.071475028991699219e-01
-1.106303691864013672e+00
-1.626256942749023438e+00
-1.675161004066467285e+00
-3.111063957214355469e+00
-1.289471507072448730e+00
-4.401741504669189453e+00
-2.438249111175537109e+00
-3.379153490066528320e+00
-1.325880289077758789e+00
-3.800901412963867188e+00
-4.199378967285156250e+00
-1.807805299758911133e+00
2.505770206451416016e+00
-2.659050464630126953e+00
-7.543960213661193848e-01
1.207820326089859009e-01
1.815470218658447266e+00
-8.822131752967834473e-01
-2.022589683532714844e+00
-3.457611083984375000e+00
-1.305669397115707397e-01
2.283058166503906250e+00
4.667429924011230469e-01
-2.443108320236206055e+00
-2.359241485595703125e+00
-3.208289623260498047e+00
-6.748264789581298828e+00
-3.479520559310913086e+00
-5.627252101898193359e+00
-2.176036119461059570e+00
-5.634278297424316406e+00
-2.363340616226196289e+00
-2.785162210464477539e+00
-6.298004627227783203e+00
6.071048974990844727e-02
-2.918553948402404785e-01
-1.853973031044006348e+00
-3.948302745819091797e+00
-1.440608263015747070e+00
-4.310938358306884766e+00
-2.451393365859985352e+00
1.056735396385192871e+00
-2.474904060363769531e+00
2.038467168807983398e+00
-9.089041352272033691e-01
3.768951892852783203e-01
-2.680707931518554688e+00
-3.858703136444091797e+00
-3.386530399322509766e+00
-7.180905938148498535e-01
-1.758036613464355469e-01
-4.130777120590209961e-01
5.503818988800048828e-01
-2.348935842514038086e+00
2.149752140045166016e+00
-3.539218902587890625e+00
4.367794036865234375e+00
3.960350036621093750e+00
-9.123635888099670410e-01
6.833457946777343750e-01
-7.638475298881530762e-01
-2.854143619537353516e+00
3.208703756332397461e+00
3.989374637603759766e+00
4.926998138427734375e+00
3.957791328430175781e+00
-1.512175679206848145e+00
3.160059452056884766e+00
8.754754662513732910e-01
4.776397228240966797e+00
5.423483848571777344e-01
-1.636598587036132812e+00
2.955312490463256836e+00
2.350625991821289062e+00
-2.814318180084228516e+00
2.371054410934448242e+00
2.112516641616821289e+00
3.758926391601562500e+00
1.487466573715209961e+00
-4.687269210815429688e+00
-6.375112533569335938e-01
1.611985445022583008e+00
2.110685586929321289e+00
1.569428920745849609e+00
7.981091141700744629e-01
1.706627905368804932e-01
-7.711371183395385742e-01
4.654373168945312500e+00
1.593390554189682007e-01
4.192134857177734375e+00
-3.778426647186279297e-01
4.556309580802917480e-01
6.002408027648925781e+00
5.188451766967773438e+00
2.577353000640869141e+00
2.156495332717895508e+00
-5.481396317481994629e-01
4.255271553993225098e-01
5.463807582855224609e-01
-2.522191405296325684e-01
4.136617183685302734e+00
5.860167026519775391e+00
-9.103478193283081055e-01
-2.725786447525024414e+00
4.410720348358154297e+00
-6.267820596694946289e-01
-2.517355918884277344e+00
2.537419795989990234e+00
6.368070840835571289e-01
-2.390741825103759766e+00
2.862755775451660156e+00
1.267801761627197266e+00
9.678218364715576172e-01
8.809809684753417969e-01
-1.507811069488525391e+00
2.897223234176635742e+00
-1.418886423110961914e+00
2.071166038513183594e-02
-6.425193548202514648e-01
-1.717295885086059570e+00
4.020308017730712891e+00
-7.430032491683959961e-01
-4.818729162216186523e-01
-1.676601290702819824e+00
-3.263735175132751465e-01
-1.882199525833129883e+00
1.452525854110717773e+00
-1.773913025856018066e+00
6.972064018249511719e+00
7.783472537994384766e-01
1.004539251327514648e+00
-1.700085282325744629e+00
2.757630109786987305e+00
-6.750171184539794922e-01
3.764538764953613281e+00
-3.249188184738159180e+00
4.835564613342285156e+00
-7.320111751556396484e+00
4.654904603958129883e-01
-4.727237224578857422e-01
-1.479045987129211426e+00
2.649101257324218750e+00
-1.019522428512573242e+00
-3.087976932525634766e+00
4.601646900177001953e+00
3.086451053619384766e+00
-2.334542751312255859e+00
5.896185874938964844e+00
5.499383807182312012e-01
-2.665955781936645508e+00
-3.114643096923828125e-01
-4.445581138134002686e-02
2.001595646142959595e-01
3.440740823745727539e+00
2.713525056838989258e+00
2.947173118591308594e+00
3.445863008499145508e+00
-1.881181001663208008e+00
-4.729257822036743164e-01
2.872365951538085938e+00
-4.503534436225891113e-01
1.595253467559814453e+00
8.866714239120483398e-01
-2.108366250991821289e+00
4.766814112663269043e-01
-1.856642723083496094e+00
-2.103189229965209961e+00
5.655918598175048828e+00
4.251564502716064453e+00
-3.661423921585083008e+00
-3.793987274169921875e+00
4.256399631500244141e+00
4.344062507152557373e-02
-6.769881844520568848e-01
8.149351119995117188e+00
2.818703174591064453e+00
-2.047671794891357422e+00
3.974417448043823242e+00
8.831823348999023438e+00
1.680884122848510742e+00
3.242271423339843750e+00
3.280268192291259766e+00
-3.257649183273315430e+00
-4.053607463836669922e+00
7.242732048034667969e-01
-2.640331983566284180e+00
-1.140755176544189453e+00
-5.174373388290405273e-01
4.419363498687744141e+00
-2.599432229995727539e+00
4.536470413208007812e+00
5.582235813140869141e+00
-4.448583722114562988e-01
-9.562596321105957031e+00
2.370771169662475586e+00
-1.108576655387878418e-01
4.123752593994140625e+00
3.629876852035522461e+00
2.604642868041992188e+00
8.366619944572448730e-01
2.801977634429931641e+00
1.355281472206115723e-01
-2.157914876937866211e+00
3.587803602218627930e+00
2.888196110725402832e-01
-1.345624566078186035e+00
-1.254504442214965820e+00
8.364702224731445312e+00
-4.264460563659667969e+00
-1.074192285537719727e+00
3.888780355453491211e+00
3.532170653343200684e-01
2.664721488952636719e+00
-7.030097246170043945e-01
7.321239948272705078e+00
3.260396957397460938e+00
-2.102241814136505127e-01
3.037676572799682617e+00
2.438344717025756836e+00
-2.889761209487915039e+00
3.047778606414794922e+00
6.481165885925292969e-01
3.606324434280395508e+00
3.957990884780883789e+00
9.942461252212524414e-01
-4.584764957427978516e+00
3.946951329708099365e-01
-2.214590549468994141e+00
1.255837202072143555e+00
-4.176983356475830078e+00
1.584480285644531250e+00
-2.201522350311279297e+00
1.352952420711517334e-01
-2.158238172531127930e+00
4.611206531524658203e+00
1.366933107376098633e+00
2.741011083126068115e-01
3.193807840347290039e+00
4.127709865570068359e+00
-2.906877994537353516e+00
1.560009598731994629e+00
-5.438889861106872559e-01
4.960671424865722656e+00
6.552890300750732422e+00
2.926885485649108887e-01
-2.773145198822021484e+00
5.989469051361083984e+00
1.282377004623413086e+00
-3.051877975463867188e+00
7.041736602783203125e+00
-3.225740909576416016e+00
-5.013450384140014648e-01
8.878366947174072266e-01
-2.157152414321899414e+00
-7.066979408264160156e-01
-4.045996665954589844e+00
1.524810791015625000e+00
5.364953279495239258e-01
2.516511678695678711e+00
5.849230885505676270e-01
2.900722324848175049e-01
1.711912512779235840e+00
-1.233286619186401367e+00
1.607784152030944824e+00
2.944818973541259766e+00
-1.183406352996826172e+00
2.709005832672119141e+00
-3.094371795654296875e+00
3.139231920242309570e+00
1.030665206909179688e+01
1.097296714782714844e+00
-3.264288187026977539e+00
6.430328488349914551e-01
-3.970003843307495117e+00
5.702831745147705078e+00
3.033388137817382812e+00
-9.823336601257324219e-01
3.988546609878540039e+00
8.024369478225708008e-01
-1.849172353744506836e+00
-2.275503635406494141e+00
-1.144155502319335938e+00
1.374330163002014160e+00
9.348274469375610352e-01
-2.732228994369506836e+00
-4.483250617980957031e+00
2.762798309326171875e+00
5.187952518463134766e-01
-1.909994125366210938e+00
3.186256408691406250e+00
1.350683569908142090e+00
-2.636445522308349609e+00
-1.909742593765258789e+00
-1.481133222579956055e+00
-1.283660769462585449e+00
-2.319734096527099609e+00
-1.572109818458557129e+00
-1.281575679779052734e+00
-2.149666070938110352e+00
3.082201719284057617e+00
1.941289305686950684e+00
-9.148869514465332031e-01
1.097471714019775391e+00
3.603947401046752930e+00
1.100618124008178711e+00
3.634387493133544922e+00
6.725770831108093262e-01
-3.946824073791503906e-01
-4.354521036148071289e-01
1.413761377334594727e+00
1.921868324279785156e-01
9.837360382080078125e-01
-1.225304603576660156e+00
2.100931644439697266e+00
-1.204335451126098633e+00
2.141797542572021484e+00
6.783317565917968750e+00
1.259787559509277344e+00
-2.484945356845855713e-01
-4.865931987762451172e+00
-1.245526671409606934e-01
3.863669157028198242e+00
3.010910034179687500e+00
-2.458534955978393555e+00
-4.431107521057128906e+00
4.963967502117156982e-01
1.070636081695556641e+01
9.327441215515136719e+00
-1.772801876068115234e+00
7.482101321220397949e-01
5.616236925125122070e-01
3.723904788494110107e-01
3.811304867267608643e-01
1.422849297523498535e-01
-2.077648162841796875e+00
-2.821197509765625000e+00
1.983184456825256348e+00
-2.200571775436401367e+00
3.340249061584472656e+00
-2.236744880676269531e+00
3.547903537750244141e+00
4.125415802001953125e+00
1.130916118621826172e+00
-2.730025291442871094e+00
-4.348845481872558594e+00
6.375692844390869141e+00
2.803752422332763672e+00
2.002315044403076172e+00
-6.084982156753540039e-01
2.344654083251953125e+00
4.311365604400634766e+00
1.958823800086975098e-01
3.279787778854370117e+00
-1.266096472740173340e+00
2.261892557144165039e-01
4.444735050201416016e+00
6.559933662414550781e+00
5.581139564514160156e+00
5.302731037139892578e+00
4.686800003051757812e+00
1.887318372726440430e+00
-1.008566975593566895e+00
5.422012209892272949e-01
-2.267223298549652100e-01
7.598868608474731445e-01
-1.361526608467102051e+00
2.352606534957885742e+00
5.214418411254882812e+00
-3.180907964706420898e+00
1.879362583160400391e+00
-3.077840805053710938e-02
-1.639859914779663086e+00
2.402067184448242188e-04
-3.581566333770751953e+00
7.813374519348144531e+00
-6.982499122619628906e+00
1.664477825164794922e+00
-2.634756565093994141e+00
-2.257068872451782227e+00
7.045538425445556641e+00
2.153618097305297852e+00
-4.184182733297348022e-02
1.230399489402770996e+00
1.816341876983642578e+00
-5.477286338806152344e+00
2.614398002624511719e+00
5.958077430725097656e+00
2.417339801788330078e+00
-9.599698185920715332e-01
3.073348283767700195e+00
-2.063866615295410156e+00
1.948308706283569336e+00
-8.645945787429809570e-01
5.171839237213134766e+00
-1.528660535812377930e+00
3.035343170166015625e+00
-9.534430503845214844e-02
6.838343739509582520e-01
-1.461909294128417969e+00
8.997444152832031250e+00
-1.916785717010498047e+00
4.325424671173095703e+00
-2.649964988231658936e-01
-1.954194068908691406e+00
-3.165609836578369141e-01
5.978056907653808594e+00
-3.722524642944335938e-01
3.952428579330444336e+00
6.004913330078125000e+00
-1.587018251419067383e+00
2.776974201202392578e+00
7.098667025566101074e-01
-2.061580419540405273e+00
2.410845756530761719e-01
2.518131732940673828e-01
-3.045398235321044922e+00
-2.898066282272338867e+00
-2.353458404541015625e+00
3.790938854217529297e-02
6.333228349685668945e-01
2.878982305526733398e+00
-6.573700904846191406e+00
-4.106728434562683105e-01
3.501467227935791016e+00
-3.671647906303405762e-01
2.079261302947998047e+00
1.149982690811157227e+00
1.451905846595764160e+00
3.370351791381835938e-01
1.391143321990966797e+00
6.913190841674804688e+00
-2.738643884658813477e+00
2.619223117828369141e+00
-3.380196809768676758e+00
-2.420716285705566406e-01
-2.475958585739135742e+00
-9.463850259780883789e-01
1.408644914627075195e-01
-3.739560842514038086e-01
1.351171493530273438e+00
5.243647694587707520e-01
-1.480257630348205566e+00
6.302718520164489746e-01
-1.821191668510437012e+00
8.905404210090637207e-01
6.533024311065673828e-01
1.353391528129577637e+00
2.358874797821044922e+00
4.562249183654785156e+00
2.577238798141479492e+00
6.225379109382629395e-01
1.796642303466796875e+00
6.839161872863769531e+00
3.106985807418823242e+00
2.775051355361938477e+00
3.473621845245361328e+00
1.441310882568359375e+00
-8.300247192382812500e-01
8.646640181541442871e-01
-4.327455043792724609e+00
-2.694699525833129883e+00
-1.691931843757629395e+00
-3.667823672294616699e-01
-2.759848117828369141e+00
4.456720352172851562e+00
-1.022269248962402344e+00
1.808566093444824219e+00
1.404708385467529297e+00
-4.481170654296875000e+00
2.462036848068237305e+00
-2.681238353252410889e-01
-1.839746952056884766e+00
-1.877496004104614258e+00
2.303872108459472656e+00
-5.600836277008056641e-01
-4.166589736938476562e+00
9.810718297958374023e-01
1.516752958297729492e+00
-2.694758892059326172e+00
1.267949104309082031e+00
4.196479797363281250e+00
-1.683151006698608398e+00
4.237824440002441406e+00
-2.641659259796142578e+00
-3.351725339889526367e+00
-3.314803838729858398e+00
3.209874153137207031e+00
1.628698110580444336e-01
3.785360813140869141e+00
4.542719364166259766e+00
1.916627883911132812e+00
-2.820560932159423828e+00
3.422527790069580078e+00
-2.414990901947021484e+00
-7.520027160644531250e-01
1.101610898971557617e+00
2.046204090118408203e+00
2.101625442504882812e+00
4.357581138610839844e+00
3.588556528091430664e+00
-3.143905639648437500e+00
7.096295356750488281e-01
-9.142431616783142090e-01
7.108094692230224609e-01
1.595970392227172852e+00
-3.830662965774536133e+00
-8.175452947616577148e-01
2.166010618209838867e+00
1.797215223312377930e+00
4.426307201385498047e+00
7.926615476608276367e-01
-3.185956478118896484e+00
4.564351081848144531e+00
-1.905915737152099609e+00
6.887253522872924805e-01
5.493010044097900391e+00
-4.514163732528686523e-01
-2.469660937786102295e-01
1.708135366439819336e+00
1.829078435897827148e+00
3.314279079437255859e+00
7.258495092391967773e-01
-9.699333906173706055e-01
4.300296306610107422e+00
-1.567561149597167969e+00
6.843568086624145508e-01
3.417575836181640625e+00
1.909022212028503418e+00
-6.355411410331726074e-01
-1.204480648040771484e+00
2.640969038009643555e+00
3.895436763763427734e+00
-1.810404300689697266e+00
3.602182626724243164e+00
2.034253358840942383e+00
1.257681012153625488e+00
-3.404958724975585938e+00
5.124360084533691406e+00
8.092140555381774902e-01
1.522285819053649902e+00
3.722454786300659180e+00
8.218308687210083008e-01
3.396417856216430664e+00
-8.333265781402587891e-01
-1.209593415260314941e+00
3.529656410217285156e+00
1.522693753242492676e+00
2.536692380905151367e+00
3.778651237487792969e+00
-3.325869560241699219e+00
3.514737129211425781e+00
1.798055887222290039e+00
3.514937400817871094e+00
-5.848824381828308105e-01
1.483928561210632324e+00
6.388180851936340332e-01
3.742913722991943359e+00
-1.460873842239379883e+00
2.860726594924926758e+00
-5.864712715148925781e+00
1.330517768859863281e+00
-5.800063610076904297e-01
6.095859527587890625e+00
7.062323689460754395e-01
1.977027654647827148e-01
2.288666009902954102e+00
1.559317946434020996e+00
-8.687332272529602051e-01
2.886061072349548340e-01
3.513327121734619141e+00
3.191004037857055664e+00
3.095438241958618164e+00
-1.100744366645812988e+00
-1.303735256195068359e+00
2.668891429901123047e+00
2.459692955017089844e+00
3.411314725875854492e+00
1.375780820846557617e+00
1.776258111000061035e+00
4.862989902496337891e+00
5.044968128204345703e+00
5.825251340866088867e-01
-1.124173521995544434e+00
7.537669539451599121e-01
-3.284507274627685547e+00
-1.440878868103027344e+00
-2.091256141662597656e+00
4.487853050231933594e-01
-3.300875902175903320e+00
-3.569151163101196289e+00
7.672500610351562500e-02
-9.061971902847290039e-01
4.896078109741210938e-01
-6.233027935028076172e+00
-2.157890796661376953e+00
-3.491702079772949219e+00
-2.868342876434326172e+00
-2.800291061401367188e+00
-2.789518833160400391e+00
-6.643892765045166016e+00
-4.352960586547851562e+00
-2.119612216949462891e+00
-1.124137878417968750e+00
-2.857452392578125000e+00
4.602220654487609863e-01
-1.645911574363708496e+00
-1.424972295761108398e+00
-1.375751495361328125e+00
2.226295471191406250e+00
1.845644712448120117e+00
8.314154744148254395e-01
4.010246396064758301e-01
3.820116519927978516e-01
-1.949812889099121094e+00
-8.311742544174194336e-01
-2.236252307891845703e+00
3.789842128753662109e-01
1.526115417480468750e+00
-8.344292640686035156e-03
-3.678451776504516602e+00
-2.353996276855468750e+00
-2.563858747482299805e+00
-4.084868907928466797e+00
-3.791623592376708984e+00
2.169778943061828613e-01
-3.539897203445434570e+00
-1.621532142162322998e-01
-4.956044554710388184e-01
-1.529123187065124512e+00
-5.158497095108032227e-01
-2.361627340316772461e+00
2.913151741027832031e+00
-1.981494903564453125e+00
3.623047828674316406e+00
-1.401578783988952637e+00
-2.103841543197631836e+00
1.664466142654418945e+00
-2.352032184600830078e+00
-7.636637091636657715e-01
1.840689182281494141e+00
2.937344789505004883e+00
1.348953366279602051e+00
1.233292460441589355e+00
2.057579457759857178e-01
-1.538788318634033203e+00
6.790816783905029297e-02
-4.177061557769775391e+00
-3.225768506526947021e-01
-5.502937793731689453e+00
7.168571352958679199e-01
3.436385989189147949e-01
-3.058280944824218750e+00
4.622474312782287598e-01
-1.918612003326416016e+00
-1.127302289009094238e+00
-4.073039531707763672e+00
2.978294372558593750e+00
4.987504482269287109e+00
