1.527429223060607910e+00
4.060872077941894531e+00
1.554665803909301758e+00
8.361556529998779297e-01
4.261962413787841797e+00
-1.236598849296569824e+00
2.385445833206176758e+00
-2.060245037078857422e+00
-2.068063497543334961e+00
-7.102279067039489746e-01
-4.727666854858398438e+00
-3.620144844055175781e+00
-9.102839231491088867e-01
-5.003324031829833984e+00
2.119079589843750000e+00
-4.795300483703613281e+00
-4.886706352233886719e+00
-1.593742132186889648e+00
-5.910589694976806641e+00
-4.206349372863769531e+00
-5.435735225677490234e+00
-5.378416776657104492e-01
-6.173651814460754395e-01
-1.566849589347839355e+00
-1.318763732910156250e+00
-1.635994315147399902e+00
2.141374111175537109e+00
2.747954428195953369e-02
3.502967357635498047e-01
-7.081161737442016602e-01
-4.875711500644683838e-01
-1.286530852317810059e+00
1.158151626586914062e+00
9.324681162834167480e-01
8.769470453262329102e-01
-1.071749329566955566e-01
-5.613915324211120605e-01
2.499667167663574219e+00
1.476897358894348145e+00
1.355245113372802734e+00
-5.540862083435058594e-01
2.910977840423583984e+00
9.590400457382202148e-01
5.681043863296508789e-02
3.303203105926513672e+00
-5.057048201560974121e-01
-4.790684580802917480e-01
3.299686908721923828e+00
2.267476916313171387e-01
3.070240259170532227e+00
5.923385620117187500e+00
1.718415856361389160e+00
-1.844066500663757324e+00
-9.795636534690856934e-01
-3.663486242294311523e-01
-6.044571399688720703e-01
-2.262438774108886719e+00
-1.649749159812927246e+00
4.445433020591735840e-01
-5.356789827346801758e-01
5.201129913330078125e-01
4.525736868381500244e-01
2.166858673095703125e+00
-1.227094292640686035e+00
1.824005603790283203e+00
-2.115136384963989258e+00
1.967855572700500488e+00
-4.992474019527435303e-01
-1.187324762344360352e+00
-1.404752850532531738e+00
-1.920965194702148438e+00
8.572229146957397461e-01
-1.923248052597045898e+00
5.773342609405517578e+00
5.602812767028808594e+00
-1.690156817436218262e+00
7.987753152847290039e-01
7.703841328620910645e-01
-1.620896100997924805e+00
2.232875108718872070e+00
4.509357213973999023e-01
-3.822543621063232422e+00
-1.163327336311340332e+00
-2.050176143646240234e+00
2.881005287170410156e+00
-4.297732353210449219e+00
3.456673622131347656e-01
-1.450974225997924805e+00
9.782125949859619141e-01
-1.095824480056762695e+00
-1.233172535896301270e+00
-2.496380805969238281e+00
1.718778908252716064e-01
-8.782996535301208496e-01
7.273998856544494629e-01
-3.473555564880371094e+00
2.558630943298339844e+00
-2.457116127014160156e+00
-2.907531261444091797e+00
-3.222898244857788086e+00
-1.217773914337158203e+00
5.452141761779785156e-01
-6.260445594787597656e+00
-1.802802085876464844e-03
-5.089962005615234375e+00
-4.568492889404296875e+00
-1.613074183464050293e+00
5.654106140136718750e+00
1.652145862579345703e+00
6.725688576698303223e-01
3.383114933967590332e-01
2.084305047988891602e+00
1.781294345855712891e-01
-2.377181053161621094e+00
-3.684283733367919922e+00
1.694612503051757812e-01
-1.746791481971740723e+00
1.309966325759887695e+00
-6.944789290428161621e-01
-1.847038745880126953e+00
-2.578533172607421875e+00
-4.536076188087463379e-01
-1.676467061042785645e+00
-8.450492620468139648e-01
-3.427873849868774414e-01
-1.414360046386718750e+00
6.645731925964355469e-01
-1.946245193481445312e+00
-1.176686763763427734e+00
-2.230409145355224609e+00
-1.010862350463867188e+00
-1.075192093849182129e+00
2.317539453506469727e+00
-2.066318511962890625e+00
-9.263968467712402344e-01
1.432198882102966309e+00
-5.608614087104797363e-01
-2.048410415649414062e+00
-1.369008541107177734e+00
-2.489929199218750000e+00
-6.124770641326904297e-01
-1.068020343780517578e+00
-3.622862100601196289e-01
-2.315002918243408203e+00
-3.658867359161376953e+00
-2.095766305923461914e+00
-4.829613208770751953e+00
-2.187845468521118164e+00
1.817855238914489746e+00
-1.237837314605712891e+00
2.693465352058410645e-01
-1.594890713691711426e+00
-3.765325546264648438e+00
1.520594656467437744e-01
-3.518310785293579102e+00
-2.369129180908203125e+00
6.006152629852294922e-01
1.514673233032226562e-03
3.563823103904724121e-01
-1.162198185920715332e+00
-1.485277652740478516e+00
1.440715312957763672e+00
-1.346884965896606445e+00
-2.182309389114379883e+00
-2.641583204269409180e+00
-7.296174168586730957e-01
-1.034531354904174805e+00
-2.439708232879638672e+00
1.303720951080322266e+00
1.911138892173767090e-01
1.878026008605957031e+00
3.796806335449218750e-01
8.836820721626281738e-02
2.013934850692749023e+00
-2.784063100814819336e+00
-2.104292869567871094e+00
1.801906824111938477e-01
-9.073769450187683105e-01
1.716387987136840820e+00
-2.621973752975463867e+00
-4.277672767639160156e+00
2.914855003356933594e+00
-4.449429035186767578e+00
2.095570087432861328e+00
-4.301279783248901367e-01
-1.839369535446166992e-01
-2.634107351303100586e+00
1.248305559158325195e+00
1.608144283294677734e+00
5.048412680625915527e-01
-6.089824438095092773e-02
-3.858989179134368896e-01
-6.966156363487243652e-01
-2.915353178977966309e-01
-5.949521064758300781e-01
-9.631776809692382812e-01
-3.604472160339355469e+00
-2.425204515457153320e+00
-1.301217317581176758e+00
4.293294906616210938e+00
-2.374046802520751953e+00
8.062605261802673340e-01
-2.236528635025024414e+00
2.011360645294189453e+00
-6.496084332466125488e-01
-7.765325307846069336e-01
-5.536413192749023438e-02
1.355399727821350098e+00
-4.877688586711883545e-01
-5.718051791191101074e-01
-1.493247032165527344e+00
2.857043027877807617e+00
3.222687959671020508e+00
2.979281187057495117e+00
-1.329311132431030273e+00
6.306312084197998047e-01
-4.101682901382446289e-01
-1.357391953468322754e+00
-8.254289031028747559e-01
-2.231582164764404297e+00
-2.863653600215911865e-01
1.262809991836547852e+00
-4.754167199134826660e-01
-5.899460315704345703e-01
-3.456576764583587646e-01
-3.728030920028686523e+00
1.599815368652343750e+00
-8.102539777755737305e-01
7.543485760688781738e-01
-1.023579910397529602e-01
-6.394617557525634766e-01
-1.171299457550048828e+00
-2.589913606643676758e+00
-1.181767463684082031e+00
-2.929049730300903320e+00
-5.461081981658935547e+00
-2.300613880157470703e+00
1.069839715957641602e+00
-8.913381099700927734e-01
-6.251114606857299805e-02
-4.649966955184936523e-01
-4.003524303436279297e+00
-2.117422342300415039e+00
-2.309677839279174805e+00
-4.132124900817871094e+00
-2.987645149230957031e+00
-2.608031332492828369e-01
-1.523930549621582031e+00
-3.343299329280853271e-01
6.439313888549804688e-01
6.120989918708801270e-01
2.107908248901367188e+00
-2.223858118057250977e+00
-4.464562237262725830e-01
-8.905566930770874023e-01
-4.401153087615966797e+00
-3.351629018783569336e+00
-6.320943236351013184e-01
-1.796801388263702393e-01
-3.030428171157836914e+00
-4.167856216430664062e+00
-4.377105712890625000e+00
-4.570967674255371094e+00
-1.351907134056091309e+00
7.640843391418457031e-01
2.776076316833496094e+00
5.416826605796813965e-01
1.191755890846252441e+00
-2.007160186767578125e+00
-1.939217925071716309e+00
-2.895825386047363281e+00
-2.962883472442626953e+00
-1.440287947654724121e+00
-2.088875532150268555e+00
-1.679025173187255859e+00
-2.755787372589111328e+00
-3.074373483657836914e+00
-4.620177268981933594e+00
-4.329028129577636719e+00
-4.381472110748291016e+00
-4.897942543029785156e+00
7.420648336410522461e-01
-3.563745617866516113e-01
8.858919739723205566e-01
-1.577804327011108398e+00
3.554505705833435059e-01
-3.803794860839843750e+00
-3.696066617965698242e+00
1.308208703994750977e+00
1.493153870105743408e-01
-7.214450836181640625e-01
-4.549209594726562500e+00
-7.475814819335937500e-01
-2.525835514068603516e+00
-1.327477574348449707e+00
4.986045062541961670e-01
-1.353657245635986328e-01
-4.662321567535400391e+00
-3.110379695892333984e+00
-4.390009403228759766e+00
-2.057490110397338867e+00
-1.255088686943054199e+00
-6.673578023910522461e-01
8.141877651214599609e-01
1.911489248275756836e+00
-4.879738330841064453e+00
-8.929503560066223145e-01
4.239201545715332031e-02
6.959199905395507812e-01
1.839857816696166992e+00
2.447587490081787109e+00
-1.010966300964355469e-02
-1.401079297065734863e+00
-1.566857337951660156e+00
7.669550180435180664e-01
-1.007437467575073242e+00
2.892042994499206543e-01
9.502614736557006836e-01
1.841362595558166504e+00
2.706523418426513672e+00
1.632616519927978516e+00
-1.899479508399963379e+00
4.328106641769409180e-01
2.604521274566650391e+00
-1.626799702644348145e+00
-3.344861745834350586e+00
-1.493501305580139160e+00
2.331766128540039062e+00
-3.153480529785156250e+00
8.373943567276000977e-01
-1.322389125823974609e+00
-4.626333236694335938e+00
-6.350613236427307129e-01
3.841801881790161133e-01
-3.091100454330444336e+00
-1.862581253051757812e+00
-4.439133644104003906e+00
-1.582610130310058594e+00
-1.640370965003967285e+00
1.577323913574218750e+00
2.022527933120727539e+00
2.094763040542602539e+00
1.108024835586547852e+00
-9.248654842376708984e-01
-1.465092539787292480e+00
4.777436733245849609e+00
2.833426237106323242e+00
9.550954103469848633e-01
-9.447076320648193359e-01
-9.799953699111938477e-01
-3.063776254653930664e+00
-3.038354873657226562e+00
-3.271877288818359375e+00
-1.905676126480102539e+00
1.724090456962585449e+00
-1.958847165107727051e+00
-1.689697027206420898e+00
1.737570613622665405e-01
2.219553232192993164e+00
-1.846736311912536621e+00
-1.496977448463439941e+00
-3.017488002777099609e+00
-4.338673114776611328e+00
-1.548251390457153320e+00
-1.897615075111389160e+00
-4.892952442169189453e+00
-5.037666320800781250e+00
-3.018119335174560547e+00
-4.201517581939697266e+00
-2.029436588287353516e+00
-6.286631584167480469e+00
-6.326424121856689453e+00
-7.224796295166015625e+00
-4.619735240936279297e+00
-5.449393987655639648e-01
-5.481339454650878906e+00
-1.888209462165832520e+00
-1.177060008049011230e+00
-2.015591144561767578e+00
-4.470387935638427734e+00
-2.988389730453491211e+00
-2.927170753479003906e+00
-5.430379867553710938e+00
-2.556447505950927734e+00
-2.670027732849121094e+00
5.440694689750671387e-01
8.100789785385131836e-01
-2.509785652160644531e+00
-2.695075750350952148e+00
-5.095191597938537598e-01
-3.557183980941772461e+00
-5.883954167366027832e-01
4.071997404098510742e-01
6.251877546310424805e-01
5.490776300430297852e-01
-1.046713829040527344e+00
4.176226139068603516e+00
-8.416506052017211914e-01
3.456690311431884766e+00
3.418541908264160156e+00
-1.248319029808044434e+00
-7.027805447578430176e-01
1.218656897544860840e+00
1.483317375183105469e+00
3.671352624893188477e+00
7.207341194152832031e+00
8.427456617355346680e-01
-5.800882577896118164e-01
1.271185517311096191e+00
1.693465590476989746e+00
-1.657960176467895508e+00
1.598508715629577637e+00
-2.426670074462890625e+00
-9.850870966911315918e-01
-4.641693234443664551e-01
8.867703080177307129e-01
-2.284595966339111328e+00
6.584868431091308594e+00
-1.603529453277587891e-01
1.717110514640808105e+00
-1.332035779953002930e+00
-1.048264265060424805e+00
-3.348836898803710938e+00
-1.437502622604370117e+00
-7.106459140777587891e-01
3.121731281280517578e+00
-9.734421968460083008e-02
7.089139223098754883e-01
-1.273770928382873535e+00
2.671334505081176758e+00
1.697484403848648071e-01
1.588005304336547852e+00
-2.932008743286132812e+00
2.627915859222412109e+00
3.328965187072753906e+00
3.772260189056396484e+00
4.864764213562011719e+00
1.758744716644287109e+00
-2.331940650939941406e+00
-3.084048986434936523e+00
-1.989369034767150879e+00
1.278758049011230469e-02
4.016896247863769531e+00
1.078946888446807861e-01
-7.494456768035888672e-01
4.971641302108764648e-02
2.021327495574951172e+00
2.873423814773559570e+00
1.514865398406982422e+00
3.231214523315429688e+00
-5.424007773399353027e-01
6.368359923362731934e-01
1.731828212738037109e+00
-2.222918987274169922e+00
-3.210187435150146484e+00
9.544413089752197266e-01
-2.167256116867065430e+00
4.155597686767578125e+00
-5.226562023162841797e+00
1.901767492294311523e+00
-2.759617269039154053e-01
-4.135484695434570312e+00
9.631041288375854492e-01
-2.656286239624023438e+00
5.789589881896972656e-02
-1.148898005485534668e+00
1.432785153388977051e+00
-4.629734516143798828e+00
1.745800733566284180e+00
-2.289296627044677734e+00
3.090894699096679688e+00
-1.751330792903900146e-01
1.778885960578918457e+00
-2.123018741607666016e+00
1.790143489837646484e+00
3.831516265869140625e+00
1.340086650848388672e+01
-6.335030555725097656e+00
4.708190441131591797e+00
-3.968742132186889648e+00
-1.893116235733032227e+00
1.283290266990661621e+00
-3.082218170166015625e+00
5.730878353118896484e+00
4.413044452667236328e-01
-1.836025953292846680e+00
2.411140799522399902e-01
-7.675358057022094727e-01
1.567500114440917969e+00
6.660001277923583984e-01
-2.796324253082275391e+00
-3.116370677947998047e+00
-8.771258592605590820e-01
-2.105963230133056641e+00
2.149559497833251953e+00
2.970403909683227539e+00
2.158156871795654297e+00
3.554625988006591797e+00
8.085966110229492188e+00
-1.854649305343627930e+00
3.705513954162597656e+00
8.303395509719848633e-01
5.540710687637329102e-01
-5.837129354476928711e-01
1.100335240364074707e+00
2.680478096008300781e-01
1.243884921073913574e+00
-1.766654014587402344e+00
-8.098706603050231934e-01
4.586615264415740967e-01
1.897541522979736328e+00
-2.101402759552001953e+00
-7.361159801483154297e+00
-1.939089536666870117e+00
-9.298321008682250977e-01
2.392960548400878906e+00
-1.255030632019042969e-01
3.613932132720947266e+00
3.467988014221191406e+00
2.062143087387084961e+00
4.819775581359863281e+00
-1.210059046745300293e+00
-1.324537515640258789e+00
7.228443026542663574e-01
-6.596526145935058594e+00
-4.210007190704345703e-01
-1.219193637371063232e-01
-1.028020977973937988e+00
-4.573960304260253906e+00
3.109008789062500000e+00
4.219109535217285156e+00
-2.685075521469116211e+00
1.065601781010627747e-01
3.156972169876098633e+00
-2.738764047622680664e+00
-7.346174240112304688e+00
-5.112391710281372070e-02
6.994448900222778320e-01
7.639346599578857422e+00
-5.013694763183593750e-01
2.238934993743896484e+00
-1.847177147865295410e-01
7.283558249473571777e-01
9.256939888000488281e-01
-2.776508569717407227e+00
1.394748091697692871e+00
6.165981888771057129e-01
-2.196006774902343750e-01
-6.730088591575622559e-02
6.073031902313232422e+00
-5.967039585113525391e+00
-5.858023166656494141e+00
3.085128545761108398e+00
1.122363805770874023e-01
1.307207345962524414e+00
6.154456734657287598e-01
1.049746036529541016e+00
2.572443485260009766e+00
-6.397381424903869629e-02
-1.435446977615356445e+00
-1.355998277664184570e+00
-1.917748928070068359e+00
8.480984687805175781e+00
5.394688248634338379e-02
3.421757221221923828e-01
2.414785385131835938e+00
-4.326514244079589844e+00
-4.542705059051513672e+00
9.094007015228271484e-01
9.375366568565368652e-01
-1.775155514478683472e-01
-5.805490493774414062e+00
7.613404989242553711e-01
-1.431257009506225586e+00
-3.284617662429809570e-01
3.748887062072753906e+00
4.650324821472167969e+00
-7.978044450283050537e-02
-7.750907540321350098e-02
3.421633005142211914e+00
1.118105030059814453e+01
-1.066571950912475586e+00
-2.099909782409667969e-01
-5.419499397277832031e+00
6.159622192382812500e+00
-1.529117822647094727e-01
1.372977733612060547e+00
-2.636769771575927734e+00
1.655580639839172363e+00
-3.912466764450073242e-01
8.908047080039978027e-01
3.096117973327636719e+00
-2.397431135177612305e+00
7.947651147842407227e-01
-1.715152859687805176e-01
1.325559973716735840e+00
-1.751330375671386719e+00
-3.552407741546630859e+00
2.308162927627563477e+00
4.080662727355957031e+00
6.767845153808593750e-02
7.041620612144470215e-01
-8.122695088386535645e-01
1.053485751152038574e+00
-1.080538034439086914e+00
-1.815114498138427734e+00
-1.215560436248779297e+00
-2.794389247894287109e+00
1.284362673759460449e+00
1.984363436698913574e+00
5.207409858703613281e-01
1.134324359893798828e+01
1.078084230422973633e+00
-2.742050290107727051e-01
9.321506619453430176e-01
-3.354263544082641602e+00
4.144694328308105469e+00
2.536439657211303711e+00
2.348593175411224365e-01
5.256191730499267578e+00
2.654986381530761719e+00
-1.478994846343994141e+00
-9.513732194900512695e-01
-1.976253509521484375e+00
3.301081418991088867e+00
-2.637616991996765137e-01
-2.278660774230957031e+00
-2.849982500076293945e+00
5.361468315124511719e+00
-3.282026290893554688e+00
-2.210234642028808594e+00
5.319476723670959473e-01
-1.394107818603515625e+00
-2.896378040313720703e+00
7.514876723289489746e-01
-1.053910970687866211e+00
-2.731116414070129395e-01
-3.328636288642883301e-01
4.117796421051025391e+00
3.875411272048950195e+00
-3.956415891647338867e+00
8.784411847591400146e-02
1.040063500404357910e+00
3.601623535156250000e+00
1.083842515945434570e+00
4.157476902008056641e+00
4.072955131530761719e+00
4.565687656402587891e+00
-4.253196716308593750e+00
-3.828884601593017578e+00
-2.629878044128417969e+00
7.210049033164978027e-01
7.172736525535583496e-02
-2.209086418151855469e+00
1.717967271804809570e+00
3.102091312408447266e+00
3.593789339065551758e-01
-1.499653100967407227e+00
6.800556659698486328e+00
-1.179879665374755859e+00
-2.032983005046844482e-01
-1.893656253814697266e-01
-1.323420763015747070e+00
6.244349479675292969e+00
4.916185379028320312e+00
-1.710628986358642578e+00
-5.243950366973876953e+00
7.191920280456542969e-01
1.096957302093505859e+01
5.204121112823486328e+00
-2.394489526748657227e+00
1.537973880767822266e-01
2.432134628295898438e+00
-3.506228208541870117e+00
-9.460352063179016113e-01
-1.989858746528625488e-01
-1.913930773735046387e+00
-1.850690245628356934e+00
1.272363185882568359e+00
1.678388833999633789e+00
5.003546714782714844e+00
-8.450448513031005859e-02
1.340180158615112305e+00
8.131188750267028809e-01
1.594985842704772949e+00
-1.813948035240173340e+00
-5.193260192871093750e+00
1.655741095542907715e+00
3.186634302139282227e+00
-9.734529256820678711e-01
2.508380651473999023e+00
4.681888580322265625e+00
3.669064998626708984e+00
-7.850259542465209961e-02
1.655437469482421875e+00
-3.172615051269531250e+00
-1.314490914344787598e+00
2.677475452423095703e+00
1.315737819671630859e+01
2.498441219329833984e+00
3.102774858474731445e+00
7.464591026306152344e+00
-1.467223405838012695e+00
1.210442543029785156e+00
-8.260366320610046387e-01
1.501576185226440430e+00
1.460126638412475586e+00
-7.036307454109191895e-01
-2.405374050140380859e+00
1.504308700561523438e+00
-3.111849308013916016e+00
-2.365998268127441406e+00
9.978596568107604980e-01
2.521634101867675781e-02
-2.058185577392578125e+00
-3.242158412933349609e+00
5.300372123718261719e+00
-6.928118467330932617e-01
6.012905597686767578e+00
-2.119823932647705078e+00
-3.592287302017211914e+00
3.486900806427001953e+00
1.843811273574829102e+00
1.828344345092773438e+00
2.064042091369628906e+00
-1.642394065856933594e+00
-8.069635391235351562e+00
7.840290546417236328e+00
4.792213439941406250e-02
-6.764222979545593262e-01
2.512041330337524414e+00
4.602392911911010742e-01
-3.669667959213256836e+00
-9.557380676269531250e-01
-1.102835774421691895e+00
4.904646396636962891e+00
-3.841168284416198730e-01
-3.590948820114135742e+00
1.633168101310729980e+00
-7.203978896141052246e-01
-3.505374908447265625e+00
5.649376869201660156e+00
-1.033123731613159180e+00
1.158233404159545898e+00
-2.724550485610961914e+00
-3.809311151504516602e+00
-9.039462208747863770e-01
-1.774874806404113770e+00
-1.612645983695983887e-01
-8.128865957260131836e-01
2.777084350585937500e+00
1.269157290458679199e+00
1.538218617439270020e+00
1.498313188552856445e+00
-1.673545360565185547e+00
5.065920352935791016e+00
-6.370605230331420898e-01
4.538564682006835938e-01
-6.179790019989013672e+00
-2.542527675628662109e+00
-2.342260837554931641e+00
2.303093910217285156e+00
4.639459133148193359e+00
-4.218613147735595703e+00
-3.922708988189697266e+00
-4.782301187515258789e-01
-1.828198671340942383e+00
-3.464121818542480469e-01
-1.078410983085632324e+00
3.044100284576416016e+00
3.316009759902954102e+00
-2.963690519332885742e+00
4.054784774780273438e+00
-3.911287307739257812e+00
2.173634290695190430e+00
1.736625552177429199e+00
-4.953219890594482422e-01
-1.769510507583618164e+00
-3.574471473693847656e+00
4.740471363067626953e+00
-1.417925596237182617e+00
2.116285085678100586e+00
1.848779082298278809e+00
-2.592661380767822266e+00
-3.075799942016601562e+00
5.186198949813842773e-01
-5.633547306060791016e-01
-1.350742459297180176e+00
-1.113792419433593750e+00
1.275526762008666992e+00
-1.853212356567382812e+00
4.596917629241943359e-01
-1.305761575698852539e+00
-2.710263252258300781e+00
3.278239488601684570e+00
4.315655708312988281e+00
2.970471382141113281e+00
-1.905199050903320312e+00
-1.611552715301513672e+00
6.951668262481689453e-01
-1.359479904174804688e+00
-8.008034229278564453e-01
2.948852539062500000e+00
1.395960569381713867e+00
-8.898884654045104980e-01
9.487694501876831055e-02
2.812655687332153320e+00
2.594987452030181885e-01
6.947270393371582031e+00
2.566434860229492188e+00
-2.409724712371826172e+00
-2.758985757827758789e+00
2.845811367034912109e+00
-5.274194717407226562e+00
9.478490352630615234e-01
6.164893150329589844e+00
-1.671013116836547852e+00
-8.182630538940429688e-01
-8.508670330047607422e-01
5.576153278350830078e+00
2.009400129318237305e-01
6.580425739288330078e+00
1.923761487007141113e+00
-3.900153160095214844e+00
3.434115886688232422e+00
-5.424070358276367188e-02
-1.157729387283325195e+00
-6.303890228271484375e+00
-9.032090902328491211e-01
2.526622772216796875e+00
-2.502536535263061523e+00
3.031374454498291016e+00
9.117240905761718750e+00
-1.522511839866638184e+00
1.936492800712585449e+00
-7.179988026618957520e-01
2.907273292541503906e+00
6.655759334564208984e+00
1.153897643089294434e+00
4.562681674957275391e+00
-1.523723602294921875e-01
2.638812780380249023e+00
9.646007418632507324e-01
2.633891582489013672e+00
-5.630245804786682129e-01
-1.202748656272888184e+00
4.570050835609436035e-01
-1.844058513641357422e+00
-4.081531524658203125e+00
2.862280607223510742e-02
2.901243567466735840e-01
2.525152683258056641e+00
2.831752061843872070e+00
2.647040605545043945e+00
6.608607769012451172e+00
-2.242294788360595703e+00
7.614613771438598633e-01
1.930448293685913086e+00
3.676074981689453125e+00
1.665866613388061523e+00
-4.369676589965820312e+00
-3.723327398300170898e+00
2.207340717315673828e+00
8.049068450927734375e-01
2.987603664398193359e+00
1.214182376861572266e+00
2.048796176910400391e+00
1.881761908531188965e+00
8.925610780715942383e-01
-2.706348299980163574e-01
2.389539003372192383e+00
3.320057153701782227e+00
2.636876106262207031e-01
6.943070888519287109e+00
6.712715625762939453e-01
-1.626812219619750977e+00
1.125486373901367188e+00
-4.070920050144195557e-01
-1.209089636802673340e+00
6.735557556152343750e+00
3.874287366867065430e+00
9.396846294403076172e-01
-2.520303249359130859e+00
-5.583283305168151855e-01
4.500634193420410156e+00
1.868586421012878418e+00
-1.847361326217651367e+00
3.680405616760253906e-01
3.835889101028442383e+00
3.200498342514038086e+00
3.727643489837646484e+00
-5.262978553771972656e+00
3.196374654769897461e+00
1.997914910316467285e+00
-5.520178079605102539e-01
4.748997211456298828e+00
-2.636068105697631836e+00
4.616594314575195312e-02
5.883932113647460938e-02
-1.858513116836547852e+00
3.946194171905517578e+00
-6.093386650085449219e+00
1.912408947944641113e+00
-4.485418796539306641e-01
9.899098396301269531e+00
3.043743133544921875e+00
1.077551841735839844e+00
-2.245173931121826172e+00
2.078822612762451172e+00
-3.931223154067993164e+00
-2.930023193359375000e+00
2.404076099395751953e+00
1.992547750473022461e+00
3.267041444778442383e+00
-2.587984561920166016e+00
5.847792625427246094e+00
5.246783256530761719e+00
2.332234144210815430e+00
-5.395523458719253540e-02
-8.310735225677490234e-01
-1.651014924049377441e+00
2.252403020858764648e+00
1.889057874679565430e+00
-1.855706930160522461e+00
-1.471920847892761230e+00
5.229779481887817383e-01
-4.292802810668945312e+00
1.073410809040069580e-01
-2.540024518966674805e+00
5.925941467285156250e-02
-3.736202478408813477e+00
-3.224298715591430664e+00
1.581721901893615723e-01
3.204582929611206055e-01
1.438035249710083008e+00
-5.546318054199218750e+00
-2.446802139282226562e+00
-2.758633136749267578e+00
-2.002095222473144531e+00
-1.087492823600769043e+00
-4.460362434387207031e+00
-6.667254924774169922e+00
-4.783066749572753906e+00
1.455219745635986328e+00
6.348125934600830078e-01
-3.548089981079101562e+00
1.683002710342407227e+00
2.303435206413269043e-01
-4.986048340797424316e-01
-2.481797456741333008e+00
9.028411507606506348e-01
-1.051432132720947266e+00
4.860559403896331787e-01
-6.026940941810607910e-01
2.368937730789184570e+00
-2.798881769180297852e+00
-3.335995674133300781e+00
-1.123749375343322754e+00
1.692709207534790039e+00
1.554915308952331543e-01
-2.698562145233154297e+00
-2.905076980590820312e+00
-3.074866533279418945e-01
-3.600716114044189453e+00
-3.158444404602050781e+00
-1.380319237709045410e+00
7.314524054527282715e-01
-2.727948904037475586e+00
-4.092431664466857910e-01
-1.031816959381103516e+00
5.144126415252685547e+00
2.780631542205810547e+00
1.273525118827819824e+00
4.124096393585205078e+00
3.127131223678588867e+00
7.443895816802978516e+00
1.426109433174133301e+00
4.483615875244140625e+00
7.210499763488769531e+00
3.113146781921386719e+00
4.499632358551025391e+00
4.423094093799591064e-01
-1.476335525512695312e-01
2.812096595764160156e+00
4.355057716369628906e+00
2.480663299560546875e+00
-1.523221850395202637e+00
1.507131695747375488e+00
-2.941552639007568359e+00
-8.355078101158142090e-01
-4.849970340728759766e+00
-2.383078336715698242e-01
1.557439327239990234e+00
-2.205013275146484375e+00
-3.850602388381958008e+00
3.561764955520629883e-02
-8.301049470901489258e-01
-5.904172420501708984e+00
4.331094741821289062e+00
3.339722156524658203e+00
