-2.291591644287109375e+00
1.648156523704528809e+00
7.087163329124450684e-01
-3.181516647338867188e+00
-4.247363567352294922e+00
-1.214252114295959473e+00
-7.978448867797851562e-01
3.873976469039916992e-01
-1.253253698348999023e+00
-2.882186174392700195e-01
-1.915814638137817383e+00
-2.460597991943359375e+00
-2.315296381711959839e-01
-1.424015164375305176e+00
2.138676404953002930e+00
-1.150426626205444336e+00
-2.036252975463867188e+00
-7.295597195625305176e-01
3.027848005294799805e-01
-2.205517530441284180e+00
-3.904975891113281250e+00
-5.414393544197082520e-01
6.871241331100463867e-01
-2.619828939437866211e+00
-5.275688767433166504e-01
-3.818490028381347656e+00
-3.688515663146972656e+00
-2.362799882888793945e+00
-4.226288318634033203e+00
-4.736607551574707031e+00
-2.484176635742187500e+00
-1.722815275192260742e+00
-4.179520606994628906e+00
-6.661486625671386719e+00
-1.249938368797302246e+00
-2.032741308212280273e+00
-1.147117137908935547e+00
-2.070817708969116211e+00
-5.211595535278320312e+00
-3.748810768127441406e+00
-1.533114671707153320e+00
-2.296498060226440430e+00
-3.043638944625854492e+00
-5.123085498809814453e+00
-1.475048661231994629e+00
-4.143816471099853516e+00
-1.367601633071899414e+00
-3.483270406723022461e+00
-3.987095832824707031e+00
-6.129088401794433594e+00
-4.085161685943603516e-01
-4.156733989715576172e+00
-4.896660327911376953e+00
-2.350543975830078125e+00
-5.955764293670654297e+00
-5.520765781402587891e+00
-1.383964300155639648e+00
-3.938000440597534180e+00
-5.153169631958007812e+00
-2.662368774414062500e+00
-3.855136632919311523e+00
-1.980777621269226074e+00
-1.476150035858154297e+00
-4.312457084655761719e+00
-2.853808164596557617e+00
-5.621667861938476562e+00
-6.691215515136718750e+00
-2.140468358993530273e+00
-6.764443397521972656e+00
-2.663211822509765625e+00
-4.700694084167480469e+00
-3.391920328140258789e+00
-3.767512083053588867e+00
-1.099019408226013184e+00
1.042965412139892578e+00
-3.128938674926757812e+00
-2.822385072708129883e+00
-4.009569644927978516e+00
-4.256762027740478516e+00
-2.129597961902618408e-01
-3.323182106018066406e+00
-2.404836654663085938e+00
2.137625694274902344e+00
-4.933015823364257812e+00
3.350239992141723633e-01
-2.775847911834716797e-02
1.635026454925537109e+00
1.180730462074279785e-01
-1.933463335037231445e+00
5.465074777603149414e-01
-1.444529294967651367e+00
-1.199224233627319336e+00
2.111323773860931396e-01
-2.221007585525512695e+00
-3.226580023765563965e-01
-6.051452636718750000e+00
3.407581329345703125e+00
-4.959332942962646484e+00
-3.589486122131347656e+00
-5.500391960144042969e+00
-3.094692230224609375e+00
-5.899288654327392578e-01
-3.022995471954345703e+00
-4.956026077270507812e+00
-3.578056812286376953e+00
-2.484000682830810547e+00
-1.459981203079223633e+00
2.452185392379760742e+00
-2.476277589797973633e+00
-3.429788112640380859e+00
-5.062800884246826172e+00
-2.329818725585937500e+00
-9.600995182991027832e-01
-3.676229953765869141e+00
-3.118198871612548828e+00
-4.331072330474853516e+00
-4.638804435729980469e+00
-5.744236111640930176e-01
-7.904013991355895996e-01
-2.100381135940551758e+00
-3.565972566604614258e+00
1.299552679061889648e+00
-2.055859565734863281e+00
-3.295335292816162109e+00
-2.343331336975097656e+00
-2.149155855178833008e+00
-3.217132568359375000e+00
1.001577615737915039e+00
-2.220335483551025391e+00
-3.154695987701416016e+00
-3.239664793014526367e+00
-1.794143915176391602e+00
-3.096147060394287109e+00
-1.979948282241821289e+00
-2.152799844741821289e+00
-1.923070907592773438e+00
4.248138666152954102e-01
-3.995266437530517578e+00
-2.527358531951904297e+00
-2.865695476531982422e+00
-2.104635238647460938e-01
1.332986950874328613e+00
-1.284205913543701172e+00
-3.696191906929016113e-01
-2.303831100463867188e+00
-2.883893966674804688e+00
-1.307777166366577148e+00
-3.297033071517944336e+00
-3.512042999267578125e+00
-3.666476726531982422e+00
-3.832969903945922852e+00
3.032785654067993164e-01
-8.918379545211791992e-01
4.229558110237121582e-01
-6.630272269248962402e-01
-5.238199830055236816e-01
2.163079738616943359e+00
8.402967453002929688e-01
-2.047495841979980469e+00
1.558346450328826904e-01
-7.997717857360839844e-01
-2.113105058670043945e+00
2.269018173217773438e+00
-3.299674272537231445e+00
-2.023311138153076172e+00
1.039412021636962891e+00
-4.045592844486236572e-01
-8.000128865242004395e-01
9.685080051422119141e-01
3.534918427467346191e-01
-1.526159763336181641e+00
5.026738643646240234e-01
-6.692637205123901367e-01
2.012020826339721680e+00
-5.383915305137634277e-01
-2.743040800094604492e+00
-1.395086765289306641e+00
-3.821493387222290039e-01
8.408483266830444336e-01
-1.565803140401840210e-01
-8.764877319335937500e-01
-2.987693071365356445e+00
9.781132936477661133e-01
5.296939015388488770e-01
-3.584951162338256836e-01
2.123730182647705078e+00
6.416226737201213837e-03
1.089834332466125488e+00
7.729613780975341797e-01
1.206825017929077148e+00
-1.118659734725952148e+00
1.197684049606323242e+00
-1.840330958366394043e-01
1.107770323753356934e+00
-4.947775840759277344e+00
1.717983484268188477e+00
-5.220701098442077637e-01
-5.699092745780944824e-01
-7.600464820861816406e-01
3.222271203994750977e-01
-4.726529717445373535e-01
-7.658244967460632324e-01
-1.344466805458068848e+00
2.476307868957519531e+00
1.413113355636596680e+00
-4.459961056709289551e-01
6.955655217170715332e-01
1.687430262565612793e+00
2.206845760345458984e+00
-7.613183856010437012e-01
-1.094755828380584717e-01
7.914590835571289062e-02
1.189162135124206543e+00
2.459779739379882812e+00
1.541248917579650879e+00
5.053275108337402344e+00
-2.202616333961486816e-01
-3.795945644378662109e-01
-8.567107915878295898e-01
-6.064043045043945312e-01
-2.234948158264160156e+00
-6.086605787277221680e-01
1.283504247665405273e+00
-5.354075431823730469e-01
-1.043531656265258789e+00
-2.603076934814453125e+00
-1.610002756118774414e+00
-3.235463857650756836e+00
-1.990921497344970703e+00
1.555077075958251953e+00
5.033270120620727539e-01
1.640624165534973145e+00
4.282780885696411133e-01
2.061401009559631348e-01
9.313279390335083008e-01
-1.672187805175781250e+00
-3.236693143844604492e-01
2.254686832427978516e+00
1.476272702217102051e+00
1.739575147628784180e+00
4.256012141704559326e-01
1.356418371200561523e+00
1.613481402397155762e+00
-4.493708133697509766e+00
-1.314930081367492676e+00
1.309563159942626953e+00
-9.951490163803100586e-02
1.412991046905517578e+00
7.494608163833618164e-01
-6.229618787765502930e-01
1.486522674560546875e+00
7.599569559097290039e-01
5.358174443244934082e-03
1.077225685119628906e+00
5.929983854293823242e-01
-1.410290122032165527e+00
-6.559910178184509277e-01
1.523670434951782227e+00
3.822020888328552246e-01
9.841311573982238770e-01
-4.755444824695587158e-01
-1.910088062286376953e+00
1.017474412918090820e+00
-1.972282230854034424e-01
-8.392799496650695801e-01
-1.374823212623596191e+00
-7.090392112731933594e-01
9.661638736724853516e-02
-2.811845779418945312e+00
3.176674246788024902e-03
-1.551155209541320801e+00
-1.339758157730102539e+00
1.620103001594543457e+00
1.637379229068756104e-01
-2.309537887573242188e+00
-2.360011100769042969e+00
-1.561051130294799805e+00
-2.440607547760009766e+00
-1.493828177452087402e+00
-3.311340808868408203e+00
-2.752502441406250000e+00
3.202468454837799072e-01
1.525363206863403320e+00
2.340312242507934570e+00
-3.580977439880371094e+00
1.551700472831726074e+00
-1.424277544021606445e+00
-1.084356069564819336e+00
-2.723107576370239258e+00
-2.752384662628173828e+00
-3.085379004478454590e-01
-2.660867691040039062e+00
-1.647994995117187500e+00
-7.002637982368469238e-01
6.684688925743103027e-01
2.550756633281707764e-01
-2.567283868789672852e+00
-5.632296800613403320e-01
-6.916087150573730469e+00
-2.992137908935546875e+00
-4.346863269805908203e+00
-1.988413691520690918e+00
-2.465972423553466797e+00
-1.685657262802124023e+00
2.073413133621215820e-02
-4.369832992553710938e+00
-2.584076166152954102e+00
-1.221396565437316895e+00
-1.657871007919311523e+00
-2.992314815521240234e+00
-1.298694252967834473e+00
-9.372054934501647949e-01
-3.520980596542358398e+00
-5.364143848419189453e-01
5.953863859176635742e-01
-3.138593673706054688e+00
-4.475177764892578125e+00
-2.026861906051635742e+00
-1.546975255012512207e+00
-5.188775062561035156e-01
-2.755227327346801758e+00
-5.115286827087402344e+00
-2.234354496002197266e+00
4.198008775711059570e-01
-3.499886751174926758e+00
-3.199129343032836914e+00
-5.680366516113281250e+00
-9.621756076812744141e-01
-1.149677634239196777e+00
-5.719154834747314453e+00
-4.036235809326171875e-01
-1.555766105651855469e+00
1.475597620010375977e-01
2.678933620452880859e+00
-3.510516643524169922e+00
-3.770053386688232422e+00
-8.371938467025756836e-01
-1.368545055389404297e+00
1.968558788299560547e+00
3.841589212417602539e+00
3.452769756317138672e+00
3.114834785461425781e+00
2.059929370880126953e+00
-8.504557609558105469e-01
-5.250051617622375488e-01
1.411849856376647949e-01
-8.497411012649536133e-01
-1.750063776969909668e+00
-4.241479635238647461e-01
-1.120970129966735840e+00
4.146270751953125000e-01
-3.058239698410034180e+00
-1.526855349540710449e+00
-1.817485332489013672e+00
-5.715727806091308594e-02
1.389076352119445801e+00
-2.324558496475219727e+00
-5.806559085845947266e+00
-2.579147100448608398e+00
-3.998283147811889648e+00
-3.142152547836303711e+00
-4.039193630218505859e+00
-1.391172409057617188e+00
-1.386799693107604980e+00
-1.977259516716003418e+00
-1.117811053991317749e-01
-2.997363567352294922e+00
-1.857603073120117188e+00
-3.890702009201049805e+00
-4.043255805969238281e+00
-1.167854547500610352e+00
-3.294742107391357422e-01
-1.538466691970825195e+00
-7.906866073608398438e-02
-1.228561878204345703e+00
-4.906439304351806641e+00
-3.572101891040802002e-01
-2.517601966857910156e+00
-4.201076984405517578e+00
-4.837627887725830078e+00
-3.439106941223144531e+00
-2.961647272109985352e+00
-1.320222258567810059e+00
-2.739724636077880859e+00
-7.107992172241210938e+00
-6.443803906440734863e-01
-9.747849702835083008e-01
-7.795457243919372559e-01
-2.182248592376708984e+00
-2.608056545257568359e+00
-6.051164150238037109e+00
-4.026068687438964844e+00
-1.753648281097412109e+00
-2.821060657501220703e+00
-1.862590789794921875e+00
-2.393512964248657227e+00
-2.200975656509399414e+00
-2.109704494476318359e+00
2.710158824920654297e+00
3.362876415252685547e+00
2.316037178039550781e+00
2.539928674697875977e+00
-6.202340871095657349e-02
-3.409145355224609375e+00
1.415627002716064453e+00
3.284083604812622070e+00
3.856547594070434570e+00
8.677956461906433105e-02
-3.819008827209472656e+00
-6.551156044006347656e-01
1.339913845062255859e+00
8.005478858947753906e+00
4.541451454162597656e+00
-9.547424316406250000e-01
4.682235717773437500e+00
2.555112600326538086e+00
-1.398076057434082031e+00
4.884794712066650391e+00
2.282939910888671875e+00
4.964621067047119141e+00
-3.050865173339843750e+00
1.258621215820312500e+00
3.297365605831146240e-01
-1.098281383514404297e+00
2.643844604492187500e+00
4.733230590820312500e+00
-2.725997447967529297e+00
-2.876302897930145264e-01
-5.790898799896240234e-01
2.402658939361572266e+00
1.755570247769355774e-02
4.994955062866210938e+00
2.264409542083740234e+00
-1.860548496246337891e+00
5.567295074462890625e+00
1.795778274536132812e+00
2.236505031585693359e+00
3.829777956008911133e+00
6.801232695579528809e-02
-3.078715562820434570e+00
9.458530545234680176e-01
-4.457431793212890625e+00
2.090567111968994141e+00
4.443401336669921875e+00
-3.341833949089050293e-01
2.051881313323974609e+00
3.927018165588378906e+00
2.073100090026855469e+00
6.304473876953125000e+00
5.465089797973632812e+00
-2.377531290054321289e+00
-5.819565057754516602e-01
4.171367645263671875e+00
4.513762474060058594e+00
-4.272776842117309570e-02
1.893761157989501953e-01
1.932399034500122070e+00
5.724011659622192383e-01
2.434513866901397705e-01
2.344890832901000977e+00
1.094302535057067871e-02
7.793304324150085449e-02
7.404431819915771484e+00
6.646114349365234375e+00
4.567793607711791992e-01
8.083738088607788086e-01
-7.963776588439941406e-03
-1.557001113891601562e+00
3.283324241638183594e-01
2.145114898681640625e+00
5.194438457489013672e+00
-2.212575227022171021e-01
-3.153439998626708984e+00
-3.755827426910400391e+00
7.492378234863281250e+00
-2.149372577667236328e+00
4.615676879882812500e+00
3.378679156303405762e-01
7.603416442871093750e+00
-4.231799125671386719e+00
5.694217681884765625e-01
2.362952232360839844e+00
1.392806768417358398e-01
2.853448390960693359e-01
-4.559993743896484375e+00
-2.274869918823242188e+00
-1.475942730903625488e-01
-1.216867566108703613e+00
-5.751648545265197754e-01
3.177114963531494141e+00
2.141973972320556641e-01
-3.071239709854125977e+00
6.656398296356201172e+00
1.947363615036010742e+00
5.236015796661376953e+00
5.258686065673828125e+00
8.136094093322753906e+00
1.874287962913513184e+00
3.494452953338623047e+00
-2.227781534194946289e+00
-1.232113480567932129e+00
5.738367557525634766e+00
3.434153199195861816e-01
5.030149817466735840e-01
4.673160076141357422e+00
4.209195613861083984e+00
-1.899963855743408203e+00
-3.930271387100219727e+00
-2.317607164382934570e+00
4.432017803192138672e+00
-3.700541555881500244e-01
-2.092123746871948242e+00
-3.872942924499511719e+00
-1.982206702232360840e-01
1.167808651924133301e+00
1.594551563262939453e+00
4.547439575195312500e+00
4.847803592681884766e+00
9.977114200592041016e-02
1.310470342636108398e+00
9.153810501098632812e+00
9.768499135971069336e-01
4.314872264862060547e+00
2.447388648986816406e+00
-7.878843545913696289e-01
-1.922149419784545898e+00
1.306115746498107910e+00
-2.991059303283691406e+00
-4.241622924804687500e+00
3.384868144989013672e+00
2.067161560058593750e+00
-2.195354223251342773e+00
-1.663002073764801025e-01
7.520212173461914062e+00
-3.961297035217285156e+00
-7.912122249603271484e+00
9.448353648185729980e-01
-1.313896179199218750e+00
1.361734628677368164e+00
3.990249156951904297e+00
-6.287786960601806641e-01
1.059591472148895264e-01
4.126763343811035156e+00
2.383766651153564453e+00
-1.216671943664550781e+00
1.918373227119445801e+00
-2.166238307952880859e+00
-2.278281688690185547e+00
-8.395496010780334473e-02
8.409954071044921875e+00
-1.086811065673828125e+00
2.769560337066650391e+00
4.067892074584960938e+00
2.956445515155792236e-01
-9.512606859207153320e-01
-2.102840662002563477e+00
4.777753829956054688e+00
5.020904541015625000e+00
2.422112941741943359e+00
2.804373264312744141e+00
2.014194726943969727e+00
-7.194580435752868652e-01
4.641579627990722656e+00
2.688300609588623047e+00
7.535085678100585938e+00
1.145988225936889648e+00
4.516692161560058594e-01
-4.089336872100830078e+00
1.093099474906921387e+00
-2.274576663970947266e+00
2.056775093078613281e+00
-3.174118757247924805e+00
3.693194150924682617e+00
-3.021742105484008789e+00
-7.587819695472717285e-01
7.509430050849914551e-01
-1.608471632003784180e+00
-8.920738697052001953e-01
1.033878326416015625e+00
2.458157539367675781e+00
3.060417652130126953e+00
-3.581809520721435547e+00
5.219829082489013672e-01
-1.747775077819824219e+00
-1.081928968429565430e+00
2.269902706146240234e+00
1.088341236114501953e+00
-2.378015041351318359e+00
7.454445838928222656e+00
4.519152641296386719e+00
-7.005344033241271973e-01
7.859421730041503906e+00
-3.092512130737304688e+00
1.993634104728698730e+00
-2.466755867004394531e+00
1.232277512550354004e+00
-2.076848268508911133e+00
3.515422344207763672e-03
-1.290996074676513672e+00
9.931896924972534180e-01
8.353152871131896973e-01
2.293838262557983398e+00
-1.316635131835937500e+00
-6.943977475166320801e-01
1.246134757995605469e+00
-4.807298779487609863e-01
4.341764152050018311e-01
-2.040979385375976562e+00
5.800961971282958984e+00
-2.881911516189575195e+00
4.069462299346923828e+00
5.791289329528808594e+00
2.440253257751464844e+00
1.513772606849670410e+00
1.900849223136901855e+00
-3.671633005142211914e+00
3.140743494033813477e+00
1.722637295722961426e+00
1.170218825340270996e+00
6.045998573303222656e+00
3.811733722686767578e+00
-4.835556447505950928e-01
4.335560202598571777e-01
-1.853321313858032227e+00
2.247847557067871094e+00
-1.033757567405700684e+00
-4.262626171112060547e-01
-4.021434783935546875e+00
1.487550258636474609e+00
2.147337913513183594e+00
-2.583045244216918945e+00
7.721537351608276367e-02
-2.356084585189819336e-01
-5.680406093597412109e-02
-2.653982162475585938e+00
-2.898223400115966797e+00
5.307405471801757812e+00
4.001163482666015625e+00
2.447855710983276367e+00
8.263811469078063965e-01
-1.036652565002441406e+00
1.830690503120422363e+00
-1.592155933380126953e+00
1.432185888290405273e+00
2.931922435760498047e+00
2.671187877655029297e+00
5.993970632553100586e-01
2.877211570739746094e+00
2.067982673645019531e+00
-5.468236207962036133e-01
4.639475345611572266e-01
-8.930943608283996582e-01
-7.026542425155639648e-01
4.539289474487304688e+00
-4.591516971588134766e+00
4.013549327850341797e+00
-2.148231029510498047e+00
9.447541832923889160e-01
5.247140407562255859e+00
2.638798058032989502e-01
2.022855281829833984e+00
-5.965315103530883789e-01
-2.446547746658325195e-01
7.007333755493164062e+00
3.267556428909301758e-02
-3.972012996673583984e+00
4.295131564140319824e-01
1.874219059944152832e+00
5.298857212066650391e+00
9.735217094421386719e+00
-3.591994285583496094e+00
7.295049428939819336e-01
1.718729615211486816e+00
-3.129197955131530762e-01
-1.801098823547363281e+00
-1.619556188583374023e+00
1.270281910896301270e+00
1.156050324440002441e+00
-4.037338495254516602e-01
3.047533035278320312e-01
5.491845130920410156e+00
-1.318315029144287109e+00
-8.625086545944213867e-01
4.683369636535644531e+00
2.456777989864349365e-01
-5.259429454803466797e+00
1.151965856552124023e+00
1.966823220252990723e+00
-9.633562564849853516e-01
3.982813358306884766e-01
1.089943408966064453e+00
-4.421977400779724121e-01
5.342205047607421875e+00
-1.418582558631896973e+00
1.810059070587158203e+00
3.979260921478271484e-01
5.357439517974853516e+00
4.918885231018066406e+00
2.991573095321655273e+00
3.587323904037475586e+00
2.213793754577636719e+00
4.645604133605957031e+00
8.038425445556640625e-01
1.603414297103881836e+00
1.135183930397033691e+00
-1.044930934906005859e+00
4.487473964691162109e-01
-2.787348747253417969e+00
2.584583520889282227e+00
1.027244949340820312e+01
-1.703979492187500000e+00
-1.990568637847900391e-01
4.195520579814910889e-01
-2.699829816818237305e+00
-3.843281745910644531e+00
-6.086196899414062500e+00
7.191481113433837891e+00
-2.847594976425170898e+00
3.822629213333129883e+00
2.138919115066528320e+00
2.644115686416625977e-01
8.067452430725097656e+00
1.216473102569580078e+00
5.975173413753509521e-02
-2.668417453765869141e+00
3.916297674179077148e+00
-4.945355415344238281e+00
8.286780118942260742e-01
5.331153392791748047e+00
2.263765037059783936e-01
-7.521822452545166016e-01
2.541950225830078125e+00
8.471989631652832031e-02
2.547743320465087891e+00
-4.922635078430175781e+00
6.898268699645996094e+00
-3.141507208347320557e-01
1.408469974994659424e-01
2.485270023345947266e+00
-6.638371348381042480e-01
-3.284157037734985352e+00
1.098994827270507812e+01
-1.920887947082519531e+00
3.996867418289184570e+00
-1.826286673545837402e+00
-1.163014888763427734e+00
-4.603422641754150391e+00
5.652215003967285156e+00
8.592813491821289062e+00
2.259000301361083984e+00
8.182596206665039062e+00
3.621838808059692383e+00
2.266994476318359375e+00
2.461422443389892578e+00
9.193611145019531250e-01
6.946692466735839844e-01
1.873164176940917969e+00
-1.778555870056152344e+00
-1.757825374603271484e+00
-1.474235534667968750e+00
-2.042409658432006836e+00
1.498577356338500977e+00
2.650601625442504883e+00
-4.166032373905181885e-01
-1.686502456665039062e+00
5.126760005950927734e-01
-3.624425649642944336e+00
2.372289657592773438e+00
1.552976131439208984e+00
2.999626159667968750e+00
6.614770293235778809e-01
2.705372810363769531e+00
4.908513069152832031e+00
-7.202326655387878418e-01
8.802500963211059570e-01
4.384483337402343750e+00
-1.416658401489257812e+00
-1.202780723571777344e+00
-1.333276033401489258e+00
6.280307769775390625e-01
-1.678390979766845703e+00
1.244402766227722168e+00
-1.952124476432800293e+00
-1.383903145790100098e+00
-1.939578652381896973e-01
1.190131902694702148e-02
-2.570548355579376221e-01
1.477793574333190918e+00
-4.202790856361389160e-01
3.742849826812744141e-02
4.421876907348632812e+00
2.743959188461303711e+00
3.367206335067749023e+00
-1.752874851226806641e+00
5.668822288513183594e+00
2.076878309249877930e+00
3.846901893615722656e+00
2.835561037063598633e+00
6.584109067916870117e-01
3.833129167556762695e+00
-2.428731620311737061e-01
-3.770635128021240234e+00
-1.775501847267150879e+00
-1.506713628768920898e-01
-1.142346858978271484e+00
2.567934989929199219e+00
4.286121845245361328e+00
2.554984331130981445e+00
1.698103308677673340e+00
1.673976182937622070e+00
-3.362623214721679688e+00
1.130590796470642090e+00
-1.261889934539794922e+00
2.015775442123413086e+00
-6.479734778404235840e-01
1.307291984558105469e+00
1.584053874015808105e+00
-1.377847790718078613e-01
-1.389421343803405762e+00
2.081512451171875000e+00
-2.081669569015502930e+00
3.198793530464172363e-01
4.441618919372558594e-01
-2.787119865417480469e+00
7.738054275512695312e+00
-1.343962311744689941e+00
-3.040748357772827148e+00
-1.462229251861572266e+00
2.635679244995117188e+00
-1.506614208221435547e+00
3.008472025394439697e-01
2.849911689758300781e+00
2.984622001647949219e+00
-3.553136348724365234e+00
2.165024280548095703e+00
-2.370253562927246094e+00
7.036321163177490234e-01
7.821527719497680664e-01
-1.595029354095458984e+00
1.658283472061157227e+00
4.326530933380126953e+00
3.126634359359741211e+00
8.479440212249755859e-01
1.800293445587158203e+00
6.855001449584960938e-01
2.432786703109741211e+00
3.489995002746582031e+00
-2.911978721618652344e+00
-2.016670703887939453e-01
4.666906356811523438e+00
2.629725456237792969e+00
2.072864294052124023e+00
3.948747634887695312e+00
1.729231178760528564e-01
5.111727714538574219e+00
-8.616811633110046387e-01
1.044829010963439941e+00
4.527525901794433594e+00
3.491961002349853516e+00
-3.642894506454467773e+00
-2.625955343246459961e+00
-8.658424615859985352e-01
3.913630962371826172e+00
5.784768462181091309e-01
-3.899763524532318115e-01
4.603846669197082520e-01
4.847906827926635742e-01
2.409039020538330078e+00
4.662514209747314453e+00
1.712576031684875488e+00
-1.979555562138557434e-02
-3.636472702026367188e+00
8.666127920150756836e-01
4.630179882049560547e+00
-2.831601381301879883e+00
1.153853416442871094e+00
9.031764268875122070e-01
1.325355410575866699e+00
-3.164964675903320312e+00
5.166184425354003906e+00
1.688697099685668945e+00
-3.269570767879486084e-01
8.689042329788208008e-01
4.776587009429931641e+00
3.554481506347656250e+00
4.100737571716308594e+00
6.039379239082336426e-01
3.111464023590087891e+00
3.488377809524536133e+00
2.453735023736953735e-01
2.308974981307983398e+00
-9.331792593002319336e-01
-1.153225421905517578e+00
9.389467239379882812e+00
3.597400665283203125e+00
6.840092539787292480e-01
-1.145184516906738281e+00
-5.431576967239379883e-01
5.896138191223144531e+00
3.154743194580078125e+00
8.114405632019042969e+00
-1.027173519134521484e+00
-6.189622879028320312e-01
-1.734128713607788086e+00
7.590168952941894531e+00
3.185056686401367188e+00
2.488981246948242188e+00
1.872771978378295898e+00
-9.701995849609375000e-01
-1.670349359512329102e+00
-3.243752121925354004e-01
8.595362663269042969e+00
3.768547773361206055e+00
1.745055675506591797e+00
-3.678586006164550781e+00
5.137443065643310547e+00
6.505790948867797852e-01
3.518826246261596680e+00
2.136830091476440430e+00
8.038840889930725098e-01
-1.890032172203063965e+00
4.583711624145507812e+00
4.399516105651855469e+00
-1.012379407882690430e+00
-1.297039628028869629e+00
-1.899361848831176758e+00
-2.867098808288574219e+00
-2.183435201644897461e+00
-2.250632524490356445e+00
1.612964391708374023e+00
-4.112074851989746094e+00
-3.896533727645874023e+00
-1.459594011306762695e+00
-3.457250118255615234e+00
-4.203794002532958984e-01
-4.091726303100585938e+00
-1.868723750114440918e+00
-3.758395195007324219e+00
-2.405340194702148438e+00
-3.177346587181091309e-01
-4.578984260559082031e+00
-3.014599800109863281e+00
-2.517571449279785156e+00
-1.122626066207885742e-01
-1.146878957748413086e+00
-2.912315368652343750e+00
2.697789072990417480e-01
2.161183357238769531e+00
-3.588233947753906250e+00
8.003286123275756836e-01
2.206921339035034180e+00
8.634554743766784668e-01
-1.872625470161437988e+00
-1.568601369857788086e+00
-9.859537482261657715e-01
-5.252494335174560547e+00
-6.419150829315185547e+00
-5.063297748565673828e+00
-1.358491182327270508e-02
-1.693122386932373047e+00
7.964622974395751953e-01
-3.419721841812133789e+00
-2.769814252853393555e+00
-8.518860936164855957e-01
-3.354946136474609375e+00
-4.064653873443603516e+00
3.590496063232421875e+00
-4.214573383331298828e+00
4.232670783996582031e+00
-8.828460574150085449e-01
3.790296614170074463e-01
3.781138420104980469e+00
-4.264280200004577637e-01
2.170101165771484375e+00
5.063260793685913086e-01
2.367667675018310547e+00
-1.245995163917541504e+00
1.773206710815429688e+00
-1.684546709060668945e+00
7.205855846405029297e-02
2.269418478012084961e+00
-7.558174729347229004e-01
2.112806320190429688e+00
9.801611900329589844e-01
2.675510048866271973e-01
7.161509990692138672e-01
-2.325616359710693359e+00
8.719825744628906250e-02
-1.713785886764526367e+00
-1.940654039382934570e+00
-4.640599727630615234e+00
-6.402902603149414062e-01
-8.241513967514038086e-01
-3.212752342224121094e+00
-1.534663081169128418e+00
-1.304162502288818359e+00
-1.325048446655273438e+00
-5.783038616180419922e+00
-1.504762768745422363e+00
3.638683795928955078e+00
