-2.180693149566650391e+00
1.336602568626403809e+00
-3.904891967773437500e+00
-3.912343978881835938e+00
-3.236352682113647461e+00
-4.052195072174072266e+00
-5.596466064453125000e+00
-1.585917949676513672e+00
-1.833756446838378906e+00
-1.873342037200927734e+00
-2.734056949615478516e+00
3.286883831024169922e-01
-2.416446805000305176e-01
-1.671963930130004883e+00
3.301488757133483887e-01
-3.366516828536987305e+00
-4.174359321594238281e+00
1.466265797615051270e+00
-2.115088701248168945e+00
-3.050214290618896484e+00
-7.198498249053955078e+00
-8.188019990921020508e-01
-3.559278964996337891e+00
4.625303149223327637e-01
-6.657612323760986328e-01
-5.014954566955566406e+00
-2.148676156997680664e+00
-2.863537549972534180e+00
-2.097054481506347656e+00
-4.338274955749511719e+00
-6.946190834045410156e+00
2.097115218639373779e-01
-6.762981891632080078e+00
-1.324748754501342773e+00
-3.531628131866455078e+00
-5.749188899993896484e+00
-6.202864050865173340e-01
-6.068435192108154297e+00
3.987766265869140625e+00
-3.066487789154052734e+00
2.265544980764389038e-01
-2.542973995208740234e+00
-1.846138000488281250e+00
-6.489793777465820312e+00
-5.022624015808105469e+00
-5.495181679725646973e-01
-1.312102079391479492e+00
2.241828143596649170e-01
-4.909287929534912109e+00
-4.605381488800048828e+00
-2.520860671997070312e+00
-5.700027346611022949e-01
7.703377604484558105e-01
1.512981414794921875e+00
-3.339807510375976562e+00
2.793150901794433594e+00
1.761871576309204102e+00
-4.351343631744384766e+00
8.537611961364746094e-01
-1.626536726951599121e+00
2.036992311477661133e-01
1.262406468391418457e+00
-3.683388233184814453e-01
-2.640384912490844727e+00
2.464534044265747070e+00
-6.395344734191894531e-01
-1.075405776500701904e-01
-2.290536403656005859e+00
-5.687953233718872070e-01
-3.260051727294921875e+00
-3.218147516250610352e+00
-2.608157157897949219e+00
-4.673765182495117188e+00
-2.740344762802124023e+00
-3.039050340652465820e+00
-4.763702392578125000e+00
-8.390375375747680664e-01
1.250996470451354980e+00
-3.377825736999511719e+00
-4.722406864166259766e+00
-3.235838890075683594e+00
-3.598085403442382812e+00
-3.798954963684082031e+00
-4.527127265930175781e+00
-5.762472152709960938e-01
-1.045028209686279297e+00
-1.263680219650268555e+00
-9.749476909637451172e-01
5.957813262939453125e-01
1.808586835861206055e+00
8.430244326591491699e-01
-4.422869205474853516e+00
6.360763311386108398e-01
-4.716200828552246094e+00
2.793843269348144531e+00
-5.278766632080078125e+00
-7.075241208076477051e-01
-2.958989143371582031e+00
-3.576148986816406250e+00
-5.043282985687255859e+00
-2.787273883819580078e+00
-2.619615554809570312e+00
-3.370051860809326172e+00
-6.513014435768127441e-01
-6.118905544281005859e+00
-4.450642585754394531e+00
-3.633025646209716797e+00
-2.549639940261840820e+00
-2.228605747222900391e-02
2.247617006301879883e+00
-5.410974979400634766e+00
-1.006313681602478027e+00
-3.593356132507324219e+00
-3.032015323638916016e+00
-1.839768528938293457e+00
-2.046813011169433594e+00
-4.099713802337646484e+00
-2.334910631179809570e-01
-3.665878295898437500e+00
-7.729819774627685547e+00
-5.711236953735351562e+00
-4.793045997619628906e+00
-3.875210046768188477e+00
-8.323356628417968750e+00
-4.320020198822021484e+00
-7.665816783905029297e+00
-2.566408157348632812e+00
-4.064360260963439941e-02
-1.722217202186584473e+00
-2.209814548492431641e+00
-4.698978900909423828e+00
-3.052619934082031250e+00
-2.268501758575439453e+00
-4.454396724700927734e+00
-3.264398574829101562e+00
-4.968485355377197266e+00
-6.211273193359375000e+00
-5.798532009124755859e+00
-2.070466041564941406e+00
-5.663493633270263672e+00
-4.763864517211914062e+00
-4.063297271728515625e+00
-4.485475063323974609e+00
-3.763658523559570312e+00
4.710307121276855469e-01
-5.554511070251464844e+00
-6.474258422851562500e+00
-4.255465507507324219e+00
-1.360581874847412109e+00
-3.460849285125732422e+00
-1.174281597137451172e+00
8.749266862869262695e-01
6.679904460906982422e-01
1.647741794586181641e-01
1.877079486846923828e+00
2.867496252059936523e+00
1.594876050949096680e+00
-1.327547311782836914e+00
-1.751038551330566406e+00
-1.846644997596740723e+00
-2.166687965393066406e+00
2.988097667694091797e-01
-1.480740070343017578e+00
-1.580099940299987793e+00
-5.520139336585998535e-01
4.664326831698417664e-02
-6.140528917312622070e-01
-1.899012565612792969e+00
-9.298015832901000977e-01
-3.530447959899902344e+00
8.564344048500061035e-01
-1.328742742538452148e+00
-3.067358136177062988e-01
-1.542470097541809082e+00
-2.694043159484863281e+00
-3.488952398300170898e+00
-4.830201148986816406e+00
-4.767302513122558594e+00
-1.424731492996215820e+00
9.004023075103759766e-01
-3.479950428009033203e+00
-4.935900866985321045e-02
3.953545689582824707e-01
6.746371388435363770e-01
1.510954380035400391e+00
1.469612360000610352e+00
-8.993116021156311035e-01
-1.617295503616333008e+00
-1.981931328773498535e+00
-1.925856322050094604e-01
-4.066541194915771484e-01
-5.350257158279418945e-01
2.835975885391235352e-01
-1.906380057334899902e+00
-1.173001289367675781e+00
-1.352171301841735840e+00
-2.799785882234573364e-02
7.390226125717163086e-01
1.400698423385620117e-01
2.967174291610717773e+00
4.079535007476806641e+00
-4.526907801628112793e-01
9.129278659820556641e-01
9.525262117385864258e-01
3.328867435455322266e+00
5.617558360099792480e-01
-1.233692407608032227e+00
5.631745457649230957e-01
6.554381847381591797e-01
-2.966931462287902832e-01
-2.122959136962890625e+00
-6.351096630096435547e-01
-1.953535914421081543e+00
4.475883841514587402e-01
-7.902444601058959961e-01
1.574137806892395020e+00
-7.477141618728637695e-01
-3.687487840652465820e-01
1.385998964309692383e+00
2.555366277694702148e+00
2.270609855651855469e+00
-6.504963636398315430e-01
3.295619487762451172e+00
1.851211786270141602e+00
-1.336397171020507812e+00
-4.185626029968261719e+00
1.685160398483276367e+00
3.046818375587463379e-01
1.364767789840698242e+00
7.603693604469299316e-01
3.358608782291412354e-01
7.755047082901000977e-01
1.035190343856811523e+00
7.300380468368530273e-01
2.061242818832397461e+00
-7.166227102279663086e-01
-4.871692180633544922e+00
-1.614671945571899414e+00
1.933015346527099609e+00
2.169811725616455078e+00
9.017544984817504883e-01
7.812219858169555664e-02
-1.041711926460266113e+00
9.909881949424743652e-01
2.556384325027465820e+00
9.079588651657104492e-01
-3.926191329956054688e-01
5.431771755218505859e+00
2.131592512130737305e+00
-4.550195932388305664e-01
4.463445842266082764e-01
1.455592751502990723e+00
-1.047053217887878418e+00
1.616283416748046875e+00
2.680411577224731445e+00
-2.992078065872192383e-01
2.382640838623046875e+00
5.057247281074523926e-01
1.584557056427001953e+00
7.429593205451965332e-01
6.728279590606689453e-01
-2.536295413970947266e+00
-3.185088396072387695e+00
1.322270750999450684e+00
1.672821521759033203e+00
1.966437697410583496e-01
-4.588273465633392334e-01
1.020052433013916016e-01
-1.246253728866577148e+00
-1.512740969657897949e+00
-6.995076537132263184e-01
-1.479453206062316895e+00
-7.780900001525878906e-01
-4.697971343994140625e+00
-4.118982315063476562e+00
-4.985838413238525391e+00
-5.084452152252197266e+00
-2.572026491165161133e+00
-3.798303127288818359e+00
-1.693150758743286133e+00
-2.410901308059692383e+00
-1.950056791305541992e+00
-2.841696262359619141e+00
1.953385114669799805e+00
-3.172971010208129883e+00
-2.381392002105712891e+00
-2.431788921356201172e+00
-2.721142292022705078e+00
-3.650701999664306641e+00
-2.398643493652343750e+00
1.098492145538330078e-01
-2.651242256164550781e+00
-2.504659891128540039e+00
-1.337591648101806641e+00
-3.608357429504394531e+00
-8.929357528686523438e-01
-1.276141405105590820e+00
-5.268151760101318359e+00
-3.883172273635864258e+00
-4.992052078247070312e+00
-4.904906272888183594e+00
-2.468243241310119629e-02
-4.544885635375976562e+00
1.186501622200012207e+00
-2.038172960281372070e+00
-5.480401515960693359e+00
-5.045257091522216797e+00
-1.722724437713623047e+00
-2.273429393768310547e+00
-1.720350980758666992e+00
9.566925168037414551e-01
5.623484849929809570e-01
-1.921643018722534180e+00
1.593605399131774902e+00
5.700147151947021484e-01
-1.057959914207458496e+00
9.185153841972351074e-01
2.150035142898559570e+00
-3.579335689544677734e+00
-2.976353764533996582e-01
5.918661355972290039e-01
2.698173761367797852e+00
6.465305089950561523e-01
-1.929656505584716797e+00
-6.104059219360351562e+00
-1.160992503166198730e+00
-3.048901796340942383e+00
-6.597339153289794922e+00
-4.118928432464599609e+00
-1.816373944282531738e+00
3.559215664863586426e-01
-4.243222713470458984e+00
-3.219778537750244141e-01
1.374561667442321777e+00
-3.639910697937011719e+00
-6.645367145538330078e+00
-1.809249520301818848e+00
-4.221175193786621094e+00
1.457871913909912109e+00
2.331680059432983398e+00
-1.173809289932250977e+00
-7.247793674468994141e-01
-3.838016986846923828e+00
-3.388695716857910156e+00
-5.519246578216552734e+00
3.542324304580688477e-01
2.415156126022338867e+00
2.486736297607421875e+00
1.031013846397399902e+00
1.397299408912658691e+00
5.795717835426330566e-01
-3.283245325088500977e+00
-4.049319267272949219e+00
-4.033289432525634766e+00
2.694537639617919922e+00
3.061108589172363281e+00
-5.603303909301757812e+00
-1.852651357650756836e+00
-2.512450218200683594e+00
-4.892184257507324219e+00
-1.700795292854309082e+00
-1.273635149002075195e+00
-5.189113140106201172e+00
-1.383389711380004883e+00
-5.499174594879150391e-01
-2.372896969318389893e-01
2.437911033630371094e-01
-4.690213680267333984e+00
-1.528582215309143066e+00
-1.336336731910705566e+00
-5.589887619018554688e+00
-7.194586277008056641e+00
-5.034252643585205078e+00
-2.259046792984008789e+00
-2.194612741470336914e+00
-5.196140289306640625e+00
-4.348332881927490234e+00
-2.214617252349853516e+00
-3.022419929504394531e+00
-3.033751010894775391e+00
-2.809425592422485352e+00
-2.448905706405639648e+00
-3.490037918090820312e+00
-3.970770835876464844e+00
-6.189925193786621094e+00
-1.949102401733398438e+00
-1.220349311828613281e+00
-1.035557270050048828e+00
-2.892067432403564453e+00
-2.798378705978393555e+00
-4.413145542144775391e+00
-5.404417514801025391e+00
-3.010654449462890625e-02
-2.547661066055297852e-01
-5.629274368286132812e+00
-2.984632730484008789e+00
9.344431161880493164e-01
-2.819202899932861328e+00
1.197224497795104980e+00
2.745496630668640137e-01
-2.491800785064697266e+00
-3.051735401153564453e+00
1.381959438323974609e+00
5.695950031280517578e+00
6.142452239990234375e+00
9.704036712646484375e+00
9.620004892349243164e-01
6.043236255645751953e+00
4.121277332305908203e+00
2.016400337219238281e+00
2.176756381988525391e+00
-1.832361817359924316e+00
1.194868803024291992e+00
-8.897272944450378418e-01
1.286832690238952637e+00
4.178740501403808594e+00
2.598740577697753906e+00
5.854867935180664062e+00
-2.676774263381958008e-01
4.027472496032714844e+00
-3.313997030258178711e+00
2.959853172302246094e+00
-2.314995050430297852e+00
-9.597250819206237793e-01
4.616920471191406250e+00
7.116550445556640625e+00
2.446112036705017090e-01
1.182098746299743652e+00
1.376051902770996094e+00
2.984364032745361328e+00
1.042883515357971191e+00
4.058363437652587891e+00
-2.996848344802856445e+00
-1.837541818618774414e+00
2.780580997467041016e+00
4.700106620788574219e+00
3.671707630157470703e+00
2.850528001785278320e+00
-7.783987522125244141e-01
1.429135560989379883e+00
-1.172733306884765625e-01
-3.834775686264038086e+00
7.237016677856445312e+00
4.945785999298095703e+00
-2.286613881587982178e-01
-1.061741590499877930e+00
4.770674705505371094e+00
2.748574018478393555e+00
3.068111419677734375e+00
6.329587459564208984e+00
8.664277076721191406e+00
-4.326849460601806641e+00
-3.496123313903808594e+00
-1.695663928985595703e+00
-7.865359783172607422e-01
3.661045312881469727e+00
8.744234442710876465e-01
-2.220058441162109375e-01
-1.915758848190307617e+00
-4.485098361968994141e+00
3.631080150604248047e+00
-3.812487125396728516e+00
2.662622213363647461e+00
3.134420514106750488e-01
3.095961570739746094e+00
-2.599057555198669434e-01
4.225608825683593750e+00
-2.888159513473510742e+00
2.245716571807861328e+00
-2.849830150604248047e+00
7.165904045104980469e-01
5.941488265991210938e+00
1.688930392265319824e-01
-1.478567004203796387e+00
1.263811230659484863e+00
2.053249597549438477e+00
1.153166174888610840e+00
3.038311004638671875e-01
7.886573314666748047e+00
-2.463320493698120117e+00
6.475144028663635254e-01
-9.473131895065307617e-01
1.062040328979492188e-01
6.374985694885253906e+00
6.119045019149780273e-01
-2.349489688873291016e+00
-8.660429120063781738e-01
2.774594306945800781e+00
4.240025281906127930e-01
8.192636489868164062e+00
-2.385926008224487305e+00
-9.808995723724365234e-01
3.860660314559936523e+00
-8.087937235832214355e-01
-9.258282780647277832e-01
-1.407792806625366211e+00
-5.084070563316345215e-01
8.548568725585937500e+00
4.130360126495361328e+00
-3.272661447525024414e+00
4.629286289215087891e+00
-1.915352046489715576e-01
5.308848381042480469e+00
-4.258056640625000000e+00
-3.131108283996582031e+00
-2.218439817428588867e+00
2.389533042907714844e+00
1.560668706893920898e+00
5.436881184577941895e-01
-4.554368853569030762e-01
1.217385387420654297e+01
-1.610009431838989258e+00
-2.715136289596557617e+00
-1.111592769622802734e+00
2.316261529922485352e+00
-5.078096985816955566e-01
4.231004238128662109e+00
5.348484516143798828e+00
3.205225944519042969e+00
5.084123134613037109e+00
3.254590034484863281e+00
-4.960549831390380859e+00
1.014308333396911621e+00
2.208051681518554688e-01
-1.956896424293518066e+00
2.173551559448242188e+00
8.850796222686767578e-01
1.932774662971496582e+00
-7.771257162094116211e-01
3.271608352661132812e-01
4.589883327484130859e+00
7.022539973258972168e-01
2.701229751110076904e-01
1.309714913368225098e+00
-4.994839191436767578e+00
-5.146681308746337891e+00
6.853439331054687500e+00
4.034045696258544922e+00
8.358789443969726562e+00
3.179479837417602539e+00
2.449446201324462891e+00
4.533422589302062988e-01
-1.826956272125244141e-01
8.754122257232666016e-01
-7.104770839214324951e-02
-2.859736382961273193e-01
-2.008419036865234375e+00
6.666100502014160156e+00
-2.623285293579101562e+00
3.984296560287475586e+00
-5.819814205169677734e+00
5.107553005218505859e-01
2.020852088928222656e+00
4.208693504333496094e+00
5.822803497314453125e+00
5.642343044281005859e+00
2.283363342285156250e+00
5.191703796386718750e+00
-1.721349239349365234e+00
1.730314016342163086e+00
3.996449708938598633e-01
-1.911412477493286133e-01
1.310346484184265137e+00
-2.947412490844726562e+00
-1.242982149124145508e+00
7.827080726623535156e+00
-1.974437952041625977e+00
-5.587834835052490234e+00
-1.193243026733398438e+00
3.824178218841552734e+00
-1.548070073127746582e+00
-3.859537601470947266e+00
-1.114869117736816406e+00
5.225837230682373047e-01
7.308027148246765137e-01
-8.467955589294433594e-01
2.510581493377685547e+00
1.004352569580078125e-01
-2.986781835556030273e+00
2.949404954910278320e+00
8.514900803565979004e-01
1.176401734352111816e+00
9.609614610671997070e-01
1.948708295822143555e+00
-9.622280597686767578e-01
-1.562814474105834961e+00
4.203090667724609375e+00
1.222933530807495117e-01
3.476404905319213867e+00
-9.257533550262451172e-01
-8.000112175941467285e-01
2.708967924118041992e+00
2.035042047500610352e+00
2.883658647537231445e+00
-5.365783572196960449e-01
4.392734766006469727e-01
-5.732570886611938477e-01
-9.387522935867309570e-01
4.944424629211425781e+00
7.349247455596923828e+00
1.844938755035400391e+00
-3.635549306869506836e+00
5.761384487152099609e+00
5.875534057617187500e+00
-3.917011737823486328e+00
3.590778708457946777e-01
4.606859683990478516e-01
-1.015367269515991211e+00
1.329713225364685059e+00
9.048757553100585938e-01
-3.699629306793212891e-01
6.791206359863281250e+00
-1.570016503334045410e+00
-5.111019611358642578e-01
-8.959602713584899902e-01
1.357695341110229492e+00
4.677608489990234375e+00
2.972512960433959961e+00
-6.710579991340637207e-02
-1.265601664781570435e-01
4.885777473449707031e+00
9.036676287651062012e-01
-4.310293674468994141e+00
-7.543572783470153809e-01
1.582753419876098633e+00
3.919067382812500000e+00
-7.231630086898803711e-01
3.823320865631103516e+00
5.554595947265625000e+00
-3.408607482910156250e+00
-1.874515056610107422e+00
3.752854466438293457e-01
2.956614971160888672e+00
2.530287504196166992e+00
4.450817108154296875e+00
9.509696364402770996e-01
-9.535970687866210938e-01
4.777443408966064453e+00
3.671014904975891113e-01
-2.251833081245422363e-01
-8.972728252410888672e-02
-2.145006418228149414e+00
1.624113321304321289e-02
-3.014514446258544922e+00
1.433316707611083984e+00
2.540358304977416992e+00
6.340011119842529297e+00
-2.332537174224853516e+00
6.207206845283508301e-01
-9.051181077957153320e-01
-1.131960988044738770e+00
7.046764492988586426e-01
3.452665328979492188e+00
-7.333057522773742676e-01
2.003070116043090820e+00
-1.061187982559204102e+00
5.253729343414306641e+00
2.558193922042846680e+00
1.724440217018127441e+00
-2.100529670715332031e+00
7.236301422119140625e+00
8.113286495208740234e-01
5.581802845001220703e+00
6.892817974090576172e+00
3.078080177307128906e+00
6.581139564514160156e-02
-4.262685775756835938e-03
1.752293407917022705e-01
9.312491416931152344e+00
3.711088418960571289e+00
-2.284107446670532227e+00
-3.993262648582458496e-01
2.077568769454956055e+00
-1.368731260299682617e-01
-8.492472767829895020e-01
3.172343254089355469e+00
3.327744245529174805e+00
9.685719609260559082e-01
-2.030763626098632812e+00
3.332560777664184570e+00
-8.672889471054077148e-01
8.575977087020874023e-01
2.249874591827392578e+00
5.893295407295227051e-01
-5.272070884704589844e+00
-6.365230679512023926e-01
-3.487064242362976074e-01
1.519546866416931152e+00
3.040418148040771484e+00
-3.062889337539672852e+00
8.220126628875732422e-01
1.399462342262268066e+00
3.387546539306640625e+00
-1.577861785888671875e+00
2.203080654144287109e+00
1.032680273056030273e+00
-5.792987346649169922e-02
-1.791016221046447754e+00
6.595314979553222656e+00
7.181447744369506836e-01
-1.573615074157714844e-01
5.320711135864257812e+00
3.619334220886230469e+00
4.267919063568115234e-02
6.825255155563354492e-01
5.546608924865722656e+00
5.808743953704833984e+00
-1.262140870094299316e+00
1.914231300354003906e+00
7.393249273300170898e-01
1.449433565139770508e+00
2.256541252136230469e+00
2.520731091499328613e-01
-1.588408946990966797e+00
-3.323840618133544922e+00
-8.399116992950439453e-02
5.271845817565917969e+00
-2.465885281562805176e-01
5.189333438873291016e+00
-3.548486232757568359e-01
-1.426243782043457031e+00
1.019465446472167969e+00
3.036564826965332031e+00
1.150415539741516113e+00
2.942412376403808594e+00
-2.528736829757690430e+00
5.709743499755859375e-01
4.567508220672607422e+00
-4.844188690185546875e-01
1.214620590209960938e+00
2.243427753448486328e+00
1.831972599029541016e+00
-5.671917200088500977e-01
2.971959590911865234e+00
2.268374443054199219e+00
-1.642025113105773926e+00
2.903371095657348633e+00
1.179248094558715820e-02
1.437178134918212891e+00
1.133064746856689453e+00
-3.983705759048461914e+00
3.167501449584960938e+00
-2.746593713760375977e+00
7.485975265502929688e+00
1.625270843505859375e+00
3.205721378326416016e+00
3.197881221771240234e+00
-6.217922568321228027e-01
1.008169412612915039e+00
2.002022266387939453e+00
1.800963401794433594e+00
4.759668350219726562e+00
2.372027397155761719e+00
2.478345870971679688e+00
3.660279512405395508e+00
4.168929100036621094e+00
5.610511302947998047e-01
1.068679332733154297e+00
-3.244360685348510742e+00
7.345710992813110352e-01
-1.643688678741455078e+00
2.755752801895141602e-01
4.197721958160400391e+00
-3.534943342208862305e+00
7.021349668502807617e-02
1.570082426071166992e+00
-6.298763275146484375e+00
9.555570483207702637e-01
4.971279203891754150e-01
1.005363225936889648e+00
1.804599285125732422e+00
1.434330940246582031e-01
7.997549176216125488e-01
-3.121945619583129883e+00
2.384611129760742188e+00
-1.394283294677734375e+00
3.679492473602294922e-01
1.165447473526000977e+00
7.141559571027755737e-02
2.415265083312988281e+00
6.747231483459472656e-01
7.214431762695312500e+00
1.393141031265258789e+00
-1.516310572624206543e+00
4.258751869201660156e-04
1.402267575263977051e+00
-1.352106213569641113e+00
1.899640560150146484e+00
1.086228609085083008e+00
8.611259460449218750e-01
5.226480960845947266e+00
1.107979297637939453e+00
1.583333730697631836e+00
-3.103357315063476562e+00
-1.526548862457275391e-01
4.680092334747314453e+00
9.546393752098083496e-01
9.604560136795043945e-01
-3.247781991958618164e-01
3.068803310394287109e+00
-6.364174365997314453e+00
-3.643553256988525391e+00
2.168088912963867188e+00
6.398765563964843750e+00
9.945656657218933105e-01
3.099610328674316406e+00
9.538311958312988281e-01
6.781252861022949219e+00
-8.977253437042236328e-01
-2.426036834716796875e+00
-1.325266599655151367e+00
-2.807741880416870117e+00
4.858769416809082031e+00
-5.295097351074218750e+00
3.031633377075195312e+00
-1.245886445045471191e+00
-2.882018566131591797e+00
3.254561662673950195e+00
4.410431861877441406e+00
3.949769020080566406e+00
5.839607715606689453e+00
1.511950969696044922e+00
1.792471885681152344e+00
-1.503397464752197266e+00
-1.408311009407043457e+00
9.247865080833435059e-01
3.144337832927703857e-01
-4.667918682098388672e+00
4.646751284599304199e-01
4.335987567901611328e-01
6.493774890899658203e+00
9.836728572845458984e-01
3.292743206024169922e+00
3.755348920822143555e+00
-2.624084949493408203e+00
3.771509170532226562e+00
3.088396549224853516e+00
3.028423309326171875e+00
1.949776887893676758e+00
4.709298133850097656e+00
3.622999906539916992e+00
-8.220012784004211426e-01
-1.421559333801269531e+00
2.644585609436035156e+00
5.155497074127197266e+00
3.334188938140869141e+00
-2.301008701324462891e+00
6.050974845886230469e+00
8.901162147521972656e-01
-1.564757943153381348e+00
1.542065858840942383e+00
3.251633167266845703e+00
1.710417866706848145e-01
1.839481115341186523e+00
1.533934235572814941e+00
5.623909235000610352e-01
1.163562655448913574e+00
-1.799961328506469727e-01
7.578175067901611328e+00
-4.691939830780029297e+00
1.130300283432006836e+00
1.304516911506652832e+00
5.379139900207519531e+00
5.851355791091918945e-01
5.179782390594482422e+00
4.680546760559082031e+00
1.164498686790466309e+00
6.749316692352294922e+00
1.121396064758300781e+00
4.918819367885589600e-01
-4.507764801383018494e-02
2.464991331100463867e+00
9.821365475654602051e-01
2.414690256118774414e+00
1.827658891677856445e+00
-2.054948806762695312e+00
5.599389076232910156e+00
1.739577531814575195e+00
-2.535256862640380859e+00
2.091608047485351562e+00
-1.058336019515991211e+00
-1.935400664806365967e-01
2.836035251617431641e+00
-7.315199971199035645e-01
1.619204044342041016e+00
2.807141780853271484e+00
-2.216668128967285156e+00
-1.203354835510253906e+00
4.487890720367431641e+00
-3.608298540115356445e+00
6.935194015502929688e+00
-5.553949356079101562e+00
5.448660373687744141e+00
3.311888694763183594e+00
1.894355177879333496e+00
2.621446847915649414e+00
9.907810688018798828e-01
-1.746446013450622559e+00
3.200874805450439453e+00
-2.518763780593872070e+00
2.364033222198486328e+00
-7.758998870849609375e+00
1.692670702934265137e+00
-1.333904504776000977e+00
7.216627120971679688e+00
8.297633528709411621e-01
-2.011200428009033203e+00
7.265167236328125000e-01
4.778021335601806641e+00
-2.670056819915771484e+00
-2.846299409866333008e+00
-3.273997306823730469e-01
4.647320747375488281e+00
6.500923633575439453e-01
1.418749928474426270e+00
1.710558652877807617e+00
1.896436452865600586e+00
-6.463835835456848145e-01
1.939554452896118164e+00
5.435297489166259766e+00
5.675937175750732422e+00
9.713869690895080566e-01
-5.418355464935302734e-01
-2.641948938369750977e+00
-1.457307219505310059e+00
-2.073992729187011719e+00
-8.393527030944824219e+00
-3.554104804992675781e+00
-2.889291763305664062e+00
-1.043263673782348633e-01
-3.652264833450317383e+00
-1.293162703514099121e+00
-2.144796609878540039e+00
-3.797492504119873047e+00
7.872806191444396973e-01
-2.631010055541992188e+00
-1.007421016693115234e+00
-1.821204900741577148e+00
-6.903719902038574219e-01
-1.769013643264770508e+00
-3.406669855117797852e+00
-4.253684043884277344e+00
-1.639583945274353027e+00
2.230085372924804688e+00
4.409502446651458740e-01
-1.841442227363586426e+00
9.557985663414001465e-01
-4.150206565856933594e+00
2.499518394470214844e-01
1.903936266899108887e-01
2.578423976898193359e+00
-1.931476593017578125e+00
1.856160998344421387e+00
5.559500455856323242e-01
-7.762657999992370605e-01
-2.777077436447143555e+00
6.674266457557678223e-01
-5.226980209350585938e+00
5.721151351928710938e+00
-9.064221382141113281e-01
-5.605902671813964844e+00
-2.023470878601074219e+00
-2.380855083465576172e+00
-7.200311183929443359e+00
-6.555325984954833984e+00
-7.926129341125488281e+00
-6.743036508560180664e-01
-7.463548183441162109e+00
-3.223291039466857910e-01
-1.232870578765869141e+00
7.106714725494384766e+00
3.906270503997802734e+00
5.037002563476562500e+00
3.576176881790161133e+00
-1.667294025421142578e+00
4.231313228607177734e+00
3.852294445037841797e+00
3.106661081314086914e+00
4.866915225982666016e+00
1.423746347427368164e+00
1.905828475952148438e+00
3.207763195037841797e+00
-4.641460180282592773e-01
2.037946701049804688e+00
5.634425163269042969e+00
1.744488358497619629e+00
-3.690346956253051758e+00
1.985689043998718262e+00
-3.929715454578399658e-01
-2.219586133956909180e+00
-6.181353330612182617e-01
1.143171072006225586e+00
-6.163455247879028320e-01
-6.207744598388671875e+00
-4.708901405334472656e+00
-2.606971740722656250e+00
-1.915308594703674316e+00
-3.438058614730834961e+00
9.758636355400085449e-01
2.715202331542968750e+00
