-3.462356090545654297e+00
1.745532274246215820e+00
-3.242919683456420898e+00
-3.190625667572021484e+00
-3.536569356918334961e+00
-1.467949032783508301e+00
-1.522868156433105469e+00
-1.605453848838806152e+00
-1.071578145027160645e+00
-2.001026630401611328e+00
-5.577748298645019531e+00
-3.362760782241821289e+00
-4.732436180114746094e+00
-4.118138790130615234e+00
-4.610662460327148438e+00
-4.638055801391601562e+00
-4.853592872619628906e+00
-1.413898110389709473e+00
-3.707767009735107422e+00
-4.671628475189208984e+00
-4.990076065063476562e+00
-1.910063624382019043e+00
1.713311672210693359e-01
-1.559127092361450195e+00
-2.945652961730957031e+00
-2.176443815231323242e+00
-3.447524547576904297e+00
-3.581675767898559570e+00
-1.236635565757751465e+00
-5.203802585601806641e+00
-4.524224758148193359e+00
-4.361584186553955078e-01
-3.846643924713134766e+00
-3.775482416152954102e+00
-2.368956565856933594e+00
-1.244514703750610352e+00
-5.684803724288940430e-01
-2.201568365097045898e+00
2.119253158569335938e+00
-4.217744350433349609e+00
1.203285932540893555e+00
-1.478804707527160645e+00
-1.212261915206909180e+00
-3.516566514968872070e+00
-1.923709511756896973e+00
-1.064808607101440430e+00
-2.336199998855590820e+00
-6.507441997528076172e-01
-2.473681449890136719e+00
-3.987653017044067383e+00
-1.888148307800292969e+00
1.767646431922912598e+00
-1.972889900207519531e-01
-2.632833957672119141e+00
-3.321464538574218750e+00
4.399172306060791016e+00
2.977937459945678711e-02
-5.014990329742431641e+00
-1.144217014312744141e+00
6.402220726013183594e-01
2.039427161216735840e-01
2.705505847930908203e+00
1.889402151107788086e+00
-8.487173914909362793e-02
3.327074050903320312e+00
-1.146181464195251465e+00
2.860004901885986328e-01
-1.089744091033935547e+00
-1.385272979736328125e+00
-1.424107432365417480e+00
-2.965729951858520508e+00
-4.073759555816650391e+00
-1.703693389892578125e+00
-9.641127586364746094e-01
3.500412404537200928e-01
-1.042403340339660645e+00
-9.792981147766113281e-01
1.899440288543701172e-01
-3.319713830947875977e+00
-1.284103870391845703e+00
-3.174414634704589844e+00
-3.141787528991699219e+00
-2.117753982543945312e+00
-2.634070396423339844e+00
-4.131315946578979492e-01
-2.708405971527099609e+00
-4.036626219749450684e-01
-2.697756528854370117e+00
-4.507904946804046631e-01
-1.372026205062866211e+00
-4.531651020050048828e+00
-7.014592170715332031e+00
-6.239700317382812500e-01
-9.172238707542419434e-01
-7.226917147636413574e-01
-5.249640464782714844e+00
-1.921069622039794922e-02
-1.814921975135803223e+00
-3.820814371109008789e+00
-3.368935585021972656e+00
-3.270808458328247070e+00
-8.975187540054321289e-01
-2.295973777770996094e+00
-1.465870141983032227e+00
-3.933472156524658203e+00
-3.996529579162597656e+00
-6.444180607795715332e-01
-2.241301536560058594e+00
-4.287765622138977051e-01
-2.442890882492065430e+00
-2.572591066360473633e+00
-3.829821586608886719e+00
-1.694865942001342773e+00
-3.486645698547363281e+00
-2.144517660140991211e+00
-4.778866291046142578e+00
-2.085464477539062500e+00
-7.687883377075195312e-01
-4.138659954071044922e+00
-5.851304054260253906e+00
-2.788235425949096680e+00
-4.529777526855468750e+00
-6.642533779144287109e+00
-7.128737926483154297e+00
-3.340572357177734375e+00
-6.101651668548583984e+00
-1.831140518188476562e+00
-4.270334243774414062e+00
-4.641721725463867188e+00
-4.496660709381103516e+00
-2.279909372329711914e+00
-4.022110462188720703e+00
-2.209679126739501953e+00
-2.404108047485351562e+00
-3.135908126831054688e+00
-5.458184719085693359e+00
-4.971944332122802734e+00
-5.775196552276611328e+00
-1.842170715332031250e+00
-4.682855129241943359e+00
-3.623874902725219727e+00
-2.367161035537719727e+00
-4.977797508239746094e+00
-6.651956558227539062e+00
-5.121543407440185547e-01
-5.374754905700683594e+00
-6.574151992797851562e+00
-4.656031608581542969e+00
-2.803990840911865234e+00
-3.652502059936523438e+00
5.369428992271423340e-01
2.013931751251220703e+00
-1.392249464988708496e+00
3.028491735458374023e-01
-1.133955001831054688e+00
8.630280494689941406e-01
-5.705434083938598633e-02
-1.024845719337463379e+00
-2.076849639415740967e-01
1.712847054004669189e-01
-2.631679296493530273e+00
3.161112070083618164e-01
2.859774827957153320e+00
-2.272267818450927734e+00
-7.838420271873474121e-01
-4.800514578819274902e-01
-6.463301181793212891e-02
-1.554946899414062500e-01
9.998355507850646973e-01
-3.209931373596191406e+00
8.681619167327880859e-02
1.092274665832519531e+00
1.722813367843627930e+00
2.009845495223999023e+00
-1.974504113197326660e+00
-4.277791976928710938e+00
-3.753142356872558594e+00
-3.438559770584106445e+00
-2.858895659446716309e-01
3.092831850051879883e+00
8.484172821044921875e-02
-5.994964838027954102e-01
-1.602915406227111816e+00
-1.895227670669555664e+00
-1.167640686035156250e-01
3.129934072494506836e-01
1.014465615153312683e-01
-1.245970010757446289e+00
-2.151185035705566406e+00
-2.727884292602539062e+00
-1.580072641372680664e+00
-3.348413944244384766e+00
1.597953081130981445e+00
-1.452272415161132812e+00
-1.599327921867370605e+00
1.317207217216491699e+00
-1.555159330368041992e+00
-5.411587953567504883e-01
-2.024734973907470703e+00
3.820171058177947998e-01
1.793939590454101562e+00
-6.971936821937561035e-01
6.553642749786376953e-01
2.507672786712646484e+00
2.387043714523315430e+00
-9.355407953262329102e-01
-1.280044674873352051e+00
2.010283946990966797e+00
9.360876083374023438e-01
-5.388115048408508301e-01
-1.282890439033508301e+00
-1.119021415710449219e+00
-1.718869924545288086e+00
2.082887291908264160e-01
-2.220691680908203125e+00
1.320577383041381836e+00
2.592092752456665039e-01
-8.074094057083129883e-01
1.928709745407104492e+00
-1.482099771499633789e+00
1.276878356933593750e+00
-2.222796678543090820e+00
4.673857688903808594e-01
-1.001189351081848145e+00
-2.361207485198974609e+00
-1.848445296287536621e+00
-2.049611210823059082e-01
-8.835487365722656250e-01
-2.657182216644287109e-01
7.124273180961608887e-01
-2.590886592864990234e+00
5.591397285461425781e-01
-2.909791767597198486e-01
-5.809409916400909424e-02
2.737697362899780273e+00
-2.147436618804931641e+00
-1.863341212272644043e+00
8.319761753082275391e-01
1.022375822067260742e+00
4.513320028781890869e-01
-1.483227491378784180e+00
-1.151117801666259766e+00
-5.504236221313476562e-01
1.053031682968139648e+00
2.212093472480773926e-01
1.649867653846740723e+00
6.204776763916015625e-01
3.101141452789306641e+00
2.022484540939331055e+00
1.861440390348434448e-01
1.642979621887207031e+00
1.143609881401062012e+00
-4.125857830047607422e+00
1.011279106140136719e+00
-8.660281896591186523e-01
-2.646021842956542969e-01
-1.843499422073364258e+00
-1.108901619911193848e+00
-7.939535379409790039e-02
-6.248427033424377441e-01
-5.160741209983825684e-01
-4.286817550659179688e+00
-3.428930521011352539e+00
3.994198143482208252e-01
1.079446554183959961e+00
-1.081669449806213379e+00
-2.935444355010986328e+00
-2.376994490623474121e-02
9.367905855178833008e-01
-1.627824544906616211e+00
-6.113755106925964355e-01
1.959581851959228516e+00
-3.261736333370208740e-01
6.464594602584838867e-01
-2.215432167053222656e+00
-2.653546333312988281e-01
-1.546690344810485840e+00
-3.437330961227416992e+00
-4.337905883789062500e+00
-3.319786310195922852e+00
-8.038913607597351074e-01
7.722681760787963867e-02
-2.378556013107299805e+00
1.083248853683471680e+00
-7.869042158126831055e-01
-1.260862708091735840e+00
-2.468881130218505859e+00
-4.571668624877929688e+00
-2.647763013839721680e+00
-4.183237075805664062e+00
2.188170552253723145e-01
-2.369174957275390625e+00
-4.732551872730255127e-01
-2.989750146865844727e+00
-5.961945056915283203e-01
-2.349752664566040039e+00
-1.457934379577636719e+00
-2.190435409545898438e+00
-4.657434463500976562e+00
-3.534284591674804688e+00
-3.964608430862426758e+00
-2.520168304443359375e+00
-4.633505344390869141e+00
-3.569844484329223633e+00
-3.661745071411132812e+00
-6.062071800231933594e+00
-3.049389839172363281e+00
-3.573547363281250000e+00
-6.916480064392089844e+00
-3.623743057250976562e+00
-1.844119191169738770e+00
-4.745302200317382812e+00
-6.094967842102050781e+00
1.739114522933959961e-01
-1.730917215347290039e+00
-3.210052013397216797e+00
-6.217084884643554688e+00
-2.738323450088500977e+00
-3.051500320434570312e+00
7.238464951515197754e-01
-3.532543897628784180e+00
-1.155275106430053711e+00
-1.532395005226135254e+00
-4.751902103424072266e+00
-6.103733062744140625e+00
-5.135060310363769531e+00
-7.458899497985839844e+00
-4.920195102691650391e+00
-5.001370906829833984e+00
-3.528580904006958008e+00
-2.123297452926635742e+00
-3.127466678619384766e+00
-9.010707736015319824e-01
8.879416584968566895e-01
-1.457542181015014648e+00
-5.766792774200439453e+00
-2.747430801391601562e+00
-3.518370151519775391e+00
1.098596453666687012e-01
4.713836193084716797e+00
1.734280824661254883e+00
1.796937704086303711e+00
-2.838776707649230957e-01
-2.959668636322021484e-03
-2.695243358612060547e+00
-5.357296466827392578e-01
1.493975281715393066e+00
4.383656382560729980e-01
-5.490957498550415039e-01
-3.126637339591979980e-01
-1.276900172233581543e+00
-3.240762710571289062e+00
-3.512317657470703125e+00
3.671771287918090820e-01
4.484456539154052734e+00
2.342670440673828125e+00
-2.365865230560302734e+00
-2.495198726654052734e+00
2.012661099433898926e-02
-2.896263360977172852e+00
-1.320468425750732422e+00
-1.985223770141601562e+00
-8.819035291671752930e-01
-2.977931499481201172e+00
1.367309987545013428e-01
-1.654998540878295898e+00
-2.087273120880126953e+00
-2.331069231033325195e+00
-1.989707946777343750e+00
-2.737056732177734375e+00
-5.452019691467285156e+00
-3.044376850128173828e+00
-4.807682037353515625e+00
-3.346996784210205078e+00
-1.314810872077941895e+00
-4.324517250061035156e+00
-2.921603202819824219e+00
-1.947132110595703125e+00
-4.188762664794921875e+00
-1.999516487121582031e+00
-2.585620164871215820e+00
-1.421229958534240723e+00
-1.020458340644836426e+00
-2.090961456298828125e+00
-4.752386093139648438e+00
2.592201232910156250e+00
1.668463826179504395e+00
2.200968265533447266e-01
-1.144722819328308105e+00
-2.663884878158569336e+00
-1.400112032890319824e+00
-3.863019943237304688e+00
-1.637005329132080078e+00
-6.987781524658203125e-01
-7.559728622436523438e-01
-3.076029062271118164e+00
8.048104047775268555e-01
-2.071732282638549805e-01
2.582963228225708008e+00
3.750374317169189453e+00
1.497507840394973755e-01
-1.142779886722564697e-01
-1.204340532422065735e-01
-5.548354983329772949e-01
2.381383895874023438e+00
6.786466598510742188e+00
4.438458442687988281e+00
4.268774986267089844e+00
3.065769195556640625e+00
-2.041236460208892822e-01
2.036768913269042969e+00
5.470621585845947266e+00
1.837757706642150879e+00
3.076301217079162598e-01
5.608523368835449219e+00
6.077714920043945312e+00
3.400357484817504883e+00
2.968013763427734375e+00
-1.243528008460998535e+00
4.117053031921386719e+00
-4.344415068626403809e-01
2.341864109039306641e+00
-9.075584411621093750e-01
2.611921787261962891e+00
7.517251968383789062e+00
5.182464122772216797e+00
2.098872065544128418e-01
2.984629869461059570e+00
-1.038978695869445801e+00
2.373783349990844727e+00
3.586431741714477539e-01
1.551447391510009766e+00
-4.595078825950622559e-01
-1.359135627746582031e+00
1.308066844940185547e+00
2.992213010787963867e+00
4.478140830993652344e+00
1.547419428825378418e-01
1.883548498153686523e-01
-2.397430658340454102e+00
4.670930862426757812e+00
9.164702892303466797e-01
5.246735572814941406e+00
4.034269809722900391e+00
-2.205279350280761719e+00
-2.920061349868774414e+00
4.329284191131591797e+00
-1.978216171264648438e+00
3.122170686721801758e+00
6.809290409088134766e+00
4.340771198272705078e+00
-1.995025157928466797e+00
-2.455731630325317383e+00
1.602460265159606934e+00
4.616495609283447266e+00
3.789592742919921875e+00
1.229825019836425781e+00
1.648057460784912109e+00
2.161391526460647583e-01
-2.062255144119262695e-02
-8.015167713165283203e-01
-2.251719474792480469e+00
1.018921852111816406e+00
4.286234378814697266e-01
2.247292041778564453e+00
4.481474399566650391e+00
6.418039798736572266e+00
2.686045169830322266e+00
4.038246154785156250e+00
-1.459915995597839355e+00
1.634211182594299316e+00
-7.312037944793701172e-01
1.288018345832824707e+00
-3.785604834556579590e-01
1.480638384819030762e+00
2.938470363616943359e+00
5.102451324462890625e+00
2.199196100234985352e+00
1.314664554595947266e+01
1.876232624053955078e+00
3.971183776855468750e+00
-2.781774401664733887e-01
-5.118849873542785645e-02
1.105641841888427734e+00
-1.853155016899108887e+00
-2.722438573837280273e+00
-9.005897045135498047e-01
3.901359438896179199e-01
9.601649641990661621e-01
4.420791625976562500e+00
-2.993702411651611328e+00
3.821646273136138916e-01
4.591140270233154297e+00
2.693752348423004150e-01
1.742070198059082031e+00
1.293945670127868652e+00
3.181280791759490967e-01
4.923750400543212891e+00
7.601930141448974609e+00
-3.855060338973999023e+00
4.882089614868164062e+00
5.350935459136962891e-01
9.234448671340942383e-01
-5.272040367126464844e+00
-9.550033211708068848e-01
-1.319560647010803223e+00
1.634142518043518066e+00
3.049642324447631836e+00
-1.200249671936035156e+00
3.257969379425048828e+00
5.066162586212158203e+00
1.132338419556617737e-01
-2.128082513809204102e+00
-9.485059976577758789e-02
1.379332184791564941e+00
1.051314830780029297e+00
4.706152439117431641e+00
3.445277214050292969e+00
1.075420022010803223e+00
5.751368999481201172e+00
5.488116264343261719e+00
-7.129396200180053711e-01
-2.131732940673828125e+00
7.518761157989501953e-01
-2.432549715042114258e+00
-1.885007023811340332e-01
2.646341323852539062e+00
-1.535704493522644043e+00
-1.868481159210205078e+00
3.449733257293701172e+00
3.731879711151123047e+00
1.353316307067871094e+00
1.524770617485046387e+00
-8.142983913421630859e-01
-2.059958219528198242e+00
-5.560009956359863281e+00
1.796302556991577148e+00
2.874782323837280273e+00
5.351385593414306641e+00
9.417921304702758789e-01
-2.356617212295532227e+00
-5.485212802886962891e-01
-2.192351341247558594e+00
4.072168469429016113e-01
-2.794172763824462891e+00
2.579027891159057617e+00
-1.835232734680175781e+00
6.474967002868652344e+00
9.960523843765258789e-01
5.459290504455566406e+00
-2.723369836807250977e+00
-1.307013034820556641e+00
-9.702502489089965820e-01
2.945429563522338867e+00
6.394373774528503418e-01
3.680258035659790039e+00
2.078397512435913086e+00
3.194076538085937500e+00
-8.173463344573974609e-01
1.988791465759277344e+00
3.037911415100097656e+00
1.406550645828247070e+00
-1.211864352226257324e+00
2.646341919898986816e-02
5.154106140136718750e+00
6.445038318634033203e+00
-3.495765924453735352e+00
-5.446438312530517578e+00
-2.223061621189117432e-01
4.029774665832519531e+00
2.614780426025390625e+00
-6.393074393272399902e-01
-5.950226783752441406e-01
1.116705179214477539e+00
-1.742312908172607422e+00
2.730176925659179688e+00
2.372588634490966797e+00
1.723639488220214844e+00
-2.664825201034545898e+00
2.231553077697753906e+00
1.661209464073181152e+00
1.912227869033813477e+00
6.321824550628662109e+00
-9.917611479759216309e-01
-3.731303453445434570e+00
1.072184562683105469e+00
1.129064083099365234e+00
-2.548342704772949219e+00
3.633245706558227539e+00
6.534928083419799805e-01
-2.740480661392211914e+00
6.108832359313964844e-01
1.527157723903656006e-01
4.399826526641845703e-01
-4.183922410011291504e-01
-4.506396055221557617e-01
-3.369016647338867188e+00
5.115323066711425781e-01
2.805623769760131836e+00
1.583496928215026855e+00
-5.457265377044677734e-01
-2.808747529983520508e+00
6.023436546325683594e+00
2.930943965911865234e+00
-1.712031841278076172e+00
8.961043953895568848e-01
4.877315759658813477e-01
6.898490786552429199e-01
1.718660593032836914e-01
1.837702155113220215e+00
2.321415662765502930e+00
5.701415061950683594e+00
2.092545986175537109e+00
-5.012970924377441406e+00
2.679784774780273438e+00
-1.178913116455078125e+00
-3.999173641204833984e-01
2.936971902847290039e+00
1.788342833518981934e+00
4.566917896270751953e+00
1.136063337326049805e+00
1.587476730346679688e+00
-2.181316137313842773e+00
-3.520763397216796875e+00
6.349858283996582031e+00
6.653453111648559570e-01
-2.471323966979980469e+00
1.785334944725036621e+00
1.832919120788574219e+00
-1.016980648040771484e+00
-1.183716535568237305e+00
-1.137084245681762695e+00
7.611662149429321289e-01
1.437182664871215820e+00
3.140336751937866211e+00
1.156183242797851562e+00
4.723475933074951172e+00
4.323305130004882812e+00
3.193773269653320312e+00
1.045809745788574219e+00
5.529648065567016602e-01
-8.202949166297912598e-02
-1.321673691272735596e-01
-4.668132960796356201e-01
-1.367747306823730469e+00
6.464053988456726074e-01
2.680320262908935547e+00
-1.015348553657531738e+00
-6.911988258361816406e-01
6.914612650871276855e-01
-1.764968276023864746e+00
9.814223647117614746e-01
2.034547805786132812e+00
2.855673432350158691e-01
5.427564144134521484e+00
1.244462132453918457e+00
3.822540998458862305e+00
1.756796836853027344e+00
-2.419229507446289062e+00
-3.207000494003295898e+00
7.233050823211669922e+00
1.450815916061401367e+00
4.866688728332519531e+00
7.332593441009521484e+00
4.813998699188232422e+00
-1.906498670578002930e+00
-2.328051567077636719e+00
2.532618045806884766e+00
7.295774936676025391e+00
7.246358871459960938e+00
-1.183414340019226074e+00
-4.067006707191467285e-01
2.569818496704101562e+00
1.670777797698974609e+00
-2.212743997573852539e+00
3.708609819412231445e+00
2.175350189208984375e+00
-4.886709451675415039e-01
-1.873787641525268555e-01
1.877149105072021484e+00
9.938320517539978027e-01
-1.385252237319946289e+00
-1.188863515853881836e+00
-9.577049612998962402e-01
-2.940562486648559570e+00
-3.307472467422485352e+00
-9.264266490936279297e-02
5.826580524444580078e+00
1.552624225616455078e+00
-3.445873975753784180e+00
-5.036635398864746094e-01
6.905370950698852539e-01
5.820424079895019531e+00
-8.302448391914367676e-01
2.705742597579956055e+00
2.737881183624267578e+00
4.281430244445800781e-01
1.678031235933303833e-01
4.829472541809082031e+00
-2.853980958461761475e-01
3.317420482635498047e+00
3.738583087921142578e+00
4.223414897918701172e+00
2.208815574645996094e+00
1.121664643287658691e+00
7.921909332275390625e+00
3.069951534271240234e+00
1.117163777351379395e+00
-4.138024449348449707e-01
2.831852436065673828e+00
1.650723934173583984e+00
2.070096969604492188e+00
-7.992991209030151367e-01
-2.150883078575134277e-01
-4.240789890289306641e+00
-2.763123989105224609e+00
7.623486518859863281e+00
-4.437792301177978516e-02
4.587276935577392578e+00
1.259582757949829102e+00
1.474583625793457031e+00
3.801999807357788086e+00
-2.565202713012695312e-01
-3.021034479141235352e+00
-7.714545726776123047e-01
-7.625848054885864258e-01
1.920060992240905762e+00
3.723899841308593750e+00
3.620346069335937500e+00
2.613517045974731445e+00
9.473351836204528809e-01
-2.653895854949951172e+00
-6.924506425857543945e-01
1.924290180206298828e+00
5.556473255157470703e+00
3.060191392898559570e+00
7.649450898170471191e-01
4.646019458770751953e+00
-9.717081785202026367e-01
2.230058312416076660e-01
-1.859084844589233398e+00
5.975629806518554688e+00
8.481264114379882812e-01
7.785346031188964844e+00
3.362701237201690674e-01
7.416459918022155762e-01
4.476768970489501953e+00
2.860843420028686523e+00
4.736694812774658203e+00
3.433305978775024414e+00
5.821802139282226562e+00
3.315265655517578125e+00
1.192143082618713379e+00
3.328452110290527344e-01
-1.444245338439941406e+00
-7.424205541610717773e-01
2.656883716583251953e+00
5.569013118743896484e+00
-1.977491855621337891e+00
4.760418534278869629e-01
3.287470340728759766e-01
4.732123017311096191e-01
4.905390739440917969e+00
-4.276163578033447266e+00
1.223985910415649414e+00
1.230280399322509766e+00
-3.665077924728393555e+00
6.554622650146484375e-01
1.473056316375732422e+00
7.394145727157592773e-01
-5.493694543838500977e-02
5.271967411041259766e+00
3.579799652099609375e+00
-3.338951110839843750e+00
1.134235382080078125e+00
8.040089011192321777e-01
-5.781947970390319824e-01
-3.040424585342407227e+00
2.218464851379394531e+00
1.945744156837463379e+00
-2.442812919616699219e+00
5.273615360260009766e+00
1.505913615226745605e+00
-3.486446857452392578e+00
2.472877204418182373e-01
9.409656524658203125e-01
-1.903122544288635254e+00
7.984490394592285156e-01
3.631475210189819336e+00
1.670848131179809570e+00
6.569423198699951172e+00
2.826015949249267578e+00
6.412731409072875977e-01
-1.763097941875457764e-01
5.192007064819335938e+00
3.813228845596313477e+00
5.984054088592529297e+00
2.927538394927978516e+00
1.424652338027954102e+00
4.033103466033935547e+00
-5.954957604408264160e-01
-3.300838947296142578e+00
1.506935715675354004e+00
4.023145675659179688e+00
3.546653389930725098e-01
2.648308515548706055e+00
-9.686631560325622559e-01
1.995847344398498535e+00
1.196002483367919922e+00
1.267254054546356201e-01
-2.402369022369384766e+00
2.449679851531982422e+00
2.488550186157226562e+00
-5.273515701293945312e+00
-1.674733996391296387e+00
4.629898071289062500e+00
-3.567624568939208984e+00
3.202810525894165039e+00
1.567188024520874023e+00
5.512796878814697266e+00
3.185353755950927734e+00
6.634419560432434082e-01
8.998017311096191406e-01
-1.882127761840820312e+00
3.121346235275268555e-01
-1.275027155876159668e+00
4.027573168277740479e-01
-1.029887437820434570e+00
-1.746106147766113281e-01
7.515449523925781250e+00
1.659006476402282715e+00
5.706817626953125000e+00
3.412532329559326172e+00
-2.058970212936401367e+00
1.683385372161865234e+00
-7.956936359405517578e-01
1.171851396560668945e+00
4.100382804870605469e+00
-1.533665657043457031e-01
1.505210638046264648e+00
4.744715690612792969e-01
8.204697370529174805e-01
2.146615505218505859e+00
2.942305326461791992e+00
2.731040954589843750e+00
1.263465762138366699e+00
-1.285419225692749023e+00
8.717147111892700195e-01
4.357640445232391357e-01
1.618879914283752441e+00
-1.207641959190368652e+00
4.180132389068603516e+00
1.200084090232849121e-01
4.296363830566406250e+00
7.196052551269531250e+00
-1.216907262802124023e+00
-2.926021575927734375e+00
4.174448490142822266e+00
3.839447021484375000e+00
-1.059837102890014648e+00
4.243866443634033203e+00
3.028359174728393555e+00
1.887870430946350098e+00
4.244995117187500000e+00
1.042250275611877441e+00
4.995662212371826172e+00
-4.222325086593627930e-01
4.600184440612792969e+00
2.680918216705322266e+00
-2.160776615142822266e+00
3.829033970832824707e-01
-6.461410522460937500e-01
2.906244516372680664e+00
2.007656574249267578e+00
6.649001121520996094e+00
1.942044794559478760e-01
3.860810995101928711e+00
2.482656478881835938e+00
-1.013994455337524414e+00
3.821975469589233398e+00
2.349220275878906250e+00
2.407453060150146484e+00
1.081050395965576172e+00
-1.620618343353271484e+00
4.705842018127441406e+00
3.457001924514770508e+00
1.214843034744262695e+00
4.636312484741210938e+00
4.009441375732421875e+00
-1.867613911628723145e+00
6.602559089660644531e+00
-4.374489307403564453e+00
2.605093717575073242e+00
5.568583011627197266e+00
1.232291221618652344e+00
1.754449605941772461e+00
2.340738534927368164e+00
5.133622288703918457e-01
4.549831390380859375e+00
5.070844292640686035e-02
2.862154960632324219e+00
-1.869149208068847656e+00
2.869340896606445312e+00
-3.197021961212158203e+00
4.925349712371826172e+00
2.751428127288818359e+00
-2.077517986297607422e+00
3.351149320602416992e+00
-5.893710851669311523e-01
-5.405109405517578125e+00
-1.513854503631591797e+00
2.481850624084472656e+00
3.388292789459228516e+00
8.065620064735412598e-01
-1.207709312438964844e-02
7.202513217926025391e+00
2.723671197891235352e+00
-7.466773986816406250e-01
-1.792270302772521973e+00
2.067502021789550781e+00
3.636664628982543945e+00
9.360995292663574219e-01
1.886062860488891602e+00
-2.231669664382934570e+00
-4.245803356170654297e+00
-3.790939092636108398e+00
-6.358886718750000000e+00
-5.872998833656311035e-01
-2.260066270828247070e+00
-7.547017335891723633e-01
-1.526664257049560547e+00
-5.305559635162353516e-01
4.192574918270111084e-01
2.400863170623779297e-01
8.376273512840270996e-02
-4.739472866058349609e+00
-1.840889334678649902e+00
-6.081543922424316406e+00
-2.726812362670898438e+00
-4.347130775451660156e+00
-5.813832759857177734e+00
-5.942171096801757812e+00
-2.028417110443115234e+00
-2.903717756271362305e+00
-2.109237194061279297e+00
-4.251278877258300781e+00
-2.148490428924560547e+00
-1.688330888748168945e+00
-2.118722796440124512e-01
-3.016706228256225586e+00
4.916821479797363281e+00
-7.361577153205871582e-01
-1.325668334960937500e+00
-2.379835128784179688e+00
-2.037461400032043457e-01
-6.470847129821777344e-01
-2.723587274551391602e+00
-3.150017499923706055e+00
-2.665131092071533203e-01
-3.149212837219238281e+00
8.654737472534179688e-02
-5.156752467155456543e-01
-2.738826990127563477e+00
-3.156037330627441406e+00
-3.971907854080200195e+00
-3.599774837493896484e+00
2.095061779022216797e+00
-5.956346511840820312e+00
-2.006627082824707031e+00
-7.547320723533630371e-01
3.479269981384277344e+00
5.608149528503417969e+00
2.304738521575927734e+00
1.304066181182861328e-01
-1.388682723045349121e+00
2.786843299865722656e+00
-3.389807939529418945e-01
1.460968017578125000e+00
7.052631974220275879e-01
4.969979524612426758e-01
1.890252351760864258e+00
2.874557971954345703e+00
-2.165967464447021484e+00
-3.514502942562103271e-01
7.120329141616821289e-02
-1.529654979705810547e+00
-3.438890695571899414e+00
-3.304029703140258789e-01
-3.588512182235717773e+00
-3.446120500564575195e+00
-2.687112092971801758e+00
-2.939819812774658203e+00
-8.376892805099487305e-01
-6.584877490997314453e+00
-4.762293815612792969e+00
-2.850321531295776367e+00
-4.951149940490722656e+00
-3.960977077484130859e+00
-2.635828495025634766e+00
6.455792427062988281e+00
