5.886098146438598633e-01
3.428956508636474609e+00
-2.213738560676574707e-01
-2.325142860412597656e+00
-1.187098383903503418e+00
-1.723140478134155273e+00
-4.411863803863525391e+00
-2.864153861999511719e+00
-2.860179424285888672e+00
-2.100616693496704102e+00
-4.314112663269042969e+00
-2.042891979217529297e+00
-2.624681234359741211e+00
-2.977848052978515625e+00
-2.804318428039550781e+00
-3.887777328491210938e+00
-5.882658004760742188e+00
-2.852849721908569336e+00
-3.412517786026000977e+00
-4.694353103637695312e+00
-5.161273479461669922e+00
-2.454651117324829102e+00
-2.145797729492187500e+00
-2.911184072494506836e+00
-2.943525314331054688e+00
-4.674465656280517578e+00
-1.279262542724609375e+00
-3.121071815490722656e+00
-2.107705831527709961e+00
-3.706797599792480469e+00
-5.629083633422851562e+00
-3.538949728012084961e+00
-6.229213237762451172e+00
-2.341661214828491211e+00
-1.948376178741455078e+00
-1.773651838302612305e+00
-3.242096900939941406e-01
-4.748326838016510010e-01
-5.106918215751647949e-01
-2.754178762435913086e+00
-1.690903544425964355e+00
-1.548704743385314941e+00
-1.937362194061279297e+00
-4.322911739349365234e+00
-2.010518074035644531e+00
6.582968831062316895e-01
-2.567585229873657227e+00
-1.797426223754882812e+00
-1.126604318618774414e+00
-5.752758026123046875e+00
-2.545600891113281250e+00
-3.008520841598510742e+00
9.826241135597229004e-01
2.273823618888854980e-01
-2.033779621124267578e+00
1.059482336044311523e+00
-1.314943313598632812e+00
-3.422888755798339844e+00
2.182215452194213867e-01
-1.011759877204895020e+00
1.618166446685791016e+00
1.976734876632690430e+00
3.280297994613647461e+00
6.995208263397216797e-01
1.457095623016357422e+00
-1.344641149044036865e-01
1.368480205535888672e+00
-2.113396167755126953e+00
-1.588526606559753418e+00
-1.584022641181945801e+00
-2.703085422515869141e+00
-2.893655061721801758e+00
-4.819089889526367188e+00
-3.214076519012451172e+00
-1.626310348510742188e+00
-2.047860145568847656e+00
-1.273411631584167480e+00
-1.581121087074279785e+00
-3.395923376083374023e+00
-1.253855705261230469e+00
-5.331883907318115234e+00
-3.614771842956542969e+00
-5.411576271057128906e+00
-4.389361858367919922e+00
-1.981440544128417969e+00
-3.834298133850097656e+00
-1.412380933761596680e-01
-9.691124558448791504e-01
7.874907255172729492e-01
7.037294507026672363e-01
-2.956669807434082031e+00
-5.828686714172363281e+00
-1.476565837860107422e+00
-4.098000526428222656e+00
4.554504752159118652e-01
-5.045176029205322266e+00
1.546486496925354004e+00
-4.921030521392822266e+00
-3.517941951751708984e+00
-4.514018058776855469e+00
-4.063855648040771484e+00
-3.637269735336303711e-01
-4.141724586486816406e+00
-1.505841612815856934e-01
-5.269449710845947266e+00
-4.678249359130859375e+00
-1.501564860343933105e+00
3.184627294540405273e-01
-1.795426249504089355e+00
-3.182337999343872070e+00
-2.765307903289794922e+00
-8.740311861038208008e-01
-1.611320972442626953e+00
-2.087988853454589844e+00
-4.091464042663574219e+00
-9.496951103210449219e-01
3.988396227359771729e-01
-8.803329467773437500e-01
-3.151086330413818359e+00
-6.217829704284667969e+00
-4.618875503540039062e+00
-4.042624473571777344e+00
-2.223995685577392578e+00
-6.663951873779296875e+00
-2.717968940734863281e+00
-3.449025630950927734e+00
8.901990652084350586e-01
-4.301615715026855469e+00
-5.587089538574218750e+00
-3.396244287490844727e+00
-2.623851299285888672e-01
-3.911017894744873047e+00
-7.314881086349487305e-01
-3.231398105621337891e+00
-4.706503868103027344e+00
-5.707901000976562500e+00
-4.931194305419921875e+00
-5.655611038208007812e+00
-5.075960159301757812e+00
-4.932826519012451172e+00
-4.047173500061035156e+00
-3.622532367706298828e+00
-6.355494022369384766e+00
-7.869311332702636719e+00
-1.119927644729614258e+00
-4.863781452178955078e+00
-7.554007530212402344e+00
-2.588167905807495117e+00
-2.840834617614746094e+00
-1.303185462951660156e+00
-3.961826264858245850e-01
-4.641317129135131836e-01
-2.295178890228271484e+00
1.089071035385131836e+00
4.958091378211975098e-01
3.746732711791992188e+00
3.080954551696777344e-01
-1.065750837326049805e+00
-2.269116878509521484e+00
-1.458580136299133301e+00
6.450627446174621582e-01
3.757610917091369629e-01
2.536312580108642578e+00
1.208002805709838867e+00
-1.209572792053222656e+00
2.350195646286010742e-01
2.020936965942382812e+00
1.344307661056518555e-01
6.518774032592773438e-01
-1.454261422157287598e+00
7.927310466766357422e-01
5.846174955368041992e-01
-7.953035831451416016e-02
1.721041321754455566e+00
-3.872887611389160156e+00
-8.299173116683959961e-01
-1.597769021987915039e+00
-2.049977779388427734e+00
-7.553002238273620605e-01
-1.576661348342895508e+00
-3.994156599044799805e+00
-1.056990265846252441e+00
-3.625076413154602051e-01
-1.329629182815551758e+00
1.288815021514892578e+00
1.620339155197143555e-01
-8.587313294410705566e-01
-9.453546404838562012e-01
-7.864695787429809570e-01
-1.872896790504455566e+00
-1.628441095352172852e+00
-2.748217880725860596e-01
1.605014324188232422e+00
-5.359746813774108887e-01
-1.222538113594055176e+00
-3.451553881168365479e-01
-2.974740028381347656e+00
-7.417778968811035156e-01
-5.783160328865051270e-01
-1.099789142608642578e-02
1.307252168655395508e+00
-3.042140245437622070e+00
1.707316339015960693e-01
-5.409985780715942383e-03
5.091086387634277344e+00
-2.101417779922485352e+00
-3.653319478034973145e-01
2.474759817123413086e+00
3.194877207279205322e-01
-2.402804493904113770e-01
-2.653849840164184570e+00
-2.619287967681884766e-01
9.397006779909133911e-02
6.064813733100891113e-01
-2.447278499603271484e+00
7.819107770919799805e-01
1.213737368583679199e+00
-2.166199684143066406e+00
2.755165696144104004e-01
-6.063926219940185547e-01
6.675143241882324219e-01
-1.993896961212158203e+00
-7.573481202125549316e-01
-8.365130424499511719e-02
-3.151669025421142578e+00
-2.498347997665405273e+00
-2.616987228393554688e-01
-9.170559644699096680e-01
-5.243522524833679199e-01
8.079631328582763672e-01
8.111069202423095703e-01
1.479170322418212891e+00
-1.443449258804321289e+00
6.790118813514709473e-01
-3.067282438278198242e-01
-2.201787710189819336e+00
-1.982918977737426758e+00
2.893729805946350098e-01
1.030616998672485352e+00
-1.717784404754638672e-01
2.691022634506225586e+00
9.332720041275024414e-01
3.680841028690338135e-01
1.646306276321411133e+00
3.876026868820190430e-01
-1.690127253532409668e-01
2.231829404830932617e+00
4.805428981781005859e+00
-7.400668263435363770e-01
-3.390642642974853516e+00
-1.975153446197509766e+00
1.401625514030456543e+00
-1.851381182670593262e+00
2.220429182052612305e+00
9.612225294113159180e-01
-8.069097995758056641e-03
-9.617787599563598633e-01
1.470788002014160156e+00
-2.107014417648315430e+00
-3.052982330322265625e+00
-1.268020153045654297e+00
-6.554497718811035156e+00
-3.109784603118896484e+00
1.126680254936218262e+00
1.530662298202514648e+00
2.172447443008422852e-01
-1.903746366500854492e+00
-5.309450626373291016e-02
-9.542430639266967773e-01
-3.448616266250610352e+00
-1.856302976608276367e+00
-4.196362197399139404e-01
-3.304980039596557617e+00
-1.331878662109375000e+00
-3.110581159591674805e+00
-4.123641967773437500e+00
-3.374414682388305664e+00
-1.264949798583984375e+00
-2.787385940551757812e+00
-3.220487594604492188e+00
-6.484889984130859375e-01
-2.959836721420288086e+00
-3.360130786895751953e+00
9.897491335868835449e-01
-2.643107414245605469e+00
-1.671516776084899902e+00
-3.022885799407958984e+00
-6.303111553192138672e+00
-3.056746721267700195e+00
-5.055095672607421875e+00
-2.342003345489501953e+00
-3.725175142288208008e+00
-3.536143064498901367e+00
-3.673117637634277344e+00
-2.323631286621093750e+00
-7.523685693740844727e-01
-1.803880691528320312e+00
-3.541762351989746094e+00
-3.674017667770385742e+00
-4.970684528350830078e+00
-3.541909217834472656e+00
-2.447741478681564331e-01
-8.990756273269653320e-01
-4.279883861541748047e+00
-3.282735586166381836e+00
-4.361801147460937500e+00
-4.801048755645751953e+00
-1.322747349739074707e+00
-2.112231731414794922e+00
-1.499496221542358398e+00
9.584197402000427246e-01
-3.542942762374877930e+00
-5.452979087829589844e+00
1.319217801094055176e+00
1.182195425033569336e+00
-2.185219764709472656e+00
-8.190726041793823242e-01
6.706744432449340820e-01
1.466861724853515625e+00
1.742098808288574219e+00
-2.280287265777587891e+00
-1.992533445358276367e+00
-2.635399103164672852e+00
-1.494850039482116699e+00
-6.897649765014648438e+00
-3.794451951980590820e+00
-4.452725887298583984e+00
-3.413087368011474609e+00
-2.153003931045532227e+00
-8.743767142295837402e-01
-4.314289093017578125e+00
-3.142135620117187500e+00
5.257978439331054688e-01
-6.865241527557373047e-01
-2.009156703948974609e+00
-5.330133914947509766e+00
-4.007207393646240234e+00
-3.389397382736206055e+00
-4.838078022003173828e-01
1.814445495605468750e+00
-1.394137620925903320e+00
1.211241483688354492e+00
-2.782927989959716797e+00
-1.587393999099731445e+00
-2.544697284698486328e+00
-7.850813269615173340e-01
1.057895272970199585e-01
-4.099448204040527344e+00
-5.368449687957763672e+00
-5.034245967864990234e+00
-3.466825008392333984e+00
-5.639130592346191406e+00
-7.384440422058105469e+00
-5.902787685394287109e+00
2.053916931152343750e+00
-9.157017469406127930e-01
-2.170389413833618164e+00
-2.117605209350585938e+00
1.246438503265380859e+00
-2.965591192245483398e+00
-2.041562318801879883e+00
2.314646840095520020e-01
-1.622471094131469727e+00
-3.398795366287231445e+00
-1.221811175346374512e+00
-2.660924196243286133e+00
-3.837447643280029297e+00
-4.636994361877441406e+00
-4.427792072296142578e+00
-5.268408775329589844e+00
-6.365381717681884766e+00
-4.832883834838867188e+00
-5.664588451385498047e+00
-4.280002117156982422e+00
-4.601913452148437500e+00
-5.386521339416503906e+00
-2.306293010711669922e+00
-3.406516075134277344e+00
-6.274273872375488281e+00
-3.790621995925903320e+00
-5.353679180145263672e+00
-2.791108131408691406e+00
-4.313240051269531250e+00
-4.311493396759033203e+00
-5.212658882141113281e+00
1.254387378692626953e+00
-2.323992550373077393e-01
-5.986511707305908203e-01
-4.142172336578369141e+00
-1.447685599327087402e+00
-4.778198301792144775e-01
-8.729560971260070801e-01
-3.173116445541381836e-01
-8.303304910659790039e-01
1.193185091018676758e+00
-2.336464226245880127e-01
7.921701669692993164e-01
-2.619710206985473633e+00
3.839251041412353516e+00
2.761000633239746094e+00
7.696776390075683594e-01
-1.349144458770751953e+00
1.272451996803283691e+00
-1.393774509429931641e+00
4.668265342712402344e+00
7.911186695098876953e+00
3.845862627029418945e+00
9.115589141845703125e+00
3.933401584625244141e+00
6.022415161132812500e-01
7.275383472442626953e-01
3.543616056442260742e+00
1.101319193840026855e-01
-1.005236625671386719e+00
2.193581581115722656e+00
3.106107711791992188e+00
1.983834266662597656e+00
5.327301025390625000e+00
2.558378219604492188e+00
3.420719623565673828e+00
2.836160898208618164e+00
5.174779415130615234e+00
-4.970659613609313965e-01
1.477217912673950195e+00
6.750123977661132812e+00
7.726371884346008301e-01
2.646645307540893555e-01
3.677721023559570312e+00
-1.838280081748962402e+00
3.991611957550048828e+00
-2.318638712167739868e-01
3.653441429138183594e+00
1.021597385406494141e+00
-1.351405143737792969e+00
4.168839454650878906e+00
3.549418687820434570e+00
4.346086025238037109e+00
1.194996118545532227e+00
1.951357960700988770e+00
-2.352571249008178711e+00
2.760799884796142578e+00
2.296515464782714844e+00
-2.220698833465576172e+00
1.961713194847106934e+00
-4.041880965232849121e-01
-3.200222015380859375e+00
3.770642757415771484e+00
3.842713832855224609e-01
-2.715130329132080078e+00
2.732140541076660156e+00
1.524456739425659180e+00
-3.060523748397827148e+00
-6.035403013229370117e-01
3.684840440750122070e+00
2.767497539520263672e+00
3.285960912704467773e+00
1.550444602966308594e+00
5.217248916625976562e+00
-1.227962732315063477e+00
-1.634840726852416992e+00
9.026801586151123047e-01
-2.009457349777221680e+00
1.775659441947937012e+00
2.313398361206054688e+00
3.739933013916015625e+00
3.440243601799011230e-01
5.818547248840332031e+00
-2.049054801464080811e-01
4.990817070007324219e+00
-1.810254335403442383e+00
3.589212417602539062e+00
2.768656611442565918e-01
2.373898029327392578e+00
-2.482054710388183594e+00
-8.524426221847534180e-01
2.075061082839965820e+00
4.935074806213378906e+00
1.588141679763793945e+00
7.923357009887695312e+00
-2.970120429992675781e+00
2.169959068298339844e+00
-1.846046447753906250e-01
-1.155558526515960693e-01
1.373137235641479492e+00
-8.486499786376953125e-01
-5.757476091384887695e-01
3.502215743064880371e-01
1.125012874603271484e+00
1.433459401130676270e+00
5.980788707733154297e+00
-9.970348477363586426e-01
-1.211788058280944824e+00
4.907962322235107422e+00
7.450394034385681152e-01
-4.728399515151977539e-01
5.072923660278320312e+00
3.259778261184692383e+00
5.692768573760986328e+00
4.833394527435302734e+00
-1.503680706024169922e+00
1.327992320060729980e+00
4.046832919120788574e-01
1.909760951995849609e+00
7.788413763046264648e-01
2.017566442489624023e+00
-1.175937891006469727e+00
2.404348850250244141e+00
5.714730918407440186e-02
1.146285772323608398e+00
4.943596363067626953e+00
6.486544609069824219e+00
1.384880661964416504e+00
-3.360187768936157227e+00
-6.129574775695800781e-02
4.031985998153686523e-01
7.494130730628967285e-01
3.916735887527465820e+00
3.089072704315185547e+00
3.185528755187988281e+00
6.307135581970214844e+00
5.251675605773925781e+00
-1.385279178619384766e+00
-3.969896137714385986e-01
-1.743836164474487305e+00
-2.692311286926269531e+00
-2.101022481918334961e+00
2.721991777420043945e+00
-1.185038566589355469e+00
-4.003183364868164062e+00
1.607493519783020020e+00
5.216683387756347656e+00
1.415003299713134766e+00
1.113473057746887207e+00
1.506115317344665527e+00
-1.446807622909545898e+00
-6.566390991210937500e+00
3.230030298233032227e+00
4.561383724212646484e-01
3.359390020370483398e+00
2.735963344573974609e+00
1.681374192237854004e+00
2.026761531829833984e+00
1.116470575332641602e+00
-9.637634754180908203e-01
-1.781272530555725098e+00
2.185202836990356445e+00
-1.879934310913085938e+00
7.802000045776367188e+00
8.423626422882080078e-02
6.217843055725097656e+00
-3.338658332824707031e+00
-3.280138969421386719e-01
1.466458916664123535e+00
3.839228153228759766e+00
3.687781572341918945e+00
7.550163269042968750e+00
6.561459064483642578e+00
5.340218544006347656e+00
-6.785607337951660156e-01
7.531954050064086914e-01
2.244292020797729492e+00
4.682791233062744141e-01
2.278469324111938477e+00
1.363119840621948242e+00
2.327440738677978516e+00
6.417443275451660156e+00
-3.143675804138183594e+00
-3.919758558273315430e+00
-1.752841711044311523e+00
7.390013337135314941e-01
2.470919370651245117e+00
-2.497797250747680664e+00
-7.716092467308044434e-02
5.140707492828369141e-01
-1.333931207656860352e+00
1.070410490036010742e+00
3.327191352844238281e+00
-3.865462541580200195e-01
-1.173348546028137207e+00
3.126587390899658203e+00
1.311336755752563477e+00
1.605371713638305664e+00
2.767685890197753906e+00
-5.695349574089050293e-01
7.047170400619506836e-01
4.742734432220458984e+00
1.506300687789916992e+00
-2.635779380798339844e+00
4.981523036956787109e+00
1.562028765678405762e+00
-7.542576640844345093e-02
5.689160346984863281e+00
3.508669137954711914e-01
-4.574971199035644531e-01
-1.221835613250732422e-01
2.989608049392700195e-01
-4.052292346954345703e+00
-1.404614567756652832e+00
2.774887084960937500e-01
2.997602224349975586e+00
7.566993236541748047e-01
2.607273459434509277e-01
4.041514873504638672e+00
-4.799998998641967773e-01
-7.734523415565490723e-01
1.583530187606811523e+00
-5.892789959907531738e-01
-1.630635261535644531e-01
9.712589979171752930e-01
1.029409289360046387e+00
-6.850581169128417969e-01
8.030700683593750000e+00
1.333811998367309570e+00
-1.230702877044677734e+00
9.796985983848571777e-01
-2.344767332077026367e+00
2.071449279785156250e+00
3.848597764968872070e+00
-1.414850354194641113e+00
7.465749263763427734e+00
5.705066204071044922e+00
9.740570783615112305e-01
-3.369233012199401855e-02
-3.067116498947143555e+00
2.030155897140502930e+00
4.322591781616210938e+00
1.730857372283935547e+00
3.381349086761474609e+00
3.909131526947021484e+00
2.778816223144531250e-01
-3.212034702301025391e+00
2.127278566360473633e+00
1.493689656257629395e+00
2.473604440689086914e+00
-5.084388256072998047e-01
-3.810708522796630859e-01
1.120560407638549805e+00
-1.830861926078796387e+00
-3.020046949386596680e-01
-1.505933046340942383e+00
-1.363709688186645508e+00
7.136303186416625977e-01
6.074802875518798828e-01
-3.124037683010101318e-01
-6.305153369903564453e-01
5.930459499359130859e+00
9.617877006530761719e-01
2.542956829071044922e+00
2.863694190979003906e+00
-4.349803924560546875e-02
2.053101062774658203e-01
4.835054874420166016e+00
2.447516441345214844e+00
1.184828996658325195e+00
4.959520816802978516e+00
4.118525028228759766e+00
5.008505344390869141e+00
3.605411291122436523e+00
-9.156181812286376953e-01
6.389990448951721191e-01
7.620060920715332031e+00
1.167110681533813477e+00
1.564995288848876953e+00
1.099395155906677246e+00
3.818201541900634766e+00
-1.447953701019287109e+00
-1.864795804023742676e+00
2.673174142837524414e+00
6.594141006469726562e+00
9.101690292358398438e+00
-1.884027242660522461e+00
-7.555097341537475586e-01
9.104304313659667969e-01
2.407373189926147461e+00
2.425189256668090820e+00
2.538156509399414062e+00
-1.082835555076599121e+00
-1.063771367073059082e+00
-7.089102268218994141e-02
-2.691995382308959961e+00
1.217577219009399414e+00
1.789977192878723145e+00
3.971824049949645996e-02
1.519379854202270508e+00
5.338381528854370117e-01
-2.576999664306640625e+00
1.221457123756408691e+00
3.630690813064575195e+00
4.234373092651367188e+00
-1.083058238029479980e+00
5.769462585449218750e-01
1.525518059730529785e+00
3.160172462463378906e+00
1.404850959777832031e+00
3.465584993362426758e+00
6.818014383316040039e-01
3.201440334320068359e+00
-1.120936632156372070e+00
2.660390615463256836e+00
-2.194391489028930664e-01
2.943259954452514648e+00
3.925996780395507812e+00
3.789504289627075195e+00
1.212139606475830078e+00
2.114061594009399414e+00
7.149776458740234375e+00
3.217009067535400391e+00
1.636361122131347656e+00
-5.027076601982116699e-01
5.007782936096191406e+00
-1.198724150657653809e+00
3.031300544738769531e+00
3.277502536773681641e+00
3.304887413978576660e-01
-1.873544454574584961e-01
-4.233592033386230469e+00
5.265049934387207031e+00
-1.013042569160461426e+00
2.258317947387695312e+00
-7.565156817436218262e-01
1.975435256958007812e+00
4.233923912048339844e+00
1.415804862976074219e+00
-1.105993866920471191e+00
3.289172172546386719e+00
-9.537077546119689941e-01
-1.636544108390808105e+00
2.421817302703857422e+00
1.675189018249511719e+00
3.105312824249267578e+00
-6.105797290802001953e-01
1.035233736038208008e-01
1.349751353263854980e-01
2.804846048355102539e+00
5.596145153045654297e+00
8.987342715263366699e-01
1.037890911102294922e+00
5.775530338287353516e+00
9.315061569213867188e-02
9.449042677879333496e-01
3.261046707630157471e-01
6.677183151245117188e+00
1.401059031486511230e+00
5.600203514099121094e+00
2.958785295486450195e+00
5.583232641220092773e-01
2.408061981201171875e+00
3.201732873916625977e+00
6.539805531501770020e-01
2.094574451446533203e+00
7.036768436431884766e+00
3.120945215225219727e+00
2.841866970062255859e+00
-2.422585010528564453e+00
3.685586452484130859e-01
-3.068659007549285889e-01
1.907313704490661621e+00
5.330781459808349609e+00
2.347489595413208008e+00
8.948184847831726074e-01
1.115926980972290039e+00
-1.928896903991699219e-01
2.121578454971313477e+00
-2.358753681182861328e+00
2.235649585723876953e+00
1.102329134941101074e+00
1.755380630493164062e-01
3.175590634346008301e-01
2.295805454254150391e+00
7.452572584152221680e-01
-1.233969569206237793e+00
1.303165793418884277e+00
4.525558471679687500e+00
-1.266956806182861328e+00
-1.263341426849365234e+00
5.522006750106811523e-01
-6.668782234191894531e-01
4.018145799636840820e-01
-1.378346681594848633e+00
8.627790451049804688e+00
7.337870597839355469e-01
3.561374902725219727e+00
2.471822261810302734e+00
-3.460875034332275391e+00
1.806410908699035645e+00
1.032858490943908691e+00
-1.372658908367156982e-01
1.526033878326416016e+00
2.879365682601928711e+00
3.082293272018432617e+00
6.645330905914306641e+00
1.481694936752319336e+00
-1.173651695251464844e+00
1.743683218955993652e+00
5.868843078613281250e+00
3.318351984024047852e+00
2.548676013946533203e+00
2.921831846237182617e+00
7.809486389160156250e-01
5.254324913024902344e+00
-3.660734891891479492e-01
-4.274843215942382812e+00
-6.441214680671691895e-01
3.820305585861206055e+00
-4.262030124664306641e-01
2.544483184814453125e+00
-2.959506511688232422e-01
2.838457524776458740e-01
9.185999035835266113e-01
3.741825520992279053e-01
-3.321205377578735352e+00
7.864162325859069824e-03
-2.554981708526611328e-01
-2.223200559616088867e+00
-1.230863094329833984e+00
1.734638214111328125e+00
-1.050940394401550293e+00
8.272095322608947754e-01
3.557681560516357422e+00
4.570587158203125000e+00
2.046578884124755859e+00
2.174916028976440430e+00
2.859984397888183594e+00
6.344835758209228516e-01
7.625858783721923828e-01
8.092343211174011230e-01
-2.221306562423706055e+00
-3.035112857818603516e+00
4.233934402465820312e+00
8.775608062744140625e+00
4.600300788879394531e+00
3.809657096862792969e+00
9.037256240844726562e-01
6.658498644828796387e-01
2.695997238159179688e+00
-1.640143632888793945e+00
3.580340623855590820e+00
3.299839019775390625e+00
5.945567488670349121e-01
1.734709024429321289e+00
2.017515301704406738e-01
5.179274678230285645e-01
-1.122512459754943848e+00
1.640889167785644531e+00
-2.000329494476318359e-01
1.052450776100158691e+00
1.867763757705688477e+00
-1.297718524932861328e+00
1.048703074455261230e+00
1.869029641151428223e+00
-7.082070112228393555e-01
2.725737810134887695e+00
1.294361352920532227e+00
-1.726051211357116699e+00
5.053714752197265625e+00
2.227865695953369141e+00
-7.189178466796875000e-01
1.217944145202636719e+00
1.971886634826660156e+00
-1.472815871238708496e-02
3.919361114501953125e+00
2.302988052368164062e+00
3.566742181777954102e+00
1.967571735382080078e+00
-1.434910893440246582e-01
7.082747936248779297e+00
1.087321758270263672e+00
3.275314331054687500e+00
6.536860466003417969e-01
-1.244337856769561768e-01
-6.987782716751098633e-01
-1.585656642913818359e+00
-1.291677355766296387e-01
-1.815325766801834106e-01
6.411717414855957031e+00
6.915631294250488281e-01
2.767688274383544922e+00
2.437839746475219727e+00
-3.596953392028808594e+00
3.181537151336669922e+00
8.081905245780944824e-01
2.641910314559936523e+00
2.224544286727905273e+00
1.746087789535522461e+00
1.310549259185791016e+00
-2.897536754608154297e-01
2.406278133392333984e+00
3.428879261016845703e+00
4.133165359497070312e+00
1.190802454948425293e+00
5.170966148376464844e+00
-4.455186367034912109e+00
7.523139119148254395e-01
5.348214626312255859e+00
1.612300157546997070e+00
8.882626891136169434e-02
1.333710670471191406e+00
3.992871344089508057e-01
4.477110862731933594e+00
-6.550374627113342285e-02
2.072261095046997070e+00
-2.447509527206420898e+00
2.759163856506347656e+00
-1.149358034133911133e+00
8.070806503295898438e+00
9.085595011711120605e-01
1.918776988983154297e+00
2.473762273788452148e+00
2.782770872116088867e+00
-3.919554948806762695e+00
-1.519992113113403320e+00
2.485826015472412109e+00
3.806501150131225586e+00
1.206248879432678223e+00
4.862846136093139648e-01
3.033985137939453125e+00
3.126133441925048828e+00
2.629577159881591797e+00
2.533775568008422852e+00
2.391494274139404297e+00
2.968784809112548828e+00
4.455495357513427734e+00
3.708375692367553711e+00
-1.925335168838500977e+00
-2.947051763534545898e+00
-1.718659877777099609e+00
-4.205112934112548828e+00
-1.582548320293426514e-01
-2.970808267593383789e+00
2.216625213623046875e+00
-7.964361310005187988e-01
-1.736739635467529297e+00
2.032544374465942383e+00
-2.029562950134277344e+00
-5.289260149002075195e-01
-3.392421960830688477e+00
-1.507302880287170410e+00
-5.253623485565185547e+00
-4.048648357391357422e+00
-6.650159835815429688e+00
-4.008909702301025391e+00
-4.489264011383056641e+00
-3.045931339263916016e+00
-3.406327724456787109e+00
-2.070088148117065430e+00
-3.913110256195068359e+00
-1.472631692886352539e+00
-3.753856897354125977e+00
-2.714861154556274414e+00
-1.438920736312866211e+00
1.210893869400024414e+00
-1.963611364364624023e+00
-2.022169113159179688e+00
-1.325770258903503418e+00
-2.520823001861572266e+00
-4.465266704559326172e+00
-4.281600952148437500e+00
-5.335582733154296875e+00
-1.416059255599975586e+00
-2.259880065917968750e+00
-1.134353995323181152e+00
-1.552013158798217773e+00
-3.110708713531494141e+00
-1.990139245986938477e+00
-4.686352252960205078e+00
-2.268307924270629883e+00
4.353273868560791016e+00
-4.904719352722167969e+00
-1.822570264339447021e-01
-2.098041534423828125e+00
1.793433666229248047e+00
3.013269901275634766e+00
1.871973037719726562e+00
7.570686936378479004e-01
-2.026125669479370117e+00
1.960241556167602539e+00
1.389585494995117188e+00
-4.993176460266113281e-02
4.342500209808349609e+00
1.855852603912353516e+00
7.116246223449707031e-01
1.244466543197631836e+00
1.186459541320800781e+00
5.164495706558227539e-01
2.067986965179443359e+00
-5.762326717376708984e-01
-4.838988304138183594e+00
-3.129326105117797852e-01
-1.970724105834960938e+00
-2.600627660751342773e+00
-3.251932144165039062e+00
-1.922588706016540527e+00
-1.330582618713378906e+00
-5.953330516815185547e+00
-5.423545837402343750e+00
-5.319893360137939453e+00
-2.324592828750610352e+00
-3.270186901092529297e+00
-4.391759634017944336e-01
4.440832614898681641e+00
