-1.298633575439453125e+00
2.127815961837768555e+00
-1.474594235420227051e+00
-2.741541862487792969e+00
-3.697518825531005859e+00
-3.758308291435241699e-01
-5.114587545394897461e-01
-3.638074874877929688e+00
-3.633889198303222656e+00
-4.827686786651611328e+00
-4.713717460632324219e+00
-1.773108363151550293e+00
-4.198711872100830078e+00
-3.666004180908203125e+00
-8.554770350456237793e-01
-6.150138854980468750e+00
-8.340605735778808594e+00
-9.475311636924743652e-01
-2.579901456832885742e+00
-5.638440132141113281e+00
-6.765054702758789062e+00
-2.249840259552001953e+00
-3.032372474670410156e+00
-4.799417972564697266e+00
-3.440670013427734375e+00
-3.428154706954956055e+00
-1.371054172515869141e+00
-2.163384914398193359e+00
-1.872839570045471191e+00
-3.219988584518432617e+00
-5.502943038940429688e+00
-2.356406211853027344e+00
-5.901284694671630859e+00
-3.733621835708618164e+00
-2.439598083496093750e+00
-2.165667295455932617e+00
-2.439483642578125000e+00
-2.202272653579711914e+00
1.710494518280029297e+00
-5.626577854156494141e+00
-2.057460308074951172e+00
-3.015305042266845703e+00
-2.300826072692871094e+00
-6.599049568176269531e+00
-2.491271495819091797e+00
7.176525592803955078e-01
-2.491534471511840820e+00
-2.085464239120483398e+00
-4.469423770904541016e+00
-4.791417598724365234e+00
-3.014801025390625000e+00
-2.445978403091430664e+00
8.418795466423034668e-01
-2.542859911918640137e-01
-3.562059879302978516e+00
6.025913953781127930e-01
7.217942476272583008e-01
-4.552465438842773438e+00
4.164522290229797363e-01
-3.369925022125244141e+00
6.374098062515258789e-01
2.706772804260253906e+00
3.580773770809173584e-01
-1.820822060108184814e-01
2.287337303161621094e+00
-3.101733326911926270e-02
-6.554421782493591309e-01
-2.958256006240844727e+00
-2.302646398544311523e+00
-2.367638111114501953e+00
-3.282232046127319336e+00
-4.215940952301025391e+00
-2.193962097167968750e+00
-4.741203308105468750e+00
-2.264269113540649414e+00
-3.406605958938598633e+00
-3.873195350170135498e-01
-2.819592952728271484e+00
-3.421962261199951172e+00
-2.540533065795898438e+00
-5.429119110107421875e+00
-3.921796798706054688e+00
-3.340399980545043945e+00
-6.965834140777587891e+00
-2.212332963943481445e+00
-1.233942747116088867e+00
-2.026317119598388672e-01
-1.692130446434020996e+00
1.629945635795593262e-01
9.119295477867126465e-01
-2.070905685424804688e+00
-5.911156177520751953e+00
-3.486307144165039062e+00
-6.184313297271728516e+00
-3.860139548778533936e-01
-8.444551467895507812e+00
-7.333137989044189453e-01
-2.873591423034667969e+00
-3.415517807006835938e+00
-5.837388992309570312e+00
-4.336155891418457031e+00
-4.387569427490234375e-01
-4.234942436218261719e+00
-7.861511111259460449e-01
-4.291183948516845703e+00
-3.352555274963378906e+00
-2.809742927551269531e+00
-1.866132497787475586e+00
-1.284970998764038086e+00
-1.683001279830932617e+00
-3.369696378707885742e+00
4.322595596313476562e-01
-3.176076173782348633e+00
-2.923779487609863281e+00
-2.155663490295410156e+00
-1.554653644561767578e+00
6.151345372200012207e-01
-2.016496896743774414e+00
-5.510194778442382812e+00
-5.497022628784179688e+00
-3.884522676467895508e+00
-3.219563961029052734e+00
-1.916764378547668457e+00
-5.655636310577392578e+00
-2.632408618927001953e+00
-5.613781452178955078e+00
-1.839015126228332520e+00
-1.938327550888061523e+00
-4.104951381683349609e+00
-3.573990583419799805e+00
-2.769442081451416016e+00
-4.996612071990966797e+00
-3.235836744308471680e+00
-3.931759119033813477e+00
-2.161216735839843750e+00
-7.355333805084228516e+00
-3.504675865173339844e+00
-6.230288505554199219e+00
-2.904843330383300781e+00
-4.020448684692382812e+00
-3.994569301605224609e+00
-4.158185005187988281e+00
-6.805215358734130859e+00
-4.805743217468261719e+00
-2.785097122192382812e+00
-3.436720609664916992e+00
-6.025219917297363281e+00
-3.103754043579101562e+00
-1.555618405342102051e+00
-1.958622813224792480e+00
-7.901006340980529785e-01
-3.259757757186889648e-01
-1.684247255325317383e+00
5.592000484466552734e-01
1.256574869155883789e+00
2.566559553146362305e+00
1.393623590469360352e+00
-1.318536996841430664e-01
-1.335426807403564453e+00
-2.987758517265319824e-01
-6.767631769180297852e-01
-1.108951091766357422e+00
3.161062002182006836e+00
1.095518231391906738e+00
-1.707038640975952148e+00
-9.181634187698364258e-01
2.055133819580078125e+00
1.060567498207092285e+00
3.365719318389892578e-01
-7.647724151611328125e-01
1.351907491683959961e+00
-2.088611125946044922e+00
-1.439003348350524902e-01
-4.894222319126129150e-02
-2.949367761611938477e+00
-1.180877685546875000e+00
-1.215345740318298340e+00
-2.763094663619995117e+00
-8.909855484962463379e-01
3.368187695741653442e-02
-8.557987809181213379e-01
-6.392438411712646484e-01
-2.432415246963500977e+00
-7.685720920562744141e-01
7.447338104248046875e-02
-2.594583034515380859e-01
-2.841268777847290039e+00
-1.427471399307250977e+00
-3.371312618255615234e-01
-2.088252782821655273e+00
-3.657109260559082031e+00
-5.661281347274780273e-01
1.323668479919433594e+00
-2.962637901306152344e+00
-2.494499206542968750e+00
-2.136381149291992188e+00
8.000095486640930176e-01
2.292855262756347656e+00
-7.098919153213500977e-02
-8.802912831306457520e-01
2.513024568557739258e+00
-1.480285167694091797e+00
2.082892358303070068e-01
-1.438734531402587891e+00
4.403871536254882812e+00
-6.513208150863647461e-01
-5.992666482925415039e-01
3.915560483932495117e+00
3.168057203292846680e+00
-4.049640297889709473e-01
-9.344013333320617676e-01
1.630910158157348633e+00
2.972413003444671631e-01
1.986533880233764648e+00
9.628697484731674194e-02
5.460974693298339844e+00
2.118014812469482422e+00
-1.351009845733642578e+00
1.958899021148681641e+00
6.476969718933105469e-01
2.207683086395263672e+00
-1.209938287734985352e+00
2.830898284912109375e+00
-2.161965370178222656e+00
-3.316787004470825195e+00
-3.179740667343139648e+00
-8.241626620292663574e-02
-3.031082868576049805e+00
-4.788741171360015869e-01
5.955080389976501465e-01
-1.737297534942626953e+00
1.132511258125305176e+00
2.378501296043395996e-01
1.918696641921997070e+00
1.204227924346923828e+00
-2.068992614746093750e+00
-3.769145727157592773e+00
1.424897313117980957e-01
2.542553424835205078e+00
-1.579050540924072266e+00
-1.061097145080566406e+00
-1.547857999801635742e+00
1.865882992744445801e+00
1.945817708969116211e+00
2.138807535171508789e+00
-6.045670509338378906e-01
1.187481999397277832e+00
5.983570575714111328e+00
-5.585862398147583008e-01
-1.878664851188659668e+00
1.345173418521881104e-01
1.778440833091735840e+00
-2.045928478240966797e+00
-1.407347917556762695e+00
1.002401113510131836e+00
2.635444164276123047e+00
3.458515882492065430e+00
1.600685954093933105e+00
-5.084323883056640625e-01
-1.228377819061279297e+00
5.798594951629638672e-01
-5.161012649536132812e+00
-1.096140861511230469e+00
-1.386862277984619141e+00
-2.664401531219482422e+00
-6.411177515983581543e-01
-1.207498669624328613e+00
-6.299767494201660156e-01
-2.888912200927734375e+00
-2.230486631393432617e+00
9.290083050727844238e-01
-3.918484151363372803e-01
-1.601043343544006348e+00
6.472502946853637695e-01
-2.237534284591674805e+00
-3.854663610458374023e+00
-2.498929500579833984e+00
-1.969149351119995117e+00
-1.583331823348999023e+00
6.773751974105834961e-01
-6.341132521629333496e-01
-2.839497804641723633e+00
-3.233175039291381836e+00
9.621897339820861816e-01
-1.875962376594543457e+00
-1.788289904594421387e+00
-4.860359430313110352e-02
-2.465463876724243164e+00
-1.523929953575134277e+00
-1.910643100738525391e+00
4.831269979476928711e-01
3.559298515319824219e-01
-1.818326115608215332e+00
-1.254138946533203125e-01
-2.044408798217773438e+00
-6.197994947433471680e-01
4.620134830474853516e-03
-2.629343986511230469e+00
-5.128882884979248047e+00
-4.635193824768066406e+00
-2.075991153717041016e+00
-1.654254555702209473e+00
-2.981012344360351562e+00
-4.554702639579772949e-01
-2.747313976287841797e+00
-5.092059612274169922e+00
-4.649269580841064453e+00
-7.226208448410034180e-01
-2.715809822082519531e+00
-2.066913366317749023e+00
1.452822089195251465e+00
-2.662242889404296875e+00
-2.970606327056884766e+00
-6.371412277221679688e-01
-6.419391036033630371e-01
-3.490551471710205078e+00
-3.399101495742797852e+00
1.018463850021362305e+00
-2.931025981903076172e+00
-6.627550721168518066e-01
-2.635229110717773438e+00
-1.972972035408020020e+00
-2.327320575714111328e+00
-3.475739240646362305e+00
-4.667474746704101562e+00
-3.315058708190917969e+00
-6.563508033752441406e+00
-3.565352439880371094e+00
-1.370597243309020996e+00
-4.836768507957458496e-01
-4.668532848358154297e+00
-3.098096609115600586e+00
-1.889327526092529297e+00
1.591946929693222046e-01
-2.281068325042724609e+00
-6.469109535217285156e+00
-3.256146430969238281e+00
-3.126790285110473633e+00
7.318155765533447266e-01
1.987248659133911133e+00
-1.450068354606628418e+00
1.245209574699401855e+00
-1.932013034820556641e+00
-4.267998218536376953e+00
-4.066194534301757812e+00
-6.930512189865112305e-01
-1.034754395484924316e+00
-2.995116710662841797e+00
-2.838228702545166016e+00
-2.835861206054687500e+00
-3.110265254974365234e+00
-5.086823463439941406e+00
-5.294432163238525391e+00
-4.083523273468017578e+00
-6.448993086814880371e-01
1.356855273246765137e+00
-2.465164899826049805e+00
-1.526184201240539551e+00
7.241207361221313477e-01
-2.208426713943481445e+00
-7.345017194747924805e-01
7.695191502571105957e-01
5.087259411811828613e-01
-2.081042051315307617e+00
-5.638819694519042969e+00
-6.869214773178100586e-02
-1.239004373550415039e+00
-4.027355670928955078e+00
-4.498154640197753906e+00
-3.194153785705566406e+00
-5.641891479492187500e+00
-4.584670543670654297e+00
-3.995046377182006836e+00
-2.008803606033325195e+00
-3.445527791976928711e+00
-4.792555809020996094e+00
-2.566866636276245117e+00
-2.193092584609985352e+00
-2.849086284637451172e+00
-5.770142078399658203e+00
-3.395866394042968750e+00
-5.290564537048339844e+00
-3.995375394821166992e+00
-3.642990112304687500e+00
-6.248818397521972656e+00
-1.335173964500427246e+00
-2.925834178924560547e+00
1.781860828399658203e+00
-1.900403499603271484e-01
-2.777192592620849609e+00
-2.349442481994628906e+00
-2.857706308364868164e+00
6.653074026107788086e-01
-1.469284772872924805e+00
-3.866550922393798828e-01
-4.817630290985107422e+00
-9.793982505798339844e-01
-2.708057880401611328e+00
5.565984725952148438e+00
-7.615050077438354492e-01
-3.215786814689636230e-01
-1.674149513244628906e+00
5.951502919197082520e-01
4.003520011901855469e-01
3.289077043533325195e+00
6.037946701049804688e+00
3.967959165573120117e+00
5.563772678375244141e+00
2.985247373580932617e-01
1.970755219459533691e+00
6.613399386405944824e-01
4.581721305847167969e+00
3.383067369461059570e+00
-5.217723369598388672e+00
5.396286010742187500e+00
4.378815174102783203e+00
5.636256217956542969e+00
6.567519187927246094e+00
1.270096063613891602e+00
7.129916191101074219e+00
-2.379258871078491211e+00
3.058306217193603516e+00
1.021020114421844482e-01
5.029528617858886719e+00
9.118583679199218750e+00
3.065236091613769531e+00
2.472247123718261719e+00
3.080321311950683594e+00
2.006217241287231445e-01
4.184743881225585938e+00
5.278835296630859375e-01
3.750673532485961914e+00
-2.551006078720092773e+00
2.171196699142456055e+00
2.465884208679199219e+00
2.487207889556884766e+00
2.912572145462036133e+00
3.175541639328002930e+00
2.016230583190917969e+00
-1.368227958679199219e+00
1.463860869407653809e+00
2.086540222167968750e+00
1.517829179763793945e+00
3.402961730957031250e+00
3.188351988792419434e-01
2.245485782623291016e-02
3.606534957885742188e+00
-2.163167715072631836e+00
2.936099767684936523e-01
3.813209533691406250e+00
5.559351921081542969e+00
-3.201956272125244141e+00
1.243964910507202148e+00
2.761069536209106445e+00
4.551627159118652344e+00
3.709233045578002930e+00
-1.188618898391723633e+00
3.010038375854492188e+00
1.671603083610534668e+00
-1.549591422080993652e-01
-1.777350783348083496e+00
-3.109950423240661621e-01
2.867781639099121094e+00
1.079379558563232422e+00
5.070918560028076172e+00
1.621094584465026855e+00
3.623964786529541016e+00
2.296045064926147461e+00
4.151837348937988281e+00
-3.152599334716796875e+00
3.266555309295654297e+00
8.285844326019287109e-01
-2.231907844543457031e-02
-4.792960643768310547e+00
1.251398563385009766e+00
2.098129130899906158e-02
2.521558761596679688e+00
1.807016730308532715e-01
8.134210586547851562e+00
-7.635998725891113281e-01
3.133356094360351562e+00
-2.935636997222900391e+00
-1.981715798377990723e+00
3.166921138763427734e+00
-1.137912154197692871e+00
-1.799376249313354492e+00
6.895045638084411621e-01
-5.710934400558471680e-01
-2.729370832443237305e+00
5.018392562866210938e+00
-1.208149671554565430e+00
-2.278188943862915039e+00
2.405166149139404297e+00
-5.568523406982421875e-01
-2.284466505050659180e+00
1.159659743309020996e+00
6.450548648834228516e+00
5.378047466278076172e+00
7.532298088073730469e+00
-4.841650962829589844e+00
2.578925371170043945e+00
-2.639915347099304199e-01
1.516096889972686768e-01
-2.933899879455566406e+00
4.097842693328857422e+00
2.110473662614822388e-01
1.177778601646423340e+00
-5.513134598731994629e-01
1.465537786483764648e+00
4.954676628112792969e+00
6.529755115509033203e+00
1.636713743209838867e+00
-1.571920990943908691e+00
-1.580969572067260742e+00
1.945770621299743652e+00
-4.145357012748718262e-01
4.822267532348632812e+00
2.158270597457885742e+00
1.243693351745605469e+00
6.817760467529296875e+00
7.321145534515380859e+00
-1.316075205802917480e+00
-6.371272802352905273e-01
-6.827864646911621094e-01
-8.461970686912536621e-01
-5.526909828186035156e+00
5.464420318603515625e+00
1.997498869895935059e+00
2.232633829116821289e-01
4.288471221923828125e+00
4.806890487670898438e+00
3.058868169784545898e+00
7.067201137542724609e-01
2.437532186508178711e+00
-2.660554647445678711e+00
-2.956266641616821289e+00
1.628294944763183594e+00
1.355269908905029297e+00
1.814271211624145508e+00
5.470596313476562500e+00
-7.862153053283691406e-01
-1.301777005195617676e+00
-1.277829289436340332e+00
1.815474987030029297e+00
-2.197975635528564453e+00
4.599219560623168945e-01
-1.986407995223999023e+00
4.751401424407958984e+00
-5.487658977508544922e-01
6.070584297180175781e+00
8.487530946731567383e-01
2.166545391082763672e+00
3.505073070526123047e+00
2.081032276153564453e+00
1.986752271652221680e+00
5.929255962371826172e+00
4.117737770080566406e+00
2.815309524536132812e+00
-2.038331508636474609e+00
1.651882648468017578e+00
4.272278308868408203e+00
1.720798015594482422e+00
-1.133264064788818359e+00
-3.475894451141357422e+00
4.184372901916503906e+00
5.024979114532470703e+00
-3.984415292739868164e+00
-3.603883028030395508e+00
-2.271384596824645996e-01
1.204591035842895508e+00
2.550398349761962891e+00
1.063035249710083008e+00
1.095577120780944824e+00
1.528126955032348633e+00
-1.518659591674804688e+00
1.901524782180786133e+00
1.881774544715881348e+00
3.332624435424804688e-01
9.367296099662780762e-02
1.400127172470092773e+00
7.099357843399047852e-01
9.290556907653808594e-01
4.399497985839843750e+00
1.953033328056335449e+00
-1.468605279922485352e+00
3.732799053192138672e+00
1.161869049072265625e+00
-4.148056507110595703e-01
4.036272525787353516e+00
3.445137500762939453e+00
-2.310405969619750977e+00
7.115181922912597656e+00
8.456010222434997559e-01
-1.167938709259033203e+00
-7.921001911163330078e-01
-1.966398954391479492e+00
-3.341539144515991211e+00
-6.451765298843383789e-01
6.917648315429687500e-01
2.099139928817749023e+00
-2.699391603469848633e+00
-3.779311776161193848e-01
6.122351169586181641e+00
3.150397539138793945e-01
4.948326349258422852e-01
1.920773506164550781e+00
-2.514450788497924805e+00
1.688568115234375000e+00
2.451764822006225586e+00
6.747030019760131836e-01
1.481352210044860840e+00
5.845074653625488281e+00
2.326123714447021484e+00
-1.386846542358398438e+00
1.656027555465698242e+00
1.704102277755737305e+00
3.276927947998046875e+00
2.381719112396240234e+00
-2.416774511337280273e+00
5.614764213562011719e+00
5.563578128814697266e+00
2.498265027999877930e+00
-1.087255239486694336e+00
-3.080340385437011719e+00
4.844287872314453125e+00
2.367261886596679688e+00
1.934538364410400391e+00
1.982181668281555176e+00
1.703871726989746094e+00
-2.352881193161010742e+00
-3.131841659545898438e+00
8.002654314041137695e-01
1.261361837387084961e-01
4.017296433448791504e-01
1.470251083374023438e+00
-2.353146076202392578e-01
5.189671516418457031e+00
1.002757072448730469e+00
3.099615812301635742e+00
1.357911109924316406e+00
1.471767663955688477e+00
-5.384766310453414917e-02
-7.043666839599609375e-01
-5.970315933227539062e-01
3.130054473876953125e+00
4.814407348632812500e+00
5.616713047027587891e+00
3.444006443023681641e+00
1.382534027099609375e+00
-2.153425693511962891e+00
-1.327734112739562988e+00
-4.593164324760437012e-01
1.086809158325195312e+00
4.440718889236450195e-02
8.109565377235412598e-01
3.225907802581787109e+00
1.836772680282592773e+00
2.512451410293579102e+00
-3.232439517974853516e+00
1.557068943977355957e+00
5.299531936645507812e+00
3.273446798324584961e+00
4.350372314453125000e+00
2.577416419982910156e+00
3.225379228591918945e+00
6.952163577079772949e-01
-2.045436859130859375e+00
1.725527763366699219e+00
5.846779346466064453e+00
8.747489929199218750e+00
3.022682070732116699e-01
-5.365693569183349609e-01
2.111552715301513672e+00
3.976322889328002930e+00
8.863229155540466309e-01
2.895054578781127930e+00
-1.693155169486999512e-01
-2.800535678863525391e+00
2.319729804992675781e+00
-9.757291674613952637e-01
3.848190784454345703e+00
-2.333962917327880859e-01
-3.371844053268432617e+00
-2.108371973037719727e+00
-2.729352712631225586e+00
1.463982462882995605e-01
1.432037353515625000e+00
4.163863182067871094e+00
-4.404374361038208008e-01
-2.512809514999389648e+00
-1.230500936508178711e-01
7.375404834747314453e-01
5.181880474090576172e+00
4.220050573348999023e-02
9.326338768005371094e-01
1.718233227729797363e+00
1.439768314361572266e+00
-4.599989652633666992e-01
2.030744314193725586e+00
1.467791914939880371e+00
5.785460948944091797e+00
3.750707626342773438e+00
5.237769126892089844e+00
1.417880177497863770e+00
2.228473424911499023e+00
7.710440635681152344e+00
2.104238748550415039e+00
5.886763334274291992e-03
-1.345710992813110352e+00
3.029925346374511719e+00
-1.296444177627563477e+00
2.876624822616577148e+00
1.998886466026306152e+00
1.094400882720947266e-03
-5.812273025512695312e-01
-4.739264488220214844e+00
2.659289598464965820e+00
-1.064124822616577148e+00
1.927210569381713867e+00
-5.071921348571777344e-01
1.152043342590332031e+00
5.927231788635253906e+00
6.125633716583251953e-01
-5.744961500167846680e-01
4.574220180511474609e-01
-5.062085390090942383e-01
-3.849500179290771484e+00
2.637100696563720703e+00
3.319675445556640625e+00
5.718310475349426270e-01
-2.857767820358276367e+00
-3.300416469573974609e-02
-7.555807828903198242e-01
2.055286407470703125e+00
6.309323310852050781e+00
4.980004787445068359e+00
5.247029662132263184e-01
2.275077581405639648e+00
-8.530349731445312500e-01
3.246456012129783630e-02
-1.003262042999267578e+00
6.073426723480224609e+00
2.220682621002197266e+00
5.606293201446533203e+00
1.218841671943664551e+00
-9.873210191726684570e-01
3.358736515045166016e+00
2.520425081253051758e+00
2.694512367248535156e+00
-3.260268568992614746e-01
9.195418357849121094e+00
3.999912977218627930e+00
3.651556015014648438e+00
1.642491966485977173e-01
1.899616718292236328e-01
-1.363961696624755859e+00
2.510211467742919922e+00
2.838936805725097656e+00
-4.497136116027832031e+00
-9.465435892343521118e-02
-2.139516115188598633e+00
1.378111958503723145e+00
3.367307901382446289e+00
-3.009802818298339844e+00
-1.836699843406677246e-01
5.387530326843261719e+00
-4.003334045410156250e+00
4.521270394325256348e-01
3.039769411087036133e+00
1.566484332084655762e+00
-1.208959698677062988e+00
-1.657033085823059082e+00
3.415034294128417969e+00
-1.359790325164794922e+00
-5.782924294471740723e-01
-1.664329171180725098e+00
-4.016823291778564453e+00
-1.129468560218811035e+00
9.591516256332397461e-01
2.520240783691406250e+00
-1.521094322204589844e+00
6.789704799652099609e+00
1.412245512008666992e+00
-2.212402343750000000e+00
-9.499938488006591797e-01
6.023728251457214355e-01
2.611971378326416016e+00
6.157575607299804688e+00
3.213586807250976562e+00
1.737068653106689453e+00
4.788058280944824219e+00
1.843836784362792969e+00
2.596541643142700195e-01
-1.953382790088653564e-01
4.085232734680175781e+00
1.054357439279556274e-01
-7.573606967926025391e-01
4.424781799316406250e+00
1.243079066276550293e+00
3.858900785446166992e+00
1.879078149795532227e-02
-1.803368687629699707e+00
1.076931595802307129e+00
2.913151502609252930e+00
-4.038325548171997070e-01
5.007647037506103516e+00
9.886254668235778809e-01
2.534957826137542725e-01
6.070101261138916016e-02
1.828920602798461914e+00
-1.659736752510070801e+00
-8.991181254386901855e-01
2.847049951553344727e+00
-1.965160608291625977e+00
-1.985925316810607910e+00
-1.030614733695983887e+00
-3.186862707138061523e+00
3.138111352920532227e+00
2.009799480438232422e+00
3.966588020324707031e+00
7.828449010848999023e-01
-3.000277757644653320e+00
-3.649104833602905273e-01
3.025473594665527344e+00
1.759496688842773438e+00
-4.250205755233764648e-01
1.474409550428390503e-02
-2.896025896072387695e+00
2.055398464202880859e+00
6.585616111755371094e+00
4.184144020080566406e+00
3.480566978454589844e+00
-1.155894994735717773e+00
1.154575586318969727e+00
1.150601506233215332e+00
9.347021579742431641e-02
7.776133418083190918e-01
2.207329273223876953e+00
1.889268875122070312e+00
-3.046668767929077148e-01
1.183816194534301758e+00
1.588931083679199219e+00
-6.294232606887817383e-01
5.806578159332275391e+00
2.900452375411987305e+00
1.515652537345886230e+00
2.205473184585571289e-01
3.408944606781005859e-02
8.008799552917480469e-01
3.599399805068969727e+00
3.674501180648803711e+00
2.159189462661743164e+00
3.014361143112182617e+00
6.390307843685150146e-02
4.157419204711914062e+00
2.197908163070678711e+00
-3.929214477539062500e-01
5.087900638580322266e+00
2.010415077209472656e+00
-1.471368432044982910e+00
3.366715192794799805e+00
2.697501182556152344e+00
2.821559190750122070e+00
9.287623167037963867e-01
2.421324729919433594e+00
8.329621315002441406e+00
-1.830692291259765625e-01
5.399131298065185547e+00
3.962550401687622070e+00
-1.047424435615539551e+00
3.146072864532470703e+00
-3.555340170860290527e-01
4.576687514781951904e-01
-6.082391738891601562e-01
3.076731920242309570e+00
-2.068412303924560547e+00
2.733877897262573242e+00
2.467560470104217529e-01
-4.670211076736450195e-01
3.940229177474975586e+00
2.407984256744384766e+00
-7.398117780685424805e-01
2.067718267440795898e+00
-8.896619677543640137e-01
2.613656282424926758e+00
7.176325321197509766e-01
-1.252657175064086914e-01
3.533784389495849609e+00
4.669735133647918701e-01
9.521059691905975342e-02
6.365042686462402344e+00
-4.556458950042724609e+00
5.170730113983154297e+00
5.950864791870117188e+00
-5.060255527496337891e-03
1.540705442428588867e+00
1.954777002334594727e+00
1.836655437946319580e-01
5.586657524108886719e+00
3.830425143241882324e-01
6.190670967102050781e+00
-7.023579478263854980e-01
7.671145200729370117e-01
-8.643047809600830078e-01
5.039755821228027344e+00
7.241485118865966797e-01
9.580326080322265625e-02
3.756950139999389648e+00
1.687207937240600586e+00
-1.772914648056030273e+00
-2.445387601852416992e+00
3.970173835754394531e+00
2.413895606994628906e+00
-6.941171288490295410e-01
-1.050459504127502441e+00
1.857270240783691406e+00
2.422485351562500000e+00
3.660853385925292969e+00
5.226559162139892578e+00
4.297566413879394531e+00
4.955936908721923828e+00
3.575330734252929688e+00
2.817673921585083008e+00
-5.064581632614135742e-01
4.523935317993164062e-01
-3.005524277687072754e-01
-7.827097892761230469e+00
-1.168026804924011230e+00
-1.942654013633728027e+00
5.399561882019042969e+00
-3.322644710540771484e+00
-1.137567520141601562e+00
9.543115496635437012e-01
-1.084817528724670410e+00
1.159104108810424805e-01
-2.023030757904052734e+00
-5.242238044738769531e-01
-1.685933828353881836e+00
-1.008307218551635742e+00
-3.133588790893554688e+00
-6.621656894683837891e+00
-6.331871032714843750e+00
-3.632413387298583984e+00
-1.270876884460449219e+00
-8.571045398712158203e-01
-3.146745204925537109e+00
-1.231863021850585938e+00
-3.730174779891967773e+00
-2.707151174545288086e-01
-6.034368872642517090e-01
6.739711761474609375e-01
-3.008703231811523438e+00
7.560647726058959961e-01
-7.024500370025634766e-01
-1.074483394622802734e+00
-4.141013145446777344e+00
-3.008115291595458984e+00
-3.841382741928100586e+00
-5.915528535842895508e-01
-1.495644569396972656e+00
-3.471973419189453125e+00
-7.851403355598449707e-01
-2.859823703765869141e+00
-2.196508169174194336e+00
-3.487297058105468750e+00
-3.641838073730468750e+00
3.589902400970458984e+00
-5.145846009254455566e-01
1.611779689788818359e+00
-2.174903154373168945e+00
3.138077735900878906e+00
3.126001358032226562e+00
3.589921295642852783e-01
1.682510375976562500e+00
-2.707537889480590820e+00
6.480116844177246094e-01
-9.112765789031982422e-01
-1.931481361389160156e-01
-1.966060996055603027e-01
-2.840511798858642578e-01
1.131080746650695801e+00
2.400791406631469727e+00
-7.291896343231201172e-01
5.404788851737976074e-01
7.896250486373901367e-01
-1.446734189987182617e+00
-3.376953363418579102e+00
9.554780721664428711e-01
-1.694215059280395508e+00
-3.876163482666015625e+00
-3.897586822509765625e+00
-2.243188381195068359e+00
-1.426229119300842285e+00
-4.472918510437011719e+00
-4.472570419311523438e+00
-3.787505388259887695e+00
-2.242793560028076172e+00
-2.438177108764648438e+00
-1.965367436408996582e+00
8.636913299560546875e+00
