-8.865082263946533203e-02
4.084964752197265625e+00
-1.867612481117248535e+00
-1.424262285232543945e+00
-4.681771278381347656e+00
8.200902342796325684e-01
-6.886727809906005859e-01
-1.988354086875915527e+00
-1.734719991683959961e+00
-2.152233123779296875e+00
-3.281330823898315430e+00
-3.232867479324340820e+00
-4.625607013702392578e+00
-3.212502717971801758e+00
-1.038821220397949219e+00
-4.379796504974365234e+00
-4.396358966827392578e+00
3.252400159835815430e-01
-1.306243538856506348e+00
-3.794029235839843750e+00
-4.686783790588378906e+00
-2.471375226974487305e+00
-3.965229988098144531e+00
-2.041934728622436523e+00
-1.021574139595031738e+00
-3.138028383255004883e+00
-1.482671499252319336e+00
-2.229029417037963867e+00
-1.318802833557128906e+00
-3.685933351516723633e+00
-3.895757913589477539e+00
-2.840802192687988281e+00
-3.384263515472412109e+00
-1.769391536712646484e+00
-2.284582138061523438e+00
-3.681436300277709961e+00
-2.257686614990234375e+00
-3.919411420822143555e+00
3.449027538299560547e+00
-1.854190945625305176e+00
1.697061538696289062e+00
-3.248035609722137451e-01
-8.087777495384216309e-01
-3.935812950134277344e+00
-7.123094797134399414e-02
7.637560963630676270e-01
1.566364049911499023e+00
-1.859986543655395508e+00
-2.475148439407348633e+00
-2.735764741897583008e+00
-9.335665702819824219e-01
-5.018115043640136719e-01
1.404188752174377441e+00
2.660185098648071289e-02
-1.901027083396911621e+00
4.602277278900146484e+00
1.098366498947143555e+00
-3.548414230346679688e+00
2.172737836837768555e+00
1.100877881050109863e+00
1.640895366668701172e+00
1.477392315864562988e+00
2.735958576202392578e+00
-1.491033077239990234e+00
6.128221988677978516e+00
2.336133480072021484e+00
1.810098052024841309e+00
5.546972155570983887e-01
6.161459088325500488e-01
-3.659178256988525391e+00
-4.363983154296875000e+00
-5.894819259643554688e+00
-4.699652194976806641e+00
-4.198699951171875000e+00
-2.100992441177368164e+00
-5.746343612670898438e+00
-6.165252923965454102e-01
-2.293554306030273438e+00
-3.130224704742431641e+00
-2.957062721252441406e+00
-3.038641929626464844e+00
2.842258214950561523e-01
-3.262215137481689453e+00
-3.004076719284057617e+00
2.177238464355468750e-03
-1.639497518539428711e+00
5.130171775817871094e-01
-2.028054237365722656e+00
-6.203377842903137207e-01
6.303334832191467285e-01
-2.168179750442504883e+00
-5.620660781860351562e+00
-1.691055774688720703e+00
-4.999841213226318359e+00
1.639994144439697266e+00
-4.927288055419921875e+00
-7.148814201354980469e-01
-2.821205377578735352e+00
-1.049754619598388672e+00
-2.163477897644042969e+00
-3.201965332031250000e+00
-2.862271785736083984e+00
-3.056288242340087891e+00
-1.215802907943725586e+00
-2.839183807373046875e+00
-5.560186862945556641e+00
-1.066601395606994629e+00
-1.496657490730285645e+00
-3.067516684532165527e-01
-5.463143587112426758e-01
-3.215694427490234375e+00
-9.962021112442016602e-01
-1.506718397140502930e+00
-3.452006816864013672e+00
-2.119452476501464844e+00
-2.733899116516113281e+00
3.848789334297180176e-01
-2.467706203460693359e+00
-6.072900772094726562e+00
-5.751100540161132812e+00
-4.363633155822753906e+00
-5.561554908752441406e+00
-3.735613346099853516e+00
-6.541241168975830078e+00
-4.163502693176269531e+00
-5.303273200988769531e+00
-5.604712486267089844e+00
-1.885980129241943359e+00
-5.734031677246093750e+00
-1.776800632476806641e+00
-1.283757448196411133e+00
-3.940762042999267578e+00
-3.990220546722412109e+00
-3.209057092666625977e+00
-2.487213373184204102e+00
-6.393166542053222656e+00
-3.177140712738037109e+00
-4.963031768798828125e+00
-2.866467714309692383e+00
-4.616752147674560547e+00
-5.384556770324707031e+00
-1.679030537605285645e+00
-5.197946548461914062e+00
-5.529131889343261719e+00
-2.557359218597412109e+00
-4.403562545776367188e+00
-4.729521274566650391e+00
-3.373154163360595703e+00
-2.961551904678344727e+00
-1.900244832038879395e+00
3.999811410903930664e-01
-2.715785026550292969e+00
-1.080358982086181641e+00
2.225044250488281250e+00
3.661833405494689941e-01
1.816542387008666992e+00
2.632640600204467773e+00
-2.092285633087158203e+00
-1.911278963088989258e+00
-7.424497604370117188e-01
7.347415089607238770e-01
2.317654937505722046e-01
1.352977514266967773e+00
-7.568980455398559570e-01
-1.845482140779495239e-01
1.235300421714782715e+00
7.257925271987915039e-01
1.528012871742248535e+00
2.571828365325927734e+00
-1.783660173416137695e+00
2.460145801305770874e-01
-2.445587396621704102e+00
-2.378276109695434570e+00
-1.122720479965209961e+00
-8.158687949180603027e-01
4.036293029785156250e-01
3.923827409744262695e-01
-3.198690176010131836e+00
1.544504880905151367e+00
-1.839984416961669922e+00
-2.709327459335327148e+00
6.250165104866027832e-01
-7.413427829742431641e-01
1.370184659957885742e+00
1.837982654571533203e+00
9.692053794860839844e-01
2.366250753402709961e-01
5.226866006851196289e-01
-1.742699027061462402e+00
-3.245965719223022461e+00
-6.376409530639648438e-02
-1.441923499107360840e+00
1.738637208938598633e+00
-1.977263331413269043e+00
-4.450375139713287354e-01
-3.533810377120971680e+00
-1.065922021865844727e+00
2.469826221466064453e+00
-5.394840240478515625e-02
2.409387081861495972e-01
4.255217611789703369e-01
-1.494280576705932617e+00
1.163777351379394531e+00
-5.002767443656921387e-01
2.349793434143066406e+00
3.061458349227905273e+00
1.901001214981079102e+00
5.214536190032958984e+00
2.769980192184448242e+00
1.970622777938842773e+00
9.203160405158996582e-01
9.252126216888427734e-01
2.628252983093261719e+00
5.222769260406494141e+00
3.332815170288085938e+00
3.855028152465820312e+00
4.377834320068359375e+00
1.664243102073669434e+00
4.329681396484375000e+00
3.712337970733642578e+00
3.264569759368896484e+00
1.076328754425048828e+00
1.368757724761962891e+00
-2.613324165344238281e+00
-1.177702903747558594e+00
-5.789577960968017578e-01
-4.134604632854461670e-01
-4.469093680381774902e-01
2.223739862442016602e+00
9.404786229133605957e-01
-2.061546802520751953e+00
-1.247345507144927979e-01
1.002271413803100586e+00
1.569674849510192871e+00
2.909430265426635742e+00
-1.754680633544921875e+00
-7.510321736335754395e-01
-3.710129857063293457e-01
1.202327251434326172e+00
2.843190908432006836e+00
-1.488253355026245117e+00
9.739022254943847656e-01
1.079472005367279053e-01
1.361777782440185547e+00
3.025332212448120117e+00
-6.298754215240478516e-01
1.163235068321228027e+00
5.231471061706542969e+00
3.842293024063110352e-01
-1.615252256393432617e+00
-1.578977108001708984e+00
1.489076018333435059e+00
-2.949260473251342773e+00
-1.881548404693603516e+00
1.490523457527160645e+00
4.882501602172851562e+00
4.129281044006347656e+00
3.487899780273437500e+00
-4.970191717147827148e-01
-3.614033937454223633e+00
-1.078759193420410156e+00
-3.052946567535400391e+00
-3.032568931579589844e+00
5.625404715538024902e-01
-2.275100946426391602e+00
1.838450729846954346e-01
1.224620938301086426e-01
3.225633144378662109e+00
-1.402956128120422363e+00
-2.896768093109130859e+00
-4.049081504344940186e-01
-1.874899148941040039e+00
-6.761917471885681152e-01
-7.388200759887695312e-01
-3.167836666107177734e+00
-3.212344884872436523e+00
-2.014892816543579102e+00
-4.224679946899414062e+00
-6.782485485076904297e+00
-1.297265291213989258e+00
-3.704760074615478516e+00
-2.923212051391601562e+00
-1.943316698074340820e+00
8.138516545295715332e-01
-1.421050548553466797e+00
-2.045666217803955078e+00
-3.380985260009765625e+00
-3.786762714385986328e+00
-1.159320831298828125e+00
-3.795654296875000000e+00
-1.750898957252502441e+00
-1.626700520515441895e+00
-1.550518274307250977e+00
-9.004176259040832520e-01
-3.433892250061035156e+00
-2.416811227798461914e+00
-2.495296478271484375e+00
-5.185119628906250000e+00
-3.456810951232910156e+00
-4.859031200408935547e+00
-2.028572082519531250e+00
-1.650925397872924805e+00
-4.208544254302978516e+00
-1.969686031341552734e+00
-3.805236577987670898e+00
-4.527956008911132812e+00
-4.018334388732910156e+00
-4.061622619628906250e+00
-1.662443995475769043e+00
-2.246657371520996094e+00
-2.335044384002685547e+00
-5.227073192596435547e+00
-6.501020908355712891e+00
-2.091899394989013672e+00
-3.362054586410522461e+00
-4.584929943084716797e+00
-3.690534114837646484e+00
-3.438276648521423340e-01
-1.907448410987854004e+00
3.411727666854858398e+00
-1.524279117584228516e-01
8.434598445892333984e-01
4.843426942825317383e-01
-1.368761658668518066e+00
-3.282189130783081055e+00
-6.053748130798339844e-01
-5.275650024414062500e+00
-1.547562837600708008e+00
-1.761735200881958008e+00
-1.565938234329223633e+00
-1.049163937568664551e-01
-2.138772249221801758e+00
6.157755851745605469e-04
4.704344570636749268e-01
-2.917760372161865234e+00
-6.496612071990966797e+00
-3.237221240997314453e+00
-4.465870380401611328e+00
1.015793919563293457e+00
4.009363651275634766e+00
1.757262229919433594e+00
3.158016204833984375e+00
-5.551269054412841797e-01
-3.441721916198730469e+00
-4.073884963989257812e+00
1.002585291862487793e-01
1.332820296287536621e+00
-1.488496780395507812e+00
3.042076826095581055e-01
-1.878495573997497559e+00
-3.881557703018188477e+00
-3.091411590576171875e+00
-4.653178691864013672e+00
-2.828781127929687500e+00
2.205823898315429688e+00
5.113867759704589844e+00
-3.270006895065307617e+00
-1.678353309631347656e+00
1.198806315660476685e-01
-2.269506692886352539e+00
-4.693658351898193359e+00
-1.227733373641967773e+00
-2.610287427902221680e+00
-2.901674270629882812e+00
-7.079528570175170898e-01
1.610369831323623657e-01
-9.795753955841064453e-01
-3.354615688323974609e+00
-1.258300185203552246e+00
-4.619632720947265625e+00
-7.925333499908447266e+00
-3.950088024139404297e+00
-4.406199932098388672e+00
-3.123870849609375000e+00
-4.213494777679443359e+00
-4.821128368377685547e+00
-4.833298206329345703e+00
-2.900061368942260742e+00
-4.186935424804687500e+00
-6.011886596679687500e+00
-4.304141521453857422e+00
-2.244274854660034180e+00
-1.617550611495971680e+00
-2.960442543029785156e+00
-6.092306137084960938e+00
-8.218914270401000977e-01
5.176793336868286133e-01
-3.109882473945617676e-01
-2.439630031585693359e+00
-1.420547723770141602e+00
1.589230060577392578e+00
-2.595602035522460938e+00
2.280929088592529297e+00
1.544805765151977539e+00
-1.748186111450195312e+00
-3.385695457458496094e+00
1.316467881202697754e+00
-1.269675612449645996e+00
4.239388465881347656e+00
1.301757812500000000e+00
1.396513432264328003e-01
-1.728148460388183594e+00
1.941567182540893555e+00
-3.141172885894775391e+00
3.597985029220581055e+00
6.551586151123046875e+00
2.609563827514648438e+00
4.599729537963867188e+00
3.026360511779785156e+00
1.830950677394866943e-01
1.018801331520080566e+00
3.560942173004150391e+00
3.901418685913085938e+00
-1.008476376533508301e+00
7.254933834075927734e+00
4.880892753601074219e+00
-3.096877932548522949e-01
4.467489719390869141e+00
-6.194837093353271484e-01
3.464491367340087891e+00
-2.274033725261688232e-01
4.178264617919921875e+00
-2.400801420211791992e+00
-1.223025083541870117e+00
5.935089111328125000e+00
6.226494789123535156e+00
-7.142819762229919434e-01
3.838795661926269531e+00
-3.689513683319091797e+00
2.943147897720336914e+00
1.009561866521835327e-01
7.455037236213684082e-01
-8.298455476760864258e-01
1.883205652236938477e+00
5.411318778991699219e+00
4.114070892333984375e+00
4.614867210388183594e+00
1.805348634719848633e+00
1.131211519241333008e+00
-4.794948577880859375e+00
2.292586803436279297e+00
-2.361006975173950195e+00
-7.617989182472229004e-02
3.586234092712402344e+00
-8.975241780281066895e-01
-4.435613751411437988e-01
5.279017448425292969e+00
1.060801625251770020e+00
2.472842216491699219e+00
5.309526443481445312e+00
4.286722183227539062e+00
-2.098612308502197266e+00
3.990989923477172852e-02
3.565230369567871094e+00
6.569108366966247559e-01
2.686199665069580078e+00
8.184420466423034668e-01
4.459126472473144531e+00
1.886571884155273438e+00
-6.515884995460510254e-01
1.957797110080718994e-01
-1.800775051116943359e+00
4.803020954132080078e+00
-8.491683006286621094e-02
4.629634857177734375e+00
2.991231679916381836e+00
5.580062866210937500e+00
1.241420030593872070e+00
2.418611049652099609e+00
-1.868793368339538574e+00
1.171328425407409668e-01
-1.433479070663452148e+00
1.132633090019226074e+00
-2.482917785644531250e+00
1.608461976051330566e+00
-2.349870204925537109e+00
6.598742008209228516e+00
2.315007925033569336e+00
8.917685508728027344e+00
-2.781992435455322266e+00
4.846086502075195312e+00
-1.565988183021545410e+00
1.699832975864410400e-01
1.029009819030761719e+00
-4.406514763832092285e-01
-6.847273111343383789e-01
-1.767146587371826172e+00
-2.704998970031738281e+00
-3.266710042953491211e-02
7.382158279418945312e+00
-2.252460002899169922e+00
-4.185198783874511719e+00
4.669332027435302734e+00
4.269085407257080078e+00
-4.249820709228515625e+00
4.056358814239501953e+00
1.960546731948852539e+00
4.472865581512451172e+00
5.678975105285644531e+00
-1.048336625099182129e+00
6.914972662925720215e-01
-9.587751626968383789e-01
3.221808195114135742e+00
-1.858276605606079102e+00
-1.576223850250244141e+00
-3.045986413955688477e+00
4.692761898040771484e-01
-4.682164192199707031e-01
-1.250432491302490234e+00
4.031599044799804688e+00
7.285099029541015625e+00
2.716331958770751953e+00
-5.721289157867431641e+00
1.025972962379455566e-01
1.102411985397338867e+00
-1.564254164695739746e-01
6.607275605201721191e-01
3.157021522521972656e+00
4.390679597854614258e-01
6.306852340698242188e+00
5.888486862182617188e+00
-4.394898414611816406e+00
-1.288939118385314941e+00
-1.678518295288085938e+00
-2.396277427673339844e+00
-4.080438613891601562e+00
2.401906013488769531e+00
-7.647238373756408691e-01
-1.818889737129211426e+00
1.739634275436401367e+00
8.143579483032226562e+00
2.560573816299438477e+00
-8.568314909934997559e-01
-2.370665073394775391e+00
-4.348224163055419922e+00
-6.016878604888916016e+00
3.150142669677734375e+00
5.961195230484008789e-01
2.153009653091430664e+00
2.363304138183593750e+00
-1.692799568176269531e+00
1.848659157752990723e+00
-2.216315746307373047e+00
5.774264335632324219e-01
-1.077647954225540161e-01
3.326492547988891602e+00
-1.258435845375061035e+00
8.298260688781738281e+00
2.499653816223144531e+00
4.059512138366699219e+00
-2.050957918167114258e+00
-1.577137231826782227e+00
3.313644886016845703e+00
5.056867599487304688e+00
6.461686491966247559e-01
4.434295654296875000e+00
4.672023773193359375e+00
7.743994235992431641e+00
-1.314862012863159180e+00
3.732919096946716309e-01
2.391442775726318359e+00
6.179996728897094727e-01
1.229780554771423340e+00
-1.355144619941711426e+00
5.073849678039550781e+00
5.101262569427490234e+00
-1.986333370208740234e+00
-4.830053806304931641e+00
-1.749739170074462891e+00
1.442796230316162109e+00
7.225487828254699707e-01
2.604215383529663086e+00
-5.329264402389526367e-01
-1.371868968009948730e+00
-4.211458563804626465e-01
5.660702586174011230e-01
-1.483002662658691406e+00
-2.938167095184326172e+00
7.314554452896118164e-01
1.111394405364990234e+00
1.391567468643188477e+00
8.757483959197998047e-01
4.136191368103027344e+00
-1.616567969322204590e+00
1.863696575164794922e-01
2.457231879234313965e-01
1.907851934432983398e+00
1.104849219322204590e+00
6.473729610443115234e+00
1.453489661216735840e+00
-1.725162863731384277e-01
3.144576549530029297e+00
-9.404988884925842285e-01
-7.972609996795654297e-01
-2.769599676132202148e+00
1.097304701805114746e+00
-2.928693532943725586e+00
6.266676783561706543e-01
2.064316511154174805e+00
3.780534744262695312e+00
-3.762366056442260742e+00
7.303488254547119141e-02
3.432373285293579102e+00
1.474900245666503906e-01
-1.136406302452087402e+00
-6.919723153114318848e-01
-1.479367494583129883e+00
-3.591427206993103027e-02
-8.764362335205078125e-01
2.698111057281494141e+00
1.004252195358276367e+00
2.424515008926391602e+00
6.410363912582397461e-01
-3.574926137924194336e+00
-4.144792258739471436e-02
3.565077483654022217e-01
3.241175651550292969e+00
4.845596849918365479e-01
-1.278934121131896973e+00
1.468641877174377441e+00
3.285057067871093750e+00
1.110015034675598145e+00
-2.342442750930786133e+00
-4.907213687896728516e+00
3.089621305465698242e+00
2.033924579620361328e+00
-4.237521171569824219e+00
1.352795243263244629e+00
3.974906921386718750e+00
-1.162461996078491211e+00
-2.410479307174682617e+00
1.210403203964233398e+00
-7.545276880264282227e-01
-1.712813258171081543e+00
1.290731191635131836e+00
-1.623475074768066406e+00
5.237826824188232422e+00
4.839092731475830078e+00
2.797281742095947266e+00
8.188473582267761230e-01
8.675445914268493652e-01
2.069517374038696289e+00
-1.004249095916748047e+00
1.600791931152343750e+00
-2.402842283248901367e+00
2.862770795822143555e+00
2.357071161270141602e+00
2.614278316497802734e+00
2.323981285095214844e+00
8.099986314773559570e-01
-3.739309310913085938e+00
2.561390101909637451e-01
1.888290524482727051e+00
-1.351983785629272461e+00
5.642790317535400391e+00
2.023266792297363281e+00
4.981853008270263672e+00
5.562803745269775391e-01
-1.009228110313415527e+00
2.131953716278076172e+00
9.805213928222656250e+00
2.002272605895996094e+00
5.146088600158691406e+00
3.093856096267700195e+00
1.589331626892089844e+00
-1.857982397079467773e+00
1.017281413078308105e+00
3.911216735839843750e+00
2.920469760894775391e+00
5.811195850372314453e+00
-2.813577890396118164e+00
-7.465307712554931641e-01
1.214369297027587891e+00
4.523909091949462891e-01
-3.147044777870178223e-01
-2.827559411525726318e-01
3.138580083847045898e+00
-1.799884676933288574e+00
-2.558465957641601562e+00
-9.028059244155883789e-02
1.753117561340332031e+00
-9.320119619369506836e-01
-1.330667138099670410e+00
-3.944284319877624512e-01
-1.714003533124923706e-01
-1.804140329360961914e+00
-4.768661260604858398e-01
4.923519492149353027e-01
5.856108069419860840e-01
-9.600657820701599121e-01
1.103778600692749023e+00
9.778096675872802734e-01
3.199374198913574219e+00
6.048142313957214355e-01
3.862591266632080078e+00
1.716328263282775879e+00
-5.123959779739379883e-01
7.573827505111694336e-01
2.371768236160278320e+00
4.128647446632385254e-01
3.243098735809326172e+00
4.898120403289794922e+00
3.056187629699707031e+00
2.398231744766235352e+00
3.356537103652954102e+00
1.051922035217285156e+01
3.713567733764648438e+00
1.694739460945129395e+00
-1.678373336791992188e+00
4.081168174743652344e+00
-2.184235751628875732e-01
2.642657756805419922e+00
-2.464433908462524414e+00
-1.277625560760498047e+00
-9.691319465637207031e-01
-4.938750267028808594e+00
7.022454738616943359e+00
1.260975837707519531e+00
3.204599857330322266e+00
3.073025941848754883e+00
-1.045123815536499023e+00
7.623234272003173828e+00
-1.930594444274902344e+00
-9.767742753028869629e-01
2.444107532501220703e+00
-6.948087215423583984e-01
-2.423588752746582031e+00
3.896077632904052734e+00
3.077952861785888672e+00
-8.796882629394531250e-02
-1.381623744964599609e-01
-9.119321107864379883e-01
2.357238531112670898e-01
5.012804508209228516e+00
3.720025539398193359e+00
3.470393896102905273e+00
-1.717874109745025635e-01
1.407631874084472656e+00
-1.042206406593322754e+00
1.253215909004211426e+00
-1.309658050537109375e+00
3.055737495422363281e+00
1.433559060096740723e+00
6.688037872314453125e+00
-1.231185793876647949e-01
2.568285465240478516e-01
4.487731754779815674e-01
5.790773630142211914e-01
4.576266288757324219e+00
-2.946972846984863281e-01
6.749607563018798828e+00
9.127448201179504395e-01
1.411704778671264648e+00
-1.430319547653198242e+00
-7.189822196960449219e-01
-5.890866518020629883e-01
5.090854644775390625e+00
4.714554309844970703e+00
-2.352599620819091797e+00
-1.899924635887145996e+00
-8.805034160614013672e-01
-3.462677001953125000e-01
3.678312301635742188e+00
-2.834842920303344727e+00
1.789115667343139648e+00
2.475872755050659180e+00
-3.798416376113891602e+00
-1.057842612266540527e+00
3.735448360443115234e+00
7.810966968536376953e-01
-1.481420397758483887e+00
4.955868244171142578e+00
2.972142219543457031e+00
-3.194173097610473633e+00
1.604943394660949707e+00
1.743789464235305786e-01
-2.095173835754394531e+00
-1.133783817291259766e+00
-1.799045443534851074e+00
6.502092838287353516e+00
-7.658123970031738281e-02
6.288957118988037109e+00
9.024268984794616699e-01
-4.332592487335205078e+00
3.301944434642791748e-01
-1.256118893623352051e+00
7.059839367866516113e-01
1.419556617736816406e+00
3.987664937973022461e+00
-1.122912168502807617e+00
5.036466121673583984e+00
2.905815601348876953e+00
3.700612783432006836e+00
-1.161817014217376709e-01
3.404823064804077148e+00
1.101337075233459473e+00
3.959269523620605469e+00
3.797713279724121094e+00
-1.570611119270324707e+00
5.174534797668457031e+00
-1.327111124992370605e-01
-3.189971923828125000e+00
8.209295272827148438e-01
3.776735067367553711e+00
-1.405793666839599609e+00
6.091052293777465820e-01
1.100302696228027344e+00
1.591955065727233887e+00
7.329977154731750488e-01
-1.742121219635009766e+00
-3.489885568618774414e+00
-1.561989784240722656e-01
7.545226216316223145e-01
3.027119636535644531e-01
-3.193586111068725586e+00
1.774773359298706055e+00
-2.390698909759521484e+00
1.335904359817504883e+00
1.013596534729003906e+00
5.483646869659423828e+00
4.434412479400634766e+00
2.737179398536682129e-01
3.576305866241455078e+00
5.788841843605041504e-01
5.481728911399841309e-01
1.177757263183593750e+00
-1.881262958049774170e-01
-1.369021415710449219e+00
1.696122884750366211e+00
7.476329803466796875e+00
-7.767307758331298828e-02
4.038003444671630859e+00
1.547428369522094727e-01
-2.883779406547546387e-01
1.603140234947204590e+00
-3.041018843650817871e-01
1.469927191734313965e+00
3.946735858917236328e+00
2.038186073303222656e+00
-8.736069798469543457e-01
7.316623330116271973e-01
8.403099179267883301e-01
1.227232694625854492e+00
4.631498336791992188e+00
2.525347948074340820e+00
-1.182674050331115723e+00
1.177629947662353516e+00
4.314544200897216797e-01
1.244450569152832031e+00
2.638259410858154297e+00
9.347268342971801758e-01
1.018944263458251953e+00
7.561876773834228516e-01
4.802015125751495361e-01
3.311427593231201172e+00
-1.839669466018676758e+00
1.928548455238342285e+00
1.628849744796752930e+00
2.516431808471679688e+00
1.999527215957641602e-03
1.404704332351684570e+00
-1.225830316543579102e+00
5.788727283477783203e+00
3.043484926223754883e+00
5.876425504684448242e-01
6.935461521148681641e+00
2.184877157211303711e+00
4.559731483459472656e+00
6.161747574806213379e-01
-7.999993860721588135e-02
-8.230499625205993652e-01
-3.329040288925170898e+00
3.140206336975097656e-01
-2.127094030380249023e+00
7.252358436584472656e+00
-1.867672443389892578e+00
4.133752822875976562e+00
3.754764556884765625e+00
-3.554149627685546875e+00
3.440813541412353516e+00
2.779028415679931641e+00
7.726724743843078613e-01
4.503062963485717773e-01
1.606896162033081055e+00
-4.096732437610626221e-01
3.468901872634887695e+00
2.709356784820556641e+00
-4.086106717586517334e-01
2.785368919372558594e+00
-2.903142929077148438e+00
4.667351245880126953e+00
-5.295247554779052734e+00
2.184961795806884766e+00
6.003845214843750000e+00
2.934123992919921875e+00
-1.638591289520263672e-03
2.556840658187866211e+00
-2.680613398551940918e-01
2.653171539306640625e+00
-3.212940394878387451e-01
2.690217733383178711e+00
-5.535252571105957031e+00
4.039136409759521484e+00
-1.264676570892333984e+00
3.951559543609619141e+00
2.690090656280517578e+00
3.491691350936889648e+00
2.035370349884033203e+00
8.102695643901824951e-02
-4.570909500122070312e+00
1.248013973236083984e-02
1.043082237243652344e+00
6.801267623901367188e+00
9.346380829811096191e-01
9.420136213302612305e-01
7.792097568511962891e+00
1.972693920135498047e+00
1.550653457641601562e+00
-1.670487046241760254e+00
3.744156837463378906e+00
4.344304084777832031e+00
2.665437936782836914e+00
3.070595860481262207e-01
-3.576085805892944336e+00
-3.924454212188720703e+00
-3.890675306320190430e+00
-6.589838981628417969e+00
-2.410970211029052734e+00
-4.625010490417480469e+00
1.393296480178833008e+00
-1.728857755661010742e+00
-3.176836252212524414e+00
-2.867016196250915527e-01
-2.107809066772460938e+00
-4.298323392868041992e-01
-4.499941825866699219e+00
-2.173189640045166016e+00
-6.711262702941894531e+00
-4.492805957794189453e+00
-3.149486303329467773e+00
-7.083620071411132812e+00
-6.462325096130371094e+00
-3.140273571014404297e+00
7.134707570075988770e-01
-2.297660827636718750e+00
-3.095269203186035156e+00
-6.623691916465759277e-01
-4.561981201171875000e+00
-9.005102515220642090e-01
-5.305506587028503418e-01
1.431839466094970703e+00
-1.676508426666259766e+00
-2.815795898437500000e+00
-1.398246884346008301e+00
-1.586207866668701172e+00
-2.674098968505859375e+00
-2.562798976898193359e+00
-3.765215635299682617e+00
7.586655020713806152e-01
-3.420925855636596680e+00
-3.417101860046386719e+00
-1.373994588851928711e+00
-2.759580135345458984e+00
-2.857523918151855469e+00
-6.650899410247802734e+00
-5.092913150787353516e+00
8.950936794281005859e-02
-7.055061340332031250e+00
-2.505803585052490234e+00
-3.000871419906616211e+00
2.291194438934326172e+00
1.978416204452514648e+00
1.009011268615722656e+00
2.082551956176757812e+00
-2.244010210037231445e+00
3.236289262771606445e+00
2.248054504394531250e+00
2.867944717407226562e+00
1.825281262397766113e+00
-1.155039191246032715e+00
1.406079173088073730e+00
1.331007242202758789e+00
3.032719850540161133e+00
1.038608074188232422e+00
2.555562019348144531e+00
-1.339988231658935547e+00
-3.560094594955444336e+00
1.999634265899658203e+00
-3.356972694396972656e+00
-5.639132976531982422e+00
-3.680808544158935547e+00
-3.608546853065490723e-01
-8.694177865982055664e-02
-6.304325580596923828e+00
-3.808131933212280273e+00
-4.016163825988769531e+00
-4.860572338104248047e+00
-3.201592206954956055e+00
-1.387608647346496582e+00
2.797732353210449219e+00
