-1.650136351585388184e+00
2.302863359451293945e+00
1.183556914329528809e-01
-3.435013771057128906e+00
-1.913631200790405273e+00
-3.075557708740234375e+00
-3.823570251464843750e+00
4.352452754974365234e-01
-1.074716091156005859e+00
1.522276401519775391e-01
-1.808329224586486816e+00
3.114603757858276367e-01
-4.311997592449188232e-01
-2.098051071166992188e+00
2.351141929626464844e+00
-3.291283607482910156e+00
-4.215465545654296875e+00
2.072878360748291016e+00
-2.379319190979003906e+00
-2.167901039123535156e+00
-4.733768939971923828e+00
4.705794453620910645e-01
-1.281054973602294922e+00
-1.169478058815002441e+00
-1.294639587402343750e+00
-4.971660614013671875e+00
-1.523381233215332031e+00
-1.374934673309326172e+00
-1.250959753990173340e+00
-5.016021728515625000e+00
-4.260125637054443359e+00
-1.494642347097396851e-01
-5.130909442901611328e+00
-3.041806221008300781e+00
-9.768453240394592285e-01
-1.660303950309753418e+00
6.084368228912353516e-01
-1.395129084587097168e+00
2.561049699783325195e+00
-1.746139168739318848e+00
-1.475101262331008911e-01
-5.026062726974487305e-01
-4.330228567123413086e-01
-6.988104343414306641e+00
-2.437359809875488281e+00
-6.934257149696350098e-01
1.313133001327514648e+00
9.521610736846923828e-01
-4.740019321441650391e+00
-7.758166790008544922e+00
-4.926422119140625000e+00
-4.028938770294189453e+00
-3.998812675476074219e+00
-9.652296900749206543e-01
-3.879722118377685547e+00
-6.148321628570556641e-01
-1.569401979446411133e+00
-6.363162040710449219e+00
-4.154982566833496094e+00
-3.437898159027099609e+00
-3.021173715591430664e+00
-9.874207973480224609e-01
-2.447999000549316406e+00
-4.170488357543945312e+00
3.289144039154052734e-01
-3.213176488876342773e+00
-2.737596273422241211e+00
-2.223226547241210938e+00
-5.192982196807861328e+00
-4.730460345745086670e-01
-3.481398820877075195e+00
-2.274857997894287109e+00
-3.960346937179565430e+00
-1.335505723953247070e+00
-6.295505762100219727e-01
-3.002783298492431641e+00
1.478015661239624023e+00
-1.461077213287353516e+00
-4.640500068664550781e+00
-1.561477661132812500e+00
-5.876787662506103516e+00
-3.223956108093261719e+00
-3.789887666702270508e+00
-4.142687797546386719e+00
-1.925754070281982422e+00
-4.281202316284179688e+00
1.749473810195922852e-02
2.480637431144714355e-01
2.717165708541870117e+00
-9.504871368408203125e-01
-7.611125707626342773e-02
-2.820949792861938477e+00
9.981509447097778320e-01
-2.140059232711791992e+00
1.414073467254638672e+00
-2.139700889587402344e+00
3.245442390441894531e+00
-1.794040679931640625e+00
-2.756340265274047852e+00
-5.521557807922363281e+00
-4.616084575653076172e+00
-3.690165996551513672e+00
-2.801517009735107422e+00
-8.834117054939270020e-01
-4.457882404327392578e+00
-4.074440956115722656e+00
-2.583651065826416016e+00
-1.246316313743591309e+00
-4.497218132019042969e+00
1.164335012435913086e-02
-3.383403539657592773e+00
-1.596340298652648926e+00
-6.695055007934570312e+00
-3.658031225204467773e+00
-5.875284671783447266e+00
-2.375051975250244141e+00
-1.913722157478332520e+00
-1.384387254714965820e+00
-4.655087471008300781e+00
-3.670446634292602539e+00
-3.621670961380004883e+00
-4.246544361114501953e+00
-3.293806314468383789e+00
-5.408489227294921875e+00
-3.193700790405273438e+00
-6.165829181671142578e+00
-5.973715782165527344e+00
-7.732722163200378418e-02
-3.118963003158569336e+00
-1.504765748977661133e+00
-3.132282495498657227e+00
-7.099127769470214844e-01
-1.701828837394714355e+00
-8.331044912338256836e-01
-4.292323112487792969e+00
-6.249517917633056641e+00
-2.392985343933105469e+00
-4.980432987213134766e+00
-2.565824031829833984e+00
-5.410220623016357422e+00
-2.226996183395385742e+00
-3.318693637847900391e+00
-4.981647491455078125e+00
-6.339455604553222656e+00
-1.862412691116333008e+00
-6.153584480285644531e+00
-3.030234336853027344e+00
-3.801990985870361328e+00
-3.830291271209716797e+00
-3.634078979492187500e+00
-2.491458952426910400e-01
-5.633879303932189941e-01
-2.722649097442626953e+00
-6.650803089141845703e-01
-1.166628837585449219e+00
1.281532287597656250e+00
2.707499504089355469e+00
-1.964242577552795410e+00
-4.119749069213867188e+00
-1.022066831588745117e+00
-1.609178423881530762e+00
1.234234094619750977e+00
2.402269840240478516e+00
-2.421742439270019531e+00
-1.126717925071716309e+00
2.354082018136978149e-01
-8.774897456169128418e-02
-1.016543269157409668e+00
2.938285112380981445e+00
-4.168266355991363525e-01
-2.614015102386474609e+00
-2.003618478775024414e+00
-1.100382566452026367e+00
-2.186004638671875000e+00
-4.191261768341064453e+00
-2.255299091339111328e+00
-1.127031326293945312e+00
-3.639930248260498047e+00
-2.572925806045532227e+00
-3.494260787963867188e+00
-5.426704406738281250e+00
-7.679001688957214355e-01
1.250177383422851562e+00
-2.019753158092498779e-01
2.463114261627197266e+00
-3.287656307220458984e-01
9.047077298164367676e-01
-1.298534154891967773e+00
-2.125697374343872070e+00
-1.505319714546203613e+00
-5.745546817779541016e-01
6.275717020034790039e-01
-4.988244175910949707e-01
-1.760088324546813965e+00
-1.673462867736816406e+00
-2.252764225006103516e+00
-2.310482501983642578e+00
-3.204574108123779297e+00
-3.623902320861816406e+00
-4.753033518791198730e-01
-2.053442239761352539e+00
-2.967777490615844727e+00
1.472224295139312744e-01
1.509796679019927979e-01
-3.218144178390502930e-02
5.623729228973388672e-01
-1.134127140045166016e+00
5.272437572479248047e+00
2.122550964355468750e+00
-5.520765185356140137e-01
-5.289866447448730469e+00
-1.511355638504028320e+00
-9.229657649993896484e-01
2.539205789566040039e+00
2.551681280136108398e+00
6.053049564361572266e-01
2.358105659484863281e+00
-1.909489870071411133e+00
4.195114135742187500e+00
2.160214424133300781e+00
1.677658259868621826e-01
-1.988372087478637695e+00
9.841532707214355469e-01
-3.101096630096435547e+00
-2.701698303222656250e+00
-2.483640909194946289e+00
-2.904357671737670898e+00
-2.951510429382324219e+00
-1.877950906753540039e+00
-3.505571782588958740e-01
-5.481562614440917969e-01
-1.035107851028442383e+00
9.406560659408569336e-02
1.695149660110473633e+00
1.455267667770385742e+00
-2.193323373794555664e+00
-3.973150014877319336e+00
2.085041522979736328e+00
9.556752443313598633e-01
2.438725233078002930e+00
-4.366630315780639648e-01
-3.892773389816284180e-01
-2.753469228744506836e+00
-1.053598761558532715e+00
-1.109756231307983398e+00
-1.269068121910095215e-01
2.391716837882995605e-01
2.856981039047241211e+00
-1.587199270725250244e-01
-2.687764644622802734e+00
-3.015579700469970703e+00
-1.284321397542953491e-01
-3.629369020462036133e+00
-8.067733049392700195e-01
1.488858222961425781e+00
2.624771595001220703e-01
9.220124781131744385e-02
2.549118399620056152e-01
-9.813445806503295898e-01
-3.644810676574707031e+00
2.136894226074218750e+00
-5.740229606628417969e+00
-2.225207805633544922e+00
3.319340467453002930e+00
2.279672145843505859e+00
1.081024780869483948e-01
-1.558597087860107422e+00
-1.477165818214416504e+00
-3.103293895721435547e+00
-3.819072484970092773e+00
-1.404700398445129395e+00
-1.775358319282531738e+00
1.910492777824401855e+00
2.310911655426025391e+00
-1.397751569747924805e+00
-9.471280574798583984e-01
-1.898207426071166992e+00
-3.236860632896423340e-01
-4.937996864318847656e+00
2.517592608928680420e-01
-3.323090314865112305e+00
-1.600122451782226562e-02
1.064445495605468750e+00
2.645909070968627930e+00
-6.997810602188110352e-01
-7.939425706863403320e-01
-1.404530525207519531e+00
-3.982068777084350586e+00
8.450780510902404785e-01
-2.554925441741943359e+00
5.602239370346069336e-01
8.693641424179077148e-01
1.594049096107482910e+00
-6.970511674880981445e-01
7.328648567199707031e-01
-4.272354543209075928e-01
7.682156562805175781e-02
-2.658078670501708984e+00
-1.709800004959106445e+00
-2.972488880157470703e+00
-2.229864120483398438e+00
-1.591106176376342773e+00
-2.503291368484497070e-01
9.630662202835083008e-01
-1.026907086372375488e+00
-2.082644224166870117e+00
-4.399636745452880859e+00
-1.980767130851745605e+00
-2.696792602539062500e+00
-3.076635599136352539e+00
-4.508080959320068359e+00
-3.323490619659423828e+00
-4.662508487701416016e+00
-2.698171377182006836e+00
9.645104408264160156e-03
-5.314168930053710938e+00
-2.285263061523437500e+00
3.027610540390014648e+00
-2.494722366333007812e+00
3.088005781173706055e+00
1.572826385498046875e+00
-3.262327194213867188e+00
-1.899099707603454590e+00
-1.676431298255920410e+00
-4.247748374938964844e+00
-2.256993770599365234e+00
-4.168366432189941406e+00
-4.688630580902099609e+00
-1.010458946228027344e+00
-4.128406524658203125e+00
-6.683843731880187988e-01
-3.040971040725708008e+00
-3.412261009216308594e-01
3.996923208236694336e+00
-1.215659618377685547e+00
-2.371561050415039062e+00
4.441076517105102539e-02
5.686505436897277832e-01
2.146200180053710938e+00
2.014915227890014648e+00
6.662091016769409180e-01
3.009621620178222656e+00
-2.424935102462768555e+00
-3.822018146514892578e+00
-3.700037479400634766e+00
-1.709223508834838867e+00
-1.462700724601745605e+00
3.408616781234741211e-02
-1.432343363761901855e+00
-2.858667612075805664e+00
1.125695705413818359e-01
-2.425939083099365234e+00
-2.215220212936401367e+00
-9.056439399719238281e-01
4.352832317352294922e+00
3.841140270233154297e+00
-4.553434252738952637e-02
-1.183716773986816406e+00
8.665328025817871094e-01
-1.757030844688415527e+00
-2.866892576217651367e+00
1.738960444927215576e-01
-6.980211734771728516e-01
-3.678892374038696289e+00
-7.556030750274658203e-01
8.250960707664489746e-01
-2.385473728179931641e+00
-2.712425231933593750e+00
-2.053790688514709473e-01
-2.678834438323974609e+00
-4.672458171844482422e+00
-2.859248638153076172e+00
-6.551888585090637207e-01
-1.705807149410247803e-01
1.389669924974441528e-01
-3.827492475509643555e+00
-9.756399393081665039e-01
-6.659514307975769043e-01
-1.715791702270507812e+00
-2.896328687667846680e+00
-2.291664600372314453e+00
-1.717574596405029297e+00
-5.851090550422668457e-01
-3.507135868072509766e+00
-6.495823860168457031e+00
-5.769283175468444824e-01
-1.532938480377197266e-01
2.791341543197631836e+00
1.070464849472045898e-01
-3.651714086532592773e+00
-4.301240921020507812e+00
-4.421307563781738281e+00
9.572218656539916992e-01
-4.047647953033447266e+00
-1.816092729568481445e+00
-5.898852348327636719e+00
-1.067883729934692383e+00
-1.052630305290222168e+00
4.866251945495605469e+00
3.176887631416320801e-01
-7.790538668632507324e-01
1.627593278884887695e+00
1.072045087814331055e+00
-4.023498535156250000e+00
1.431109189987182617e+00
3.531494379043579102e+00
2.862606525421142578e+00
7.952123641967773438e+00
5.493153095245361328e+00
-2.090053081512451172e+00
1.523662209510803223e+00
6.473366737365722656e+00
3.629114627838134766e+00
1.286193728446960449e+00
8.585897445678710938e+00
9.291991591453552246e-01
3.431163430213928223e-01
1.976590156555175781e+00
2.433472633361816406e+00
3.235993146896362305e+00
4.231516420841217041e-01
3.038831949234008789e+00
1.624602556228637695e+00
2.022898435592651367e+00
4.848896026611328125e+00
4.449236392974853516e+00
-4.005365848541259766e+00
4.299742221832275391e+00
-1.071049451828002930e+00
2.641131579875946045e-01
4.137686789035797119e-01
5.589381217956542969e+00
4.235341548919677734e-01
5.573990345001220703e-01
7.093059539794921875e+00
5.118653774261474609e+00
6.652159214019775391e+00
4.796546697616577148e-02
1.283622264862060547e+00
-2.176213264465332031e+00
5.199788570404052734e+00
-4.248216629028320312e+00
3.447209000587463379e-01
4.452026367187500000e+00
-3.011941432952880859e+00
-5.855712294578552246e-01
6.336202621459960938e+00
2.478239297866821289e+00
3.821487188339233398e+00
7.525685787200927734e+00
-6.655282378196716309e-01
-2.430193424224853516e+00
9.796504974365234375e-01
9.456891417503356934e-01
-4.467010498046875000e-03
5.952170372009277344e+00
1.597657680511474609e+00
3.127643585205078125e+00
-2.038333892822265625e+00
-1.062513828277587891e+00
-3.226263046264648438e+00
-2.945108890533447266e+00
7.077018737792968750e+00
5.668146014213562012e-01
6.402290821075439453e+00
6.556025028228759766e+00
4.285109043121337891e+00
-6.839190721511840820e-01
6.390904426574707031e+00
-1.542798638343811035e+00
-7.643157243728637695e-01
1.278273820877075195e+00
-4.117276072502136230e-01
1.631663203239440918e+00
1.515829205513000488e+00
2.282615751028060913e-01
3.336882591247558594e+00
5.398152828216552734e+00
1.112858104705810547e+01
1.898265779018402100e-01
2.555376768112182617e+00
2.096655845642089844e+00
1.199964284896850586e+00
-1.318659424781799316e+00
-2.104149341583251953e+00
-1.240058183670043945e+00
-3.411802291870117188e+00
7.833834886550903320e-01
2.289572060108184814e-01
2.066600561141967773e+00
-3.791140794754028320e+00
2.439877510070800781e+00
8.661268234252929688e+00
1.840974807739257812e+00
-2.169112443923950195e+00
4.090490341186523438e+00
-1.831897720694541931e-02
3.155838966369628906e+00
3.114694833755493164e+00
5.831558704376220703e-01
1.302664995193481445e+00
-1.362047314643859863e+00
5.635136365890502930e-01
-2.489748477935791016e+00
-9.422878623008728027e-01
3.045340776443481445e-01
-2.954332351684570312e+00
-5.330206453800201416e-02
-1.280692517757415771e-01
-6.857596039772033691e-01
4.191538810729980469e+00
1.695100903511047363e+00
-2.533831119537353516e+00
-2.662095069885253906e+00
8.519678115844726562e-01
1.365590333938598633e+00
5.139951705932617188e+00
5.671745777130126953e+00
-2.657526731491088867e-02
7.511258602142333984e+00
8.383500099182128906e+00
-3.646718263626098633e+00
-1.126443147659301758e+00
2.008774757385253906e+00
-2.200444698333740234e+00
-1.845848560333251953e+00
3.369408607482910156e+00
2.335972309112548828e+00
-1.114790797233581543e+00
4.932720661163330078e+00
4.234822273254394531e+00
8.695858716964721680e-01
-3.551723003387451172e+00
-5.005601644515991211e-01
-5.020401000976562500e+00
-4.407918930053710938e+00
1.089139580726623535e-01
-6.908800601959228516e-01
2.791746854782104492e+00
6.715342998504638672e-01
-1.061371207237243652e+00
1.390334129333496094e+00
1.387702226638793945e-01
3.651033401489257812e+00
-1.507880926132202148e+00
4.656073570251464844e+00
-1.455070495605468750e+00
7.365299224853515625e+00
3.110838413238525391e+00
6.528688907623291016e+00
-3.051461696624755859e+00
1.735527276992797852e+00
3.662445545196533203e+00
5.898263454437255859e+00
-5.522716045379638672e-01
6.573360443115234375e+00
-2.186400890350341797e+00
-8.008463382720947266e-01
-3.429335594177246094e+00
2.208163261413574219e+00
1.217075109481811523e+00
3.053429365158081055e+00
-1.384343862533569336e+00
7.304742932319641113e-01
5.187655448913574219e+00
4.138075351715087891e+00
-3.419616937637329102e+00
-5.870713710784912109e+00
-1.809458255767822266e+00
5.892865657806396484e+00
1.763803124427795410e+00
-1.288347840309143066e-01
-7.149332761764526367e-01
7.572553157806396484e-01
8.553289175033569336e-01
2.518770217895507812e+00
-4.432142376899719238e-01
-2.531088352203369141e+00
-1.380438566207885742e+00
-2.274426817893981934e-01
2.604570388793945312e+00
4.156562805175781250e+00
1.077998638153076172e+00
1.720198631286621094e+00
-9.279806613922119141e-01
1.828181743621826172e+00
3.691789627075195312e+00
-6.976127624511718750e-01
4.992796421051025391e+00
5.676785111427307129e-01
-7.273641228675842285e-02
3.735988140106201172e+00
1.516345500946044922e+00
2.498668432235717773e+00
-3.014092922210693359e+00
6.843330860137939453e+00
-3.180481195449829102e+00
2.297547340393066406e+00
2.836476325988769531e+00
5.043658256530761719e+00
5.739408135414123535e-01
-1.328105449676513672e+00
2.980630397796630859e+00
1.476280689239501953e-01
-2.516015291213989258e+00
-8.002100586891174316e-01
1.164855599403381348e+00
-3.262365579605102539e+00
3.608084917068481445e-01
7.105235099792480469e+00
-2.387755870819091797e+00
5.983438491821289062e+00
3.624065160751342773e+00
1.931233644485473633e+00
1.993242055177688599e-01
-4.272501766681671143e-01
1.701812744140625000e+00
1.349118947982788086e+00
1.827413201332092285e+00
1.704507470130920410e+00
3.446231365203857422e+00
6.217045187950134277e-01
-1.055955886840820312e+00
-1.871897697448730469e+00
8.972114324569702148e-01
5.365581989288330078e+00
1.779727458953857422e+00
5.727267742156982422e+00
9.572897553443908691e-01
1.683802604675292969e-01
-2.927332878112792969e+00
9.279862642288208008e-01
5.460715293884277344e-02
1.554665088653564453e+00
3.453517675399780273e+00
-1.080128669738769531e+00
7.242780208587646484e+00
3.123860836029052734e+00
8.685382604598999023e-01
-1.982398033142089844e-01
3.337429761886596680e-01
5.892274975776672363e-01
-3.258691072463989258e+00
1.006829142570495605e-01
1.814067363739013672e-02
-1.716655015945434570e+00
1.985969066619873047e+00
1.436680197715759277e+00
3.539466857910156250e+00
-2.127531528472900391e+00
1.348708629608154297e+00
8.617380261421203613e-01
3.379919528961181641e+00
2.904343307018280029e-01
8.456702232360839844e+00
1.844040989875793457e+00
5.481549739837646484e+00
-5.119603872299194336e-01
4.145749509334564209e-01
-1.176276206970214844e+00
8.964416503906250000e+00
5.297241210937500000e-01
3.243573188781738281e+00
2.988420486450195312e+00
9.846793413162231445e-01
-4.503531932830810547e+00
-1.983097195625305176e+00
1.737289786338806152e+00
3.476751804351806641e+00
7.415770530700683594e+00
-3.535321474075317383e+00
-2.305271863937377930e+00
1.080554276704788208e-01
9.272801280021667480e-01
4.286906719207763672e+00
3.092228412628173828e+00
4.397074222564697266e+00
-6.852048635482788086e-01
1.177627921104431152e+00
-1.831681251525878906e+00
1.469206213951110840e+00
1.163509845733642578e+00
-2.376886844635009766e+00
7.126768827438354492e-01
-1.472949147224426270e+00
-3.893586635589599609e+00
1.436558365821838379e+00
6.210513412952423096e-02
3.669471263885498047e+00
-3.255215883255004883e+00
2.335708856582641602e+00
7.436901926994323730e-01
5.483483314514160156e+00
-6.532219648361206055e-01
5.157890796661376953e+00
3.429464340209960938e+00
4.188817501068115234e+00
-1.714492201805114746e+00
3.070835113525390625e+00
-2.347539424896240234e+00
4.569509029388427734e+00
3.621363162994384766e+00
3.599371671676635742e+00
4.083758831024169922e+00
-9.340779483318328857e-02
1.007690906524658203e+01
1.541268825531005859e-01
2.018526792526245117e-01
-2.811844110488891602e+00
7.024453639984130859e+00
2.447844505310058594e+00
7.039334774017333984e-01
1.178143024444580078e-01
1.907222509384155273e+00
-4.696924686431884766e+00
-3.125112056732177734e+00
3.515535831451416016e+00
3.693490743637084961e+00
1.275651931762695312e+00
-4.075101017951965332e-02
9.649451971054077148e-01
3.772447347640991211e+00
-1.547162055969238281e+00
-4.952141761779785156e+00
-4.087678194046020508e-01
-2.529323816299438477e+00
-3.014340996742248535e-01
1.937671899795532227e-01
3.643197059631347656e+00
2.690383911132812500e+00
9.888325333595275879e-01
-1.190766453742980957e+00
1.410730600357055664e+00
-1.099602937698364258e+00
6.421616554260253906e+00
-9.403918981552124023e-01
1.400144696235656738e-01
3.340060710906982422e+00
-7.922711372375488281e-01
5.410570502281188965e-01
1.135081291198730469e+00
3.212297201156616211e+00
7.851341962814331055e-01
5.053273200988769531e+00
-5.954706668853759766e-01
3.716963052749633789e+00
-3.031138181686401367e-01
2.769435405731201172e+00
5.922273159027099609e+00
1.234147310256958008e+00
5.059313774108886719e+00
4.043448925018310547e+00
2.956068038940429688e+00
1.319623827934265137e+00
1.284091114997863770e+00
-8.361897468566894531e-01
2.579888343811035156e+00
5.731807231903076172e+00
-2.817986965179443359e+00
4.843918085098266602e-01
-1.748086214065551758e-01
-1.566618919372558594e+00
-1.184036970138549805e+00
-7.567862421274185181e-02
2.278358459472656250e+00
1.607813358306884766e+00
3.052628040313720703e-01
2.911990404129028320e+00
2.495287805795669556e-01
1.621780157089233398e+00
-1.138930201530456543e+00
3.510432004928588867e+00
2.002074241638183594e+00
-1.492280244827270508e+00
1.776235580444335938e+00
3.108294010162353516e-01
-3.170629978179931641e+00
-1.907462120056152344e+00
1.568181395530700684e+00
1.120558166503906250e+01
-1.515754818916320801e+00
1.739579439163208008e+00
6.037667989730834961e-01
-1.561187863349914551e+00
7.431243658065795898e-01
3.580930709838867188e+00
1.274477481842041016e+00
4.782418310642242432e-01
1.725135445594787598e-01
-1.517258882522583008e+00
6.456949710845947266e+00
3.306287527084350586e+00
2.597353935241699219e+00
1.764819383621215820e+00
4.124732017517089844e+00
1.504529237747192383e+00
2.226597070693969727e+00
3.014263629913330078e+00
1.220074176788330078e+00
6.030933380126953125e+00
2.112811565399169922e+00
-2.601789832115173340e-01
-2.459253787994384766e+00
5.355792999267578125e+00
-7.503603100776672363e-01
2.914027690887451172e+00
7.606712579727172852e-01
1.839710116386413574e+00
1.810073256492614746e+00
-1.905980706214904785e-01
-1.969617009162902832e+00
-4.537339508533477783e-02
2.989803552627563477e-01
-2.039480209350585938e-01
-7.787020206451416016e-01
3.190366625785827637e-01
-1.820154070854187012e+00
3.365333676338195801e-01
3.289014339447021484e+00
5.013172149658203125e+00
4.617197036743164062e+00
9.813237786293029785e-01
1.589289069175720215e+00
7.619135975837707520e-01
-1.866605639457702637e+00
-9.175370931625366211e-01
-1.644372344017028809e+00
-1.684832096099853516e+00
-1.468773961067199707e+00
5.733770847320556641e+00
5.934868335723876953e+00
5.276433944702148438e+00
-1.916357278823852539e-01
-2.892384052276611328e+00
1.578782796859741211e-01
-4.829004287719726562e+00
2.615630388259887695e+00
3.336724042892456055e-01
-1.184920072555541992e-01
-1.869723796844482422e-01
3.183029651641845703e+00
-5.987566113471984863e-01
3.478843688964843750e+00
5.251203536987304688e+00
9.482978582382202148e-01
9.566788673400878906e-01
3.345313549041748047e+00
1.558476448059082031e+00
1.006463527679443359e+00
3.280481100082397461e+00
2.336164474487304688e+00
1.619073867797851562e+00
2.902556180953979492e+00
2.587977886199951172e+00
1.435707926750183105e+00
-9.693455100059509277e-01
4.378660202026367188e+00
2.933472394943237305e+00
3.285863399505615234e+00
-3.196844756603240967e-01
-1.362750053405761719e+00
7.733501195907592773e-01
2.454671859741210938e+00
3.393387496471405029e-01
5.136950969696044922e+00
2.897171974182128906e+00
3.630372524261474609e+00
8.096151351928710938e+00
3.536504983901977539e+00
-6.113928556442260742e-01
2.315389811992645264e-01
-2.512276887893676758e+00
-4.293738007545471191e-01
2.591034770011901855e-01
8.305440902709960938e+00
2.274174451828002930e+00
2.189872264862060547e+00
2.699298858642578125e+00
-9.751086235046386719e-01
2.005608081817626953e+00
4.909405410289764404e-01
2.594450235366821289e+00
1.212136745452880859e+00
1.731136322021484375e+00
1.241139292716979980e+00
1.699905872344970703e+00
2.480923891067504883e+00
1.285681486129760742e+00
2.503373384475708008e+00
-8.922045230865478516e-01
1.257713556289672852e+00
-1.825562477111816406e+00
3.730534315109252930e-01
1.024555492401123047e+01
3.161606788635253906e+00
-1.038585066795349121e+00
1.545606851577758789e+00
-3.563421964645385742e-02
3.187255144119262695e+00
1.352220892906188965e+00
2.613234758377075195e+00
-1.663932800292968750e+00
4.048523426055908203e+00
-2.396529197692871094e+00
3.864763021469116211e+00
3.936777114868164062e-01
-2.262637853622436523e+00
3.424439430236816406e+00
-2.872871875762939453e+00
-5.486694812774658203e+00
-2.748230457305908203e+00
3.124777317047119141e+00
-5.566294193267822266e-01
7.061572074890136719e-01
-2.554275035858154297e+00
9.418304443359375000e+00
2.798598706722259521e-01
2.963632106781005859e+00
-2.796918869018554688e+00
3.043795585632324219e+00
1.788267850875854492e+00
3.619361400604248047e+00
-1.100595712661743164e+00
-3.623375654220581055e+00
-3.223000049591064453e+00
-5.533185958862304688e+00
-6.776276588439941406e+00
-2.029957532882690430e+00
-3.876531362533569336e+00
1.945705413818359375e-01
-3.544547796249389648e+00
-1.556201815605163574e+00
-1.358392000198364258e+00
-6.319461822509765625e+00
-1.774622678756713867e+00
-4.294140815734863281e+00
-2.082931995391845703e+00
-3.975479125976562500e+00
-1.676277518272399902e+00
-4.436357498168945312e+00
-6.852210044860839844e+00
-4.860407352447509766e+00
-4.400553703308105469e+00
-9.403732419013977051e-01
8.553457260131835938e-01
-5.253452301025390625e+00
4.456050992012023926e-01
-5.781003475189208984e+00
-1.020296573638916016e+00
3.030778884887695312e+00
1.677644252777099609e+00
-2.647818088531494141e+00
-2.445648193359375000e+00
-1.139364242553710938e+00
-6.829424500465393066e-01
-2.348472118377685547e+00
-2.900896310806274414e+00
-1.387174010276794434e+00
1.672843813896179199e+00
-4.867036819458007812e+00
-3.976634502410888672e+00
-8.850122094154357910e-01
-3.089215278625488281e+00
-1.366367816925048828e+00
-5.685940265655517578e+00
-4.357188701629638672e+00
-2.011816501617431641e-01
-6.085775375366210938e+00
-6.568455696105957031e-01
-3.375385761260986328e+00
7.428598403930664062e-01
2.416315555572509766e+00
1.226572036743164062e+00
-5.043455958366394043e-01
-3.524727344512939453e+00
1.107358694076538086e+00
1.776190757751464844e+00
-9.112479686737060547e-01
2.430970668792724609e-01
-1.383095145225524902e+00
1.231743574142456055e+00
-5.414604544639587402e-01
2.433898448944091797e+00
2.050513744354248047e+00
1.259727358818054199e+00
-2.051559448242187500e+00
-6.846072196960449219e+00
-1.072064638137817383e+00
-4.831199645996093750e+00
-4.126338005065917969e+00
-5.284059047698974609e+00
-4.099405288696289062e+00
-1.164845108985900879e+00
-5.780915737152099609e+00
-3.692601442337036133e+00
-5.499905109405517578e+00
-5.796530723571777344e+00
-4.489012241363525391e+00
-2.260979652404785156e+00
5.455848217010498047e+00
