-2.114228725433349609e+00
1.290291547775268555e+00
-1.116539597511291504e+00
-5.214353084564208984e+00
-4.085001945495605469e+00
-1.934346914291381836e+00
-3.630031824111938477e+00
-2.468476772308349609e+00
-1.536069869995117188e+00
-3.129688501358032227e-01
-3.332324743270874023e+00
-2.418975830078125000e+00
-1.944985151290893555e+00
-2.736678600311279297e+00
-1.979537010192871094e+00
-6.356503486633300781e+00
-5.680576324462890625e+00
-1.740717172622680664e+00
-4.232087612152099609e+00
-3.015587329864501953e+00
-6.859107017517089844e+00
-4.416184902191162109e+00
-4.036101341247558594e+00
-2.966488838195800781e+00
-5.265938282012939453e+00
-2.907758951187133789e+00
-3.561442375183105469e+00
-7.579991817474365234e-01
-1.479002833366394043e+00
-4.325646400451660156e+00
-5.388812541961669922e+00
-8.892089128494262695e-01
-7.076362133026123047e+00
-2.308145999908447266e+00
-2.103475093841552734e+00
-4.264290332794189453e+00
-2.255844354629516602e+00
-1.908726930618286133e+00
6.110169887542724609e-01
-5.034176349639892578e+00
-9.172458946704864502e-02
-2.235748529434204102e+00
-5.191277027130126953e+00
-5.288846969604492188e+00
-5.508760452270507812e+00
-1.016444206237792969e+00
-3.679633855819702148e+00
-1.409234046936035156e+00
-2.195055723190307617e+00
-8.661617279052734375e+00
-2.807557106018066406e+00
8.597680330276489258e-01
-2.925676107406616211e-01
9.599230885505676270e-01
-2.088304758071899414e-01
1.214540481567382812e+00
1.618725061416625977e-01
-3.035147190093994141e+00
2.277392625808715820e+00
1.511120796203613281e-02
1.004873514175415039e-01
1.772223114967346191e+00
1.983198165893554688e+00
-4.089643359184265137e-01
2.372553825378417969e+00
-2.235098779201507568e-01
2.825002968311309814e-01
-3.075565576553344727e+00
-2.437756299972534180e+00
-2.069469928741455078e+00
-1.285579919815063477e+00
-2.429315805435180664e+00
-3.827333688735961914e+00
2.834092825651168823e-03
-1.252552032470703125e+00
-1.593080997467041016e+00
-3.223333835601806641e+00
-1.944734454154968262e+00
-4.722710609436035156e+00
5.846762657165527344e-01
-4.214003562927246094e+00
-7.625890254974365234e+00
-4.336117267608642578e+00
-5.800703525543212891e+00
-2.448050022125244141e+00
-3.908569335937500000e+00
-1.772182226181030273e+00
-3.098083734512329102e+00
-2.043411254882812500e+00
-1.221338272094726562e+00
-2.667285203933715820e+00
-4.570673465728759766e+00
-3.274945974349975586e+00
-2.625151634216308594e+00
-2.896817207336425781e+00
-5.816183090209960938e+00
-9.195067882537841797e-01
-2.332593202590942383e+00
-1.359593629837036133e+00
-4.805616378784179688e+00
-4.028954982757568359e+00
-1.322247266769409180e+00
-5.737315177917480469e+00
-9.489907622337341309e-01
-7.880368232727050781e+00
-3.357784032821655273e+00
-1.288363695144653320e+00
1.637630313634872437e-01
-1.132498979568481445e+00
6.057365536689758301e-01
-2.399857521057128906e+00
-4.887663125991821289e-01
-1.816388368606567383e+00
-3.836979389190673828e+00
-2.759714126586914062e+00
-1.642787933349609375e+00
-3.383428573608398438e+00
1.050954461097717285e+00
-4.813199520111083984e+00
-5.197367191314697266e+00
-2.521378517150878906e+00
-5.964183807373046875e+00
-5.021043777465820312e+00
-3.856838703155517578e+00
-3.208409786224365234e+00
-4.517759323120117188e+00
-1.141305446624755859e+00
-4.576934814453125000e+00
-3.856576919555664062e+00
-4.436410427093505859e+00
-2.788926362991333008e-01
-3.563469886779785156e+00
-2.848136901855468750e+00
-2.300809621810913086e+00
-1.287854194641113281e+00
-4.712783813476562500e+00
-5.408986568450927734e+00
-4.943187713623046875e+00
-2.967525720596313477e+00
-6.339413642883300781e+00
-3.754261016845703125e+00
-2.903408050537109375e+00
-6.293267250061035156e+00
-5.693058967590332031e+00
-2.011683940887451172e+00
-5.993452072143554688e+00
-7.019348621368408203e+00
-5.440589904785156250e+00
-2.460681915283203125e+00
-3.332440853118896484e+00
-3.837085366249084473e-01
2.326049804687500000e+00
-1.775998234748840332e+00
1.874076962471008301e+00
-2.174125671386718750e+00
3.486090898513793945e+00
-4.162555932998657227e-02
-5.212171673774719238e-01
-2.935681343078613281e-01
-9.632258415222167969e-01
-3.604016065597534180e+00
1.988227009773254395e+00
3.465792655944824219e+00
-2.968192696571350098e-01
1.983081936836242676e+00
-2.410071492195129395e-01
1.243166565895080566e+00
8.909198045730590820e-01
-7.867712974548339844e-01
-2.696795225143432617e+00
-1.242859005928039551e+00
1.425354957580566406e+00
2.864753007888793945e+00
1.036174178123474121e+00
-2.295579195022583008e+00
-2.951465129852294922e+00
-1.424396157264709473e+00
-5.185746192932128906e+00
-3.822594285011291504e-01
-1.212884187698364258e+00
-3.673107862472534180e+00
-1.594590902328491211e+00
-1.286176592111587524e-01
-2.632488965988159180e+00
-1.840877413749694824e+00
3.087775707244873047e+00
6.074396371841430664e-01
1.559061050415039062e+00
-8.165577054023742676e-01
-9.715211987495422363e-01
-5.328209400177001953e-01
1.492561995983123779e-01
6.129888296127319336e-01
-3.835603892803192139e-01
-4.900809377431869507e-02
-1.597065925598144531e+00
-3.563122749328613281e+00
-3.028419256210327148e+00
-3.713572978973388672e+00
-1.076592206954956055e+00
-7.574967145919799805e-01
5.269913077354431152e-01
-3.262385725975036621e-01
8.855947852134704590e-01
2.913432836532592773e+00
-1.777212142944335938e+00
2.928475141525268555e-01
1.513755440711975098e+00
-8.361608982086181641e-01
-6.761477589607238770e-01
-3.280309438705444336e+00
-7.142204046249389648e-02
-6.219920516014099121e-01
-1.112739801406860352e+00
-7.363131642341613770e-01
3.462847709655761719e+00
1.306906819343566895e+00
-1.827189683914184570e+00
2.025036096572875977e+00
-9.061131477355957031e-01
2.009763419628143311e-01
-1.804254293441772461e+00
1.545410990715026855e+00
5.106310248374938965e-01
-2.325874328613281250e+00
-3.578753709793090820e+00
-1.303494453430175781e+00
-1.255813837051391602e+00
-1.602429747581481934e+00
-5.350589752197265625e-01
-2.204565763473510742e+00
8.738975524902343750e-01
-6.491270661354064941e-01
-1.659038305282592773e+00
1.960466384887695312e+00
-1.719004631042480469e+00
-3.691719055175781250e+00
1.690459251403808594e+00
1.150815248489379883e+00
-1.138645052909851074e+00
-1.307290911674499512e+00
-1.292755007743835449e+00
-1.687157630920410156e+00
-1.775443553924560547e+00
1.624671220779418945e-01
-2.839305639266967773e+00
-2.875484704971313477e+00
2.414223670959472656e+00
1.448331117630004883e+00
-2.223393201828002930e+00
-6.349304318428039551e-01
-1.120689958333969116e-01
-4.053152561187744141e+00
-1.564907550811767578e+00
-7.854034900665283203e-01
-2.890228986740112305e+00
-1.392064332962036133e+00
-3.446084737777709961e+00
-2.557870388031005859e+00
-6.023562550544738770e-01
-1.269836187362670898e+00
-3.421005487442016602e+00
-2.236820697784423828e+00
1.252311468124389648e+00
3.423406600952148438e+00
-4.095664501190185547e+00
-3.960783481597900391e+00
-2.337425708770751953e+00
-1.893931984901428223e+00
-3.364127159118652344e+00
-2.746076345443725586e+00
-2.868265628814697266e+00
-2.149395227432250977e+00
-7.210742235183715820e-01
-1.735675215721130371e+00
-3.746874094009399414e+00
-4.687883377075195312e+00
-1.277154684066772461e+00
-3.578049659729003906e+00
-2.476019144058227539e+00
-2.781672716140747070e+00
7.537665963172912598e-01
-4.248774051666259766e-01
1.181982994079589844e+00
3.486462533473968506e-01
-6.328178644180297852e-01
-1.437996625900268555e+00
-5.316291332244873047e+00
-1.862276554107666016e+00
-3.667073965072631836e+00
4.567747116088867188e-01
-3.139701604843139648e+00
-9.310567378997802734e-01
-3.637410879135131836e+00
-2.878741264343261719e+00
-1.068058967590332031e+00
-1.295268297195434570e+00
-3.023227691650390625e+00
-1.303699254989624023e+00
-4.399459838867187500e+00
-3.125898838043212891e+00
-9.493100643157958984e-01
-2.772657871246337891e+00
-1.791116595268249512e+00
-1.898421287536621094e+00
-5.817147254943847656e+00
-2.501595735549926758e+00
-1.715969562530517578e+00
-7.465224266052246094e+00
-2.795320272445678711e+00
-2.642772197723388672e-01
-4.613879024982452393e-01
-1.676017880439758301e+00
-1.954072237014770508e+00
9.223502874374389648e-01
-2.359800338745117188e+00
-4.120512008666992188e+00
-2.398015022277832031e+00
-4.172183036804199219e+00
-1.805597782135009766e+00
-3.435792446136474609e+00
-4.454195976257324219e+00
-2.191252708435058594e+00
-4.199172496795654297e+00
-8.364513397216796875e+00
-4.631280899047851562e+00
-8.800583839416503906e+00
-5.872013568878173828e+00
-3.797074317932128906e+00
-1.667285799980163574e+00
-3.908138513565063477e+00
-6.223072528839111328e+00
-1.342565178871154785e+00
2.408017158508300781e+00
-3.554367065429687500e+00
-4.321164608001708984e+00
-3.512820720672607422e+00
-1.927263021469116211e+00
1.272703170776367188e+00
3.839051723480224609e-02
-4.301965236663818359e-01
-1.209754794836044312e-01
-3.007599353790283203e+00
-4.630536079406738281e+00
-3.162415504455566406e+00
-3.344754219055175781e+00
-2.206632852554321289e+00
-3.007363796234130859e+00
-1.721989035606384277e+00
-3.284842729568481445e+00
-3.639616012573242188e+00
-5.703195095062255859e+00
-3.542716264724731445e+00
-3.225170612335205078e+00
3.089736461639404297e+00
-2.052544116973876953e+00
-4.370582103729248047e-01
-2.101331710815429688e+00
3.551923036575317383e-01
-2.013625144958496094e+00
-6.891313940286636353e-02
-1.032732009887695312e+00
-2.857662916183471680e+00
-3.295092344284057617e+00
-3.156604051589965820e+00
-5.007832646369934082e-01
-2.770938873291015625e+00
-5.290198326110839844e+00
-3.746464014053344727e+00
-1.093927264213562012e+00
-6.733031272888183594e+00
-5.590993881225585938e+00
-6.173829555511474609e+00
-1.563740968704223633e+00
-3.795249700546264648e+00
-4.653240680694580078e+00
-3.056350231170654297e+00
-4.700455665588378906e+00
-2.104958534240722656e+00
-4.040725708007812500e+00
-4.330726623535156250e+00
-6.398709416389465332e-01
-2.144190788269042969e+00
-2.378719806671142578e+00
-5.100271224975585938e+00
3.149219751358032227e-01
-3.109643459320068359e-01
4.797685146331787109e-01
-5.626742243766784668e-01
-2.719727754592895508e+00
-2.473403930664062500e+00
-6.083989620208740234e+00
-9.282543063163757324e-01
-2.024785041809082031e+00
-3.250253438949584961e+00
-4.019972324371337891e+00
1.834848761558532715e+00
-3.228696346282958984e+00
4.927621841430664062e+00
6.012344360351562500e-02
-6.157866120338439941e-01
-5.068017244338989258e-01
4.660130143165588379e-01
-3.625791072845458984e-01
1.389081239700317383e+00
4.274111747741699219e+00
2.862409353256225586e+00
5.547431945800781250e+00
3.056258201599121094e+00
-1.658890366554260254e+00
3.011055946350097656e+00
2.693332672119140625e+00
2.355074644088745117e+00
-2.223679304122924805e+00
1.844240903854370117e+00
-7.043542861938476562e-01
6.300433635711669922e+00
5.348660469055175781e+00
-1.106270432472229004e+00
2.708081007003784180e+00
-1.347238779067993164e+00
4.840320110321044922e+00
4.654321968555450439e-01
2.197367191314697266e+00
5.689668655395507812e+00
-5.731913447380065918e-01
-6.934680938720703125e-01
4.904236495494842529e-01
-1.101479768753051758e+00
1.941000342369079590e+00
4.587294161319732666e-02
3.929608821868896484e+00
-3.224633693695068359e+00
7.516758441925048828e-01
6.194396018981933594e+00
8.167675971984863281e+00
7.143399715423583984e+00
2.228315591812133789e+00
-3.916093111038208008e-01
-2.770537376403808594e+00
1.937464118003845215e+00
6.464520692825317383e-01
1.579795479774475098e-01
5.204101085662841797e+00
-9.582095742225646973e-01
-3.555168151855468750e+00
3.862878799438476562e+00
6.046535372734069824e-01
3.809979438781738281e+00
7.259179592132568359e+00
3.268066167831420898e+00
-3.710778713226318359e+00
-1.804980993270874023e+00
-1.210789680480957031e-01
1.054022789001464844e+00
2.243839502334594727e-01
3.360177755355834961e+00
1.903761148452758789e+00
-1.009389400482177734e+00
8.550804853439331055e-02
9.704731702804565430e-01
4.351568222045898438e-02
1.753669619560241699e+00
3.482387065887451172e-01
5.823175907135009766e+00
1.487831354141235352e+00
3.342686653137207031e+00
-1.869903564453125000e+00
2.953592061996459961e+00
-3.399468362331390381e-01
3.488548755645751953e+00
2.859596252441406250e+00
2.816141605377197266e+00
3.292341828346252441e-01
7.755154371261596680e-02
3.827676534652709961e+00
7.227416515350341797e+00
1.816495418548583984e+00
8.284367561340332031e+00
9.871319532394409180e-01
-2.659202337265014648e+00
-6.923679113388061523e-01
1.429880619049072266e+00
4.070479869842529297e+00
6.398987770080566406e-01
-1.389378309249877930e+00
1.152931451797485352e-01
-1.402439236640930176e+00
1.141305923461914062e+00
3.166607618331909180e+00
-2.681828975677490234e+00
3.160850763320922852e+00
5.791570186614990234e+00
-2.305270731449127197e-01
-5.500060319900512695e-01
7.510763406753540039e-01
-1.425378322601318359e-01
4.547567844390869141e+00
3.600041627883911133e+00
-2.278248071670532227e+00
3.211482763290405273e+00
-3.457577228546142578e-01
8.336047530174255371e-01
-2.798553466796875000e+00
2.317654848098754883e+00
1.254274845123291016e+00
4.347982406616210938e+00
4.801561236381530762e-01
-2.453498840332031250e+00
1.598413228988647461e+00
4.954063892364501953e+00
5.536396056413650513e-02
-2.378144025802612305e+00
6.059615612030029297e-01
1.723994612693786621e+00
3.075647950172424316e-01
7.347867012023925781e+00
5.441369533538818359e+00
-6.776986718177795410e-01
5.212379932403564453e+00
1.125757884979248047e+01
-1.645778417587280273e+00
-1.842849493026733398e+00
2.570959568023681641e+00
-1.466760993003845215e+00
4.888622760772705078e-01
5.087625503540039062e+00
-1.781898379325866699e+00
-1.710367202758789062e-02
7.026757717132568359e+00
3.926896572113037109e+00
3.321286141872406006e-01
1.726812362670898438e+00
4.920331478118896484e+00
-2.971280097961425781e+00
-2.949962854385375977e+00
5.448559761047363281e+00
3.982521057128906250e+00
3.992864131927490234e+00
2.511679172515869141e+00
1.923206210136413574e+00
5.213516950607299805e-01
2.320195436477661133e-01
1.208300232887268066e+00
-2.065814018249511719e+00
1.881691455841064453e+00
-2.515185117721557617e+00
6.910703659057617188e+00
-1.758237957954406738e+00
4.436047554016113281e+00
-2.312513589859008789e+00
7.839174270629882812e-01
-4.414165019989013672e-01
2.236643552780151367e+00
3.874867677688598633e+00
5.210137367248535156e+00
4.241253376007080078e+00
5.669710636138916016e+00
-1.581095457077026367e+00
1.260066032409667969e+00
2.100016355514526367e+00
3.930382966995239258e+00
3.383590936660766602e+00
-2.589146614074707031e+00
5.622537612915039062e+00
7.572139739990234375e+00
-2.454737901687622070e+00
-3.651485204696655273e+00
-2.558409214019775391e+00
3.279499530792236328e+00
6.115856170654296875e-01
-5.774053096771240234e+00
2.277631998062133789e+00
2.641497135162353516e+00
-1.777831315994262695e+00
3.889429569244384766e+00
4.964380741119384766e+00
2.107921123504638672e+00
-3.727951765060424805e+00
5.161131858825683594e+00
-5.690362453460693359e-01
4.099594593048095703e+00
2.343198776245117188e+00
1.144752144813537598e+00
6.521674394607543945e-01
1.268612384796142578e+00
5.314682006835937500e+00
4.111166000366210938e-01
5.538259506225585938e+00
3.711616992950439453e-02
-2.865901708602905273e+00
5.021396160125732422e+00
1.261956691741943359e-01
2.154626846313476562e+00
3.860555887222290039e+00
1.999824643135070801e+00
-3.090640306472778320e+00
1.547564744949340820e+00
1.948370456695556641e+00
3.512355804443359375e+00
2.177204370498657227e+00
-2.246786832809448242e+00
9.610844612121582031e+00
1.234894871711730957e+00
-2.672492742538452148e+00
1.057267427444458008e+00
-5.666158795356750488e-01
-3.143898010253906250e+00
-7.576427459716796875e-01
3.333686828613281250e+00
-1.020633935928344727e+00
9.268884658813476562e+00
1.854417085647583008e+00
-1.000728249549865723e+00
-6.998733878135681152e-01
1.423259496688842773e+00
3.435549736022949219e-01
3.419360637664794922e+00
4.179010868072509766e+00
6.460962772369384766e+00
5.734122753143310547e+00
2.591538906097412109e+00
-8.984909057617187500e-01
-1.471865177154541016e+00
3.126343727111816406e+00
2.075352191925048828e+00
-1.843618392944335938e+00
4.682552814483642578e+00
1.628324985504150391e+00
-1.927819490432739258e+00
-4.280501365661621094e+00
-5.100245475769042969e-01
-1.275370121002197266e+00
1.689037919044494629e+00
5.826497077941894531e+00
9.357959032058715820e-03
1.930868864059448242e+00
7.809832692146301270e-01
7.548124790191650391e-01
8.360405564308166504e-01
-1.954230070114135742e+00
5.288762450218200684e-01
1.479684233665466309e+00
-2.513267517089843750e+00
2.608289957046508789e+00
5.390316009521484375e+00
7.008178234100341797e+00
2.142734527587890625e+00
-2.923393249511718750e-02
-6.098269224166870117e-01
-2.631556987762451172e+00
6.855832338333129883e-01
2.268315553665161133e-01
-9.555900692939758301e-01
3.541550159454345703e+00
1.937313556671142578e+00
5.025208950042724609e+00
2.851803302764892578e+00
-5.437343120574951172e-01
1.850031137466430664e+00
8.670572280883789062e+00
2.865824937820434570e+00
-2.450799942016601562e-01
3.208287000656127930e+00
1.869135618209838867e+00
-2.284073114395141602e+00
-5.867303609848022461e-01
3.970034420490264893e-02
4.665409564971923828e+00
1.017827224731445312e+01
-3.494639158248901367e+00
5.270964503288269043e-01
1.330728828907012939e-01
-3.412334322929382324e-01
9.691665172576904297e-01
4.650661945343017578e+00
6.014933586120605469e-01
-2.269518852233886719e+00
2.143459558486938477e+00
5.105458736419677734e+00
1.867475986480712891e+00
-1.172886848449707031e+00
-1.581481993198394775e-01
-2.359472513198852539e+00
-1.877399563789367676e+00
-3.665281534194946289e+00
-1.956977605819702148e+00
4.823296546936035156e+00
-4.788903892040252686e-01
-2.317103862762451172e+00
-1.159012317657470703e+00
1.124689579010009766e+00
6.780645847320556641e-01
3.392040729522705078e-03
2.653702497482299805e+00
2.495629787445068359e+00
1.383649945259094238e+00
-1.233742475509643555e+00
4.684999942779541016e+00
2.630091428756713867e+00
2.723771572113037109e+00
4.843746662139892578e+00
7.238994121551513672e+00
1.984214067459106445e+00
-4.109252095222473145e-01
4.935419082641601562e+00
4.661297321319580078e+00
-2.243831634521484375e+00
3.168341636657714844e+00
4.038857460021972656e+00
-1.746223121881484985e-01
3.427962779998779297e+00
4.674739539623260498e-01
8.501018285751342773e-01
-2.880616664886474609e+00
-3.509571790695190430e+00
5.232079505920410156e+00
3.751729249954223633e+00
3.869767665863037109e+00
-2.341849803924560547e+00
-1.099335432052612305e+00
1.277524709701538086e+00
2.046351432800292969e+00
2.619047164916992188e-01
5.498001575469970703e+00
2.267364501953125000e+00
-9.413322806358337402e-01
2.606717109680175781e+00
2.371404409408569336e+00
2.070619344711303711e+00
6.036520004272460938e-03
-1.311708569526672363e+00
1.576164960861206055e+00
4.266628265380859375e+00
1.371431827545166016e+00
1.597015619277954102e+00
4.752977371215820312e+00
1.631007671356201172e+00
3.509049415588378906e+00
4.569839835166931152e-01
-4.462178349494934082e-01
4.944052219390869141e+00
1.974158525466918945e+00
6.074905395507812500e+00
2.763843059539794922e+00
3.233619689941406250e+00
5.539578437805175781e+00
1.770728468894958496e+00
2.686387062072753906e+00
3.373721241950988770e-01
4.790238380432128906e+00
4.477773189544677734e+00
7.301486134529113770e-01
1.469014883041381836e+00
-9.279202222824096680e-01
-1.877984642982482910e+00
2.997577905654907227e+00
7.376281261444091797e+00
3.489063978195190430e+00
1.453550696372985840e+00
-6.131680011749267578e-01
-5.465297698974609375e-01
5.029753208160400391e+00
-2.140575647354125977e+00
-9.416359066963195801e-01
2.876896381378173828e+00
-3.059924125671386719e+00
-1.682335972785949707e+00
2.816874682903289795e-01
2.218743562698364258e-01
-2.238716363906860352e+00
-3.291153013706207275e-01
5.006071090698242188e+00
-1.841028451919555664e+00
-6.392636895179748535e-01
-6.835542917251586914e-01
-1.640966176986694336e+00
-8.990983963012695312e-01
1.041013479232788086e+00
5.487089157104492188e+00
1.216478109359741211e+00
1.826919436454772949e+00
9.903107881546020508e-01
-3.646837234497070312e+00
2.959532499313354492e+00
-6.180751323699951172e-01
9.783313870429992676e-01
1.783601760864257812e+00
2.935744285583496094e+00
2.632960796356201172e+00
9.542271614074707031e+00
5.273307800292968750e+00
7.503244876861572266e-01
1.467867612838745117e+00
7.180174350738525391e+00
2.247925043106079102e+00
5.021425724029541016e+00
1.466845989227294922e+00
-8.171739578247070312e-01
4.865596294403076172e+00
-2.342157602310180664e+00
-1.034907579421997070e+00
1.353271603584289551e+00
7.467189788818359375e+00
3.708288192749023438e+00
4.217888355255126953e+00
2.364241600036621094e+00
5.874837636947631836e-01
2.322331428527832031e+00
5.638569831848144531e+00
-3.139396429061889648e+00
-1.951774716377258301e+00
7.786030173301696777e-01
-4.279215812683105469e+00
-4.942985177040100098e-01
4.133603096008300781e+00
-6.786445379257202148e-01
-3.123154044151306152e-01
2.090574502944946289e+00
3.598000288009643555e+00
3.599911212921142578e+00
2.852094173431396484e+00
4.290788769721984863e-01
2.422974586486816406e+00
-4.629929065704345703e-01
3.965922594070434570e-01
-2.776694297790527344e+00
-3.926959037780761719e+00
2.603198528289794922e+00
5.239749431610107422e+00
3.657335042953491211e+00
6.798812866210937500e+00
6.779509782791137695e-01
-1.035753488540649414e+00
-1.726967096328735352e-01
-1.317724108695983887e+00
1.441222429275512695e+00
2.822075843811035156e+00
2.048891544342041016e+00
4.192014694213867188e+00
1.515879392623901367e+00
5.983204841613769531e-01
3.394371986389160156e+00
7.095364093780517578e+00
4.047475457191467285e-01
-1.312548995018005371e+00
3.651645660400390625e+00
4.164899826049804688e+00
1.752977848052978516e+00
1.352410912513732910e+00
1.403112888336181641e+00
5.183963775634765625e+00
-3.396155238151550293e-01
-1.992786288261413574e+00
4.418831348419189453e+00
8.919821977615356445e-01
1.940039992332458496e+00
3.088391542434692383e+00
4.256504535675048828e+00
1.045960426330566406e+00
1.081875801086425781e+00
4.043101787567138672e+00
2.911224126815795898e+00
1.378254175186157227e+00
5.153947830200195312e+00
4.021230220794677734e+00
1.838907480239868164e+00
5.156350135803222656e+00
5.536999702453613281e+00
-3.190539836883544922e+00
1.426597356796264648e+00
1.158762693405151367e+00
3.186887979507446289e+00
2.520471096038818359e+00
6.960764884948730469e+00
2.337370157241821289e+00
6.284039497375488281e+00
-5.823108553886413574e-02
-2.365757465362548828e+00
4.421238422393798828e+00
3.466478586196899414e+00
4.451850414276123047e+00
4.603390395641326904e-01
3.765950202941894531e+00
4.356300830841064453e+00
3.065520048141479492e+00
-2.988330841064453125e+00
1.876344919204711914e+00
3.344799280166625977e+00
1.369288086891174316e+00
6.008507251739501953e+00
-4.398415565490722656e+00
3.214166164398193359e+00
6.727976322174072266e+00
4.658161163330078125e+00
9.796798229217529297e-03
4.656239509582519531e+00
1.064080595970153809e+00
2.699779987335205078e+00
2.240255355834960938e+00
3.980592727661132812e+00
-1.289741158485412598e+00
5.904102325439453125e-02
-3.608319282531738281e+00
3.265974521636962891e+00
-6.536853313446044922e-02
-7.056503295898437500e-01
1.777547597885131836e-01
-1.778836399316787720e-01
-4.860555171966552734e+00
-4.230356812477111816e-01
2.739164352416992188e+00
1.451454877853393555e+00
1.053640604019165039e+00
1.307863831520080566e+00
5.340789318084716797e+00
6.614063382148742676e-01
2.290133237838745117e+00
-9.963556528091430664e-01
1.521300554275512695e+00
2.135826349258422852e+00
2.244644880294799805e+00
-3.632875680923461914e-01
-1.807017326354980469e+00
-1.943948030471801758e+00
-1.033519744873046875e+00
-5.378183364868164062e+00
-1.610314846038818359e+00
-2.632796287536621094e+00
-9.842373132705688477e-01
-4.429520130157470703e+00
-2.654992580413818359e+00
-1.453922986984252930e+00
-4.404213428497314453e+00
-8.983672857284545898e-01
-3.733110904693603516e+00
-3.646408081054687500e+00
-2.369022130966186523e+00
-9.036320447921752930e-01
-4.591914415359497070e-01
-4.603373527526855469e+00
-3.714262485504150391e+00
-1.547269463539123535e+00
3.557832539081573486e-01
-3.319216489791870117e+00
-2.726490020751953125e+00
-7.216371893882751465e-01
1.598760485649108887e-01
-7.453879714012145996e-01
-2.565533876419067383e+00
2.715670466423034668e-01
1.184547543525695801e+00
-8.694730997085571289e-01
-1.708025574684143066e+00
-4.553794264793395996e-01
-7.400690019130706787e-02
-3.675754785537719727e+00
-7.057660102844238281e+00
-8.594821691513061523e-01
-1.993370532989501953e+00
-1.571620345115661621e+00
-1.199183225631713867e+00
-4.954710006713867188e+00
-5.381275653839111328e+00
-5.242566108703613281e+00
-5.559538364410400391e+00
-2.076249122619628906e+00
-2.862610578536987305e+00
1.947753429412841797e+00
1.272083818912506104e-01
4.369629383087158203e+00
2.353269100189208984e+00
4.499417304992675781e+00
3.075073957443237305e+00
-9.835442304611206055e-01
5.862711906433105469e+00
2.129203319549560547e+00
1.163465857505798340e+00
2.716572046279907227e+00
3.133252620697021484e+00
-8.396703600883483887e-01
-1.485971927642822266e+00
2.369582653045654297e-02
1.265546083450317383e+00
-7.392090559005737305e-02
8.378632664680480957e-01
-2.218822956085205078e+00
-9.972949028015136719e-01
-4.197614192962646484e+00
-2.254423141479492188e+00
-2.206758022308349609e+00
-1.400777220726013184e+00
-5.738592147827148438e-01
-4.492994308471679688e+00
-5.139117240905761719e+00
-2.025886297225952148e+00
-5.455133914947509766e-01
-1.083227872848510742e+00
-2.910812854766845703e+00
7.244562149047851562e+00
