-2.548738956451416016e+00
1.897742748260498047e+00
-7.445320487022399902e-01
-3.789598941802978516e+00
-2.879682302474975586e+00
-2.234999835491180420e-01
-1.825492262840270996e+00
-2.859812021255493164e+00
-2.291280746459960938e+00
-9.481898546218872070e-01
-3.410454034805297852e+00
-9.328736662864685059e-01
3.121661841869354248e-01
-1.347514390945434570e+00
4.592505097389221191e-01
-4.150138854980468750e+00
-5.444550514221191406e+00
2.950311899185180664e-01
-2.814909219741821289e+00
-1.876552700996398926e+00
-5.075830936431884766e+00
-3.774462461471557617e+00
-1.857524156570434570e+00
-3.879745960235595703e+00
-3.165102243423461914e+00
-6.669517993927001953e+00
-3.990045547485351562e+00
-3.511259794235229492e+00
-4.912001132965087891e+00
-4.423875331878662109e+00
-6.455991744995117188e+00
-4.894736289978027344e+00
-7.638972759246826172e+00
-3.377724170684814453e+00
-3.943028688430786133e+00
-2.993136644363403320e+00
-1.040811061859130859e+00
-2.788076400756835938e+00
-2.601843595504760742e+00
-4.068590164184570312e+00
-3.325495243072509766e+00
-3.871930122375488281e+00
-6.507891178131103516e+00
-5.687860012054443359e+00
-2.778729915618896484e+00
-2.658582925796508789e+00
-2.623985052108764648e+00
-4.168511390686035156e+00
-3.709428787231445312e+00
-5.978868007659912109e+00
-1.374400615692138672e+00
-2.949357748031616211e+00
-1.186951279640197754e+00
-9.329643845558166504e-01
-3.258797168731689453e+00
-5.637837648391723633e-01
-2.574825763702392578e+00
-3.242057561874389648e+00
-1.081596851348876953e+00
-8.591037988662719727e-01
-2.453441619873046875e+00
-2.647752285003662109e+00
-7.393917441368103027e-01
-9.356137514114379883e-01
1.840431809425354004e+00
-6.246873140335083008e-01
-1.535623371601104736e-01
-3.724822759628295898e+00
-2.339441299438476562e+00
-3.185975551605224609e+00
-4.791611671447753906e+00
-3.504740715026855469e+00
-3.080965995788574219e+00
-3.261183500289916992e+00
-2.788568496704101562e+00
-3.492991447448730469e+00
-3.428414821624755859e+00
-4.058579921722412109e+00
-3.790966272354125977e+00
-3.464668512344360352e+00
-6.232091426849365234e+00
-5.799224853515625000e+00
-2.742730617523193359e+00
-7.420000076293945312e+00
-3.102032661437988281e+00
-3.115607738494873047e+00
-1.733633756637573242e+00
-1.026631355285644531e+00
4.644237756729125977e-01
6.870651245117187500e-01
-2.589635133743286133e+00
-5.062076568603515625e+00
-1.115674972534179688e+00
-1.383256673812866211e+00
-6.591423749923706055e-01
-6.145831584930419922e+00
1.499028086662292480e+00
-4.419452190399169922e+00
-2.272978544235229492e+00
-3.762384414672851562e+00
-1.951179385185241699e+00
-2.896643638610839844e+00
-5.122575283050537109e+00
-2.848351716995239258e+00
-4.481012344360351562e+00
-4.541672706604003906e+00
-2.497769355773925781e+00
2.627927303314208984e+00
2.366254329681396484e+00
-1.407314062118530273e+00
-4.656372070312500000e+00
-6.233313083648681641e-01
-2.185907602310180664e+00
-3.186899423599243164e+00
-5.554328918457031250e+00
-2.946672439575195312e+00
-2.566864490509033203e+00
2.501407861709594727e-01
-6.209130764007568359e+00
-6.278407096862792969e+00
-4.737296104431152344e+00
-4.472756385803222656e+00
-3.455674409866333008e+00
-4.941663742065429688e+00
-5.150722265243530273e-01
-7.103700160980224609e+00
-1.308099627494812012e+00
-1.803738117218017578e+00
-3.684597015380859375e+00
-8.069356083869934082e-01
5.814907550811767578e-01
-8.534092307090759277e-01
-3.607799410820007324e-01
-2.470018386840820312e+00
-3.061100006103515625e+00
-3.757628917694091797e+00
-4.068414211273193359e+00
-3.770097255706787109e+00
-2.654711723327636719e+00
-5.236687660217285156e+00
-8.574654459953308105e-01
-3.750299453735351562e+00
-5.052205085754394531e+00
-5.100469589233398438e+00
5.238218307495117188e-01
-4.089747428894042969e+00
-3.269463300704956055e+00
-6.472342967987060547e+00
-2.027101278305053711e+00
-2.622200965881347656e+00
-9.241851568222045898e-01
-5.994140505790710449e-01
-5.468981266021728516e-01
1.601895093917846680e+00
-5.009944438934326172e-01
3.081167936325073242e+00
5.902051925659179688e-01
7.807850837707519531e-01
1.218010425567626953e+00
-3.335444688796997070e+00
1.856766343116760254e-01
-8.504038453102111816e-01
2.568972349166870117e+00
8.584007620811462402e-02
-1.177578926086425781e+00
-6.373789310455322266e-01
2.513714790344238281e+00
8.809036016464233398e-01
-2.088745832443237305e+00
-1.274718046188354492e-01
1.852980494499206543e+00
-1.487271308898925781e+00
-5.469053983688354492e-03
1.739921689033508301e+00
-3.141515254974365234e+00
8.683104515075683594e-01
-1.461067795753479004e-01
-1.591491460800170898e+00
-1.319827318191528320e+00
-1.124732375144958496e+00
-3.514024019241333008e+00
-4.944278001785278320e-01
-1.668407917022705078e+00
-1.531545639038085938e+00
-1.332071423530578613e+00
-2.198719978332519531e-02
-7.814465761184692383e-01
5.875653028488159180e-01
4.185207486152648926e-01
-3.201534271240234375e+00
-4.770725965499877930e-02
-2.788174748420715332e-01
9.622962474822998047e-01
-4.113325178623199463e-01
-3.911155760288238525e-01
-1.671917080879211426e+00
-1.267854690551757812e+00
-1.008178472518920898e+00
-3.864877223968505859e+00
3.233700990676879883e-01
6.277997493743896484e-01
-3.066355466842651367e+00
-3.333845734596252441e-01
-1.566787004470825195e+00
2.052935838699340820e+00
-2.677785158157348633e+00
-1.148745059967041016e+00
1.743298888206481934e+00
1.430174589157104492e+00
-1.100906372070312500e+00
-1.590136051177978516e+00
-6.822557449340820312e-01
-5.607374310493469238e-01
4.614829421043395996e-01
-1.726196333765983582e-02
2.947573184967041016e+00
3.715697288513183594e+00
-1.692917823791503906e+00
1.298967599868774414e+00
-1.761518478393554688e+00
7.228776812553405762e-02
-1.123556017875671387e+00
1.819277882575988770e+00
-5.266407728195190430e-01
-3.884265661239624023e+00
-5.213971138000488281e+00
-1.963988542556762695e+00
-3.740568161010742188e+00
1.911782979965209961e+00
3.489403247833251953e+00
-9.145762324333190918e-01
1.843758702278137207e+00
1.021562099456787109e+00
1.455282568931579590e+00
1.480329513549804688e+00
-3.052720785140991211e+00
-1.916653990745544434e+00
2.620257139205932617e-01
-2.226720452308654785e-01
2.856643199920654297e-01
-1.339134812355041504e+00
1.218816041946411133e-01
3.537074625492095947e-01
-7.219970226287841797e-01
2.721227407455444336e+00
-1.237099885940551758e+00
5.490565299987792969e-01
4.665342330932617188e+00
1.655378341674804688e+00
-8.461983799934387207e-01
-2.197218656539916992e+00
7.831733226776123047e-01
-1.324714064598083496e+00
8.272219300270080566e-01
2.121551334857940674e-01
-8.240538835525512695e-02
1.552550315856933594e+00
3.407839536666870117e+00
-2.187606573104858398e+00
-7.511457800865173340e-01
-1.318352818489074707e+00
-4.437322616577148438e+00
-1.149917602539062500e+00
1.281059741973876953e+00
-3.964637517929077148e-01
-1.531759977340698242e+00
-1.981834769248962402e+00
4.129713773727416992e-02
-2.000310420989990234e+00
-1.929576396942138672e+00
1.367529630661010742e+00
-2.165993690490722656e+00
-4.672972857952117920e-01
-1.511462330818176270e+00
-3.727651834487915039e+00
-4.505304336547851562e+00
-4.457992076873779297e+00
-3.389595270156860352e+00
-3.768633842468261719e+00
9.606230258941650391e-01
-2.142200708389282227e+00
-1.393639802932739258e+00
-2.263538837432861328e+00
2.929589033126831055e+00
-7.153666019439697266e-01
-3.444916248321533203e+00
-1.936773657798767090e+00
-4.293967247009277344e+00
-2.818517923355102539e+00
-2.574554443359375000e+00
-2.011671543121337891e+00
-3.067421436309814453e+00
-2.069459915161132812e+00
-3.823539018630981445e+00
-2.243205547332763672e+00
2.545741200447082520e-02
4.522531628608703613e-01
-1.847434520721435547e+00
-4.951602935791015625e+00
-3.149000644683837891e+00
-6.523365020751953125e+00
-3.308679819107055664e+00
-4.421700477600097656e+00
-4.813880443572998047e+00
-4.383351802825927734e+00
-6.874230861663818359e+00
-6.650195598602294922e+00
-4.602377414703369141e+00
-6.130244255065917969e+00
-2.975490331649780273e+00
-1.338287949562072754e+00
-2.025301933288574219e+00
-5.152865886688232422e+00
-1.862959861755371094e+00
-1.817106008529663086e+00
-2.156334400177001953e+00
-4.888778686523437500e+00
-9.236626029014587402e-01
-2.451211452484130859e+00
-6.226172447204589844e-01
-3.203591346740722656e+00
-2.821563720703125000e+00
-5.560626983642578125e-01
-1.469752192497253418e+00
-4.834735870361328125e+00
-2.771203994750976562e+00
-6.613069057464599609e+00
-8.371560573577880859e-01
-9.395098090171813965e-01
-2.619619846343994141e+00
-2.539229631423950195e+00
-2.544679880142211914e+00
1.782641053199768066e+00
1.099554538726806641e+00
-2.738928079605102539e+00
-5.805985927581787109e+00
-3.829000949859619141e+00
-2.405494213104248047e+00
3.674471139907836914e+00
7.133998274803161621e-01
-1.344980716705322266e+00
9.544775485992431641e-01
-3.159376621246337891e+00
-4.081504821777343750e+00
-2.736139059066772461e+00
-2.403046131134033203e+00
-2.297851800918579102e+00
-3.842515468597412109e+00
-2.304298400878906250e+00
-4.084435462951660156e+00
-3.996789216995239258e+00
-5.991093158721923828e+00
-5.870678901672363281e+00
-3.648470878601074219e+00
-4.295577704906463623e-01
1.185596346855163574e+00
-2.818654537200927734e+00
-1.943968892097473145e+00
1.656633734703063965e+00
-3.562594175338745117e+00
-4.880057871341705322e-01
7.780818343162536621e-01
-2.133714437484741211e+00
-4.897633552551269531e+00
-4.641364097595214844e+00
-2.003379821777343750e+00
-2.669432163238525391e+00
-4.463853359222412109e+00
-1.431298732757568359e+00
-2.536575555801391602e+00
-3.119307518005371094e+00
-3.006684780120849609e+00
-4.632434844970703125e+00
-2.785640478134155273e+00
-3.275343179702758789e+00
-4.408819198608398438e+00
-2.238689184188842773e+00
-3.200118780136108398e+00
-2.886528015136718750e+00
-5.637260437011718750e+00
-3.067498445510864258e+00
-4.047263145446777344e+00
-4.035362720489501953e+00
-3.294711589813232422e+00
-6.781550407409667969e+00
-9.995423555374145508e-01
-2.353802919387817383e+00
-8.769934177398681641e-01
-2.111631870269775391e+00
-1.892714262008666992e+00
-3.525529623031616211e+00
-4.143905639648437500e+00
-9.673354625701904297e-01
8.592276573181152344e-01
-2.345488548278808594e+00
-2.390227794647216797e+00
1.751321673393249512e+00
-2.916955947875976562e-01
3.774194717407226562e+00
7.628163099288940430e-01
1.689160823822021484e+00
-2.091745615005493164e+00
6.769062876701354980e-01
-2.421853542327880859e+00
5.366715192794799805e-01
4.240989208221435547e+00
3.137618303298950195e+00
3.617223501205444336e+00
-1.475095748901367188e-03
1.781722068786621094e+00
3.889603018760681152e-01
2.097036600112915039e+00
3.391549587249755859e+00
-5.660713315010070801e-01
3.824526309967041016e+00
1.807973861694335938e+00
1.680919885635375977e+00
3.871643066406250000e+00
-1.205568432807922363e+00
4.282763957977294922e+00
5.020353794097900391e-01
3.136191368103027344e+00
1.202530264854431152e+00
4.020328998565673828e+00
5.515050888061523438e+00
1.243231415748596191e+00
1.225054502487182617e+00
4.164763927459716797e+00
-9.666347503662109375e-02
3.096663713455200195e+00
-4.957360327243804932e-01
5.101655960083007812e+00
9.992640614509582520e-01
2.933538198471069336e+00
5.163163185119628906e+00
5.101078987121582031e+00
3.486780881881713867e+00
4.053770065307617188e+00
3.701753377914428711e+00
5.493301153182983398e-02
1.967551946640014648e+00
2.722171306610107422e+00
4.662002623081207275e-01
4.927126884460449219e+00
-1.319944977760314941e+00
3.140014410018920898e-02
5.561820030212402344e+00
8.122597932815551758e-01
2.236479043960571289e+00
4.985957622528076172e+00
2.513070702552795410e-01
-2.041407108306884766e+00
4.103688597679138184e-01
2.014158487319946289e+00
-1.104727864265441895e+00
2.312637329101562500e+00
-6.727717816829681396e-02
5.414447784423828125e+00
3.995304703712463379e-01
4.000019073486328125e+00
-8.509669303894042969e-01
-3.316258192062377930e-01
4.660607814788818359e+00
1.809737443923950195e+00
4.722208976745605469e+00
2.446371078491210938e+00
2.814176082611083984e+00
-4.157648563385009766e+00
-1.093646287918090820e-01
1.168433070182800293e+00
5.509163856506347656e+00
6.764510869979858398e-01
3.321051597595214844e-03
-1.466390490531921387e+00
8.794538974761962891e-01
1.631259173154830933e-01
6.487143993377685547e+00
3.371127367019653320e+00
8.309688568115234375e+00
-3.816859960556030273e+00
4.061769485473632812e+00
-2.866333484649658203e+00
-4.149817466735839844e+00
4.650751113891601562e+00
-2.875162363052368164e-01
-6.157773971557617188e+00
7.154198288917541504e-01
7.567874193191528320e-01
-2.476310729980468750e-01
4.682090759277343750e+00
-2.223521471023559570e-02
4.663690626621246338e-01
3.905454158782958984e+00
1.308522462844848633e+00
1.788326978683471680e+00
4.397572517395019531e+00
2.183888196945190430e+00
5.480004787445068359e+00
3.738078355789184570e+00
-2.472455024719238281e+00
3.249933004379272461e+00
-1.123530030250549316e+00
-1.910232067108154297e+00
3.086510896682739258e-01
3.968030691146850586e+00
1.963098526000976562e+00
2.256927013397216797e+00
2.094712495803833008e+00
-1.074117660522460938e+00
7.259793281555175781e-01
1.914859294891357422e+00
-1.517264246940612793e+00
3.840294480323791504e-01
6.988157033920288086e-01
2.689343452453613281e+00
4.266840815544128418e-01
5.297675609588623047e+00
3.154290199279785156e+00
2.980992794036865234e+00
4.681077957153320312e+00
8.596818923950195312e+00
-2.297442674636840820e+00
-4.973789155483245850e-01
3.133778572082519531e+00
-7.290935516357421875e-02
-4.431786537170410156e+00
4.301614761352539062e+00
-2.445967942476272583e-01
-1.700794339179992676e+00
4.452432632446289062e+00
2.942080736160278320e+00
-2.599248886108398438e+00
2.001565694808959961e+00
2.337692975997924805e+00
-1.519497632980346680e+00
-5.574632167816162109e+00
2.158901691436767578e+00
8.264045715332031250e-01
4.197947502136230469e+00
5.432938575744628906e+00
2.203000068664550781e+00
1.779558897018432617e+00
2.063096284866333008e+00
3.091552257537841797e+00
-9.522923827171325684e-01
2.757738113403320312e+00
-1.652286887168884277e+00
4.560198307037353516e+00
-2.705587863922119141e+00
5.370758056640625000e+00
-8.750720024108886719e-01
4.982769012451171875e+00
5.214878082275390625e+00
2.111767530441284180e+00
2.017436027526855469e+00
1.683134198188781738e+00
7.494669437408447266e+00
5.635249137878417969e+00
1.427863717079162598e+00
4.173357486724853516e+00
2.624732255935668945e+00
1.964855909347534180e+00
2.321323394775390625e+00
-1.305150508880615234e+00
5.263667106628417969e+00
4.850599765777587891e+00
-1.591034650802612305e+00
-5.005841255187988281e+00
-1.897091746330261230e+00
-1.110919952392578125e+00
1.147567868232727051e+00
-2.239882707595825195e+00
2.431334257125854492e+00
-1.047932744026184082e+00
-2.060464143753051758e+00
4.365419864654541016e+00
2.249071121215820312e+00
2.593172550201416016e+00
-9.599679708480834961e-02
1.603476047515869141e+00
1.047349214553833008e+00
-4.877269864082336426e-01
-3.625737428665161133e-01
3.111660480499267578e+00
6.887063384056091309e-01
5.248543739318847656e+00
2.679124355316162109e+00
5.805639028549194336e-01
4.767122745513916016e+00
1.997027397155761719e+00
-1.508186101913452148e+00
5.159058094024658203e+00
-2.866822481155395508e+00
-7.399682998657226562e-01
1.751546621322631836e+00
-2.629886865615844727e-01
-1.961827516555786133e+00
4.437612891197204590e-01
3.011765480041503906e-01
1.269884705543518066e+00
8.419656157493591309e-01
3.419832229614257812e+00
2.217591524124145508e+00
-8.690553903579711914e-01
2.024327754974365234e+00
6.981689929962158203e-01
1.862674355506896973e-01
-3.006282806396484375e+00
1.902358412742614746e+00
4.750767648220062256e-01
1.914482116699218750e+00
8.709337234497070312e+00
1.723899602890014648e+00
-1.050185799598693848e+00
1.977668046951293945e+00
8.812159299850463867e-01
4.636273860931396484e+00
4.060205459594726562e+00
-3.310771286487579346e-01
7.767729282379150391e+00
5.776645660400390625e+00
2.061119556427001953e+00
-4.462020099163055420e-01
-4.680922627449035645e-01
5.870722532272338867e-01
-2.706830501556396484e-01
5.289772152900695801e-01
-9.162864685058593750e-01
2.306551456451416016e+00
1.706905126571655273e+00
-4.567257404327392578e+00
3.146851539611816406e+00
-5.532292127609252930e-01
1.476482152938842773e+00
1.418109059333801270e+00
-3.298299789428710938e+00
2.117001771926879883e+00
5.523721575736999512e-01
1.520669460296630859e+00
2.428604841232299805e+00
4.050663113594055176e-01
2.464136600494384766e+00
-2.934044003486633301e-01
8.198289275169372559e-01
1.004923343658447266e+00
4.098914146423339844e+00
3.488887071609497070e+00
4.795587062835693359e+00
-6.326081752777099609e-01
-1.600897192955017090e+00
-1.553920149803161621e+00
9.439158439636230469e-01
3.038770675659179688e+00
2.480159044265747070e+00
1.221135854721069336e+00
4.701696872711181641e+00
3.031922280788421631e-01
3.668931245803833008e+00
-1.765637516975402832e+00
-8.009597659111022949e-01
3.760904550552368164e+00
1.745135068893432617e+00
7.470015287399291992e-01
3.986027240753173828e+00
8.137023448944091797e-01
-1.212275743484497070e+00
-1.303393721580505371e+00
2.166455030441284180e+00
4.845993995666503906e+00
9.694393157958984375e+00
-2.101787567138671875e+00
-3.689520955085754395e-01
2.564641237258911133e+00
6.792289018630981445e-01
6.675636768341064453e-01
8.412007689476013184e-01
2.026372671127319336e+00
1.953903555870056152e+00
1.447723984718322754e+00
-4.412485957145690918e-01
6.430906772613525391e+00
-1.093547105789184570e+00
-1.417664408683776855e+00
2.397337913513183594e+00
-1.969216942787170410e+00
-4.466407299041748047e+00
-1.014948606491088867e+00
2.239833354949951172e+00
2.662404775619506836e-01
3.693133592605590820e-01
-1.851297974586486816e+00
1.235578536987304688e+00
2.019817352294921875e+00
1.540652990341186523e+00
8.099442720413208008e-01
4.445260524749755859e+00
2.117655038833618164e+00
1.695696473121643066e+00
2.018946409225463867e+00
2.997746467590332031e-01
3.964284181594848633e+00
4.156475067138671875e+00
3.887324810028076172e+00
3.483268022537231445e-01
1.507377982139587402e+00
6.025939941406250000e+00
5.926420688629150391e+00
-1.011482834815979004e+00
2.274702787399291992e+00
3.570481777191162109e+00
-3.411796689033508301e-01
5.222216129302978516e+00
2.713841676712036133e+00
-1.249395847320556641e+00
-2.308644533157348633e+00
5.601000785827636719e-02
2.472953319549560547e+00
-2.406534433364868164e+00
2.938911437988281250e+00
-1.887270450592041016e+00
1.973496437072753906e+00
5.265215396881103516e+00
6.239836215972900391e-01
9.054208993911743164e-01
2.569931030273437500e+00
-8.535389900207519531e-01
-1.340736746788024902e+00
9.711304903030395508e-01
3.222950458526611328e+00
2.831210613250732422e+00
-1.409536719322204590e+00
2.630191326141357422e+00
1.495688438415527344e+00
2.524774074554443359e+00
5.504838824272155762e-01
1.693883538246154785e+00
1.067899703979492188e+00
2.176963567733764648e+00
3.746041297912597656e+00
9.824532866477966309e-01
-1.435186862945556641e+00
4.551444053649902344e+00
5.600444078445434570e-01
9.376920700073242188e+00
2.903816223144531250e+00
3.098906576633453369e-01
5.077111721038818359e-01
4.700759410858154297e+00
5.501281023025512695e-01
2.173013687133789062e+00
5.885910987854003906e+00
1.884992718696594238e+00
1.507376670837402344e+00
7.463492453098297119e-02
-1.204774856567382812e+00
-5.898900032043457031e-01
3.784803152084350586e+00
6.515071868896484375e+00
-1.401225328445434570e+00
-1.462601304054260254e+00
2.646520733833312988e-01
4.970014095306396484e-02
3.716274976730346680e+00
-1.948056340217590332e+00
1.832002401351928711e-01
2.782235622406005859e+00
-3.040430545806884766e+00
2.021025419235229492e-01
1.646164774894714355e+00
2.624150276184082031e+00
-5.841752886772155762e-02
3.547829151153564453e+00
2.643601179122924805e+00
7.232729792594909668e-01
8.645299077033996582e-01
1.242452383041381836e+00
-1.544571399688720703e+00
4.011737704277038574e-01
1.374256014823913574e+00
6.033503055572509766e+00
1.808707475662231445e+00
7.461566925048828125e-01
1.182134389877319336e+00
5.952013731002807617e-01
-1.321511387825012207e+00
-9.686926603317260742e-01
2.669136762619018555e+00
2.748797416687011719e+00
2.498037815093994141e+00
5.355370998382568359e+00
6.742818832397460938e+00
1.524412512779235840e+00
2.491772174835205078e+00
7.763922214508056641e-01
5.584182739257812500e+00
2.141339778900146484e+00
3.772032737731933594e+00
1.376477599143981934e+00
-7.737808227539062500e-01
9.191144943237304688e+00
-2.904575467109680176e-01
4.841618239879608154e-01
-2.186596632003784180e+00
2.915357351303100586e+00
5.011105060577392578e+00
1.529342055320739746e+00
1.358127593994140625e-02
7.822302579879760742e-01
3.297453403472900391e+00
7.028644084930419922e-01
-4.216680049896240234e+00
-7.971970736980438232e-02
7.925888895988464355e-01
-1.202152967453002930e+00
-1.980492353439331055e+00
1.002593278884887695e+00
1.913324356079101562e+00
-1.845580101013183594e+00
2.365336418151855469e+00
2.202991008758544922e+00
3.035649061203002930e-01
-2.297380924224853516e+00
3.098587036132812500e+00
-1.573738813400268555e+00
-1.193323493003845215e+00
3.986239433288574219e-02
-2.241773605346679688e+00
1.186995029449462891e+00
3.174166202545166016e+00
5.903518676757812500e+00
2.183132410049438477e+00
1.661196947097778320e+00
-5.135755538940429688e-01
-1.121081352233886719e+00
1.757481217384338379e+00
-1.708100557327270508e+00
2.643441200256347656e+00
5.320773601531982422e+00
3.044862270355224609e+00
1.641452312469482422e+00
4.242356777191162109e+00
3.398679494857788086e-01
5.215611934661865234e+00
4.296409130096435547e+00
2.313364744186401367e+00
1.471608757972717285e+00
7.254052639007568359e+00
-2.681733965873718262e-01
-1.973702430725097656e+00
2.263360500335693359e+00
4.651225209236145020e-01
3.892581701278686523e+00
1.827527999877929688e+00
-5.993394851684570312e-01
4.107060909271240234e+00
1.135653018951416016e+00
9.717499017715454102e-01
4.165617942810058594e+00
3.646253585815429688e+00
-6.786547899246215820e-01
1.942297935485839844e+00
4.291862010955810547e+00
5.271491527557373047e+00
1.829722166061401367e+00
-9.188476800918579102e-01
2.520359992980957031e+00
2.149734497070312500e-01
2.665340900421142578e+00
5.067171096801757812e+00
-9.245225191116333008e-01
1.082788348197937012e+00
1.506464958190917969e+00
9.194338321685791016e-01
-1.135020494461059570e+00
6.404909133911132812e+00
2.353213310241699219e+00
6.222923278808593750e+00
3.913468837738037109e+00
-3.717855453491210938e+00
7.585621833801269531e+00
1.794417858123779297e+00
1.115110397338867188e+00
2.046117305755615234e+00
4.476165294647216797e+00
1.499097585678100586e+00
8.379002809524536133e-01
1.573386907577514648e+00
2.888339996337890625e+00
1.719346940517425537e-01
3.347032070159912109e+00
6.846822738647460938e+00
-5.258260250091552734e+00
2.416895389556884766e+00
8.595650672912597656e+00
2.913527488708496094e+00
-5.227208137512207031e-03
3.560235738754272461e+00
1.480707287788391113e+00
6.706661224365234375e+00
3.609864234924316406e+00
5.734703063964843750e+00
-2.307239174842834473e-02
7.168933749198913574e-01
-8.007001876831054688e-01
6.092950820922851562e+00
1.407338023185729980e+00
-2.385364770889282227e-01
2.661927938461303711e+00
3.274844586849212646e-02
-4.790976524353027344e+00
-1.772469758987426758e+00
2.145535707473754883e+00
2.046415328979492188e+00
-7.703075408935546875e-01
-8.178887963294982910e-01
5.730468273162841797e+00
6.643857955932617188e-01
3.899296998977661133e+00
1.878691315650939941e+00
2.113100528717041016e+00
-4.482431113719940186e-01
6.713636398315429688e+00
9.984436035156250000e-01
-2.619955539703369141e+00
-2.049417018890380859e+00
-3.227845430374145508e+00
-7.235293865203857422e+00
-2.623414754867553711e+00
-2.499574661254882812e+00
3.813015937805175781e+00
-4.236481189727783203e+00
-3.870190680027008057e-01
-6.327190995216369629e-01
-1.455105781555175781e+00
-2.746597528457641602e+00
-5.012950420379638672e+00
-2.593817234039306641e+00
-2.846472978591918945e+00
-4.276891231536865234e+00
-3.130651712417602539e+00
-6.581887245178222656e+00
-5.481711387634277344e+00
-4.572236061096191406e+00
4.764807820320129395e-01
-2.174512147903442383e-01
-4.222894668579101562e+00
-1.368272006511688232e-01
-9.349633008241653442e-02
-1.899191617965698242e+00
-2.037292957305908203e+00
-3.771811723709106445e-01
-8.578527569770812988e-01
-2.545608520507812500e+00
-3.277921199798583984e+00
-1.778112888336181641e+00
-4.564208507537841797e+00
-4.396474838256835938e+00
-5.311295032501220703e+00
-1.058134436607360840e-01
-1.773564338684082031e+00
-4.872852802276611328e+00
-2.042830467224121094e+00
-5.838357448577880859e+00
-3.353642225265502930e+00
-6.194690227508544922e+00
-7.144096374511718750e+00
3.288142204284667969e+00
-3.455155849456787109e+00
-2.163481116294860840e-01
-3.199581623077392578e+00
1.744388818740844727e+00
1.696084260940551758e+00
1.081749916076660156e+00
1.021041393280029297e+00
-3.935341238975524902e-01
1.220834493637084961e+00
-9.661536216735839844e-01
1.037954092025756836e+00
1.703232526779174805e-01
-3.356281518936157227e-01
1.388835906982421875e-02
6.736803054809570312e-01
3.850123405456542969e+00
1.096809506416320801e+00
4.005360007286071777e-01
2.017446041107177734e+00
-2.286992073059082031e+00
-4.576275348663330078e-01
-2.264691114425659180e+00
-2.413527488708496094e+00
-3.343843936920166016e+00
9.867334365844726562e-01
7.012707591056823730e-01
-4.361080646514892578e+00
-3.863772630691528320e+00
-1.789658546447753906e+00
-1.377766728401184082e+00
-2.160959720611572266e+00
-4.087682247161865234e+00
6.378642559051513672e+00
