-2.726931095123291016e+00
4.537111818790435791e-01
4.214235305786132812e+00
2.636067390441894531e+00
5.185484886169433594e-01
3.746882915496826172e+00
4.118749141693115234e+00
2.722426414489746094e+00
-1.063975572586059570e+00
8.160428047180175781e+00
-3.139130592346191406e+00
-1.222543478012084961e+00
-2.544713735580444336e+00
-3.159587621688842773e+00
-2.308054685592651367e+00
-1.292829394340515137e+00
-2.887287855148315430e+00
-1.377860546112060547e+00
-4.388508319854736328e+00
-1.128758430480957031e+00
-2.724131584167480469e+00
-1.574980616569519043e+00
-2.487915039062500000e+00
-1.730193614959716797e+00
-1.398638844490051270e+00
1.286483705043792725e-01
2.294220209121704102e+00
6.814339160919189453e-01
-2.418833971023559570e-02
8.050223588943481445e-01
-1.652962923049926758e+00
-1.407482266426086426e+00
3.219164609909057617e-01
2.442110776901245117e+00
4.118030548095703125e+00
-1.081031322479248047e+00
1.155704259872436523e-01
4.496353864669799805e-02
3.576403379440307617e+00
4.235458374023437500e+00
3.157724142074584961e+00
2.366035461425781250e+00
4.683308601379394531e+00
3.716500043869018555e+00
1.304793238639831543e+00
1.981589078903198242e+00
3.873886346817016602e+00
3.274661540985107422e+00
3.461792707443237305e+00
2.347984075546264648e+00
1.767613172531127930e+00
3.156930446624755859e+00
-4.105311632156372070e-01
3.570144772529602051e-01
2.667704224586486816e-01
-2.277486324310302734e+00
2.235383987426757812e+00
-2.674939870834350586e+00
3.598687410354614258e+00
1.360520124435424805e-01
1.746527433395385742e+00
5.854752063751220703e-01
1.100966453552246094e+00
-3.870156705379486084e-01
-6.134818792343139648e-01
5.322611331939697266e+00
6.380217671394348145e-01
2.040292978286743164e+00
2.151916503906250000e+00
2.470606327056884766e+00
4.443329811096191406e+00
6.145907878875732422e+00
4.951792240142822266e+00
8.809999465942382812e+00
9.076259613037109375e+00
4.257577419281005859e+00
4.198507308959960938e+00
7.562476158142089844e+00
5.332598209381103516e+00
7.458199024200439453e+00
6.408742666244506836e-01
1.722191572189331055e-01
-6.618682146072387695e-01
2.771227359771728516e+00
5.528057098388671875e+00
-2.995917201042175293e-01
6.976804733276367188e-01
2.029917240142822266e+00
3.783485174179077148e+00
-1.916742324829101562e+00
-2.277354478836059570e+00
-5.335749387741088867e-01
1.491636037826538086e+00
7.693429589271545410e-01
1.791746854782104492e+00
-1.846852779388427734e+00
6.915911436080932617e-01
-2.602734804153442383e+00
-1.049311876296997070e+00
-9.412285685539245605e-01
1.824881434440612793e+00
-2.122298717498779297e+00
-3.075300693511962891e+00
-2.328661918640136719e+00
4.375586509704589844e-01
-1.847052097320556641e+00
-3.707066059112548828e+00
7.851316928863525391e+00
1.282570958137512207e+00
1.567642211914062500e+00
-2.226329088211059570e+00
4.308525085449218750e+00
2.728021860122680664e+00
2.233462095260620117e+00
-1.802632689476013184e+00
1.464161038398742676e+00
-4.660588741302490234e+00
1.378333330154418945e+00
1.612759828567504883e+00
3.091353416442871094e+00
5.629064559936523438e+00
5.620090961456298828e+00
4.673004627227783203e+00
4.887333393096923828e+00
3.823106288909912109e+00
3.004817962646484375e+00
8.419329643249511719e+00
2.682879447937011719e+00
3.378525733947753906e+00
5.503817200660705566e-01
3.473782539367675781e+00
4.785769462585449219e+00
2.650830030441284180e+00
1.575752615928649902e+00
6.235999584197998047e+00
5.485470771789550781e+00
8.008902072906494141e-01
-5.227203369140625000e-01
7.238456726074218750e+00
-8.610959053039550781e-01
-2.616365432739257812e+00
9.626044034957885742e-01
1.827391624450683594e+00
-2.966226339340209961e-01
4.390328407287597656e+00
-3.068214893341064453e+00
7.036270499229431152e-01
6.771465539932250977e-01
-1.264066457748413086e+00
8.383095264434814453e-02
-1.971702337265014648e+00
1.521459341049194336e+00
-2.076852798461914062e+00
-2.621160268783569336e+00
-1.438328981399536133e+00
-2.523659944534301758e+00
-1.417221546173095703e+00
-3.052237987518310547e+00
-2.003052473068237305e+00
2.909327507019042969e+00
2.182375669479370117e+00
3.422029256820678711e+00
-1.472344160079956055e+00
1.387469291687011719e+00
2.790082931518554688e+00
5.091584920883178711e-01
4.486479759216308594e+00
6.023112535476684570e-01
4.452276706695556641e+00
4.784168243408203125e+00
7.995718479156494141e+00
4.784770011901855469e+00
4.264914512634277344e+00
6.376684188842773438e+00
-1.694174885749816895e+00
1.575756549835205078e+00
3.968940258026123047e+00
4.058404445648193359e+00
4.224553585052490234e+00
-1.878100991249084473e+00
5.839176177978515625e-01
2.493502616882324219e+00
3.475503921508789062e-01
3.705888390541076660e-01
5.921837329864501953e+00
-1.651943922042846680e-01
-4.755410671234130859e+00
-1.752007484436035156e+00
5.337546467781066895e-01
6.348361372947692871e-01
-3.375154256820678711e+00
1.306845307350158691e+00
2.511554956436157227e-02
-2.296797513961791992e+00
-4.065409302711486816e-01
6.422933340072631836e-01
-1.805919289588928223e+00
-2.173830270767211914e-01
-6.578356027603149414e-01
-3.533143997192382812e-01
-3.689970254898071289e+00
-2.505140304565429688e+00
-2.128166198730468750e+00
1.966755688190460205e-01
-1.553509950637817383e+00
2.670194625854492188e+00
2.526616811752319336e+00
4.060634613037109375e+00
1.763058662414550781e+00
6.802064895629882812e+00
2.682230472564697266e+00
4.325212478637695312e+00
2.919626712799072266e+00
3.767636537551879883e+00
9.153957962989807129e-01
1.900008440017700195e+00
-1.086620450019836426e+00
3.558683633804321289e+00
2.644553780555725098e-01
-1.676298677921295166e-01
-4.810386598110198975e-01
1.871525764465332031e+00
1.227391242980957031e+00
-4.218601226806640625e+00
-1.521945834159851074e+00
2.438078165054321289e+00
-1.383499860763549805e+00
1.678137063980102539e+00
-4.395133495330810547e+00
-1.464768886566162109e+00
-1.689182639122009277e+00
5.176409482955932617e-01
2.811393499374389648e+00
-3.888190984725952148e+00
-1.923229932785034180e+00
5.776381492614746094e-02
1.424502015113830566e+00
-1.270188331604003906e+00
3.144618988037109375e+00
-2.809623479843139648e-01
-9.782212972640991211e-01
-1.867173194885253906e+00
1.328154206275939941e+00
2.043963432312011719e+00
-3.287704944610595703e+00
-3.507762193679809570e+00
4.810455799102783203e+00
2.505427837371826172e+00
2.747480273246765137e-01
-1.401513814926147461e+00
4.549322128295898438e-01
4.391437053680419922e+00
-9.251911044120788574e-01
-8.894255757331848145e-01
-1.652344584465026855e+00
4.142886400222778320e-01
-2.610146284103393555e+00
4.639115333557128906e-01
-6.315377950668334961e-01
-4.547309875488281250e+00
-4.634095191955566406e+00
-3.615228652954101562e+00
-3.475068092346191406e+00
-3.020611763000488281e+00
-1.433414459228515625e+00
-2.347557783126831055e+00
-2.079216957092285156e+00
2.142477989196777344e+00
2.121732711791992188e+00
-1.066901206970214844e+00
-2.007010698318481445e+00
1.013142108917236328e+00
2.440457105636596680e+00
4.679972171783447266e+00
4.493045806884765625e-02
1.547426104545593262e+00
3.463193893432617188e+00
-4.341883659362792969e-01
-6.624531745910644531e-02
2.309325337409973145e-01
1.603587508201599121e+00
1.707792758941650391e+00
2.145628452301025391e+00
-7.896400094032287598e-01
1.772874832153320312e+00
1.289685964584350586e+00
5.529742240905761719e-01
-8.171719312667846680e-01
1.915970802307128906e+00
-1.921349644660949707e+00
5.467090606689453125e-01
1.361987590789794922e-01
3.251633048057556152e-02
1.726694583892822266e+00
-2.451313495635986328e+00
-4.656011581420898438e+00
-1.768252372741699219e+00
-2.000933647155761719e+00
1.004114627838134766e+00
8.510409593582153320e-01
4.427892208099365234e+00
1.288980007171630859e+00
3.979755401611328125e+00
5.448431968688964844e+00
4.823735713958740234e+00
1.556746244430541992e+00
2.615525245666503906e+00
3.615341663360595703e+00
4.906167984008789062e+00
3.304076194763183594e+00
6.718652725219726562e+00
3.797977924346923828e+00
7.396794795989990234e+00
4.511130332946777344e+00
7.265762805938720703e+00
6.355964660644531250e+00
1.439380645751953125e+00
1.989018917083740234e+00
5.427090644836425781e+00
5.098945140838623047e+00
3.048674106597900391e+00
2.610611915588378906e-01
-2.896316051483154297e-01
3.893760442733764648e-01
-1.519230723381042480e+00
-3.035491704940795898e-01
-1.184448003768920898e-01
5.500087261199951172e+00
-2.166299581527709961e+00
1.136136174201965332e+00
-2.539114475250244141e+00
3.018889725208282471e-01
-3.342104911804199219e+00
-1.907980084419250488e+00
-8.326503038406372070e-01
-2.328018188476562500e+00
-3.091900348663330078e+00
-4.053612232208251953e+00
-3.886378288269042969e+00
2.883694410324096680e+00
4.874430656433105469e+00
-2.833056688308715820e+00
-4.202752113342285156e+00
1.220580220222473145e+00
-1.946667671203613281e+00
-1.332444548606872559e-01
9.710736274719238281e-01
-1.798084080219268799e-01
5.317271947860717773e-01
-2.256817817687988281e-01
7.413771748542785645e-01
1.350966572761535645e+00
3.478716373443603516e+00
4.423850059509277344e+00
9.956660270690917969e+00
5.052471160888671875e+00
1.542956113815307617e+00
-1.126578211784362793e+00
-1.653659582138061523e+00
6.662353277206420898e-01
1.618418991565704346e-01
-2.867978572845458984e+00
-2.066935300827026367e+00
2.474354982376098633e+00
1.083873271942138672e+00
1.519191980361938477e+00
-2.124920368194580078e+00
-2.264163732528686523e+00
-2.620294094085693359e-01
-7.569193840026855469e-01
-4.598257243633270264e-01
3.498447895050048828e+00
1.246803998947143555e+00
-1.883744239807128906e+00
5.019513130187988281e+00
1.499713361263275146e-01
2.836079120635986328e+00
2.744584560394287109e+00
-2.184083938598632812e+00
-8.484909534454345703e-01
6.794785261154174805e-01
2.846897125244140625e+00
8.060831427574157715e-01
3.698148250579833984e+00
1.750770807266235352e-01
2.619335889816284180e+00
2.514801502227783203e+00
-3.095959901809692383e+00
-3.488608837127685547e+00
-1.714489459991455078e+00
1.460666537284851074e+00
-7.571815848350524902e-01
1.412043929100036621e+00
2.732827663421630859e-01
5.493384599685668945e-01
-5.022203326225280762e-01
1.029813885688781738e+00
3.474267721176147461e-01
-8.141689300537109375e-01
-6.750267744064331055e-01
-4.966058731079101562e+00
-3.172259330749511719e-01
-6.145633459091186523e-01
-2.423871517181396484e+00
-2.978889942169189453e+00
-2.873326778411865234e+00
-2.549191951751708984e+00
-2.561548948287963867e+00
-5.949458122253417969e+00
-7.039122581481933594e-01
-4.993594288825988770e-01
5.006394386291503906e-01
1.710624694824218750e-01
-6.681640744209289551e-01
-3.564365506172180176e-01
-7.008029222488403320e-01
-2.296453952789306641e+00
3.162095248699188232e-01
-2.271097183227539062e+00
-1.547911286354064941e+00
-1.483294844627380371e+00
-1.064720153808593750e-01
-4.357479095458984375e+00
-2.014106750488281250e+00
-4.088433980941772461e-01
7.875601947307586670e-02
-1.623906373977661133e+00
1.683323860168457031e+00
2.495389938354492188e+00
2.410351037979125977e+00
6.107460021972656250e+00
-4.110572338104248047e+00
-5.742292404174804688e-01
4.284405708312988281e-01
1.273769736289978027e+00
1.103978753089904785e+00
-6.735420823097229004e-01
-4.769636690616607666e-01
-3.052119016647338867e-01
-5.769412040710449219e+00
5.666416883468627930e-01
-2.368999719619750977e+00
-6.831139087677001953e+00
-1.572637081146240234e+00
-2.903701305389404297e+00
1.678457260131835938e+00
3.821421861648559570e-01
-2.521090745925903320e+00
-1.935714483261108398e+00
-4.088304519653320312e+00
-3.669294595718383789e+00
1.272736549377441406e+00
9.016610383987426758e-01
-1.921356439590454102e+00
-5.061610221862792969e+00
1.300956249237060547e+00
3.454695940017700195e+00
-3.381923437118530273e+00
-1.923999309539794922e+00
4.233156204223632812e+00
-1.411866545677185059e+00
2.755707502365112305e+00
-4.615138769149780273e-01
2.571171760559082031e+00
-2.364089965820312500e+00
-4.338476657867431641e+00
-5.120266914367675781e+00
-3.671601295471191406e+00
-2.055792570114135742e+00
-2.704473018646240234e+00
1.014914631843566895e+00
-4.324294090270996094e+00
-4.913786411285400391e+00
4.657543301582336426e-01
-6.051993370056152344e-01
-1.317625761032104492e+00
-1.926880478858947754e+00
-3.586431741714477539e+00
-4.829312562942504883e-01
-5.325288295745849609e+00
1.206914424896240234e+00
3.596331596374511719e+00
3.395320653915405273e+00
-3.974772691726684570e+00
-4.249323844909667969e+00
-5.783648490905761719e-01
5.651105046272277832e-01
1.400146961212158203e+00
-8.444984555244445801e-01
1.572152376174926758e-01
-8.602017164230346680e-01
-1.106427669525146484e+00
-5.625779628753662109e-01
1.860141754150390625e+00
-7.931987196207046509e-02
4.549941420555114746e-01
-3.062879666686058044e-02
-8.563603758811950684e-01
1.813804626464843750e+00
5.992282032966613770e-01
-8.942399024963378906e-01
-8.667069673538208008e-02
-1.988404512405395508e+00
1.144817948341369629e+00
-2.851642608642578125e+00
8.982399106025695801e-01
-6.795001029968261719e-01
-2.948670148849487305e+00
9.485808014869689941e-02
-3.875175952911376953e+00
-2.481739282608032227e+00
-2.127519607543945312e+00
2.936345577239990234e+00
-8.478572964668273926e-01
-1.211834907531738281e+00
1.818520307540893555e+00
-7.844163179397583008e-01
9.533442854881286621e-01
-1.957574248313903809e+00
3.479287028312683105e-01
-2.715697288513183594e+00
-8.532434701919555664e-01
-9.624948501586914062e-01
-1.667968273162841797e+00
-2.869893550872802734e+00
-1.237075567245483398e+00
9.720149040222167969e-01
2.828645467758178711e+00
4.045262336730957031e+00
-1.835635066032409668e+00
1.741506099700927734e+00
-7.032230496406555176e-04
-1.469262242317199707e-01
1.332985043525695801e+00
-1.682901620864868164e+00
-3.392606496810913086e+00
-1.051857590675354004e+00
1.306728124618530273e+00
3.075713872909545898e+00
1.466594338417053223e+00
-2.690446376800537109e+00
-3.940007686614990234e-01
-8.235276937484741211e-01
-1.964578509330749512e+00
-1.496091365814208984e+00
5.020229816436767578e-01
7.441681623458862305e-02
-2.916514635086059570e+00
-8.241216540336608887e-01
1.710488319396972656e+00
-4.787965774536132812e+00
-1.615316867828369141e+00
2.660815715789794922e+00
1.253542602062225342e-01
-2.474601507186889648e+00
-4.423916816711425781e+00
4.572260856628417969e+00
-5.517035722732543945e-01
-5.852173566818237305e-01
-9.078761935234069824e-01
-7.396947145462036133e-01
7.849047183990478516e-01
3.408685684204101562e+00
-2.064265251159667969e+00
-1.819029450416564941e+00
-1.990262746810913086e+00
-2.277374744415283203e+00
4.377818703651428223e-01
-2.818458557128906250e+00
-3.433146476745605469e+00
7.587168216705322266e-01
4.573955833911895752e-01
8.253086805343627930e-01
-5.866740226745605469e+00
-1.992145299911499023e+00
-2.156885385513305664e+00
-3.131607055664062500e+00
2.077556371688842773e+00
2.540200054645538330e-01
1.604600906372070312e+00
-2.354340553283691406e+00
4.848883152008056641e-01
-2.484606266021728516e+00
-2.353353023529052734e+00
-1.706327438354492188e+00
3.210048198699951172e+00
-2.808165550231933594e+00
-3.061830997467041016e-02
-2.379818916320800781e+00
2.037310600280761719e-01
-4.178202748298645020e-01
2.413828849792480469e+00
-9.821857810020446777e-01
-5.950949192047119141e-01
4.525126457214355469e+00
1.578209757804870605e+00
-2.543236970901489258e+00
-1.482607960700988770e+00
9.487423896789550781e-01
2.146261692047119141e+00
3.153854370117187500e+00
-1.976754665374755859e+00
-4.507283687591552734e+00
-1.634454369544982910e+00
-7.028751969337463379e-01
2.368865758180618286e-01
2.711743831634521484e+00
4.457406401634216309e-01
-3.139971494674682617e-01
-1.403307080268859863e+00
-1.177442073822021484e-01
1.710503339767456055e+00
-1.972872734069824219e+00
3.426042199134826660e-01
-2.569422960281372070e+00
-6.016030311584472656e-01
5.522180080413818359e+00
-8.437332510948181152e-01
3.166716098785400391e+00
4.404871940612792969e+00
-5.041794776916503906e-01
-9.783865213394165039e-01
-1.262451529502868652e+00
1.454937696456909180e+00
-6.295344829559326172e-01
-2.757081508636474609e+00
-1.906350851058959961e+00
-4.576232433319091797e+00
-2.595203876495361328e+00
-2.411015987396240234e+00
-2.203641414642333984e+00
1.348050236701965332e+00
-5.689537525177001953e-01
-1.276861071586608887e+00
-1.963704109191894531e+00
-1.985438585281372070e+00
4.058988094329833984e-01
4.801737666130065918e-01
7.502527236938476562e-01
3.071198463439941406e+00
-4.092197418212890625e+00
1.863961815834045410e+00
-4.081738948822021484e+00
1.822313427925109863e+00
2.697762966156005859e+00
-7.457962036132812500e-01
5.338263511657714844e-02
9.451277256011962891e-01
-1.098722815513610840e-01
-2.978116989135742188e+00
6.765083670616149902e-01
2.650872468948364258e+00
-4.998238086700439453e+00
-3.922072649002075195e+00
-1.867859601974487305e+00
-2.567318439483642578e+00
-2.531400918960571289e+00
-7.289073944091796875e+00
1.753639578819274902e-01
-3.015915870666503906e+00
1.732269525527954102e+00
-5.513714790344238281e+00
5.658832192420959473e-01
-2.865032911300659180e+00
1.205244302749633789e+00
-1.070004820823669434e+00
-2.691697597503662109e+00
-3.467884302139282227e+00
1.007755994796752930e-01
2.128133773803710938e+00
-2.949974060058593750e+00
-3.234348297119140625e+00
-3.210986256599426270e-01
-2.227960228919982910e-01
1.610824584960937500e+00
-1.442504644393920898e+00
4.460021018981933594e+00
1.726410746574401855e+00
-2.015879154205322266e+00
2.534066677093505859e+00
8.292117714881896973e-01
-1.700378417968750000e+00
-5.775428414344787598e-01
1.455120801925659180e+00
1.109921932220458984e+00
-9.222589731216430664e-01
-4.658812522888183594e+00
-2.000523567199707031e+00
2.322796344757080078e+00
-3.517062664031982422e-01
-3.627940177917480469e+00
2.077349424362182617e+00
5.149756073951721191e-01
-3.506166219711303711e+00
-2.102068424224853516e+00
-5.049801826477050781e+00
-7.047983407974243164e-01
-3.985559225082397461e+00
-1.353772759437561035e+00
6.910641789436340332e-01
1.452480673789978027e+00
5.629906177520751953e+00
-4.158125877380371094e+00
-4.169130325317382812e+00
-1.639773607254028320e+00
-3.715048789978027344e+00
-2.077525615692138672e+00
1.636907458305358887e+00
1.665209770202636719e+00
-3.653929710388183594e+00
1.687443017959594727e+00
1.442423582077026367e+00
-1.234087705612182617e+00
1.255781650543212891e+00
-3.155689716339111328e+00
-3.176739215850830078e+00
-2.528105974197387695e-01
-1.982895135879516602e+00
-6.332798004150390625e-01
-2.373798608779907227e+00
-2.757297754287719727e+00
3.110558509826660156e+00
2.050045728683471680e+00
-2.849572420120239258e+00
-3.725266456604003906e+00
1.700762987136840820e+00
-3.373682975769042969e+00
-5.322468280792236328e-02
1.057511925697326660e+00
-1.664662599563598633e+00
-1.241118550300598145e+00
4.029528141021728516e+00
-1.828950643539428711e+00
2.017561912536621094e+00
-4.004572391510009766e+00
3.811498880386352539e-01
-1.363063573837280273e+00
1.303688049316406250e+00
-1.402362227439880371e+00
-2.221038579940795898e+00
2.126405477523803711e+00
-1.576159238815307617e+00
4.294514954090118408e-01
-4.015490055084228516e+00
-5.586672782897949219e+00
-3.355168342590332031e+00
1.291218042373657227e+00
4.124543666839599609e+00
-1.202937483787536621e+00
4.225888848304748535e-01
-2.508226335048675537e-01
-3.072934150695800781e+00
-6.484571099281311035e-01
-8.827215433120727539e-01
1.322351455688476562e+00
-4.955109119415283203e+00
1.196304082870483398e+00
-3.153469562530517578e+00
2.001353502273559570e+00
-9.508986473083496094e-01
8.092767596244812012e-01
1.086448431015014648e-01
-8.091138005256652832e-01
-3.334957599639892578e+00
-2.356763362884521484e+00
1.290219187736511230e+00
-2.336993932723999023e+00
-2.876111507415771484e+00
1.405893921852111816e+00
9.085731506347656250e-01
3.260958194732666016e-01
-5.407106876373291016e-01
-1.571884751319885254e+00
-1.846462965011596680e+00
-1.927761077880859375e+00
-6.574473977088928223e-01
-1.549156904220581055e+00
8.637906908988952637e-01
-2.466582357883453369e-01
-8.682637810707092285e-01
-3.903682947158813477e+00
-4.372148513793945312e+00
2.862864971160888672e+00
-1.637076139450073242e-01
-3.349972963333129883e+00
1.883431911468505859e+00
-1.819958090782165527e+00
8.667178153991699219e-01
-3.727187633514404297e+00
-6.294184327125549316e-01
-1.939838528633117676e+00
6.119098067283630371e-01
-5.394427180290222168e-01
2.114236354827880859e+00
4.627835750579833984e+00
1.497160673141479492e+00
9.632866978645324707e-01
-7.028254270553588867e-01
-3.694513320922851562e+00
2.176868438720703125e+00
-3.724901676177978516e+00
2.919300496578216553e-01
1.065064787864685059e+00
-2.256551027297973633e+00
1.699663877487182617e+00
5.065276622772216797e+00
-9.376528859138488770e-01
-9.543031454086303711e-02
1.505827426910400391e+00
1.319541931152343750e+00
-7.931354045867919922e-01
2.709653139114379883e+00
7.173442244529724121e-01
-2.981642723083496094e+00
-1.889640927314758301e+00
5.195612907409667969e+00
-9.270225167274475098e-01
-6.856294155120849609e+00
3.399955272674560547e+00
-8.085348010063171387e-01
-6.893150806427001953e+00
-6.253336668014526367e-01
3.080921173095703125e-01
-3.200548648834228516e+00
9.624965786933898926e-01
-9.801229238510131836e-01
4.132733821868896484e+00
-1.835366249084472656e+00
1.122594118118286133e+00
-1.548254251480102539e+00
-6.846318244934082031e-01
2.762372195720672607e-01
-3.516566753387451172e-02
-2.531705856323242188e+00
-1.635912060737609863e+00
-5.010766029357910156e+00
7.636010646820068359e-02
-1.691810011863708496e+00
6.835172176361083984e-01
-2.820948064327239990e-01
-2.384619951248168945e+00
2.790969610214233398e-02
1.114188879728317261e-01
-7.214987874031066895e-01
1.841802597045898438e+00
2.458063602447509766e+00
1.996948480606079102e+00
-5.298061370849609375e+00
-8.759478330612182617e-01
-1.112941265106201172e+00
-8.529341220855712891e-01
4.508817195892333984e+00
2.401200771331787109e+00
-2.255866050720214844e+00
-1.427522897720336914e-01
-1.294503450393676758e+00
-1.868821263313293457e+00
-8.514721393585205078e-01
-3.315352201461791992e-01
-6.173720955848693848e-02
-5.194048881530761719e+00
-1.834227323532104492e+00
-6.545243859291076660e-01
-3.600660324096679688e+00
-2.872171878814697266e+00
-6.148052215576171875e+00
-1.443781852722167969e+00
-1.023605942726135254e+00
-1.107174158096313477e+00
-8.090340495109558105e-01
-3.958491981029510498e-01
-1.769299268722534180e+00
2.325019836425781250e+00
-1.752164483070373535e+00
-5.964891433715820312e+00
-6.139003753662109375e+00
-1.291029214859008789e+00
-3.650266647338867188e+00
-1.084986925125122070e+00
3.718708276748657227e+00
-1.710446596145629883e+00
1.275170326232910156e+00
2.186890363693237305e+00
2.666293084621429443e-01
-1.512124657630920410e+00
8.115680217742919922e-01
-4.102323651313781738e-01
-2.078174352645874023e+00
-4.546856880187988281e+00
1.211981654167175293e+00
5.350882530212402344e+00
-1.225333690643310547e+00
1.437895298004150391e+00
-9.502662420272827148e-01
2.838138580322265625e+00
-1.762138605117797852e+00
1.823730707168579102e+00
-1.574940800666809082e+00
3.409722328186035156e+00
-1.479362845420837402e+00
6.269780993461608887e-01
-4.594108581542968750e+00
1.442268371582031250e+00
1.704113006591796875e+00
4.869495391845703125e+00
1.284848690032958984e+00
-2.166890382766723633e+00
1.251060962677001953e+00
9.247644543647766113e-01
-2.404742717742919922e+00
-7.251722216606140137e-01
1.439297199249267578e-01
-1.236127257347106934e+00
1.791511893272399902e+00
-5.883714199066162109e+00
-4.015514850616455078e-01
4.056316852569580078e+00
7.628901004791259766e-01
-3.688538312911987305e+00
-3.058489799499511719e+00
-2.353275775909423828e+00
2.439308881759643555e+00
-1.461429119110107422e+00
-7.693760395050048828e-01
-5.485688209533691406e+00
-1.751298308372497559e-01
-4.315071582794189453e+00
-3.661656856536865234e+00
-3.275683641433715820e+00
-2.851712703704833984e-01
-4.021159172058105469e+00
-3.525514364242553711e+00
-3.533370256423950195e+00
-5.189849376678466797e+00
-5.292946815490722656e+00
-1.937016725540161133e+00
-3.464673519134521484e+00
-2.433314561843872070e+00
1.795250892639160156e+00
-3.750683784484863281e+00
-1.166790962219238281e+00
-2.456078529357910156e+00
-4.586783409118652344e+00
-3.118253231048583984e+00
-1.441684007644653320e+00
-2.769726276397705078e+00
6.543049216270446777e-01
-1.596634387969970703e-01
-3.576417446136474609e+00
-2.615855932235717773e+00
2.033908843994140625e+00
3.503627181053161621e-01
-2.211088657379150391e+00
-1.693813323974609375e+00
3.667060852050781250e+00
-2.717628955841064453e+00
-3.683900117874145508e+00
-2.298204660415649414e+00
-6.748365163803100586e-01
5.490531325340270996e-01
-8.981013298034667969e-01
-3.877455949783325195e+00
-3.931758165359497070e+00
-4.453222274780273438e+00
-3.166655063629150391e+00
-5.111059188842773438e+00
1.990956306457519531e+00
-2.341493606567382812e+00
-3.130067586898803711e-01
-1.289715290069580078e+00
-1.163334727287292480e+00
1.851128578186035156e+00
4.917782545089721680e-01
1.824642658233642578e+00
-1.911903858184814453e+00
-9.314398765563964844e-01
-2.648868083953857422e+00
3.483099937438964844e+00
2.151949644088745117e+00
-1.482047200202941895e+00
3.668949604034423828e-01
-8.068557381629943848e-01
-3.885514736175537109e-01
5.510516166687011719e+00
1.772166490554809570e+00
2.222399234771728516e+00
1.427908420562744141e+00
-1.265367269515991211e+00
1.695747524499893188e-01
5.530266761779785156e+00
7.936978340148925781e-02
-7.640137076377868652e-01
1.995487451553344727e+00
-5.569854736328125000e+00
-2.196598291397094727e+00
-2.203530550003051758e+00
-3.945213317871093750e+00
-2.501561880111694336e+00
8.606657981872558594e-01
3.437420845031738281e+00
