-3.364830017089843750e+00
-4.720648378133773804e-02
-2.740622162818908691e-01
-6.150697469711303711e-01
1.772004008293151855e+00
2.874618530273437500e+00
1.980343222618103027e+00
3.467203140258789062e+00
1.413795590400695801e+00
8.410595893859863281e+00
-3.117387294769287109e+00
-2.155303955078125000e-03
-6.883521080017089844e-01
-2.900133609771728516e+00
-1.202833175659179688e+00
-1.045560121536254883e+00
-2.486416101455688477e+00
5.657707452774047852e-01
5.089513659477233887e-01
-2.690968036651611328e+00
-3.429426431655883789e+00
3.758062601089477539e+00
4.767590045928955078e+00
2.457533121109008789e+00
-3.270315825939178467e-01
-2.370546579360961914e+00
-6.328184008598327637e-01
-2.002806663513183594e+00
-3.711796760559082031e+00
-1.773611068725585938e+00
-2.137365579605102539e+00
-1.200087070465087891e+00
-1.297501921653747559e+00
1.735407352447509766e+00
4.231305599212646484e+00
-1.224674344062805176e+00
-1.892978072166442871e+00
-8.494412302970886230e-01
2.159127235412597656e+00
6.038360595703125000e-01
8.666090965270996094e-01
-1.164211511611938477e+00
1.476330041885375977e+00
2.698751449584960938e+00
-6.636276245117187500e-01
1.268264055252075195e+00
9.817481637001037598e-01
3.313650369644165039e+00
5.449158549308776855e-01
1.813172817230224609e+00
2.221037864685058594e+00
3.327669620513916016e+00
-7.986444234848022461e-01
-2.965662479400634766e+00
-1.404843926429748535e+00
-1.509746193885803223e+00
1.519385457038879395e+00
-4.887097835540771484e+00
2.226616382598876953e+00
1.187868356704711914e+00
3.748413562774658203e+00
1.057783246040344238e+00
-1.613758206367492676e-01
1.040316581726074219e+00
1.263896703720092773e+00
4.871305942535400391e+00
1.198677718639373779e-01
-1.244630575180053711e+00
7.995021343231201172e-01
-2.787705898284912109e+00
-2.125271797180175781e+00
3.802664756774902344e+00
-6.623141169548034668e-01
2.603945970535278320e+00
3.123656272888183594e+00
9.772148132324218750e-01
3.510522842407226562e+00
2.904388904571533203e+00
4.022968769073486328e+00
1.446512699127197266e+00
5.946775913238525391e+00
1.321495056152343750e+00
2.905973196029663086e+00
3.538829803466796875e+00
4.298700332641601562e+00
-3.998786211013793945e-02
2.041244029998779297e+00
4.563004970550537109e-01
1.557107448577880859e+00
-1.955148458480834961e+00
-2.449613809585571289e+00
-8.622062206268310547e-01
5.672966241836547852e-01
4.027113437652587891e+00
-1.538153886795043945e-01
-2.454308032989501953e+00
2.346257209777832031e+00
-2.423540115356445312e+00
1.032899618148803711e+00
1.678789615631103516e+00
2.167055606842041016e+00
1.028229713439941406e+00
-2.953521251678466797e+00
1.176866292953491211e-01
-1.985015749931335449e+00
-7.039628624916076660e-01
-2.333560466766357422e+00
5.382211685180664062e+00
-5.982223153114318848e-02
1.691500425338745117e+00
-2.581221580505371094e+00
5.347689151763916016e+00
2.744149446487426758e+00
-2.156467437744140625e+00
-3.143381357192993164e+00
8.947590589523315430e-01
-3.680713415145874023e+00
8.958070278167724609e-01
2.659436941146850586e+00
-3.321304321289062500e-01
5.128747224807739258e-01
4.036092758178710938e+00
1.866551518440246582e+00
-7.549057006835937500e-01
1.472051382064819336e+00
1.454700946807861328e+00
1.507764577865600586e+00
2.004639387130737305e+00
3.551225662231445312e+00
-4.698123335838317871e-01
2.759594917297363281e-01
1.905511498451232910e+00
-1.397282481193542480e-01
2.030363798141479492e+00
3.170010566711425781e+00
2.118111610412597656e+00
2.917819499969482422e+00
5.532927513122558594e-01
4.766958713531494141e+00
-5.465002059936523438e-01
-1.718613982200622559e+00
2.361015319824218750e+00
-1.381097197532653809e+00
1.014492511749267578e+00
8.605418205261230469e-01
-1.834546089172363281e+00
1.318538427352905273e+00
2.604025602340698242e+00
3.968225479125976562e+00
-4.345428049564361572e-01
2.309455394744873047e+00
3.875041961669921875e+00
6.051012277603149414e-01
-7.100656032562255859e-01
6.656771898269653320e-02
-1.248467326164245605e+00
-5.618352890014648438e-01
-5.454277992248535156e-02
1.952555656433105469e+00
3.924955368041992188e+00
1.405017375946044922e+00
2.520818471908569336e+00
-2.188934087753295898e+00
1.933402061462402344e+00
3.042922019958496094e+00
3.374384403228759766e+00
5.270316123962402344e+00
1.829019665718078613e+00
5.320326328277587891e+00
5.275568485260009766e+00
3.912806510925292969e+00
4.900138854980468750e+00
2.703400611877441406e+00
7.676915168762207031e+00
-1.312142729759216309e+00
2.191108942031860352e+00
5.527425289154052734e+00
3.407208204269409180e+00
1.392692327499389648e+00
-1.446985125541687012e+00
-1.310974836349487305e+00
3.570451736450195312e+00
4.588312149047851562e+00
1.448380231857299805e+00
5.187895298004150391e+00
1.645648717880249023e+00
-2.060087203979492188e+00
2.107141017913818359e+00
2.575962781906127930e+00
3.339591979980468750e+00
-8.696058392524719238e-01
3.473780632019042969e+00
5.655517578125000000e-01
-2.524495363235473633e+00
-2.041006565093994141e+00
2.697078943252563477e+00
-4.268065094947814941e-01
8.599858283996582031e-01
-7.813501358032226562e-01
-1.013077735900878906e+00
-1.366655707359313965e+00
-3.488818883895874023e+00
-2.636295557022094727e-02
1.402041316032409668e-02
-1.494030952453613281e+00
1.827711343765258789e+00
3.573578596115112305e+00
3.422166109085083008e+00
2.523170709609985352e+00
3.380326271057128906e+00
3.864200353622436523e+00
5.915692806243896484e+00
3.313765048980712891e+00
5.188133716583251953e+00
2.009276866912841797e+00
3.051527976989746094e+00
1.593888878822326660e+00
1.503742933273315430e+00
2.326580882072448730e-01
-4.911925494670867920e-01
-1.906030893325805664e+00
8.734725117683410645e-01
1.225823402404785156e+00
-2.199482917785644531e+00
-4.085695147514343262e-01
1.817702412605285645e+00
1.301862716674804688e+00
2.264526367187500000e+00
-2.444786787033081055e+00
1.310013175010681152e+00
-7.482902407646179199e-01
1.646392464637756348e+00
5.155508518218994141e+00
-3.799191236495971680e+00
3.261387825012207031e+00
3.271907567977905273e+00
4.381863117218017578e+00
1.675778150558471680e+00
3.143947362899780273e+00
2.615961313247680664e+00
2.125640869140625000e+00
2.041558265686035156e+00
3.356827735900878906e+00
1.135322332382202148e+00
-1.761023402214050293e-01
-1.635398387908935547e+00
1.763981580734252930e+00
3.134238243103027344e+00
2.439817667007446289e+00
1.135129094123840332e+00
1.672939777374267578e+00
5.209800243377685547e+00
1.865754961967468262e+00
1.060988664627075195e+00
6.481201648712158203e-01
2.009618759155273438e+00
-2.127033472061157227e+00
-4.212456196546554565e-02
-8.023998141288757324e-01
-3.915315151214599609e+00
-2.631746292114257812e+00
-1.719604015350341797e+00
3.408506870269775391e+00
-3.036866903305053711e+00
-6.583653092384338379e-01
-2.559589445590972900e-01
-1.335242629051208496e+00
3.361623764038085938e+00
7.746479511260986328e-01
2.698814392089843750e+00
7.222679257392883301e-02
2.657909154891967773e+00
6.170737266540527344e+00
7.071963310241699219e+00
3.707204580307006836e+00
1.773178219795227051e+00
1.608135938644409180e+00
2.762615680694580078e+00
1.632253527641296387e+00
3.466055154800415039e+00
3.007726907730102539e+00
3.579511165618896484e+00
9.690389037132263184e-01
1.424264669418334961e+00
2.853115320205688477e+00
3.702445030212402344e+00
2.771770954132080078e+00
1.581089615821838379e+00
4.164790153503417969e+00
-9.908287525177001953e-01
1.905999183654785156e+00
2.468684434890747070e+00
-9.656853675842285156e-01
7.423139095306396484e+00
-1.927300810813903809e+00
-1.064860939979553223e+00
-6.352404356002807617e-01
-8.575024604797363281e-01
3.414553642272949219e+00
8.917764425277709961e-01
1.331977605819702148e+00
2.456705808639526367e+00
3.061587333679199219e+00
1.308349132537841797e+00
-9.287029504776000977e-02
-1.552105545997619629e+00
1.304224967956542969e+00
3.099825382232666016e+00
9.616155624389648438e-01
1.038102149963378906e+00
3.971088409423828125e+00
1.926488876342773438e+00
3.187685728073120117e+00
2.520930528640747070e+00
-3.763320446014404297e-01
1.355535626411437988e+00
-3.005172729492187500e+00
-1.856262087821960449e+00
3.440250873565673828e+00
2.933635473251342773e+00
1.844974160194396973e-01
-2.375556945800781250e+00
-3.777573823928833008e+00
-1.969864368438720703e+00
-3.313628196716308594e+00
-2.366055011749267578e+00
-4.062654495239257812e+00
7.053562641143798828e+00
-9.271166920661926270e-01
-1.911050379276275635e-01
-5.825508236885070801e-01
1.220127701759338379e+00
-1.888033628463745117e+00
-1.255357384681701660e+00
-4.408061504364013672e-02
9.170311689376831055e-02
-2.486996173858642578e+00
-6.370894908905029297e-01
-1.328915834426879883e+00
4.795238971710205078e+00
4.120505332946777344e+00
1.084512591361999512e+00
-2.060814619064331055e+00
1.304374814033508301e+00
6.493973731994628906e-02
-1.768786907196044922e-01
8.281232118606567383e-01
-1.660657882690429688e+00
3.657729148864746094e+00
3.410175323486328125e+00
2.912228822708129883e+00
3.788391590118408203e+00
2.767558097839355469e+00
3.971051216125488281e+00
9.711297035217285156e+00
4.812150001525878906e+00
3.796357154846191406e+00
5.218580245971679688e+00
1.816724896430969238e+00
3.457553625106811523e+00
4.049403190612792969e+00
5.929425954818725586e-01
2.132335454225540161e-01
2.159826517105102539e+00
1.278751134872436523e+00
-8.337029814720153809e-02
-7.846696972846984863e-01
-8.048076033592224121e-01
-1.105272769927978516e-02
1.125194191932678223e+00
-8.040899634361267090e-01
1.983260750770568848e+00
-4.438387751579284668e-01
-2.649032592773437500e+00
1.412055253982543945e+00
-2.773754596710205078e-01
1.364438533782958984e-01
1.102588176727294922e-01
-1.571483731269836426e+00
-4.247274398803710938e-01
-4.816098809242248535e-01
2.886237621307373047e+00
-4.913745447993278503e-02
1.551330685615539551e+00
-2.773345112800598145e-01
2.237102270126342773e+00
4.405867576599121094e+00
-6.131185293197631836e-01
-3.211112737655639648e+00
-1.393105983734130859e+00
-7.679166793823242188e-01
-2.625730037689208984e+00
3.140820264816284180e-01
-1.730618476867675781e-01
-2.834017753601074219e+00
5.726824402809143066e-01
4.508447647094726562e-01
-1.145323276519775391e+00
-3.378282785415649414e+00
1.409560084342956543e+00
-3.202289342880249023e+00
-3.264469146728515625e+00
3.762278258800506592e-01
-3.085175514221191406e+00
5.229098796844482422e-01
-1.786789417266845703e+00
-5.618426322937011719e+00
-2.306440353393554688e+00
-3.763309955596923828e+00
2.123122930526733398e+00
-1.491996526718139648e+00
2.603996992111206055e+00
-3.385537385940551758e+00
-1.776706099510192871e+00
8.777441382408142090e-01
-2.573463439941406250e+00
1.014259815216064453e+00
2.224046468734741211e+00
8.362376689910888672e-02
3.313320636749267578e+00
-7.995717525482177734e-01
-1.714071512222290039e+00
-2.372418880462646484e+00
-2.552719354629516602e+00
-4.394414424896240234e-01
-4.138822555541992188e-01
1.905499696731567383e-01
1.786082506179809570e+00
1.577029466629028320e+00
1.866269469261169434e+00
2.135562658309936523e+00
-3.354104042053222656e+00
-8.756160736083984375e-01
5.526694059371948242e-01
3.705503225326538086e+00
2.485982656478881836e+00
-8.540175557136535645e-01
3.654080033302307129e-01
-4.533631205558776855e-01
-3.361499547958374023e+00
1.423804759979248047e-01
-3.842341661453247070e+00
-2.945256471633911133e+00
-1.613364696502685547e+00
-1.473485112190246582e+00
3.730040550231933594e+00
3.433258056640625000e+00
6.322259306907653809e-01
-1.846231222152709961e+00
-2.646118164062500000e+00
-3.155767202377319336e+00
-2.093044221401214600e-01
3.768818974494934082e-01
-1.206857919692993164e+00
-4.699762344360351562e+00
2.021728992462158203e+00
1.328766345977783203e-03
-2.167505025863647461e-01
-2.439443826675415039e+00
4.343021392822265625e+00
-1.853732228279113770e+00
-2.761132717132568359e-01
6.240928173065185547e-01
1.740821838378906250e+00
-1.641857981681823730e+00
-2.746918916702270508e+00
-3.549912929534912109e+00
-3.231095790863037109e+00
-2.860731363296508789e+00
-3.455669879913330078e+00
2.265800714492797852e+00
-3.474945068359375000e+00
-4.609127521514892578e+00
-1.584484577178955078e-01
4.464137554168701172e-01
-2.303707361221313477e+00
-9.234141111373901367e-01
-3.634665727615356445e+00
4.791793227195739746e-01
-4.787331104278564453e+00
-1.688398838043212891e+00
2.288467884063720703e+00
1.134227275848388672e+00
-2.328756809234619141e+00
-4.594050884246826172e+00
-4.440495014190673828e+00
-6.035194396972656250e-01
1.260517001152038574e+00
-4.670771956443786621e-01
3.061674833297729492e-01
8.829391002655029297e-02
-2.377741813659667969e+00
-1.146191954612731934e+00
2.288123607635498047e+00
3.528019487857818604e-01
7.564935684204101562e-01
1.296810030937194824e+00
-2.483527660369873047e+00
4.876399934291839600e-01
-1.298560738563537598e+00
-2.233922719955444336e+00
-1.421778798103332520e-01
-1.004795789718627930e+00
-8.644080758094787598e-01
-1.081427097320556641e+00
1.598183363676071167e-01
-3.521609306335449219e+00
-2.393386125564575195e+00
-8.035778999328613281e-03
-3.804113388061523438e+00
1.207574605941772461e+00
-2.205206394195556641e+00
1.099159941077232361e-01
-4.757594466209411621e-01
1.933301210403442383e+00
1.622086763381958008e-02
3.684702217578887939e-01
2.998784542083740234e+00
-2.134655714035034180e-01
-7.127143740653991699e-01
-4.865670502185821533e-01
-4.561674594879150391e+00
-3.419058799743652344e+00
-5.131120681762695312e-01
-2.325419425964355469e+00
-2.201643466949462891e+00
-4.695164263248443604e-01
-3.931483924388885498e-01
4.425327777862548828e-01
-1.076489686965942383e-01
2.561407089233398438e+00
-3.005557656288146973e-01
3.880008310079574585e-02
1.185507059097290039e+00
-1.454168081283569336e+00
-5.126280307769775391e+00
-7.000502347946166992e-01
2.911046504974365234e+00
1.112972259521484375e+00
2.029017448425292969e+00
-2.520372867584228516e-01
-1.031370162963867188e+00
-1.017914891242980957e+00
5.303580760955810547e-01
-4.565278053283691406e+00
1.178058147430419922e+00
1.546422004699707031e+00
-3.722880840301513672e+00
-2.876708030700683594e+00
3.038457393646240234e+00
-4.925637245178222656e+00
-5.250630378723144531e-01
1.142309069633483887e+00
-5.434590578079223633e-02
-1.030104398727416992e+00
-3.201794862747192383e+00
3.659734010696411133e+00
-4.957684278488159180e-01
-1.482384324073791504e+00
1.986704111099243164e+00
9.644677639007568359e-01
-3.259180545806884766e+00
1.945146203041076660e+00
-2.141619682312011719e+00
-4.150203227996826172e+00
-3.682831048965454102e+00
-2.380720376968383789e+00
-3.803348243236541748e-01
-6.236305832862854004e-02
-3.999397516250610352e+00
6.394964456558227539e-01
-1.752009987831115723e+00
1.892224073410034180e+00
-4.492442131042480469e+00
-7.608425021171569824e-01
-3.258212089538574219e+00
-1.419528484344482422e+00
1.394143700599670410e+00
2.097807824611663818e-01
7.607403397560119629e-02
-2.833707809448242188e+00
-4.866175055503845215e-01
-2.986889362335205078e+00
-1.600166320800781250e+00
-6.723141670227050781e-01
3.652784109115600586e+00
-6.275963783264160156e+00
3.026998639106750488e-01
-8.650124669075012207e-01
-1.200327634811401367e+00
-3.274700403213500977e+00
4.747253417968750000e+00
-1.749994277954101562e+00
-1.303164005279541016e+00
1.368196249008178711e+00
-2.512547492980957031e+00
-1.299581050872802734e+00
-2.464261054992675781e+00
4.720498323440551758e-01
1.749716520309448242e+00
1.260427117347717285e+00
-3.631427288055419922e-01
-7.778513431549072266e-01
-1.585886001586914062e+00
-9.814594388008117676e-01
-5.623252689838409424e-02
-5.100075602531433105e-01
4.856670498847961426e-01
-1.297704458236694336e+00
-2.411555767059326172e+00
2.293449640274047852e+00
2.580265283584594727e+00
-1.434002399444580078e+00
-1.965267300605773926e+00
-6.944417953491210938e-03
4.668505787849426270e-01
4.216860294342041016e+00
4.704660177230834961e-02
-1.443971097469329834e-01
2.273571252822875977e+00
9.924282431602478027e-01
-4.551954746246337891e+00
-1.531486749649047852e+00
-2.885761857032775879e-01
-1.888612031936645508e+00
-4.196480751037597656e+00
-4.298001289367675781e+00
-5.486459255218505859e+00
-2.970153808593750000e+00
-5.243132114410400391e-01
-4.062221646308898926e-01
-5.463838577270507812e-03
-1.105565786361694336e+00
5.262485146522521973e-01
-4.021352291107177734e+00
9.317522048950195312e-01
-9.089946746826171875e-01
-1.729274988174438477e+00
3.575207948684692383e+00
5.080718517303466797e+00
-4.147970676422119141e+00
9.090763330459594727e-01
-5.732985019683837891e+00
2.416505813598632812e+00
2.360857963562011719e+00
2.575737237930297852e-02
-8.609296083450317383e-01
8.175247907638549805e-02
-3.676570653915405273e-01
-2.207408905029296875e+00
2.525613307952880859e-01
3.307060241699218750e+00
-6.204870223999023438e+00
-3.303395509719848633e+00
-5.612406730651855469e+00
1.194327116012573242e+00
-2.547709226608276367e+00
-6.894132137298583984e+00
3.333321094512939453e+00
-4.350465297698974609e+00
8.528596162796020508e-02
-4.655871391296386719e+00
-1.227922677993774414e+00
-2.446473360061645508e+00
-4.935373663902282715e-01
-1.016816377639770508e+00
-3.446842670440673828e+00
-2.207318067550659180e+00
-8.914684653282165527e-01
1.279203414916992188e+00
-2.624398231506347656e+00
-1.059494614601135254e+00
-2.071181774139404297e+00
-2.046137094497680664e+00
8.105397224426269531e-01
-3.693448781967163086e+00
4.183456420898437500e+00
2.710346698760986328e+00
-4.944671392440795898e-01
-7.247443795204162598e-01
2.625258207321166992e+00
-1.689957618713378906e+00
-2.579108476638793945e+00
1.782728552818298340e+00
-5.241551399230957031e-01
-2.104554891586303711e+00
-3.391335964202880859e+00
-4.393545150756835938e+00
1.534420967102050781e+00
7.321684360504150391e-01
-4.630268096923828125e+00
2.185823202133178711e+00
-5.172916650772094727e-01
6.661635637283325195e-02
-2.039113283157348633e+00
-2.539422988891601562e+00
4.697419404983520508e-01
8.900983333587646484e-01
1.553157567977905273e-01
-3.143198788166046143e-01
9.428795576095581055e-01
6.445877552032470703e+00
-3.935894966125488281e-01
-4.628893852233886719e+00
6.744148135185241699e-01
-2.778976917266845703e+00
-2.555293560028076172e+00
-2.924361705780029297e+00
9.592757821083068848e-01
-2.812374114990234375e+00
1.435231268405914307e-01
3.540731072425842285e-01
7.957088947296142578e-02
-6.144302487373352051e-01
-2.862395048141479492e-01
-2.364904165267944336e+00
-3.118764162063598633e-01
-3.982111215591430664e+00
1.735599875450134277e+00
-3.398357868194580078e+00
-1.833543539047241211e+00
4.765338897705078125e+00
2.656122684478759766e+00
-2.089433908462524414e+00
-2.074360847473144531e+00
4.801805615425109863e-01
-3.654537677764892578e+00
-2.114992737770080566e-01
1.932136654853820801e+00
-8.471584320068359375e-02
-1.593273162841796875e+00
3.880573749542236328e+00
-2.138381481170654297e+00
1.642670869827270508e+00
-1.667332172393798828e+00
-2.570341229438781738e-01
-9.445380568504333496e-01
1.530216097831726074e+00
1.005460977554321289e+00
-2.035880565643310547e+00
-2.118954420089721680e+00
-2.053774595260620117e-01
-1.431129336357116699e+00
-5.307332515716552734e+00
-3.847576379776000977e+00
9.858160018920898438e-01
2.766006231307983398e+00
1.866117835044860840e+00
-2.480165481567382812e+00
-3.283039808273315430e+00
3.719515204429626465e-01
-7.735829353332519531e-01
7.422080636024475098e-01
9.038719534873962402e-01
-2.032430648803710938e+00
-3.952601671218872070e+00
-8.271183967590332031e-01
-3.468099117279052734e+00
-7.647911310195922852e-01
-1.799286901950836182e-01
9.343540668487548828e-02
-5.819673538208007812e-01
-2.440846443176269531e+00
-3.360215187072753906e+00
-3.478984355926513672e+00
3.257062435150146484e-01
-5.164335250854492188e+00
-1.081715941429138184e+00
1.330881714820861816e+00
3.832924365997314453e+00
1.352595210075378418e+00
4.174019098281860352e-01
-9.195950031280517578e-01
-2.685257911682128906e+00
1.932535171508789062e+00
-7.321838140487670898e-01
-1.148576021194458008e+00
6.304270029067993164e-01
-2.164342403411865234e+00
-2.718036651611328125e+00
-2.823129177093505859e+00
-2.401025056838989258e+00
2.397672414779663086e+00
3.283545970916748047e-01
-1.096573472023010254e+00
-8.566660881042480469e-01
-1.909199476242065430e+00
1.149107217788696289e+00
-2.894644021987915039e+00
-1.339889168739318848e-01
-6.188470721244812012e-01
-6.271426081657409668e-01
-3.423487544059753418e-01
-1.296978235244750977e+00
4.647181987762451172e+00
2.434792518615722656e+00
2.477610588073730469e+00
-1.230023384094238281e+00
-2.966604948043823242e+00
7.370200157165527344e-01
-5.238818168640136719e+00
1.930720567703247070e+00
-1.068019151687622070e+00
-2.846194267272949219e+00
4.226690530776977539e-01
4.781570434570312500e+00
8.459486961364746094e-01
-1.113437339663505554e-01
5.132012367248535156e-01
4.011334180831909180e-01
-1.877458453178405762e+00
1.198323130607604980e+00
1.589570760726928711e+00
-1.758576393127441406e+00
-2.038222312927246094e+00
4.005126953125000000e+00
-3.644146919250488281e+00
-5.145578861236572266e+00
-3.402465581893920898e-01
-1.659298837184906006e-01
-7.339150428771972656e+00
-2.817675590515136719e+00
2.366153448820114136e-01
-1.595148324966430664e+00
2.790864944458007812e+00
-1.136944174766540527e+00
2.677728831768035889e-01
-1.430407524108886719e+00
-1.015433073043823242e-01
-2.869490623474121094e+00
-1.966751337051391602e+00
-1.826753854751586914e+00
-2.459320545196533203e+00
-3.010593652725219727e+00
3.632916212081909180e-01
-3.434320449829101562e+00
3.051532506942749023e-01
-8.746269941329956055e-01
9.880089759826660156e-02
-2.007494449615478516e+00
-1.539728164672851562e+00
1.911082983016967773e+00
1.119002580642700195e+00
-5.528154373168945312e-01
-5.728867650032043457e-01
9.283348321914672852e-01
7.288724184036254883e-02
-5.160220146179199219e+00
-2.063687562942504883e+00
-2.067483901977539062e+00
5.398071408271789551e-01
3.339938402175903320e+00
2.536555051803588867e+00
-3.799923896789550781e+00
9.058259725570678711e-01
-2.065899610519409180e+00
-6.065424084663391113e-01
4.012612700462341309e-01
-6.191499233245849609e-01
-1.698542118072509766e+00
-3.237830877304077148e+00
-1.151823520660400391e+00
3.023337125778198242e+00
-2.990831613540649414e+00
-5.448647141456604004e-01
-5.743600130081176758e-01
-5.001689434051513672e+00
-1.367376446723937988e+00
2.417103052139282227e+00
1.612539142370223999e-01
-6.338831186294555664e-01
-2.022495031356811523e+00
2.301866531372070312e+00
-2.083752155303955078e+00
-6.379117965698242188e+00
-1.869452357292175293e+00
-5.883901715278625488e-01
-4.161608695983886719e+00
-3.678656578063964844e+00
1.706051468849182129e+00
-1.034510135650634766e+00
-1.448106408119201660e+00
-1.423137903213500977e+00
2.983621597290039062e+00
-1.927702903747558594e+00
7.111502885818481445e-01
-1.420379161834716797e+00
-3.500187635421752930e+00
-3.255286455154418945e+00
1.300624728202819824e+00
5.964724540710449219e+00
-6.677123308181762695e-01
3.531059265136718750e+00
7.924684882164001465e-01
1.353548049926757812e+00
-1.019283413887023926e+00
3.029015302658081055e+00
3.211590349674224854e-01
2.444485187530517578e+00
2.441298961639404297e-02
-3.837643861770629883e-01
-4.111289978027343750e+00
2.064924478530883789e+00
1.320644617080688477e-01
4.972960472106933594e+00
2.426946640014648438e+00
3.859217166900634766e-01
2.500472545623779297e+00
3.886648416519165039e-01
-4.385438919067382812e+00
1.153171181678771973e+00
1.727225303649902344e+00
-2.678527832031250000e-01
1.610768079757690430e+00
-4.467240333557128906e+00
-2.456485509872436523e+00
3.702487707138061523e+00
3.685981750488281250e+00
-2.215425968170166016e+00
-2.570773363113403320e-01
-2.686743259429931641e+00
6.654275417327880859e+00
-1.553896903991699219e+00
-1.810496807098388672e+00
-4.540567398071289062e+00
-2.219922304153442383e+00
-4.872543811798095703e+00
-6.801411151885986328e+00
-4.746526718139648438e+00
-2.576521396636962891e+00
-3.527632951736450195e+00
-5.970360279083251953e+00
-3.644891500473022461e+00
-6.906646251678466797e+00
-5.222745895385742188e+00
-5.116290092468261719e+00
-5.302737712860107422e+00
-2.321986198425292969e+00
-1.626401066780090332e+00
-8.685151338577270508e-01
-1.112088918685913086e+00
-3.530882596969604492e+00
-2.386405706405639648e+00
-3.353034019470214844e+00
-2.277666807174682617e+00
-2.136367797851562500e+00
-1.314127087593078613e+00
-3.140969038009643555e+00
-1.031631469726562500e+00
-2.702770948410034180e+00
-3.997151851654052734e-01
-1.325156688690185547e-01
9.378213882446289062e-01
-2.521221637725830078e+00
9.321341514587402344e-01
-2.136837005615234375e+00
-3.394616842269897461e+00
-1.576400995254516602e+00
-2.107203483581542969e+00
-9.325110912322998047e-01
-2.644037246704101562e+00
-5.346535205841064453e+00
-5.717120170593261719e+00
-5.786664485931396484e+00
-3.557909011840820312e+00
-5.554710865020751953e+00
1.911452770233154297e+00
-3.682970762252807617e+00
-4.680585861206054688e-02
-1.733254671096801758e+00
8.300644159317016602e-01
1.628758311271667480e+00
4.914888143539428711e-01
2.711746931076049805e+00
-1.551416873931884766e+00
4.184872150421142578e+00
-2.466221332550048828e+00
2.735714912414550781e+00
6.507441043853759766e+00
-1.808441281318664551e+00
2.368676424026489258e+00
-3.481070399284362793e-01
-2.229601144790649414e-01
7.714692592620849609e+00
2.153735160827636719e+00
6.275473237037658691e-01
-7.603940367698669434e-01
-3.558871507644653320e+00
-1.723269224166870117e+00
2.839920043945312500e+00
-2.465204715728759766e+00
-1.681449651718139648e+00
-5.803415775299072266e-01
-3.912140607833862305e+00
-5.622622966766357422e-01
-2.280869722366333008e+00
-3.473629474639892578e+00
-3.931502342224121094e+00
1.430242061614990234e-01
1.677587151527404785e+00
