-3.735159397125244141e+00
3.004421949386596680e+00
2.296537160873413086e-02
8.668780326843261719e-03
-2.414960384368896484e+00
1.661909937858581543e+00
3.902603685855865479e-01
1.497313380241394043e+00
-3.133437633514404297e+00
4.617187023162841797e+00
-1.125921010971069336e-01
1.215034723281860352e+00
-1.316339373588562012e+00
-4.224644184112548828e+00
2.301319837570190430e+00
-3.391850948333740234e+00
-1.609736561775207520e+00
1.043926477432250977e-01
-5.312261581420898438e+00
-5.151629447937011719e+00
-2.915167808532714844e+00
-8.996981382369995117e-01
-5.067903995513916016e-01
-1.411863803863525391e+00
-1.902091979980468750e+00
-7.219725847244262695e-02
1.080713033676147461e+00
2.446234226226806641e+00
-6.190603375434875488e-01
4.982858896255493164e-01
-2.788749456405639648e+00
-4.556184411048889160e-01
4.661267995834350586e-01
-8.053916692733764648e-02
1.642749309539794922e+00
-1.602506756782531738e+00
-1.536323666572570801e+00
8.372321724891662598e-01
5.383563041687011719e-01
6.933007240295410156e-01
2.101131439208984375e+00
-6.433875560760498047e-01
1.729713439941406250e+00
-2.076419591903686523e-01
-9.951552152633666992e-01
3.391525268554687500e+00
1.518054962158203125e+00
6.111859798431396484e+00
8.748916983604431152e-01
1.478517770767211914e+00
3.583950042724609375e+00
4.975318431854248047e+00
-3.506149291992187500e+00
-3.847953081130981445e+00
-3.451935291290283203e+00
-4.641420364379882812e+00
-1.381964921951293945e+00
-7.582736968994140625e+00
-3.715359449386596680e+00
-2.976324081420898438e+00
1.709432005882263184e-01
-1.072697281837463379e+00
-2.365273475646972656e+00
-4.913599967956542969e+00
-2.657687664031982422e+00
-9.612776041030883789e-01
-3.776279211044311523e+00
-2.520148754119873047e+00
-4.220730304718017578e+00
2.711701393127441406e-02
1.979820489883422852e+00
3.957373142242431641e+00
4.248167037963867188e+00
7.474944114685058594e+00
6.460240364074707031e+00
2.791014909744262695e+00
4.701937675476074219e+00
6.433564662933349609e+00
4.313106060028076172e+00
4.499116420745849609e+00
3.161847114562988281e+00
9.389628171920776367e-01
1.636588454246520996e+00
2.035384654998779297e+00
3.805730819702148438e+00
-4.345760643482208252e-01
1.347248077392578125e+00
1.603099107742309570e-01
4.378555297851562500e+00
-2.400863409042358398e+00
5.775391578674316406e+00
1.086300134658813477e+00
1.464701056480407715e+00
-1.613260984420776367e+00
3.878465175628662109e+00
9.384342432022094727e-01
-2.566393613815307617e-01
-3.544002532958984375e+00
-1.512194871902465820e+00
-5.030831813812255859e+00
-1.481676697731018066e+00
1.403010129928588867e+00
-1.071377992630004883e+00
-9.331756234169006348e-01
-3.617892980575561523e+00
-1.697394132614135742e+00
-3.891954421997070312e+00
6.892406463623046875e+00
2.099545240402221680e+00
2.823514223098754883e+00
-2.940107583999633789e+00
2.409756183624267578e+00
1.320268869400024414e+00
-1.484149694442749023e+00
-1.422443509101867676e+00
-8.530262708663940430e-01
-3.552376747131347656e+00
4.675429821014404297e+00
4.522810459136962891e+00
3.609691381454467773e+00
3.096306562423706055e+00
6.480203151702880859e+00
3.990011930465698242e+00
5.934483051300048828e+00
1.870443701744079590e+00
8.148491859436035156e+00
6.674030303955078125e+00
-2.415499985218048096e-01
1.837469935417175293e+00
2.599384784698486328e+00
1.958292722702026367e+00
3.029391765594482422e+00
7.323331236839294434e-01
1.023436546325683594e+00
1.525890469551086426e+00
3.518537998199462891e+00
2.469002723693847656e+00
-3.927729845046997070e+00
3.682996749877929688e+00
9.815138578414916992e-02
-7.967303991317749023e-01
2.577968597412109375e+00
2.934946060180664062e+00
1.529167175292968750e+00
4.718606472015380859e-01
-1.542125344276428223e+00
-1.877152681350708008e+00
1.172216534614562988e+00
-2.446717500686645508e+00
-2.082540512084960938e+00
-5.601115703582763672e+00
2.569261074066162109e+00
-3.927525520324707031e+00
-5.750206470489501953e+00
-2.319253206253051758e+00
-5.144827365875244141e+00
-1.398176908493041992e+00
-1.031733274459838867e+00
-1.589626073837280273e+00
1.417431712150573730e+00
-4.888276100158691406e+00
-2.032319784164428711e+00
-3.383012294769287109e+00
1.447586566209793091e-01
-1.673925280570983887e+00
-1.460466146469116211e+00
-2.817328453063964844e+00
-3.678196907043457031e+00
1.375721931457519531e+00
2.523633956909179688e+00
1.756672620773315430e+00
3.493794441223144531e+00
4.832047224044799805e-02
3.867576718330383301e-01
-9.840590357780456543e-01
-1.228705406188964844e+00
-1.420930147171020508e+00
1.694528102874755859e+00
1.691616058349609375e+00
-4.743791103363037109e+00
-4.367262840270996094e+00
1.972224235534667969e+00
4.692892432212829590e-01
3.579930663108825684e-01
2.439773559570312500e+00
-1.108688950538635254e+00
-2.158037424087524414e+00
1.141782045364379883e+00
-1.473933458328247070e+00
-1.968805909156799316e+00
-3.521336555480957031e+00
1.862504035234451294e-01
-3.579495906829833984e+00
-2.910123348236083984e+00
-5.384347915649414062e+00
5.765702724456787109e-01
-2.506177186965942383e+00
-3.539005517959594727e+00
-3.342708587646484375e+00
-2.437872886657714844e+00
-4.995193958282470703e+00
-4.068891048431396484e+00
-1.702213525772094727e+00
7.961374521255493164e-02
-5.174157142639160156e+00
-8.190872073173522949e-01
1.103540658950805664e-01
3.013769388198852539e+00
-1.529715538024902344e+00
3.955563068389892578e+00
-1.008921861648559570e+00
2.775166511535644531e+00
4.871430695056915283e-01
5.071137428283691406e+00
-2.549551427364349365e-01
5.607328414916992188e-01
-1.717398762702941895e+00
-1.339219808578491211e-01
-2.410729676485061646e-01
-3.142910242080688477e+00
-2.503652095794677734e+00
5.373429656028747559e-01
-7.533158659934997559e-01
-2.423215866088867188e+00
-3.288151979446411133e+00
-1.346563816070556641e+00
-2.239910602569580078e+00
-2.627812623977661133e-01
-3.078124523162841797e+00
-3.520276308059692383e+00
1.067163944244384766e+00
1.952905297279357910e+00
-5.170782804489135742e-01
-6.863301277160644531e+00
-1.601005792617797852e+00
-1.585802078247070312e+00
8.043268322944641113e-02
1.407406091690063477e+00
-1.817784905433654785e+00
-2.995336294174194336e+00
-2.697935342788696289e+00
-1.367129564285278320e+00
-3.005118846893310547e+00
-2.618355512619018555e+00
-5.032124519348144531e+00
-3.355473756790161133e+00
-3.551012516021728516e+00
-5.902523994445800781e-01
-3.166521072387695312e+00
6.325922608375549316e-01
-1.183113813400268555e+00
3.281140327453613281e+00
-2.791079282760620117e+00
-2.365256786346435547e+00
1.045109033584594727e-01
-9.276110529899597168e-01
-4.838291645050048828e+00
-2.803257226943969727e+00
-1.389626026153564453e+00
-5.006352424621582031e+00
-2.871691703796386719e+00
-1.094286799430847168e+00
1.718577742576599121e-01
-1.902859807014465332e+00
-2.162880659103393555e+00
1.139735221862792969e+00
-4.424958527088165283e-01
8.339638710021972656e-01
-9.387314319610595703e-02
2.264349699020385742e+00
-1.765328645706176758e+00
1.107218742370605469e+00
4.175237178802490234e+00
2.254641771316528320e+00
2.913374423980712891e+00
2.323675394058227539e+00
1.966912388801574707e+00
7.019512653350830078e-01
3.012149333953857422e-01
-9.190933704376220703e-01
1.607499957084655762e+00
2.389929533004760742e+00
4.057054996490478516e+00
2.231534957885742188e+00
-1.128478407859802246e+00
1.537358164787292480e+00
-3.593648910522460938e+00
-3.836574077606201172e+00
-4.482283294200897217e-01
-1.421309709548950195e+00
1.069036722183227539e-01
-1.255506753921508789e+00
1.052530288696289062e+00
2.765510797500610352e+00
-2.480154514312744141e+00
-4.298348903656005859e+00
-1.539254188537597656e+00
-3.314841270446777344e+00
-2.248705625534057617e+00
-4.454236030578613281e+00
3.553438186645507812e+00
2.191798925399780273e+00
2.254702091217041016e+00
4.259531021118164062e+00
4.808294773101806641e+00
1.308222532272338867e+00
-9.333209395408630371e-01
8.603818893432617188e+00
2.847866296768188477e+00
5.246981143951416016e+00
2.221038103103637695e+00
2.756935596466064453e+00
7.824705243110656738e-01
2.220736503601074219e+00
1.791846752166748047e+00
7.947796583175659180e-01
2.082049846649169922e+00
9.211478233337402344e-01
4.743586063385009766e+00
5.048977375030517578e+00
1.115888595581054688e+00
-1.421182155609130859e-01
-1.409242272377014160e+00
3.642354011535644531e+00
-2.119335651397705078e+00
1.813648223876953125e+00
-8.389045000076293945e-01
3.117167711257934570e+00
1.586120843887329102e+00
2.510458707809448242e+00
-2.419333457946777344e+00
-2.694041967391967773e+00
-2.398592472076416016e+00
-1.637607097625732422e+00
-1.851051092147827148e+00
-4.143318653106689453e+00
-5.730269432067871094e+00
6.105392575263977051e-01
-1.452539801597595215e+00
1.831682443618774414e+00
3.117184638977050781e+00
2.726811647415161133e+00
-9.585723876953125000e-01
-2.668097972869873047e+00
9.260226488113403320e-01
1.165861606597900391e+00
1.171830773353576660e+00
-3.358046412467956543e-01
4.875892400741577148e-01
-2.100717067718505859e+00
-1.678373575210571289e+00
-5.723748207092285156e-01
1.998424530029296875e-01
8.534073829650878906e-01
5.305482864379882812e+00
1.120841860771179199e+00
-3.088824152946472168e-01
-1.855706214904785156e+00
-3.405057430267333984e+00
-1.959277272224426270e+00
-3.270038366317749023e+00
-3.513342142105102539e+00
-5.301102161407470703e+00
1.941562056541442871e+00
-2.645467519760131836e+00
-1.043623685836791992e+00
-7.064378261566162109e+00
-6.352502346038818359e+00
-6.855906486511230469e+00
-3.462569713592529297e+00
-5.279470443725585938e+00
-3.173176288604736328e+00
-3.012901544570922852e+00
-3.131630182266235352e+00
-3.635308504104614258e+00
-7.242771625518798828e+00
-2.364949703216552734e+00
-1.625585556030273438e-01
-6.515276908874511719e+00
-4.048999309539794922e+00
-3.031254768371582031e+00
-5.966256141662597656e+00
-4.935371398925781250e+00
-3.655297279357910156e+00
-3.630507230758666992e+00
6.736642718315124512e-01
5.746501684188842773e-01
-3.372805833816528320e+00
-6.240359306335449219e+00
-2.592013597488403320e+00
-3.066125392913818359e+00
-1.864059448242187500e+00
2.632010459899902344e+00
1.554039716720581055e+00
-5.842107534408569336e-01
1.713694572448730469e+00
2.529697895050048828e+00
1.437949299812316895e+00
-1.437979459762573242e+00
-1.539883971214294434e+00
-3.790127992630004883e+00
-4.686341881752014160e-01
2.809778451919555664e-01
-3.024564266204833984e+00
-1.048324346542358398e+00
2.119671553373336792e-01
2.820845544338226318e-01
-1.868242263793945312e+00
-4.040785789489746094e+00
9.264154434204101562e-01
-2.113584995269775391e+00
3.200426101684570312e+00
-4.387364387512207031e+00
9.826692938804626465e-01
7.958436608314514160e-01
-3.645158767700195312e+00
2.530626058578491211e+00
4.656025409698486328e+00
4.299799442291259766e+00
2.249116659164428711e+00
2.729577124118804932e-01
2.562236547470092773e+00
-3.828581571578979492e+00
-3.929947376251220703e+00
-2.923467397689819336e+00
-1.326064467430114746e+00
1.609689474105834961e+00
1.552770435810089111e-01
1.418485403060913086e+00
1.290241956710815430e+00
8.623413443565368652e-01
-1.123083472251892090e+00
4.200517654418945312e+00
6.790882349014282227e-01
9.482773542404174805e-01
1.195180177688598633e+00
-6.391033530235290527e-01
-2.818530797958374023e-01
-7.196059823036193848e-02
-3.309899091720581055e+00
6.903259754180908203e-01
-1.343328595161437988e+00
-9.754459261894226074e-01
2.048934698104858398e+00
-1.227169990539550781e+00
8.167195320129394531e-01
2.302693843841552734e+00
2.454469501972198486e-01
2.952410221099853516e+00
1.910079360008239746e+00
-1.844156503677368164e+00
1.406271934509277344e+00
4.508363246917724609e+00
1.202961444854736328e+00
-4.003592491149902344e+00
2.375195741653442383e+00
5.352109909057617188e+00
-3.786132097244262695e+00
-2.779378414154052734e+00
6.793140172958374023e-01
7.714643478393554688e-01
-3.064927816390991211e+00
3.530024766921997070e+00
2.909814834594726562e+00
-8.423818349838256836e-01
-2.111909866333007812e+00
-3.357729911804199219e+00
-2.371180534362792969e+00
-3.983229875564575195e+00
-2.383593082427978516e+00
9.862854480743408203e-01
-9.249598979949951172e-01
1.727919697761535645e+00
-1.501019120216369629e+00
3.227293968200683594e+00
-4.142506122589111328e+00
-4.406918287277221680e-01
-4.894725799560546875e+00
-1.031904339790344238e+00
-2.383867025375366211e+00
-2.606783390045166016e+00
-3.275123834609985352e-01
-4.349320828914642334e-01
1.167613744735717773e+00
-1.872660398483276367e+00
-1.073690652847290039e+00
1.446260929107666016e+00
9.450829029083251953e-01
7.616292238235473633e-01
1.191134214401245117e+00
2.562654614448547363e-01
-2.815490961074829102e+00
2.936023175716400146e-01
-9.595181941986083984e-01
2.495058298110961914e+00
7.453958690166473389e-02
5.461905956268310547e+00
-3.525394797325134277e-01
2.055393934249877930e+00
4.200923919677734375e+00
-1.726613759994506836e+00
2.475459575653076172e+00
2.439205646514892578e+00
-1.315827846527099609e+00
2.115112066268920898e+00
1.103595852851867676e+00
-6.067802906036376953e-01
-5.741361975669860840e-01
-1.029718637466430664e+00
-1.558306217193603516e+00
-1.103390336036682129e+00
-3.673934221267700195e+00
1.642627418041229248e-01
2.015436410903930664e+00
-8.051517009735107422e-01
2.115731477737426758e+00
-7.390998601913452148e-01
2.010780334472656250e+00
-6.867218017578125000e-02
-2.379017353057861328e+00
-1.155217170715332031e+00
-1.526563525199890137e+00
2.015587091445922852e+00
3.354439735412597656e+00
-1.522345304489135742e+00
1.051267981529235840e-01
3.605168461799621582e-01
1.714692711830139160e+00
-3.458004593849182129e-01
3.349800109863281250e-01
3.961529731750488281e+00
-2.172055244445800781e+00
1.064052700996398926e+00
7.483216285705566406e+00
-9.357882142066955566e-01
-5.611115455627441406e+00
-1.613650321960449219e+00
1.160773754119873047e+00
2.410434246063232422e+00
3.624302864074707031e+00
4.074701070785522461e-01
1.833870053291320801e+00
1.606507062911987305e+00
-3.932950019836425781e+00
-3.661305427551269531e+00
1.424389004707336426e+00
-2.734080791473388672e+00
-3.761981725692749023e+00
-1.000813126564025879e+00
5.543271541595458984e+00
-7.158448696136474609e+00
2.322169065475463867e+00
2.043678283691406250e+00
-1.791405200958251953e+00
-3.526650190353393555e+00
-6.867948770523071289e-01
3.403883874416351318e-01
3.142876625061035156e+00
5.282161712646484375e+00
3.176825523376464844e+00
9.644395112991333008e-02
-2.377025604248046875e+00
3.943285226821899414e+00
3.433131277561187744e-01
-2.415548801422119141e+00
-2.567711114883422852e+00
-5.965121984481811523e-01
-3.070539951324462891e+00
-9.033932685852050781e-01
-3.455775737762451172e+00
-4.667563736438751221e-02
-6.071009159088134766e+00
2.170588493347167969e+00
-4.206759452819824219e+00
-6.864992976188659668e-01
-3.056655406951904297e+00
-1.031429052352905273e+00
2.947032213211059570e+00
9.101281166076660156e-01
4.728755950927734375e+00
-2.272004127502441406e+00
-5.470234394073486328e+00
-1.990918278694152832e+00
-3.080787181854248047e+00
-2.418620586395263672e-01
2.470761537551879883e+00
-4.597872257232666016e+00
1.753617286682128906e+00
6.805209815502166748e-02
6.689980626106262207e-01
-1.009948253631591797e+00
3.204793453216552734e+00
-2.781299352645874023e-01
1.042676687240600586e+00
-2.128868699073791504e-01
3.866553306579589844e-03
3.818114995956420898e+00
-3.660349369049072266e+00
1.693397045135498047e+00
1.678812980651855469e+00
2.771151065826416016e-01
-6.727338433265686035e-01
1.332081437110900879e+00
3.424329757690429688e-01
1.441412448883056641e+00
3.402926445007324219e+00
4.787726998329162598e-01
-2.201505661010742188e+00
3.521224260330200195e-01
-1.244555711746215820e+00
1.976646184921264648e+00
5.664113044738769531e+00
3.307628870010375977e+00
8.629627227783203125e-01
1.269311189651489258e+00
2.670668601989746094e+00
4.798177719116210938e+00
8.832323551177978516e-01
1.951654434204101562e+00
3.874006509780883789e+00
7.978905439376831055e-01
-2.964919805526733398e+00
5.958894491195678711e-01
1.603132367134094238e+00
-6.438950300216674805e-01
9.259009361267089844e-02
-2.015087604522705078e+00
-5.882034778594970703e+00
-1.501279354095458984e+00
-4.645900726318359375e-01
-2.594228982925415039e+00
2.719868659973144531e+00
-9.202501773834228516e-01
2.285180091857910156e+00
-5.154831409454345703e+00
-1.725497007369995117e+00
1.280839323997497559e+00
-7.600059509277343750e-01
2.409780979156494141e+00
5.134686946868896484e+00
-5.787531852722167969e+00
4.321341514587402344e+00
1.030265450477600098e+00
2.917465209960937500e+00
2.175207376480102539e+00
4.046684741973876953e+00
-2.942968368530273438e+00
2.303939342498779297e+00
-1.097656250000000000e+00
-5.925408363342285156e+00
2.875180721282958984e+00
1.122764348983764648e+00
-3.574823379516601562e+00
9.236624836921691895e-02
-1.592883706092834473e+00
-2.152139186859130859e+00
8.045132160186767578e-01
-2.202467918395996094e+00
6.293781280517578125e+00
-3.244621992111206055e+00
5.421859622001647949e-01
-3.113274812698364258e+00
-9.258938431739807129e-01
-1.816549897193908691e+00
1.366983056068420410e-01
-3.200750112533569336e+00
-2.439630985260009766e+00
5.020402669906616211e-01
8.036348819732666016e-01
-5.806268453598022461e-01
-4.304559230804443359e+00
5.411614179611206055e-01
6.627788543701171875e-01
4.222005009651184082e-01
-2.146055698394775391e-01
-1.757835865020751953e+00
1.825001358985900879e+00
-1.642096042633056641e-02
6.639187335968017578e-01
-1.963177919387817383e-01
7.755824327468872070e-01
-1.005974054336547852e+00
-1.025128841400146484e+00
5.100683212280273438e+00
4.108288288116455078e+00
-1.466039419174194336e+00
-4.417450904846191406e+00
-1.077471017837524414e+00
1.544593572616577148e+00
2.273458242416381836e-01
1.537048578262329102e+00
1.675422906875610352e+00
5.273631572723388672e+00
3.523441076278686523e+00
1.081879019737243652e+00
1.262340545654296875e+00
1.676740050315856934e+00
-7.108231782913208008e-01
2.760168552398681641e+00
5.248025894165039062e+00
6.442053318023681641e-01
9.446350097656250000e+00
3.860030889511108398e+00
-4.172551631927490234e+00
2.572960853576660156e-01
-2.767520427703857422e+00
-2.376830577850341797e+00
-1.880283713340759277e+00
-3.387883305549621582e-01
5.007660865783691406e+00
4.304004669189453125e+00
-2.875496149063110352e-01
7.791506648063659668e-01
4.379905164241790771e-01
-1.199980735778808594e+00
-5.569922447204589844e+00
1.156639337539672852e+00
-3.911448717117309570e+00
5.034018754959106445e-01
1.163201332092285156e+00
-2.528321504592895508e+00
5.552141666412353516e+00
5.194087028503417969e+00
4.171647548675537109e+00
3.622800111770629883e-01
2.324754953384399414e+00
-5.886947631835937500e+00
2.515253067016601562e+00
5.964273214340209961e-02
-2.690120339393615723e-01
2.875517845153808594e+00
6.754340648651123047e+00
-4.056488037109375000e+00
2.923244237899780273e+00
-3.504435062408447266e+00
5.795036315917968750e+00
1.457592248916625977e+00
-4.847725033760070801e-01
1.353756189346313477e+00
-3.221156120300292969e+00
8.912609219551086426e-01
1.727107405662536621e+00
-4.598190486431121826e-01
-6.151349544525146484e+00
-2.374478340148925781e+00
-3.727016687393188477e+00
1.557248592376708984e+00
3.883826494216918945e+00
4.391442775726318359e+00
4.654866218566894531e+00
1.517315149307250977e+00
-1.020215451717376709e-01
1.952027678489685059e+00
1.230551719665527344e+00
-1.610535144805908203e+00
-3.402748584747314453e+00
-5.227690935134887695e-02
-2.704777002334594727e+00
2.394731521606445312e+00
1.847371101379394531e+00
-6.534751653671264648e-01
1.094166278839111328e+00
-3.760862946510314941e-01
8.842483758926391602e-01
-3.598777651786804199e-01
1.452131271362304688e+00
-1.640411734580993652e+00
4.833175659179687500e+00
-1.507080078125000000e+00
4.698976993560791016e+00
7.146805524826049805e-03
-2.187956571578979492e+00
1.810524344444274902e+00
-1.337981462478637695e+00
1.090712785720825195e+00
2.171915531158447266e+00
4.071475565433502197e-01
1.457017421722412109e+00
-2.087721347808837891e+00
-1.309779405593872070e+00
-1.685874462127685547e+00
-1.044822931289672852e+00
2.477190494537353516e+00
-2.304495811462402344e+00
2.866620063781738281e+00
-1.128250360488891602e-02
-5.177851915359497070e-01
-1.657051444053649902e-01
-2.714230537414550781e+00
8.654968738555908203e-01
-4.293715357780456543e-01
1.118297696113586426e+00
4.241707801818847656e+00
9.517914056777954102e-01
4.168045997619628906e+00
6.163709163665771484e+00
4.361189842224121094e+00
1.233850121498107910e-01
-1.984436988830566406e+00
2.334479808807373047e+00
-6.422030925750732422e-01
2.535131573677062988e-01
-2.408748626708984375e+00
-1.214610695838928223e+00
3.022146940231323242e+00
1.755600929260253906e+00
3.737407684326171875e+00
-2.486693859100341797e+00
5.643725395202636719e-01
1.557467937469482422e+00
-2.684725284576416016e+00
-2.696496248245239258e+00
-2.255088806152343750e+00
-2.772609591484069824e-01
-2.087640762329101562e+00
5.122403144836425781e+00
2.082732915878295898e+00
-4.868252277374267578e+00
5.990323424339294434e-02
1.625624418258666992e+00
-5.955146312713623047e+00
3.360279202461242676e-01
-9.830709695816040039e-01
3.926113247871398926e-01
4.751010894775390625e+00
-1.807541012763977051e+00
1.678050756454467773e+00
-3.011109828948974609e+00
4.368070363998413086e-01
-2.405205488204956055e+00
7.808851003646850586e-01
1.667717993259429932e-01
5.167090892791748047e-01
-1.805041432380676270e+00
-1.739043831825256348e+00
-6.730789661407470703e+00
-8.794262409210205078e-01
4.575458765029907227e-01
4.466677665710449219e+00
-2.918286323547363281e+00
3.431366443634033203e+00
2.599083662033081055e+00
3.354210853576660156e+00
-2.686041593551635742e-01
-1.914459943771362305e+00
6.115442752838134766e+00
3.894462108612060547e+00
-5.277585983276367188e+00
-1.516801118850708008e+00
-1.387529373168945312e+00
4.040505886077880859e+00
3.202398538589477539e+00
-2.011300563812255859e+00
-1.462702393531799316e+00
1.410146951675415039e+00
4.054363667964935303e-01
-1.517282724380493164e-01
2.050860643386840820e+00
-3.227052211761474609e+00
-4.255244255065917969e+00
-2.586319923400878906e+00
-1.315482974052429199e+00
7.317203283309936523e-01
-1.886447191238403320e+00
-3.070595264434814453e+00
-2.089849948883056641e+00
-1.794781208038330078e+00
-1.572715878486633301e+00
-9.392244815826416016e-01
4.955583810806274414e-01
2.771626949310302734e+00
-1.351497769355773926e+00
3.432721376419067383e+00
2.839148044586181641e+00
-8.377532005310058594e+00
5.188789367675781250e-01
-7.285373806953430176e-01
-4.334356784820556641e+00
-6.303260326385498047e-01
7.575901031494140625e+00
2.332875490188598633e+00
2.439028024673461914e+00
1.121195316314697266e+00
1.414328098297119141e+00
1.597946882247924805e-01
1.609866380691528320e+00
8.314089179039001465e-01
-1.206017017364501953e+00
2.417573034763336182e-01
1.131628990173339844e+00
2.232801675796508789e+00
-1.227912664413452148e+00
5.267869949340820312e+00
1.719521045684814453e+00
4.782593250274658203e+00
-1.335132122039794922e-02
-1.516415476799011230e-01
-1.661182284355163574e+00
3.882557749748229980e-01
1.265160799026489258e+00
3.456000804901123047e+00
-2.114173412322998047e+00
9.543452262878417969e-01
3.493361711502075195e+00
3.797747135162353516e+00
2.666581630706787109e+00
-1.331481695175170898e+00
1.094706177711486816e+00
-6.988516449928283691e-01
-5.998982787132263184e-01
1.539614319801330566e+00
4.335339069366455078e+00
-5.548088550567626953e-01
1.524337768554687500e+00
-5.028981685638427734e+00
-4.980901479721069336e-01
3.180459499359130859e+00
9.289466142654418945e-01
1.058291435241699219e+00
-1.346991658210754395e+00
-3.432866334915161133e+00
3.212606430053710938e+00
1.020208954811096191e+00
1.362048625946044922e+00
-2.082305908203125000e+00
1.206015825271606445e+00
-2.496769905090332031e+00
-3.133830070495605469e+00
-1.038347959518432617e+00
-3.651376962661743164e-01
-4.737970829010009766e+00
-7.031371116638183594e+00
-2.999346017837524414e+00
-2.160079956054687500e+00
-4.190510749816894531e+00
-1.321102738380432129e+00
-2.187418460845947266e+00
1.960612297058105469e+00
2.318440914154052734e+00
-4.140555858612060547e+00
-3.471728801727294922e+00
-5.205220222473144531e+00
-3.194343566894531250e+00
-4.378502845764160156e+00
-7.520977258682250977e-01
-2.176447391510009766e+00
5.431570529937744141e+00
3.380797624588012695e+00
-4.052041053771972656e+00
-1.335346221923828125e+00
-3.996779918670654297e-01
1.556187272071838379e-01
-4.193429946899414062e-01
7.606148719787597656e-01
3.003021717071533203e+00
-2.658663272857666016e+00
-3.379389762878417969e+00
9.075208902359008789e-01
-2.586595058441162109e+00
2.161093711853027344e+00
-8.797203302383422852e-01
-4.561783790588378906e+00
-1.289263010025024414e+00
-1.203560590744018555e+00
-3.459425210952758789e+00
-2.865543365478515625e+00
5.022079348564147949e-01
-2.406848192214965820e+00
-3.168284296989440918e-01
-1.576708555221557617e+00
-1.999633312225341797e-01
4.346085548400878906e+00
1.997409582138061523e+00
3.448068618774414062e+00
2.807943522930145264e-02
4.759438991546630859e+00
1.285828113555908203e+00
8.716835975646972656e-01
3.431637287139892578e+00
-1.975393414497375488e+00
2.818224430084228516e+00
6.975502967834472656e-01
-1.505867958068847656e+00
5.676537036895751953e+00
-7.070173621177673340e-01
1.417852997779846191e+00
6.817936897277832031e-03
-5.055840492248535156e+00
-2.439092159271240234e+00
5.962213516235351562e+00
-1.378839969635009766e+00
-3.221895694732666016e+00
3.157734870910644531e+00
-1.469058036804199219e+00
9.602370262145996094e-01
-2.284029960632324219e+00
-3.412728309631347656e+00
-1.241718530654907227e+00
-1.799360632896423340e+00
-6.851850748062133789e-01
