-3.139348983764648438e+00
1.885933756828308105e+00
-1.049078106880187988e-01
2.946710586547851562e+00
-4.224804639816284180e-01
2.355360507965087891e+00
5.780096054077148438e-01
3.157215595245361328e+00
2.803350687026977539e-01
4.234002113342285156e+00
-1.244041800498962402e+00
1.248679637908935547e+00
4.354375898838043213e-01
-3.403133869171142578e+00
1.239869832992553711e+00
-2.554581165313720703e+00
-2.768690586090087891e+00
7.893654108047485352e-01
-3.639923572540283203e+00
-3.585204362869262695e+00
-3.118005514144897461e+00
-9.937726855278015137e-01
-1.390704870223999023e+00
-3.741495132446289062e+00
-2.952173948287963867e+00
-7.851288318634033203e-01
2.007386445999145508e+00
2.061766624450683594e+00
-2.735766172409057617e+00
-9.066143035888671875e-01
-9.748685359954833984e-01
4.238605976104736328e+00
2.092839241027832031e+00
1.829031944274902344e+00
3.570855855941772461e+00
-2.718434333801269531e+00
-7.159367203712463379e-01
-2.156061172485351562e+00
4.183458805084228516e+00
1.385502576828002930e+00
4.908549308776855469e+00
-4.099538922309875488e-02
4.770871162414550781e+00
4.338761806488037109e+00
1.977169632911682129e+00
7.465995550155639648e-01
4.453747749328613281e+00
7.217291831970214844e+00
1.423410177230834961e+00
4.315757751464843750e-01
1.451667904853820801e+00
3.037033557891845703e+00
9.289467334747314453e-02
-1.796027421951293945e+00
-1.274219751358032227e-01
3.402017116546630859e+00
1.042514920234680176e+00
-3.773773908615112305e+00
8.986384868621826172e-01
2.681641101837158203e+00
2.862638950347900391e+00
1.376888632774353027e+00
1.308897733688354492e+00
1.721588253974914551e+00
4.728337287902832031e+00
4.451355457305908203e+00
3.433378219604492188e+00
1.188560366630554199e+00
1.446882009506225586e+00
-8.371735811233520508e-01
-1.862156391143798828e-02
4.825541019439697266e+00
1.563319444656372070e+00
4.531887054443359375e+00
5.013377189636230469e+00
-3.927992582321166992e-01
-1.879611611366271973e-02
3.494449615478515625e+00
4.333793163299560547e+00
1.537280082702636719e+00
1.311202168464660645e+00
-6.829955577850341797e-01
1.356548190116882324e+00
2.287581920623779297e+00
4.615793704986572266e+00
-1.394868612289428711e+00
2.405376911163330078e+00
-8.615368604660034180e-01
2.292110204696655273e+00
-2.541315555572509766e+00
2.446068286895751953e+00
-2.552905321121215820e+00
3.452071666717529297e+00
-2.180096209049224854e-01
1.706330537796020508e+00
-2.783215641975402832e-01
-5.855991840362548828e-01
-1.425495386123657227e+00
-9.751870036125183105e-01
-2.834600925445556641e+00
-1.409803867340087891e+00
-3.994371414184570312e+00
-3.906837463378906250e+00
-1.792988777160644531e+00
-3.390434503555297852e+00
-2.468576908111572266e+00
-4.579201221466064453e+00
8.232890129089355469e+00
1.668041825294494629e+00
4.001255035400390625e+00
-2.402065753936767578e+00
2.195036411285400391e+00
4.221647739410400391e+00
1.093508362770080566e+00
-2.639266252517700195e+00
1.750174641609191895e+00
-1.987690806388854980e+00
5.069083690643310547e+00
2.106464385986328125e+00
1.431791067123413086e+00
1.707121610641479492e+00
2.271800518035888672e+00
2.768978595733642578e+00
1.254412055015563965e+00
3.220951080322265625e+00
1.595623850822448730e+00
1.306455373764038086e+00
-3.784642815589904785e-01
4.248868227005004883e-01
1.772398710250854492e+00
9.413027763366699219e-02
2.818395137786865234e+00
1.960602760314941406e+00
1.419795632362365723e+00
1.050869107246398926e+00
1.221690177917480469e-01
2.134218215942382812e+00
-1.502126097679138184e+00
2.922422885894775391e+00
-1.315830945968627930e+00
-1.025722026824951172e-01
2.828787326812744141e+00
1.288368701934814453e-01
-2.781046152114868164e+00
-2.312056422233581543e-01
-2.232586622238159180e+00
-2.818415641784667969e+00
-1.563715577125549316e+00
4.415256977081298828e-01
1.427008509635925293e+00
6.762679219245910645e-01
3.662601947784423828e+00
-3.158903121948242188e+00
-1.677632808685302734e+00
-2.724791526794433594e+00
-3.185984373092651367e+00
-9.309337139129638672e-01
-1.317548274993896484e+00
-1.308970808982849121e+00
1.136212706565856934e+00
-3.484778881072998047e+00
-2.073449939489364624e-01
-1.416898250579833984e+00
-3.712884783744812012e-01
3.590967655181884766e-01
-2.747507393360137939e-01
1.203240752220153809e+00
-1.045867443084716797e+00
1.351911783218383789e+00
-1.117909789085388184e+00
-7.341391444206237793e-01
2.020959138870239258e+00
2.700143337249755859e+00
3.018897056579589844e+00
-3.755254030227661133e+00
-6.853543519973754883e-01
1.175832867622375488e+00
3.101841211318969727e-01
1.836109399795532227e+00
-1.577646732330322266e+00
-1.546554088592529297e+00
4.275019168853759766e+00
-3.108191490173339844e-01
4.982026219367980957e-01
2.446977138519287109e+00
2.199564456939697266e+00
-3.943946123123168945e+00
2.431903362274169922e+00
1.450522065162658691e+00
2.325670719146728516e+00
-3.625108003616333008e-01
2.575388431549072266e+00
-2.987684011459350586e+00
-2.268248081207275391e+00
-2.988248348236083984e+00
-5.822696685791015625e-01
-3.060087919235229492e+00
-1.653969287872314453e+00
-1.722274780273437500e+00
-2.640106916427612305e+00
-2.503475189208984375e+00
-3.253587007522583008e+00
-1.549956083297729492e+00
-6.180095076560974121e-01
-1.287771224975585938e+00
-2.197407960891723633e+00
1.629517078399658203e+00
2.141982316970825195e+00
-2.998377382755279541e-01
3.050979852676391602e+00
1.429305553436279297e+00
4.157721042633056641e+00
-5.745112299919128418e-01
2.125412702560424805e+00
-1.057431340217590332e+00
6.262312829494476318e-02
6.976456642150878906e-01
-2.864078998565673828e+00
-6.646636724472045898e-01
-1.772892951965332031e+00
-3.076956987380981445e+00
-2.636370658874511719e-01
-1.472497820854187012e+00
-3.173114776611328125e+00
-3.878019094467163086e+00
-2.251958847045898438e+00
-1.067747831344604492e+00
-2.886178493499755859e+00
-2.390904903411865234e+00
9.817292094230651855e-01
-2.429712533950805664e+00
-8.890612125396728516e-01
-1.031546115875244141e+00
-2.369585037231445312e+00
9.100189208984375000e-01
-2.944231986999511719e+00
-1.196601986885070801e+00
1.910011529922485352e+00
1.434913754463195801e+00
-1.922322750091552734e+00
-1.666415214538574219e+00
-1.665138602256774902e+00
-1.555247664451599121e+00
-6.853953599929809570e-01
-3.955215692520141602e+00
-2.081086397171020508e+00
-1.666894853115081787e-01
2.997213006019592285e-01
-7.284227609634399414e-01
-2.037451505661010742e+00
-1.766219377517700195e+00
1.878102898597717285e+00
-3.187425136566162109e+00
-1.323938727378845215e+00
-2.461568117141723633e+00
-8.130366206169128418e-01
-4.170395374298095703e+00
-2.122864484786987305e+00
-3.823269367218017578e+00
-4.376233577728271484e+00
-2.487892389297485352e+00
-4.148362159729003906e+00
2.180635333061218262e-01
-3.551491975784301758e+00
-2.936196327209472656e+00
2.932816445827484131e-01
1.238260030746459961e+00
1.509793877601623535e+00
-3.659133315086364746e-01
-1.903117537498474121e+00
-3.051022291183471680e+00
-4.016712307929992676e-02
2.814055919647216797e+00
2.217369794845581055e+00
1.532410144805908203e+00
-4.619665741920471191e-01
-5.865241289138793945e-01
-4.455284178256988525e-01
-1.852204918861389160e+00
-1.501339316368103027e+00
-3.915050625801086426e-01
2.943256616592407227e+00
1.154609918594360352e+00
-7.018432617187500000e-01
-6.614456176757812500e-01
1.881381750106811523e+00
-1.499043345451354980e+00
-2.685162067413330078e+00
2.173187971115112305e+00
-1.999153494834899902e+00
-6.000310182571411133e-01
4.997344017028808594e-01
9.107264876365661621e-02
4.794220447540283203e+00
-3.792797565460205078e+00
-4.331232547760009766e+00
-2.034082174301147461e+00
-4.133322715759277344e+00
1.044218420982360840e+00
1.834019720554351807e-01
2.375231266021728516e+00
4.282019615173339844e+00
2.241906642913818359e+00
8.857102394104003906e-01
4.231059074401855469e+00
-5.219929218292236328e-01
-2.366380453109741211e+00
3.480132102966308594e+00
6.689927577972412109e-01
3.475224256515502930e+00
5.518453121185302734e+00
4.281721591949462891e+00
2.910111188888549805e+00
4.712207794189453125e+00
-1.240254163742065430e+00
3.981776237487792969e+00
-9.952544569969177246e-01
3.538409471511840820e-01
5.626084804534912109e+00
6.432591915130615234e+00
4.679358482360839844e+00
-1.069210648536682129e+00
-8.812444210052490234e-01
6.954454183578491211e-01
6.847282648086547852e-01
1.178194761276245117e+00
-1.097515821456909180e+00
2.508599519729614258e+00
-4.782283902168273926e-01
-1.887774318456649780e-01
-2.359422922134399414e+00
-1.449724137783050537e-01
-4.628775119781494141e+00
-1.123918056488037109e+00
-3.328195333480834961e+00
5.789648890495300293e-01
-2.865743637084960938e+00
-4.774725437164306641e+00
-1.731033086776733398e+00
1.306410074234008789e+00
4.011366367340087891e+00
-9.067948460578918457e-01
-3.868944644927978516e+00
-2.112162590026855469e+00
1.857563257217407227e+00
-3.808144330978393555e-01
-2.624910593032836914e+00
-2.168891429901123047e+00
4.942582845687866211e-01
4.556742012500762939e-01
1.691322088241577148e+00
2.104871749877929688e+00
6.537563800811767578e-01
3.121248722076416016e+00
6.867641448974609375e+00
-4.647345542907714844e-01
1.291424751281738281e+00
-1.567269116640090942e-01
1.705741882324218750e-02
-1.878215074539184570e-01
1.384297728538513184e+00
-5.382986545562744141e+00
-5.224950790405273438e+00
-2.460213154554367065e-01
-6.331709623336791992e-01
-3.530470609664916992e+00
-5.066618442535400391e+00
-4.672917366027832031e+00
-5.677487373352050781e+00
-1.611504554748535156e+00
-6.311734676361083984e+00
-2.162735462188720703e+00
-3.332872152328491211e+00
-5.408897399902343750e+00
-3.033516168594360352e+00
-4.575234889984130859e+00
-5.828225612640380859e-02
6.312916427850723267e-02
-4.258304119110107422e+00
-4.976883888244628906e+00
-1.815173625946044922e+00
-2.779132127761840820e+00
-4.770975410938262939e-01
-5.880151391029357910e-01
-8.865567445755004883e-01
7.415816187858581543e-01
2.165715217590332031e+00
-2.492652654647827148e+00
-5.147741794586181641e+00
-4.900659918785095215e-01
2.083212852478027344e+00
-6.179924607276916504e-01
2.199003696441650391e+00
3.587446212768554688e-01
-1.850322484970092773e+00
1.651890873908996582e-01
5.266690254211425781e+00
3.321396350860595703e+00
-7.295005321502685547e-01
2.558521270751953125e+00
-4.300034046173095703e+00
-3.492269515991210938e+00
1.248246550559997559e+00
-4.601783752441406250e+00
-4.203720569610595703e+00
3.571742773056030273e-01
-2.260540008544921875e+00
-6.173830032348632812e+00
-4.597408771514892578e+00
2.704179584980010986e-01
-2.082217931747436523e+00
2.135947942733764648e+00
-3.738849878311157227e+00
-2.816421270370483398e+00
-2.487254142761230469e+00
-2.075430393218994141e+00
1.007003307342529297e+00
4.504756927490234375e+00
2.234190464019775391e+00
2.183803796768188477e+00
6.297789812088012695e-01
1.535724878311157227e+00
-1.548203229904174805e+00
-5.627532005310058594e-01
-2.891721725463867188e-01
4.044921994209289551e-01
3.976374268531799316e-01
2.503025770187377930e+00
-9.999465942382812500e-02
2.483533620834350586e+00
4.735772609710693359e+00
-1.671730041503906250e+00
-6.647484302520751953e-01
2.519973993301391602e+00
4.182868957519531250e+00
4.147309780120849609e+00
-1.650666952133178711e+00
1.162971496582031250e+00
-8.692115545272827148e-01
-2.181168556213378906e+00
2.619070529937744141e+00
5.886183381080627441e-01
-4.217195034027099609e+00
2.547755718231201172e+00
-3.361943483352661133e+00
2.988975048065185547e+00
8.711297512054443359e-01
-8.447177410125732422e-01
4.308876395225524902e-02
-1.466356635093688965e+00
-3.553467273712158203e+00
8.422945737838745117e-01
4.567227363586425781e+00
3.320302069187164307e-01
-3.679337024688720703e+00
-3.592402935028076172e-01
6.977009773254394531e-01
-1.274430751800537109e-01
-1.637886166572570801e+00
3.502688884735107422e+00
-3.158149957656860352e+00
-3.251738309860229492e+00
3.555475473403930664e-01
1.614368438720703125e+00
-9.509849548339843750e-02
-2.239378929138183594e+00
-3.663629055023193359e+00
-9.992974996566772461e-01
-4.052259445190429688e+00
-3.815140247344970703e+00
1.591511726379394531e+00
-3.450158357620239258e+00
-2.693499565124511719e+00
-3.264170885086059570e-01
2.307575941085815430e+00
-1.887619733810424805e+00
-7.523051500320434570e-01
-5.134799957275390625e+00
1.406804084777832031e+00
-5.845184803009033203e+00
-2.632965326309204102e+00
2.765364050865173340e-01
7.288601994514465332e-02
2.511774301528930664e+00
-5.170337677001953125e+00
-1.340952038764953613e+00
2.029368877410888672e+00
3.501671791076660156e+00
1.190545439720153809e+00
7.360371351242065430e-01
-1.272978544235229492e+00
-2.651600599288940430e+00
-5.512623786926269531e-01
-2.845057845115661621e-01
-4.023757874965667725e-01
1.589868903160095215e+00
1.116558790206909180e+00
-7.285099029541015625e-01
1.131632328033447266e+00
-3.463132381439208984e-01
3.626756668090820312e-01
1.930950284004211426e-01
2.743488550186157227e+00
2.240136623382568359e+00
3.373932361602783203e+00
1.087394595146179199e+00
1.749884009361267090e+00
-2.317317724227905273e+00
-6.518179774284362793e-01
-3.339706659317016602e+00
-7.453419566154479980e-01
-2.464431285858154297e+00
3.323446214199066162e-01
1.481928825378417969e+00
5.864807367324829102e-01
3.454580545425415039e+00
7.070327997207641602e-01
2.087312936782836914e+00
-7.407884597778320312e-01
-9.304930567741394043e-01
3.270558714866638184e-01
-1.737351536750793457e+00
-3.203247487545013428e-01
4.599446058273315430e-01
-3.190906524658203125e+00
-1.513158321380615234e+00
2.844080328941345215e-01
-1.986803650856018066e+00
2.479735612869262695e-01
5.022913813591003418e-01
2.380293369293212891e+00
-1.835540652275085449e+00
-3.982354104518890381e-01
2.085950851440429688e+00
-2.882839441299438477e+00
-4.825825691223144531e+00
-3.006134510040283203e+00
5.140401124954223633e-01
9.084095954895019531e-01
1.983380198478698730e+00
-1.666996479034423828e-01
7.389659881591796875e-01
1.594567537307739258e+00
6.240500211715698242e-01
-4.166613101959228516e+00
2.007692813873291016e+00
-6.216973066329956055e-01
-3.561468601226806641e+00
-2.212776184082031250e+00
4.211319923400878906e+00
-6.611589431762695312e+00
-4.762563705444335938e-01
4.070088863372802734e+00
9.004172086715698242e-01
-2.964385509490966797e+00
-1.775171279907226562e+00
-4.671183973550796509e-02
-1.007650375366210938e+00
-1.099211871623992920e-01
-1.870342016220092773e+00
-6.921326518058776855e-01
-3.859819173812866211e+00
5.330879688262939453e+00
-1.136739253997802734e+00
-2.434976816177368164e+00
-3.659789323806762695e+00
-1.321793317794799805e+00
-1.135098695755004883e+00
4.936393797397613525e-01
-4.609915256500244141e+00
1.688957095146179199e+00
-3.726466894149780273e+00
7.336720466613769531e+00
-6.145839691162109375e+00
8.234356045722961426e-01
-4.020524024963378906e+00
-1.871710777282714844e+00
1.236647725105285645e+00
3.901848077774047852e+00
1.019816696643829346e-01
-9.977334737777709961e-01
-2.704025506973266602e+00
-1.788053870201110840e+00
-2.114196777343750000e+00
1.016211509704589844e-01
1.298216342926025391e+00
-4.114680290222167969e+00
-4.168419837951660156e-01
-2.853878736495971680e-01
5.280563831329345703e-01
-3.309362173080444336e+00
6.685599327087402344e+00
-3.085720777511596680e+00
2.507971525192260742e-01
1.551270723342895508e+00
-2.778269767761230469e+00
-2.207144498825073242e+00
-2.134333133697509766e+00
2.116553783416748047e-01
1.357221722602844238e+00
4.892769813537597656e+00
-4.119576215744018555e-01
-1.500244855880737305e+00
-2.193642139434814453e+00
3.985973596572875977e-01
4.363725781440734863e-01
-1.866718292236328125e+00
-1.128506898880004883e+00
2.393552064895629883e-01
-7.119650244712829590e-01
2.129864215850830078e+00
5.763138294219970703e+00
-3.981153964996337891e+00
-1.963228464126586914e+00
2.063787937164306641e+00
-1.054771244525909424e-01
5.328783035278320312e+00
2.306100368499755859e+00
5.013634681701660156e+00
4.761837959289550781e+00
-1.012014985084533691e+00
-4.316474437713623047e+00
4.865319430828094482e-01
8.633627891540527344e-01
-1.078715085983276367e+00
-3.047339439392089844e+00
-2.834438323974609375e+00
-6.276725292205810547e+00
-2.657775402069091797e+00
-5.021047592163085938e-02
-2.954770565032958984e+00
2.717979550361633301e-01
-1.322749137878417969e+00
1.578652620315551758e+00
-3.920261144638061523e+00
-1.705841779708862305e+00
5.872677564620971680e-01
-4.589747786521911621e-01
4.577689170837402344e+00
6.080544948577880859e+00
-6.026268482208251953e+00
3.928742885589599609e+00
-3.435712337493896484e+00
4.610741138458251953e+00
1.017666697502136230e+00
5.577163696289062500e+00
1.908239603042602539e+00
4.138597249984741211e-01
2.999385595321655273e-01
-1.666035056114196777e+00
5.607079029083251953e+00
2.978272199630737305e+00
-6.564902305603027344e+00
-1.520064592361450195e+00
-5.561036586761474609e+00
8.242084980010986328e-01
-4.739129543304443359e+00
-4.907346248626708984e+00
4.269356727600097656e+00
-1.376663446426391602e+00
9.110522270202636719e-01
-2.933142185211181641e+00
-2.317739009857177734e+00
-1.614299178123474121e+00
6.665272116661071777e-01
-3.556313276290893555e+00
-2.065026760101318359e+00
-3.022514104843139648e+00
4.248520135879516602e-01
1.385193347930908203e+00
-4.095223426818847656e+00
-2.084073781967163086e+00
-2.352205276489257812e+00
-2.905926704406738281e+00
-5.217665433883666992e-01
-4.653339862823486328e+00
8.469264507293701172e-01
-3.190846443176269531e-01
7.404890656471252441e-01
2.856000661849975586e+00
2.744749546051025391e+00
3.703594207763671875e-03
-2.121143817901611328e+00
1.312441468238830566e+00
8.764441311359405518e-02
-4.998252868652343750e+00
-5.228061676025390625e+00
-2.571201324462890625e+00
2.078546881675720215e-01
2.284512758255004883e+00
-5.453549385070800781e+00
1.328413128852844238e+00
1.033926844596862793e+00
-8.911418318748474121e-01
-2.642733335494995117e+00
-3.134071350097656250e+00
4.301972866058349609e+00
1.646598458290100098e+00
3.414381027221679688e+00
-6.215224266052246094e-01
3.945412635803222656e+00
6.262465476989746094e+00
-1.723085165023803711e+00
-4.412312984466552734e+00
5.033139884471893311e-02
-3.012688159942626953e+00
-1.472037196159362793e+00
-2.929073810577392578e+00
9.406350255012512207e-01
-4.785293340682983398e-02
1.119344472885131836e+00
5.151324748992919922e+00
-6.365461349487304688e-01
-1.906632184982299805e-01
-3.242652416229248047e-01
-3.219661235809326172e+00
1.933909177780151367e+00
-3.045918941497802734e+00
3.087166309356689453e+00
-8.151100277900695801e-01
-3.112108230590820312e+00
4.270254135131835938e+00
2.924034833908081055e+00
1.473987340927124023e+00
-3.963112831115722656e+00
3.917505979537963867e+00
-5.577624797821044922e+00
3.999160766601562500e+00
3.005318164825439453e+00
-5.683666467666625977e-02
-5.297249794006347656e+00
4.633460044860839844e+00
-4.488373994827270508e-01
1.392343044281005859e+00
-4.459240913391113281e+00
3.588131427764892578e+00
-9.397779107093811035e-01
2.308556556701660156e+00
3.285889625549316406e+00
-7.842874526977539062e-01
-3.186726808547973633e+00
4.329591989517211914e-01
3.079718947410583496e-01
-4.070646286010742188e+00
-4.002446174621582031e+00
8.332427740097045898e-01
-2.736836671829223633e-02
3.159076213836669922e+00
2.516812086105346680e-01
9.880244135856628418e-01
-1.547898769378662109e+00
-3.902565240859985352e+00
2.302181243896484375e+00
-4.062913656234741211e-01
-2.206502199172973633e+00
9.668340682983398438e-01
4.233552217483520508e-01
-4.788338661193847656e+00
-1.005447864532470703e+00
2.829819202423095703e+00
-1.227344274520874023e+00
-6.221544742584228516e-02
-4.711610078811645508e-02
-4.206937313079833984e+00
-3.659483432769775391e+00
-1.059729576110839844e+00
-3.646901369094848633e+00
1.570333003997802734e+00
1.772025465965270996e+00
3.540216922760009766e+00
-1.378234982490539551e+00
3.694933652877807617e-02
-5.404257774353027344e-01
1.706057786941528320e-02
2.370239496231079102e+00
2.365861892700195312e+00
1.510280132293701172e+00
2.535670399665832520e-01
-5.569515824317932129e-01
-1.157145500183105469e+00
-4.842176914215087891e+00
-3.014933824539184570e+00
5.888275504112243652e-01
6.298077106475830078e-02
-1.475222826004028320e+00
4.366423189640045166e-01
-7.204176187515258789e-01
5.526638031005859375e-01
-2.836266756057739258e+00
-1.632647991180419922e+00
1.192695498466491699e+00
-1.097908735275268555e+00
3.223199605941772461e+00
2.289321660995483398e+00
5.220793724060058594e+00
3.200387716293334961e+00
2.660164356231689453e+00
-1.542457580566406250e+00
-2.686277866363525391e+00
6.948893070220947266e-01
-4.762794017791748047e+00
3.457288980484008789e+00
-1.576323390007019043e+00
-4.436965942382812500e+00
1.872763395309448242e+00
2.750370979309082031e+00
1.317086458206176758e+00
-8.133967220783233643e-02
4.732490062713623047e+00
2.624179124832153320e+00
-3.229182720184326172e+00
-1.025490045547485352e+00
-1.000157833099365234e+00
-4.199616909027099609e+00
-1.178502678871154785e+00
5.541777133941650391e+00
-4.660760164260864258e-01
-5.492098331451416016e+00
1.167091608047485352e+00
2.914412498474121094e+00
-5.480000019073486328e+00
-1.689617633819580078e+00
-6.790682673454284668e-02
1.156271696090698242e-01
5.434072017669677734e+00
5.566537976264953613e-01
6.996862888336181641e-01
-1.360715150833129883e+00
2.095254659652709961e+00
-2.321926355361938477e+00
-2.341504573822021484e+00
-1.002421975135803223e+00
1.536794424057006836e+00
-5.611955165863037109e+00
-2.323261499404907227e-01
-2.298670768737792969e+00
5.030266046524047852e-01
2.157381534576416016e+00
2.651971578598022461e-01
-9.437103271484375000e-01
-7.427631020545959473e-01
4.165476799011230469e+00
2.466710090637207031e+00
1.347651243209838867e+00
-1.289269924163818359e+00
5.273896455764770508e-01
3.927203178405761719e+00
-4.544461250305175781e+00
-1.523720264434814453e+00
1.381634116172790527e+00
4.396431446075439453e+00
2.390201807022094727e+00
2.067224264144897461e+00
-2.716198444366455078e+00
9.290597438812255859e-01
1.261252284049987793e+00
4.062418937683105469e-01
2.559133172035217285e-01
-1.179134964942932129e+00
-2.833966910839080811e-01
-2.329217910766601562e+00
-5.928037166595458984e-01
4.099723339080810547e+00
-2.178820133209228516e+00
-4.352900981903076172e-01
-1.266014099121093750e+00
-4.782847881317138672e+00
-1.238062620162963867e+00
4.573369026184082031e+00
-1.919264793395996094e-01
2.686097621917724609e-01
-2.170526742935180664e+00
3.172882080078125000e+00
-9.406603574752807617e-01
-4.797072887420654297e+00
1.251185774803161621e+00
-5.739658474922180176e-01
-2.307541847229003906e+00
-5.174824237823486328e+00
3.086569309234619141e+00
2.304801464080810547e+00
-1.734856605529785156e+00
-3.149319887161254883e+00
6.947294712066650391e+00
-1.394951462745666504e+00
3.486845493316650391e+00
-1.607279539108276367e+00
-1.072034716606140137e+00
-2.009921312332153320e+00
1.819049954414367676e+00
6.292513370513916016e+00
-2.503019332885742188e+00
2.207509994506835938e+00
1.866473197937011719e+00
9.590746760368347168e-01
-3.396523237228393555e+00
3.256088256835937500e+00
4.430592954158782959e-01
3.510788202285766602e+00
4.506330490112304688e+00
1.475887537002563477e+00
-4.045200347900390625e-01
3.854633092880249023e+00
1.419347047805786133e+00
4.968297481536865234e+00
2.501380443572998047e+00
-6.587831974029541016e-01
5.848072528839111328e+00
-2.623997688293457031e+00
-4.900500774383544922e+00
2.812867164611816406e+00
4.235840797424316406e+00
1.696510910987854004e-01
3.016730308532714844e+00
-5.856956481933593750e+00
-1.121848583221435547e+00
3.056234836578369141e+00
4.612606048583984375e+00
-1.433454751968383789e+00
-1.633792996406555176e+00
-2.501861572265625000e+00
5.940042495727539062e+00
9.885191917419433594e-03
1.936442375183105469e+00
-7.750633358955383301e-01
3.205644845962524414e+00
-4.282799720764160156e+00
-3.094224452972412109e+00
-4.955981373786926270e-01
-1.177650809288024902e+00
-3.046443223953247070e+00
-3.542947530746459961e+00
-8.403894305229187012e-01
-5.877501010894775391e+00
-2.714173555374145508e+00
-3.569955587387084961e+00
-2.203817844390869141e+00
1.383582055568695068e-01
5.136626958847045898e-02
2.411254167556762695e+00
-3.535260260105133057e-02
8.112359046936035156e-01
2.694256305694580078e-01
1.233976185321807861e-01
4.850951731204986572e-01
-2.838286161422729492e-01
3.191946029663085938e+00
4.035026431083679199e-01
3.456432104110717773e+00
2.951149940490722656e-01
1.581266880035400391e+00
2.181224107742309570e+00
4.995801925659179688e+00
-1.493737220764160156e+00
1.631719589233398438e+00
1.147758364677429199e+00
-2.204367876052856445e+00
2.871812820434570312e+00
-1.893150687217712402e+00
1.336942911148071289e+00
-2.590861320495605469e+00
-3.630021810531616211e+00
-4.000184535980224609e+00
-4.943349361419677734e+00
-2.876297712326049805e+00
-2.698113203048706055e+00
3.827667236328125000e+00
-2.862157583236694336e+00
3.816277980804443359e+00
4.626318812370300293e-02
7.457184791564941406e-01
4.512416362762451172e+00
1.533816695213317871e+00
4.697424888610839844e+00
-8.190386295318603516e-01
3.956183433532714844e+00
-1.599959254264831543e+00
2.356471538543701172e+00
2.568950653076171875e+00
-1.959091544151306152e+00
3.886949539184570312e+00
-6.290624737739562988e-01
7.826287746429443359e-01
7.351406574249267578e+00
2.633784770965576172e+00
2.128106355667114258e+00
2.756382226943969727e+00
-3.308867216110229492e+00
2.819899797439575195e+00
4.140244483947753906e+00
-1.072427988052368164e+00
-1.635575175285339355e+00
1.496082782745361328e+00
-1.694720506668090820e+00
1.030160784721374512e+00
-9.561973214149475098e-01
-1.636184811592102051e+00
1.311017870903015137e-01
-1.390118718147277832e+00
3.598545551300048828e+00
