-1.806530356407165527e+00
2.587619543075561523e+00
1.356806993484497070e+00
1.703331589698791504e+00
1.105892658233642578e+00
1.299442410469055176e+00
-2.039971828460693359e+00
4.764778137207031250e+00
2.071856021881103516e+00
9.555662155151367188e+00
-3.408253669738769531e+00
-1.447289824485778809e+00
-2.514237165451049805e+00
-8.315173149108886719e+00
2.651366591453552246e-01
-2.730805873870849609e+00
-3.913732767105102539e+00
2.720815181732177734e+00
-1.603352069854736328e+00
-4.121352195739746094e+00
-3.366182804107666016e+00
-1.490690827369689941e+00
-2.754348754882812500e+00
9.982125759124755859e-01
-1.385314822196960449e+00
5.202864408493041992e-01
2.572956085205078125e+00
1.243708729743957520e+00
-7.136608660221099854e-02
3.572097301483154297e+00
2.667051255702972412e-01
9.990739822387695312e-01
1.313258528709411621e+00
9.866653084754943848e-01
1.649584054946899414e+00
-3.142550468444824219e+00
-1.032856583595275879e+00
-8.139833211898803711e-01
6.704127788543701172e+00
6.593823909759521484e+00
1.134038925170898438e+01
5.880349159240722656e+00
9.730314254760742188e+00
5.125953674316406250e+00
6.031457424163818359e+00
4.679461479187011719e+00
1.321422195434570312e+01
9.111536026000976562e+00
5.864822387695312500e+00
4.050266742706298828e+00
3.869818449020385742e+00
3.771377563476562500e+00
-1.454604744911193848e+00
-3.495576143264770508e+00
-8.158047199249267578e-01
9.835443496704101562e-01
3.684022903442382812e+00
-3.057296037673950195e+00
8.753058314323425293e-01
4.897906303405761719e+00
1.352809071540832520e+00
5.423322916030883789e-01
1.032655000686645508e+00
4.409515559673309326e-01
2.984143257141113281e+00
3.209153652191162109e+00
9.854894876480102539e-01
2.755004465579986572e-01
3.015685379505157471e-01
-1.222284197807312012e+00
-1.035375475883483887e+00
7.490355014801025391e+00
2.372354984283447266e+00
4.144545078277587891e+00
3.577324867248535156e+00
-5.211056470870971680e-01
3.901510477066040039e+00
5.434153556823730469e+00
2.118012011051177979e-01
2.312433958053588867e+00
1.487314820289611816e+00
-1.432604074478149414e+00
3.387980222702026367e+00
3.474926948547363281e+00
1.001568698883056641e+01
6.075481176376342773e-01
3.652560710906982422e+00
1.224477052688598633e+00
5.775338172912597656e+00
-1.316585063934326172e+00
2.452282190322875977e+00
9.848052859306335449e-01
5.447568416595458984e+00
4.071632385253906250e+00
4.928679943084716797e+00
3.080595016479492188e+00
3.364758491516113281e+00
-2.308886528015136719e+00
2.617952823638916016e-01
-6.410673856735229492e-01
-1.320742011070251465e+00
-6.941061019897460938e+00
-4.246821403503417969e+00
-1.954534053802490234e+00
3.842845201492309570e+00
-4.157702028751373291e-01
-4.136273860931396484e+00
2.344498157501220703e+00
-8.463741838932037354e-02
1.587186574935913086e+00
-3.224273681640625000e+00
6.604422569274902344e+00
-1.464789509773254395e-01
1.701999008655548096e-01
-2.070519924163818359e+00
1.223970651626586914e-01
-5.604257583618164062e+00
2.571876287460327148e+00
1.567702531814575195e+00
1.147199869155883789e+00
2.302802801132202148e+00
2.997117757797241211e+00
4.095531940460205078e+00
2.692277908325195312e+00
4.006534099578857422e+00
-1.230471849441528320e+00
3.108124494552612305e+00
2.525714159011840820e+00
4.052283763885498047e+00
3.832626581192016602e+00
6.433804035186767578e-01
6.389938831329345703e+00
3.788949012756347656e+00
4.247238636016845703e+00
1.068789100646972656e+01
4.225193977355957031e+00
6.147918701171875000e+00
-3.153276920318603516e+00
7.859993934631347656e+00
-3.810483217239379883e-02
-2.264909267425537109e+00
2.346784591674804688e+00
2.486910820007324219e-01
-3.063226938247680664e+00
5.581307411193847656e-02
-1.089266896247863770e+00
-4.059154391288757324e-01
5.486908555030822754e-02
-5.404070019721984863e-01
1.228889584541320801e+00
4.038007259368896484e-01
3.781277656555175781e+00
-2.860330104827880859e+00
-4.180660724639892578e+00
-1.887293815612792969e+00
-4.767242431640625000e+00
-2.148210525512695312e+00
-2.325388431549072266e+00
1.052231311798095703e+00
1.676648020744323730e+00
2.148622274398803711e-01
7.457630634307861328e-01
-2.417404890060424805e+00
-3.897265791893005371e-01
1.596058845520019531e+00
1.255846500396728516e+00
3.105076313018798828e+00
5.808144807815551758e-01
4.914113044738769531e+00
4.492379665374755859e+00
1.508459091186523438e+00
4.539048671722412109e+00
4.150357246398925781e+00
6.340580940246582031e+00
-2.795417070388793945e+00
1.876808404922485352e-01
4.356684207916259766e+00
3.041856050491333008e+00
-1.605444550514221191e-01
-1.474904656410217285e+00
-3.545241355895996094e+00
4.569172382354736328e+00
3.448884248733520508e+00
5.719118714332580566e-01
2.603120326995849609e+00
-7.163599729537963867e-01
-4.942154407501220703e+00
4.879801273345947266e-01
8.573997020721435547e-01
8.736003041267395020e-01
-2.454285860061645508e+00
1.431527495384216309e+00
-1.947894096374511719e+00
-2.181258201599121094e+00
-1.929534226655960083e-01
-8.342517614364624023e-01
-3.162670850753784180e+00
-2.611583709716796875e+00
-3.433025360107421875e+00
-2.164056777954101562e+00
-3.562310934066772461e+00
-2.754356384277343750e+00
-2.093918085098266602e+00
-1.548951864242553711e-01
-3.636399745941162109e+00
1.756033599376678467e-01
8.887364268302917480e-01
2.070225000381469727e+00
4.057516157627105713e-01
3.203667879104614258e+00
-3.623498082160949707e-01
2.139674663543701172e+00
1.571249604225158691e+00
3.181184768676757812e+00
7.857580780982971191e-01
-4.077563285827636719e-01
-2.322453498840332031e+00
-2.346651077270507812e+00
-9.590008854866027832e-01
-1.316805839538574219e+00
-3.497180938720703125e+00
-1.024625301361083984e+00
-1.244010448455810547e+00
-4.654509544372558594e+00
-3.602484941482543945e+00
1.213860154151916504e+00
-2.516986131668090820e+00
1.245396852493286133e+00
-5.374872207641601562e+00
-2.926671504974365234e+00
-2.046661615371704102e+00
-4.005224704742431641e-01
1.018279314041137695e+00
-5.135214328765869141e+00
-1.068719387054443359e+00
-7.816760540008544922e-01
-1.180894225835800171e-01
1.427926540374755859e+00
6.782602071762084961e-01
-2.029542684555053711e+00
-1.685213327407836914e+00
-2.744202136993408203e+00
-2.541101932525634766e+00
-3.007891654968261719e+00
-4.502449512481689453e+00
-5.031204223632812500e+00
1.179182529449462891e-01
-1.661849737167358398e+00
-8.551487922668457031e-01
-2.634440422058105469e+00
-6.188465356826782227e-01
1.299807786941528320e+00
-1.722577691078186035e+00
-1.409512519836425781e+00
-2.321210622787475586e+00
-1.274455904960632324e+00
-6.152477264404296875e+00
-2.151891231536865234e+00
-4.177855014801025391e+00
-4.093187808990478516e+00
-4.584602355957031250e+00
-2.796682834625244141e+00
-1.887675523757934570e+00
-3.192869901657104492e+00
-7.823675274848937988e-01
-2.095389664173126221e-01
-1.190366506576538086e+00
6.859644651412963867e-01
8.815079927444458008e-01
-1.470481514930725098e+00
-2.703784942626953125e+00
2.562438964843750000e+00
7.177302837371826172e+00
7.118619441986083984e+00
5.531829833984375000e+00
2.648971557617187500e+00
3.711536169052124023e+00
3.686825513839721680e+00
3.932945728302001953e+00
2.110846757888793945e+00
4.664179801940917969e+00
6.089400291442871094e+00
3.763146400451660156e+00
-1.045466184616088867e+00
2.241616725921630859e+00
6.184283733367919922e+00
-6.182199716567993164e-01
3.963245153427124023e-01
2.707940101623535156e+00
-2.249342918395996094e+00
1.708915710449218750e+00
-1.577771186828613281e+00
3.835718333721160889e-01
4.456616878509521484e+00
-5.468019962310791016e+00
-6.177184104919433594e+00
-2.712076425552368164e+00
-2.770610094070434570e+00
6.262967109680175781e+00
4.938484191894531250e+00
4.978553295135498047e+00
9.185137748718261719e-01
5.251712322235107422e+00
2.946507692337036133e+00
4.922266960144042969e+00
1.197460055351257324e+00
1.043167829513549805e+00
5.831244468688964844e+00
3.559058904647827148e+00
3.124433755874633789e+00
6.738036632537841797e+00
6.230231761932373047e+00
6.070570945739746094e+00
4.344188690185546875e+00
2.647260665893554688e+00
5.860304355621337891e+00
1.002458930015563965e-01
1.213040709495544434e+00
5.304657459259033203e+00
5.849217414855957031e+00
3.566776514053344727e+00
-3.715580940246582031e+00
-2.368510484695434570e+00
-1.512841463088989258e+00
-1.477397799491882324e+00
-5.792553424835205078e-01
-2.890551090240478516e+00
4.248858928680419922e+00
-4.927810668945312500e+00
3.667389452457427979e-01
2.522817850112915039e-01
2.998467922210693359e+00
-2.778831005096435547e+00
-7.182296514511108398e-01
-1.079883694648742676e+00
3.000608682632446289e+00
-3.473989009857177734e+00
-3.130950689315795898e+00
-5.995965003967285156e-01
1.609610319137573242e+00
4.435377597808837891e+00
-4.340615868568420410e-01
-5.031333923339843750e+00
-2.584969282150268555e+00
-2.710321664810180664e+00
-4.644096851348876953e+00
-3.085199594497680664e+00
-3.737398147583007812e+00
-2.556067705154418945e-02
-7.550430893898010254e-01
1.693386316299438477e+00
5.412935018539428711e-01
5.080106735229492188e+00
6.395446300506591797e+00
7.506159782409667969e+00
5.391092300415039062e+00
4.662444114685058594e+00
9.346885681152343750e-01
1.806474208831787109e+00
9.293085336685180664e-01
2.169432044029235840e-01
-1.200506448745727539e+00
-2.261467456817626953e+00
3.353700399398803711e+00
-2.675694465637207031e+00
-1.570741176605224609e+00
-2.228950500488281250e+00
-1.826701164245605469e+00
5.221143960952758789e-01
1.243547797203063965e+00
6.873202919960021973e-01
2.244267463684082031e+00
-1.447156667709350586e+00
-1.558392286300659180e+00
3.505034685134887695e+00
1.405932426452636719e+00
2.747029781341552734e+00
4.963085651397705078e+00
-6.504448652267456055e-01
-1.198555827140808105e+00
1.762223362922668457e+00
2.713526964187622070e+00
3.757514715194702148e+00
5.825608253479003906e+00
2.326002597808837891e+00
-2.513077020645141602e+00
-1.322729825973510742e+00
-6.978263854980468750e-01
-3.708444833755493164e+00
3.582975268363952637e-01
5.343590736389160156e+00
-1.420522928237915039e+00
1.596308946609497070e-01
-2.597337007522583008e+00
-2.149730205535888672e+00
7.892125248908996582e-01
-1.496960282325744629e+00
-2.125284910202026367e+00
-8.753871917724609375e-01
-1.917998433113098145e+00
-3.311156272888183594e+00
-2.207915544509887695e+00
-6.976391673088073730e-01
-5.102943897247314453e+00
-3.381787538528442383e+00
-2.921989679336547852e+00
-4.998988151550292969e+00
-3.288369894027709961e+00
-6.766248226165771484e+00
-2.164930105209350586e-03
-1.278180599212646484e+00
6.236469268798828125e+00
1.565435409545898438e+00
-2.210208415985107422e+00
4.077295780181884766e+00
-4.050484657287597656e+00
2.328998804092407227e+00
-5.325940251350402832e-01
-8.660174608230590820e-01
1.150013208389282227e+00
2.297657430171966553e-01
1.595562815666198730e+00
-1.049359440803527832e+00
-1.026843786239624023e+00
-6.514399051666259766e-01
-2.459399700164794922e+00
-1.729721307754516602e+00
-3.940290212631225586e-02
2.765089511871337891e+00
8.918657302856445312e-01
4.130892753601074219e+00
-2.675173997879028320e+00
1.582131385803222656e+00
1.482266902923583984e+00
5.546385645866394043e-01
2.183614492416381836e+00
1.970415592193603516e+00
-2.877981901168823242e+00
8.108345866203308105e-01
-3.817039251327514648e+00
1.010363698005676270e+00
-4.807541847229003906e+00
-4.722589015960693359e+00
2.241308212280273438e+00
-3.025450944900512695e+00
3.014062404632568359e+00
3.790805816650390625e+00
-2.479460716247558594e+00
-1.885951042175292969e+00
-2.677380084991455078e+00
-2.648553371429443359e+00
-1.761358499526977539e+00
3.282270431518554688e+00
-3.377978205680847168e-01
-3.322191715240478516e+00
1.001298546791076660e+00
2.195200681686401367e+00
-3.841560125350952148e+00
-1.126066803932189941e+00
3.808797836303710938e+00
-2.746679306030273438e+00
-1.337980508804321289e+00
1.987813860177993774e-01
3.423110961914062500e+00
-6.058908700942993164e-01
-1.927299499511718750e+00
-5.591972351074218750e+00
-2.580763816833496094e+00
-2.915736436843872070e+00
-3.862150669097900391e+00
1.528081893920898438e+00
-5.304731369018554688e+00
-5.778435230255126953e+00
2.108184099197387695e+00
1.867073774337768555e-02
-3.269266366958618164e+00
-1.145472049713134766e+00
-3.760866880416870117e+00
2.949222326278686523e+00
-5.923451423645019531e+00
-1.924977064132690430e+00
3.810406208038330078e+00
3.333040952682495117e+00
-4.498764991760253906e+00
-5.007081031799316406e+00
1.705588221549987793e+00
-3.891823291778564453e-01
2.129201412200927734e+00
7.523322701454162598e-01
3.894686698913574219e-01
-4.485517501831054688e+00
-4.021163940429687500e+00
-1.256463766098022461e+00
8.471173644065856934e-01
-1.230941057205200195e+00
-2.295724302530288696e-01
4.652246236801147461e-01
-1.921000123023986816e+00
3.546304702758789062e+00
2.166068315505981445e+00
-4.719806909561157227e-01
-3.461425304412841797e+00
-4.032230377197265625e+00
7.740299701690673828e-01
-1.821972131729125977e+00
-9.751104712486267090e-01
-2.747294902801513672e+00
-1.642120122909545898e+00
2.699065208435058594e+00
-4.110504150390625000e+00
-2.670494556427001953e+00
-1.454492807388305664e+00
8.922929167747497559e-01
-2.437872886657714844e+00
-2.195211052894592285e-01
-7.811296582221984863e-01
1.227272152900695801e-01
-9.076851010322570801e-01
1.545866847038269043e+00
1.367356896400451660e+00
5.692094564437866211e-01
-1.549996972084045410e+00
1.096370816230773926e-02
3.083113431930541992e-01
-3.842405796051025391e+00
-2.985946893692016602e+00
3.206364631652832031e+00
3.510140419006347656e+00
1.938822507858276367e+00
6.654509902000427246e-01
2.808708667755126953e+00
5.966801047325134277e-01
2.516967654228210449e-01
1.473722457885742188e+00
-7.074415683746337891e-02
-3.368877887725830078e+00
-2.090911149978637695e+00
-3.930076360702514648e-01
-2.607889473438262939e-01
3.787496328353881836e+00
-3.536402702331542969e+00
-5.333302021026611328e-01
-1.777240037918090820e-01
2.326943874359130859e+00
-9.096933603286743164e-01
2.585838317871093750e+00
7.823149561882019043e-01
-1.151272773742675781e+00
-2.022237777709960938e-01
2.579894304275512695e+00
-6.445061206817626953e+00
-1.826522827148437500e+00
3.823217391967773438e+00
2.952631711959838867e+00
-4.058438777923583984e+00
-2.490366458892822266e+00
3.553819417953491211e+00
1.225104451179504395e+00
-4.499314725399017334e-01
2.079804897308349609e+00
-9.567612409591674805e-02
-2.602910518646240234e+00
2.635616064071655273e+00
-2.151850700378417969e+00
-3.388789892196655273e+00
-7.615144252777099609e-01
2.216101288795471191e-01
1.825721025466918945e+00
-4.758973598480224609e+00
-4.834342956542968750e+00
1.971553206443786621e+00
-2.136262655258178711e+00
7.121974229812622070e-01
-4.247053146362304688e+00
-1.449466466903686523e+00
-2.695929765701293945e+00
8.080749511718750000e-01
9.908427596092224121e-01
1.189002871513366699e+00
-6.661713123321533203e-02
-2.033743858337402344e+00
9.726362228393554688e-01
-1.607699275016784668e+00
-3.740875244140625000e+00
-1.846101522445678711e+00
3.118912220001220703e+00
-3.268994569778442383e+00
1.046457886695861816e+00
-8.682772517204284668e-01
1.200839519500732422e+00
2.966150045394897461e-01
4.843429088592529297e+00
8.930299878120422363e-01
1.143658161163330078e-02
4.394559860229492188e+00
-2.588364362716674805e+00
-2.091838359832763672e+00
-2.625956535339355469e+00
2.924642086029052734e+00
2.314418792724609375e+00
1.267196655273437500e+00
-1.730663537979125977e+00
1.337306141853332520e+00
-2.006515026092529297e+00
-7.311915755271911621e-01
1.243252396583557129e+00
5.880599021911621094e-01
-6.353148818016052246e-02
-7.450008392333984375e-01
-3.500932216644287109e+00
2.677474021911621094e-01
2.803591489791870117e+00
-9.025093317031860352e-01
-1.567870378494262695e+00
1.061497926712036133e-01
1.358882069587707520e+00
1.823815107345581055e+00
1.548195838928222656e+00
9.980009794235229492e-01
3.737738728523254395e-01
2.860634803771972656e+00
-8.471094965934753418e-01
-1.466715693473815918e+00
1.910364389419555664e+00
2.024311542510986328e+00
-3.541085720062255859e+00
-1.897448778152465820e+00
-4.103683948516845703e+00
-4.770561218261718750e+00
-2.430878400802612305e+00
-1.063156127929687500e+00
9.757709503173828125e-02
-2.957773208618164062e-02
1.891398549079895020e+00
-6.477337837219238281e+00
-4.059882164001464844e-01
8.221793770790100098e-01
-3.929907679557800293e-01
1.687894463539123535e+00
4.722743034362792969e+00
-4.546072006225585938e+00
1.310445308685302734e+00
-5.243506431579589844e+00
3.175896644592285156e+00
9.997783899307250977e-01
-1.348340511322021484e+00
1.039192080497741699e+00
1.731308341026306152e+00
1.450378417968750000e+00
-4.547944545745849609e+00
8.896121978759765625e-01
4.822057247161865234e+00
-4.577074527740478516e+00
-3.729241132736206055e+00
-4.880519866943359375e+00
-1.095823168754577637e+00
-9.506615400314331055e-01
-8.202257156372070312e+00
3.883544921875000000e+00
-1.406407356262207031e+00
1.396615624427795410e+00
-4.025058746337890625e+00
1.242579460144042969e+00
-3.580193996429443359e+00
3.338934421539306641e+00
-1.609545230865478516e+00
-3.422613143920898438e+00
-1.678340792655944824e+00
-1.510478854179382324e+00
2.462487459182739258e+00
-3.115330219268798828e+00
-1.463272452354431152e+00
-3.237899065017700195e+00
1.062375426292419434e+00
4.752753734588623047e+00
-1.165810108184814453e+00
1.797551512718200684e+00
-2.674089670181274414e-01
1.099618434906005859e+00
6.495828032493591309e-01
-6.345037221908569336e-01
1.759189963340759277e+00
-1.735244274139404297e+00
3.219021797180175781e+00
8.102213740348815918e-01
-2.628549814224243164e+00
-4.957530975341796875e+00
-2.550956487655639648e+00
4.810660839080810547e+00
-2.106869697570800781e+00
-7.571240425109863281e+00
1.625282645225524902e+00
5.016759634017944336e-01
-1.782601118087768555e+00
-3.481877803802490234e+00
-3.104189395904541016e+00
2.356371641159057617e+00
-1.462319642305374146e-01
-7.251518964767456055e-02
-1.676653861999511719e+00
2.267279148101806641e+00
3.152765512466430664e+00
-5.225656628608703613e-01
-3.507312774658203125e+00
-6.692330241203308105e-01
-2.522758960723876953e+00
-3.990130424499511719e+00
-2.203017473220825195e-02
1.304971218109130859e+00
-1.382292270660400391e+00
3.116796493530273438e+00
4.430297613143920898e-01
-1.650940179824829102e+00
1.522848606109619141e+00
-1.316575050354003906e+00
-3.425470829010009766e+00
9.627664089202880859e-02
-1.811751127243041992e+00
-3.324098825454711914e+00
-2.028517007827758789e+00
-2.225656270980834961e+00
3.660514831542968750e+00
2.798223018646240234e+00
-1.964546442031860352e-01
-5.553928375244140625e+00
2.041707754135131836e+00
-4.413591384887695312e+00
-1.266500949859619141e-01
1.254007339477539062e+00
-5.905920863151550293e-01
-4.333707809448242188e+00
2.758319854736328125e+00
-4.584226012229919434e-01
2.050765037536621094e+00
-3.646743774414062500e+00
-6.650609374046325684e-01
7.017819285392761230e-01
2.133347272872924805e+00
1.738774776458740234e-01
-4.893034696578979492e-01
-9.658488631248474121e-01
1.981247663497924805e-01
3.501163005828857422e+00
-5.164180278778076172e+00
-5.320999622344970703e+00
-1.175122022628784180e+00
1.495497226715087891e+00
2.220025539398193359e+00
-1.669677495956420898e-01
-2.265857934951782227e+00
3.431767821311950684e-01
-4.289513111114501953e+00
3.169783115386962891e+00
1.840532064437866211e+00
1.050028502941131592e-01
-6.020101547241210938e+00
8.420952558517456055e-01
-4.305196285247802734e+00
-1.966838538646697998e-01
4.010950326919555664e-01
-5.731384754180908203e-01
2.630989551544189453e+00
-1.643652439117431641e+00
-2.639557600021362305e+00
-2.642348051071166992e+00
1.527498006820678711e+00
-4.500589370727539062e+00
-7.655608654022216797e-02
1.354746460914611816e+00
3.784403800964355469e+00
7.227151393890380859e-01
4.876171946525573730e-01
-2.720005035400390625e+00
-2.543828725814819336e+00
-9.556807875633239746e-01
-8.684985339641571045e-02
5.085345506668090820e-01
-1.409724473953247070e+00
-9.129352122545242310e-02
-1.628696799278259277e+00
-4.916247367858886719e+00
-3.049249410629272461e+00
4.759412765502929688e+00
-1.198578715324401855e+00
1.526884734630584717e-01
1.604936957359313965e+00
-9.417700767517089844e-01
-1.159516215324401855e+00
-2.145725250244140625e+00
1.983819603919982910e-01
2.264159917831420898e-01
-1.289433002471923828e+00
1.052110195159912109e+00
6.590815186500549316e-01
3.709863185882568359e+00
3.013309717178344727e+00
7.261174321174621582e-01
-3.698514699935913086e-01
-3.857173442840576172e+00
1.097478866577148438e-01
-1.828080177307128906e+00
6.554727554321289062e-01
-2.360486507415771484e+00
-3.282934665679931641e+00
1.625666141510009766e+00
4.397027492523193359e+00
-1.116745710372924805e+00
-1.602329969406127930e+00
7.259550094604492188e-01
2.858626842498779297e+00
-1.843260407447814941e+00
-4.051968753337860107e-01
-2.220354974269866943e-01
6.422030329704284668e-01
-2.547432899475097656e+00
2.549061775207519531e+00
-7.878513932228088379e-01
-3.684947252273559570e+00
-4.082027077674865723e-01
1.656632900238037109e+00
-6.075217723846435547e+00
-2.782018661499023438e+00
-1.867658495903015137e+00
-4.509612321853637695e-01
1.456555962562561035e+00
1.278064250946044922e-01
1.962515234947204590e+00
-2.493954181671142578e+00
-2.914266586303710938e-01
-1.471872925758361816e+00
3.227395713329315186e-01
-6.770339012145996094e-01
-6.689832806587219238e-01
-4.021228790283203125e+00
-3.559941768646240234e+00
-2.786643028259277344e+00
-1.211123704910278320e+00
-1.300589203834533691e+00
-3.466372489929199219e-01
-2.626069068908691406e+00
-6.380439400672912598e-01
1.200186729431152344e+00
1.745725631713867188e+00
-7.524443864822387695e-01
7.606047391891479492e-02
1.520056724548339844e-01
4.738070368766784668e-01
-7.452715873718261719e+00
8.659297227859497070e-02
-9.538581967353820801e-02
-9.570480585098266602e-01
2.298612594604492188e+00
3.539654016494750977e+00
-4.772360801696777344e+00
8.730883598327636719e-01
-3.178718328475952148e+00
-1.586072683334350586e+00
-5.607445836067199707e-01
-8.879247903823852539e-01
-1.533523499965667725e-01
-3.599750041961669922e+00
1.879846155643463135e-01
8.649398088455200195e-01
-2.092785835266113281e+00
-7.954944968223571777e-01
-2.604903221130371094e+00
-4.047796249389648438e+00
-1.156052231788635254e+00
5.246186256408691406e+00
-3.933395862579345703e+00
4.912866652011871338e-01
-3.801621437072753906e+00
-5.036043524742126465e-01
3.621742129325866699e-03
-5.058315277099609375e+00
-1.187226176261901855e+00
-1.004268169403076172e+00
-1.787415862083435059e+00
-2.473853588104248047e+00
8.049113750457763672e-01
2.332362413406372070e+00
-5.897642374038696289e-01
1.570469439029693604e-01
1.998015880584716797e+00
-2.675314188003540039e+00
2.355431556701660156e+00
-2.470537424087524414e+00
-2.202178955078125000e+00
-3.502279043197631836e+00
1.376164078712463379e+00
6.038944244384765625e+00
-4.235671758651733398e-01
3.615201950073242188e+00
2.385620594024658203e+00
2.836924552917480469e+00
-3.693252086639404297e+00
1.442840695381164551e+00
3.500976562500000000e+00
1.409924030303955078e+00
1.020902395248413086e+00
-7.614624500274658203e-01
-4.778063774108886719e+00
3.173479080200195312e+00
1.548900842666625977e+00
8.092511177062988281e+00
3.272315502166748047e+00
-1.635844469070434570e+00
4.926311016082763672e+00
-5.858147144317626953e-01
-2.454038858413696289e+00
7.766397595405578613e-01
1.885268688201904297e-01
-7.505062818527221680e-01
-1.552773118019104004e+00
-5.291029930114746094e+00
-2.167538404464721680e+00
4.700119018554687500e+00
3.156651973724365234e+00
-2.436217784881591797e+00
-3.039175033569335938e+00
-4.392657279968261719e+00
6.029519081115722656e+00
-1.961066722869873047e+00
-2.359926700592041016e+00
-2.433538436889648438e+00
-8.927039504051208496e-01
-4.007155418395996094e+00
-3.657721519470214844e+00
-2.828462123870849609e+00
7.123703360557556152e-01
-4.175532817840576172e+00
-4.788079261779785156e+00
-4.876149654388427734e+00
-6.285835266113281250e+00
-4.069476127624511719e+00
-4.301223754882812500e+00
-9.939397573471069336e-01
7.095181941986083984e-01
3.005466938018798828e+00
3.007142543792724609e-01
1.130786538124084473e+00
-4.638450622558593750e+00
-2.208649396896362305e+00
-2.660185694694519043e-01
-1.772004485130310059e+00
-2.532018423080444336e-01
6.449646353721618652e-01
-3.150803327560424805e+00
-9.524057507514953613e-01
-1.568719148635864258e+00
3.725457191467285156e-01
-1.924536228179931641e+00
-2.879216670989990234e-01
3.310076594352722168e-01
2.148977518081665039e+00
-1.320414066314697266e+00
-5.637694835662841797e+00
-1.798283815383911133e+00
-4.797235012054443359e+00
-9.365561604499816895e-01
-3.499907493591308594e+00
-4.963953018188476562e+00
-3.304907798767089844e+00
-3.203598022460937500e+00
-3.291289806365966797e+00
-3.158630132675170898e+00
1.601384878158569336e+00
-6.309969425201416016e+00
-1.530053615570068359e+00
-4.290937781333923340e-01
-1.152735710144042969e+00
4.088147640228271484e+00
1.950009346008300781e+00
7.286237478256225586e-01
-1.927073001861572266e+00
1.796213269233703613e+00
-4.149135589599609375e+00
-2.002071142196655273e-01
1.110641479492187500e+00
-3.827442169189453125e+00
-5.295167565345764160e-01
-4.479430317878723145e-01
-3.204566955566406250e+00
4.272845745086669922e+00
1.823546528816223145e+00
3.023565709590911865e-01
2.096180438995361328e+00
-1.719542026519775391e+00
-4.168424129486083984e+00
3.474650382995605469e+00
-4.806999206542968750e+00
-3.955160140991210938e+00
-5.383884906768798828e-01
-5.343641281127929688e+00
-1.390950918197631836e+00
-5.399039268493652344e+00
-4.165158271789550781e+00
-3.945760965347290039e+00
2.534622430801391602e+00
3.363883495330810547e+00
