-3.739800930023193359e+00
2.270481348037719727e+00
-1.408782005310058594e-01
1.030399441719055176e+00
-3.067447543144226074e-01
3.791446685791015625e+00
1.436145067214965820e+00
6.227900505065917969e+00
3.301458358764648438e-01
1.057077407836914062e+01
-1.118571996688842773e+00
-2.442498207092285156e-01
-1.090148329734802246e+00
-3.196067094802856445e+00
2.984440803527832031e+00
-1.623854041099548340e+00
-5.192356109619140625e+00
1.141595721244812012e+00
-2.695790052413940430e+00
-4.618060588836669922e-01
-3.860926389694213867e+00
-2.785634040832519531e+00
-5.482558727264404297e+00
-3.037333011627197266e+00
-1.198746442794799805e+00
-1.243469715118408203e+00
-1.029156446456909180e-01
-1.124243855476379395e+00
-1.290915012359619141e+00
6.187126636505126953e-01
-2.005129814147949219e+00
1.170680761337280273e+00
-1.832854747772216797e+00
1.876210570335388184e-01
2.898193359375000000e+00
-2.451834917068481445e+00
-4.548034667968750000e-01
-3.204962611198425293e-01
4.175042629241943359e+00
-9.793334007263183594e-01
2.715163707733154297e+00
3.956216275691986084e-01
1.985088586807250977e+00
5.349285006523132324e-01
-1.877580285072326660e+00
1.221966743469238281e+00
3.165676832199096680e+00
6.378196239471435547e+00
9.213218092918395996e-01
-1.713435292243957520e+00
6.461345553398132324e-01
4.825305461883544922e+00
1.369504928588867188e+00
-5.384952425956726074e-01
-1.672067523002624512e+00
-1.468495845794677734e+00
4.059938788414001465e-01
-3.392494678497314453e+00
3.862859010696411133e+00
2.232232332229614258e+00
2.893552780151367188e+00
-5.399911403656005859e-01
6.175544857978820801e-01
-6.760464310646057129e-01
1.886465072631835938e+00
3.936144351959228516e+00
1.272258639335632324e+00
-1.416109323501586914e+00
1.660891890525817871e+00
2.521134614944458008e-01
9.422419071197509766e-01
9.258985519409179688e+00
1.392589092254638672e+00
5.089429855346679688e+00
3.535219669342041016e+00
2.514207601547241211e+00
4.480360507965087891e+00
4.085993766784667969e+00
5.127806186676025391e+00
1.079276442527770996e+00
3.407521724700927734e+00
-8.539803624153137207e-01
2.701730012893676758e+00
5.135272979736328125e+00
6.707836151123046875e+00
9.007918834686279297e-02
3.338622570037841797e+00
7.795174121856689453e-01
2.581208705902099609e+00
-2.059838294982910156e+00
9.172213673591613770e-01
-7.477592229843139648e-01
1.197482943534851074e+00
4.172613024711608887e-01
-8.712100982666015625e-02
-9.875232577323913574e-01
3.221138000488281250e+00
-2.741047382354736328e+00
-9.771568775177001953e-01
2.448786973953247070e+00
2.522019863128662109e+00
-5.640742301940917969e+00
-3.435259819030761719e+00
-6.701698899269104004e-01
1.186873793601989746e+00
-1.877561092376708984e+00
-5.017547607421875000e+00
6.880944252014160156e+00
1.213087558746337891e+00
4.293586254119873047e+00
-2.914100170135498047e+00
7.642119407653808594e+00
1.684676885604858398e+00
3.826127350330352783e-01
-2.177565336227416992e+00
2.805087089538574219e+00
-2.900644302368164062e+00
5.394353866577148438e+00
1.035763263702392578e+00
3.387784719467163086e+00
2.375468492507934570e+00
2.783620595932006836e+00
2.165863513946533203e+00
-1.871901750564575195e-01
1.662795066833496094e+00
7.467209100723266602e-01
4.827451705932617188e+00
-2.513398408889770508e+00
-4.111115932464599609e-01
8.794247508049011230e-01
5.475015640258789062e+00
6.733304977416992188e+00
2.316529273986816406e+00
2.268143892288208008e+00
8.686079978942871094e+00
6.944750547409057617e-01
3.605764865875244141e+00
2.075954675674438477e-01
6.309854507446289062e+00
-7.654289007186889648e-01
-1.392462372779846191e+00
-7.468795776367187500e-02
-1.812363147735595703e+00
-3.055406332015991211e+00
8.671002388000488281e-01
-2.364316701889038086e+00
-2.092434883117675781e+00
-1.490673422813415527e+00
1.414801478385925293e+00
7.721625566482543945e-01
-2.980382740497589111e-01
5.514075279235839844e+00
1.656207203865051270e+00
-2.323614835739135742e+00
3.343123793601989746e-01
-1.324121952056884766e+00
3.375722169876098633e-01
2.584600448608398438e-02
6.346433758735656738e-01
2.846659719944000244e-01
3.055484294891357422e-01
1.542680501937866211e+00
-6.348696351051330566e-01
1.009617090225219727e+00
3.950690746307373047e+00
1.256233215332031250e+00
1.509564995765686035e+00
1.036949276924133301e+00
4.754891872406005859e+00
1.060178041458129883e+00
2.315936326980590820e+00
5.530178070068359375e+00
4.060282707214355469e+00
3.694044828414916992e+00
-2.571058034896850586e+00
-7.347883582115173340e-01
2.950758457183837891e+00
7.904733419418334961e-01
1.867746114730834961e-01
-3.843679130077362061e-01
-2.941835165023803711e+00
3.305544376373291016e+00
1.954700469970703125e+00
-1.913444995880126953e-01
3.133207321166992188e+00
-5.185451507568359375e-01
-5.138080120086669922e+00
1.155478239059448242e+00
6.916992664337158203e-01
6.611866950988769531e-01
-1.344953536987304688e+00
1.219026923179626465e+00
-2.124547481536865234e+00
-3.221096992492675781e+00
1.163710236549377441e+00
1.229722857475280762e+00
-2.147023916244506836e+00
-9.845262765884399414e-01
-3.466707229614257812e+00
-1.392751932144165039e-01
-3.709147691726684570e+00
-1.623520374298095703e+00
-1.779388427734375000e+00
-3.282890319824218750e-01
-2.386004209518432617e+00
1.621082067489624023e+00
1.153764963150024414e+00
1.996761441230773926e+00
9.943708181381225586e-01
3.180996179580688477e+00
1.173619270324707031e+00
3.134819984436035156e+00
1.418550372123718262e+00
1.684380531311035156e+00
1.777225255966186523e+00
-1.458824425935745239e-01
-4.130672216415405273e-01
-9.875311851501464844e-01
-9.706737995147705078e-01
7.224762439727783203e-01
-1.535906195640563965e+00
-5.224080681800842285e-01
-4.022443294525146484e-02
-9.653507471084594727e-01
-2.939375638961791992e+00
8.756562471389770508e-01
-2.583246827125549316e-01
2.076078414916992188e+00
-4.098012447357177734e+00
-2.064804553985595703e+00
-3.134464502334594727e+00
-2.753801047801971436e-01
2.620010614395141602e+00
-3.642259359359741211e+00
2.463789582252502441e-01
-2.830152273178100586e+00
2.821669578552246094e-01
2.113853693008422852e+00
2.085547924041748047e+00
-1.273895978927612305e+00
-3.657150268554687500e+00
3.395439386367797852e-01
4.110687673091888428e-01
-1.770082235336303711e+00
-5.038487434387207031e+00
-2.375992059707641602e+00
-6.318759918212890625e-01
1.117753982543945312e+00
-1.003392934799194336e+00
-2.670132398605346680e+00
-3.082159280776977539e+00
4.988603115081787109e+00
-3.404608368873596191e-01
-1.636283159255981445e+00
1.941082358360290527e+00
-1.008516788482666016e+00
-2.440561532974243164e+00
-2.201095342636108398e+00
-2.960065603256225586e+00
-3.659415960311889648e+00
-4.529576301574707031e+00
-3.004893541336059570e+00
-6.736916303634643555e-02
-3.921503305435180664e+00
-1.033941507339477539e+00
-2.195594906806945801e-01
-1.372112393379211426e+00
-4.464634358882904053e-01
1.220795035362243652e+00
-1.752706527709960938e+00
-2.805823326110839844e+00
-1.626346409320831299e-01
1.847400188446044922e+00
2.297886848449707031e+00
1.801288843154907227e+00
9.720149636268615723e-02
7.469322681427001953e-01
2.652484178543090820e+00
5.732626914978027344e-01
1.730072855949401855e+00
1.125916004180908203e+00
4.623895168304443359e+00
5.255076885223388672e+00
2.950735569000244141e+00
4.271409034729003906e+00
3.724478721618652344e+00
2.331210970878601074e-01
1.559034228324890137e+00
7.067556977272033691e-01
-1.917060852050781250e+00
2.082864761352539062e+00
-2.732942581176757812e+00
1.555618643760681152e+00
2.568823337554931641e+00
-7.135105609893798828e+00
-3.699427843093872070e+00
-2.376993179321289062e+00
-4.433491706848144531e+00
1.591873049736022949e+00
5.974275469779968262e-01
6.593217849731445312e-01
1.924422502517700195e+00
1.653092741966247559e+00
2.295596837997436523e+00
2.644738435745239258e+00
1.051889181137084961e+00
3.235623121261596680e+00
3.725525856018066406e+00
3.138061761856079102e+00
2.261990308761596680e+00
4.017209053039550781e+00
5.143912315368652344e+00
3.691103935241699219e+00
3.461149930953979492e-01
1.680867195129394531e+00
2.667438507080078125e+00
1.032715797424316406e+00
1.574820756912231445e+00
2.140334606170654297e+00
2.453635215759277344e+00
-3.843551278114318848e-01
-3.450545310974121094e+00
-3.628281354904174805e+00
-2.659884691238403320e+00
-4.978783607482910156e+00
-2.464982032775878906e+00
-3.104236364364624023e+00
3.152790784835815430e+00
-4.140658378601074219e+00
1.892657764256000519e-02
-6.358347535133361816e-01
9.263503551483154297e-01
-1.911760330200195312e+00
-8.624360561370849609e-01
-2.188754320144653320e+00
-1.043589711189270020e+00
-5.840999126434326172e+00
-3.170806169509887695e+00
1.127529144287109375e-01
1.155995607376098633e+00
5.928811073303222656e+00
1.877188086509704590e+00
-2.370780944824218750e+00
4.778610467910766602e-01
-4.368417739868164062e+00
-1.587859392166137695e+00
-7.577837705612182617e-01
-2.026056766510009766e+00
4.455212354660034180e-01
-2.922097146511077881e-01
1.799232006072998047e+00
1.894134163856506348e+00
5.184250354766845703e+00
5.098011493682861328e+00
5.530317306518554688e+00
4.749750614166259766e+00
1.409855604171752930e+00
7.808083295822143555e-01
-2.534427046775817871e-01
-6.368064880371093750e-02
2.559778213500976562e+00
-9.914777874946594238e-01
-4.104334354400634766e+00
8.339083790779113770e-01
-6.657269597053527832e-02
-5.157835483551025391e-01
-1.541174530982971191e+00
-2.782364130020141602e+00
4.672076702117919922e-01
2.009393692016601562e+00
-1.698136329650878906e-04
2.650082588195800781e+00
-3.337263822555541992e+00
-3.354594469070434570e+00
5.348232269287109375e+00
2.049516439437866211e+00
1.035313606262207031e+00
4.172883033752441406e+00
-1.844552159309387207e+00
1.838142037391662598e+00
2.241810321807861328e+00
5.489307880401611328e+00
1.722108721733093262e-01
4.414707183837890625e+00
4.640890359878540039e-01
-1.912893056869506836e+00
-4.596493840217590332e-01
1.544121503829956055e+00
-2.739010572433471680e+00
-2.114220857620239258e+00
3.442033052444458008e+00
-2.455527544021606445e+00
5.325917243957519531e+00
9.569444656372070312e-01
-3.293116569519042969e+00
-1.247727870941162109e+00
1.424402594566345215e+00
-1.111146807670593262e+00
1.889279186725616455e-01
-1.589265465736389160e+00
-2.656303882598876953e+00
-4.329717636108398438e+00
9.720263481140136719e-01
-6.546708106994628906e+00
-1.352505922317504883e+00
-1.696472764015197754e+00
-4.331875801086425781e+00
-1.362547159194946289e+00
-6.088445663452148438e+00
-1.063718557357788086e+00
-3.252607583999633789e-01
2.375341653823852539e+00
5.636641979217529297e-01
-3.526451349258422852e+00
2.761387825012207031e+00
-2.551421403884887695e+00
1.662025690078735352e+00
4.384237766265869141e+00
-2.701937675476074219e+00
2.548485279083251953e+00
-2.412906646728515625e+00
1.556573987007141113e+00
-1.454531073570251465e+00
-6.332345604896545410e-01
-2.934572696685791016e-01
-1.881820321083068848e+00
-2.992562770843505859e+00
-3.024702966213226318e-01
4.590968608856201172e+00
4.276279449462890625e+00
6.373440742492675781e+00
-2.741625070571899414e+00
-1.357690572738647461e+00
2.330206632614135742e+00
1.894071221351623535e+00
4.513313770294189453e+00
-1.235583305358886719e+00
-1.478630542755126953e+00
6.548792123794555664e-01
-5.083795547485351562e+00
7.202472686767578125e-01
-1.498370409011840820e+00
-5.753377914428710938e+00
3.994298934936523438e+00
-1.025574684143066406e+00
8.520982265472412109e-01
5.211197137832641602e-01
3.290793895721435547e-01
-2.395179867744445801e-02
-2.187946319580078125e+00
-3.201183795928955078e+00
-2.144210338592529297e-01
4.959609508514404297e+00
-1.874333858489990234e+00
-5.080867290496826172e+00
1.908243060111999512e+00
1.236870884895324707e-01
-4.659956932067871094e+00
-2.724036455154418945e+00
4.588989734649658203e+00
-2.761170864105224609e+00
-1.580307483673095703e+00
6.155663728713989258e-01
4.527036666870117188e+00
1.291390061378479004e+00
-2.821293830871582031e+00
-4.142009735107421875e+00
-3.095457315444946289e+00
-4.039504051208496094e+00
-3.240066528320312500e+00
4.759920120239257812e+00
-3.622185945510864258e+00
-5.258047580718994141e+00
3.579794406890869141e+00
7.074599266052246094e-01
-2.243710517883300781e+00
8.541721105575561523e-01
-3.687833547592163086e+00
5.757023096084594727e-01
-6.603605270385742188e+00
-9.404699802398681641e-01
2.907891750335693359e+00
4.790657043457031250e+00
-2.167443752288818359e+00
-5.601540565490722656e+00
1.345102787017822266e+00
2.055533885955810547e+00
3.685079097747802734e+00
-7.498962283134460449e-01
8.823070526123046875e-01
-3.999573469161987305e+00
-5.819993972778320312e+00
-1.793172359466552734e+00
6.993978023529052734e-01
-1.302015066146850586e+00
6.976300477981567383e-01
6.677792072296142578e-01
-1.263726115226745605e+00
2.114022016525268555e+00
1.122825622558593750e+00
-2.298942804336547852e+00
-3.158286809921264648e-01
5.340465903282165527e-01
-4.445502460002899170e-01
-1.533784627914428711e+00
3.320295572280883789e+00
-1.813340187072753906e-01
-6.149572730064392090e-01
-2.803953886032104492e-01
-1.937766790390014648e+00
-3.280932605266571045e-01
-4.053373336791992188e+00
7.307942956686019897e-02
-2.157303333282470703e+00
1.805675625801086426e+00
7.386665344238281250e-01
2.683613061904907227e+00
-6.400727033615112305e-01
1.974586606025695801e+00
-7.864947915077209473e-01
2.456315040588378906e+00
-3.938833475112915039e+00
1.124036073684692383e+00
-3.039435148239135742e-01
-4.736488342285156250e+00
-2.473849534988403320e+00
3.035433292388916016e+00
1.861538290977478027e+00
2.539938211441040039e+00
1.079571247100830078e-02
3.307761669158935547e+00
3.593147993087768555e-01
-1.745878458023071289e-01
2.961258649826049805e+00
-4.287614226341247559e-01
-4.623888492584228516e+00
-1.015630245208740234e+00
1.365085363388061523e+00
1.809521079063415527e+00
6.732382774353027344e+00
-3.719359397888183594e+00
-5.817709565162658691e-01
-5.625511407852172852e-01
-1.347266554832458496e+00
-5.890830159187316895e-01
1.088649034500122070e+00
9.022372364997863770e-01
-1.038161277770996094e+00
-1.689707517623901367e+00
2.196028709411621094e+00
-3.166062831878662109e+00
-1.427058458328247070e+00
1.307685136795043945e+00
5.334373116493225098e-01
-3.991629838943481445e+00
-2.667090892791748047e+00
3.961969614028930664e+00
9.482429027557373047e-01
-2.292138099670410156e+00
5.532487630844116211e-01
1.277660608291625977e+00
-2.912723064422607422e+00
1.527667641639709473e+00
-5.800978660583496094e+00
-2.068545579910278320e+00
-4.009288549423217773e-02
-7.939729690551757812e-01
1.672068595886230469e+00
-4.457691192626953125e+00
-4.290104389190673828e+00
1.410728216171264648e+00
-3.832668781280517578e+00
5.037481784820556641e+00
-5.701616287231445312e+00
-1.899646520614624023e+00
-4.660986900329589844e+00
6.918541193008422852e-01
1.014137744903564453e+00
-4.989369213581085205e-01
6.469726562500000000e-01
-2.906022071838378906e+00
1.125737667083740234e+00
-2.743546485900878906e+00
-2.538349628448486328e+00
-1.109488725662231445e+00
2.948654890060424805e+00
-4.805008411407470703e+00
1.409029960632324219e-01
-6.328536272048950195e-01
5.782945156097412109e-01
1.508976966142654419e-01
5.058603763580322266e+00
-6.842207312583923340e-01
6.131366491317749023e-01
2.732350349426269531e+00
-1.577429056167602539e+00
-2.508621692657470703e+00
-1.484698176383972168e+00
1.130434274673461914e+00
8.265690207481384277e-01
2.816229343414306641e+00
-1.391074419021606445e+00
-5.653588771820068359e-01
-2.168875694274902344e+00
9.412316679954528809e-01
1.917196035385131836e+00
-1.351558566093444824e-01
2.028999924659729004e-01
-1.269894838333129883e+00
-3.781103372573852539e+00
5.769842267036437988e-01
4.297851562500000000e+00
-1.013316273689270020e+00
-1.259945183992385864e-01
-1.667170047760009766e+00
4.230421543121337891e+00
3.781375885009765625e+00
1.339733839035034180e+00
1.814343571662902832e+00
3.536855936050415039e+00
2.000867366790771484e+00
-1.349797844886779785e+00
-1.551641583442687988e+00
1.670618772506713867e+00
-5.303324460983276367e-01
-1.957530021667480469e+00
-3.040998697280883789e+00
-3.887269020080566406e+00
-3.707731723785400391e+00
-3.173995494842529297e+00
-1.830757617950439453e+00
3.350734949111938477e+00
-5.511045455932617188e-03
-5.035167932510375977e-01
-4.122350692749023438e+00
-5.268867611885070801e-01
1.815737009048461914e+00
-4.084267020225524902e-01
2.601638555526733398e+00
5.284078598022460938e+00
-4.804007053375244141e+00
2.660441398620605469e+00
-6.436933994293212891e+00
2.905847072601318359e+00
3.654653310775756836e+00
1.015110969543457031e+00
1.998787999153137207e+00
1.886534810066223145e+00
-1.192862272262573242e+00
-5.766667366027832031e+00
-2.446192502975463867e-02
3.487658262252807617e+00
-7.651588916778564453e+00
-3.953451871871948242e+00
-3.712361097335815430e+00
-1.049941778182983398e+00
-3.191505432128906250e+00
-7.090926170349121094e+00
5.399346828460693359e+00
2.720285356044769287e-01
-3.205802738666534424e-01
-4.156458854675292969e+00
3.070154190063476562e-01
-1.503421187400817871e+00
6.253943443298339844e-01
-1.643452882766723633e+00
-2.312750816345214844e+00
-1.562502264976501465e+00
1.394642472267150879e+00
1.581779837608337402e+00
-2.275497913360595703e+00
-1.236723214387893677e-01
-3.157198667526245117e+00
1.667115807533264160e+00
2.428974151611328125e+00
-4.247947335243225098e-01
4.349109649658203125e+00
-2.609550952911376953e+00
-1.192144155502319336e-01
2.001624345779418945e+00
2.469299316406250000e+00
1.930885314941406250e-01
-5.204352736473083496e-01
2.417656779289245605e-01
1.097770094871520996e+00
-8.959552645683288574e-01
-3.851335763931274414e+00
-4.374958515167236328e+00
2.048529624938964844e+00
-4.836543202400207520e-01
-5.535489559173583984e+00
2.583380699157714844e+00
-1.359855175018310547e+00
-1.827407598495483398e+00
-4.778401374816894531e+00
-2.040379047393798828e+00
7.364774942398071289e-01
3.525643944740295410e-01
4.990095496177673340e-01
-1.812915444374084473e+00
3.550717592239379883e+00
7.664863586425781250e+00
-1.796537637710571289e-02
-3.107505798339843750e+00
1.954478621482849121e+00
-2.622087478637695312e+00
-9.150936603546142578e-01
-1.739170670509338379e+00
6.342166662216186523e-01
-2.019717097282409668e-01
1.230282306671142578e+00
-2.389997959136962891e+00
2.729730606079101562e-01
-2.761930823326110840e-01
6.281902790069580078e-01
-4.180850505828857422e+00
-1.948998570442199707e+00
-3.834713459014892578e+00
-1.289515376091003418e+00
-3.811786174774169922e+00
-1.288756370544433594e+00
2.582522869110107422e+00
5.260206222534179688e+00
1.350019812583923340e+00
-1.396126151084899902e+00
2.782886505126953125e+00
-5.123774528503417969e+00
1.168109536170959473e+00
2.055258274078369141e+00
-3.831628561019897461e-01
-5.536721706390380859e+00
5.501559257507324219e+00
-9.370489716529846191e-01
1.590702533721923828e+00
-2.917112350463867188e+00
3.558664917945861816e-01
3.836312890052795410e-01
2.377897739410400391e+00
-1.170814633369445801e+00
3.584456071257591248e-02
-1.373054981231689453e+00
1.656452894210815430e+00
8.897736668586730957e-02
-4.987843990325927734e+00
-5.214519977569580078e+00
-7.826606035232543945e-01
1.718154668807983398e+00
4.807573795318603516e+00
-1.514817595481872559e+00
-4.110364913940429688e+00
-2.498668134212493896e-01
-3.364109754562377930e+00
3.714591979980468750e+00
1.005729079246520996e+00
5.313174128532409668e-01
-6.053254604339599609e+00
6.015077829360961914e-01
-3.977491855621337891e+00
1.065112352371215820e-01
1.338931322097778320e-01
-5.862164497375488281e-01
1.752241849899291992e-01
6.593352556228637695e-01
-1.945400118827819824e+00
-3.500236511230468750e+00
3.401237487792968750e+00
-5.528737068176269531e+00
-2.706501960754394531e+00
3.192160129547119141e+00
3.446445941925048828e+00
2.215406417846679688e+00
-1.268934965133666992e+00
-5.422726869583129883e-01
4.565668106079101562e-01
1.914559602737426758e-01
7.475645542144775391e-01
-2.499641895294189453e+00
-7.565081119537353516e-01
1.091994881629943848e+00
-9.646024107933044434e-01
-3.698766946792602539e+00
-1.974163174629211426e+00
3.491155624389648438e+00
-3.886085987091064453e+00
-1.320578575134277344e+00
2.137325286865234375e+00
-1.708320617675781250e+00
6.496101617813110352e-02
6.076318025588989258e-01
-1.352601051330566406e+00
1.793444514274597168e+00
1.982073307037353516e+00
5.578390955924987793e-01
2.705323696136474609e+00
4.490189552307128906e+00
1.182764410972595215e+00
3.824370861053466797e+00
7.416424751281738281e-01
-3.627958297729492188e+00
3.191032409667968750e+00
-1.451075315475463867e+00
2.775546073913574219e+00
-1.215508103370666504e+00
-1.673173666000366211e+00
9.043302536010742188e-01
5.950550079345703125e+00
1.498204946517944336e+00
-1.194396972656250000e+00
1.398717164993286133e-01
2.087589979171752930e+00
-2.827766180038452148e+00
3.635801792144775391e+00
-9.994362592697143555e-01
1.885349035263061523e+00
-3.940281391143798828e+00
5.160909175872802734e+00
3.644025325775146484e-01
-6.610804080963134766e+00
4.307009577751159668e-01
7.930408716201782227e-01
-6.822801113128662109e+00
-2.336391687393188477e+00
-1.236886262893676758e+00
7.590498924255371094e-01
1.871675491333007812e+00
-2.250657081604003906e+00
3.221677780151367188e+00
-2.365530967712402344e+00
2.597329616546630859e+00
-1.363589286804199219e+00
1.922445058822631836e+00
-8.853757381439208984e-01
-3.423006296157836914e+00
-4.423503398895263672e+00
-3.063809394836425781e+00
-4.225840568542480469e+00
7.231217622756958008e-01
-2.247405052185058594e-02
-1.605186462402343750e-01
-2.759501636028289795e-01
-2.395308017730712891e-01
1.621489048004150391e+00
9.799706935882568359e-01
1.478944778442382812e+00
3.920222222805023193e-01
3.456718921661376953e-01
2.111214995384216309e-01
-7.416970252990722656e+00
2.299195528030395508e-01
8.488060235977172852e-01
1.742576718330383301e+00
2.073676347732543945e+00
3.125692367553710938e+00
-5.053764820098876953e+00
7.784429788589477539e-01
-3.110360383987426758e+00
-1.810055971145629883e+00
2.390955686569213867e+00
-9.088374376296997070e-01
-3.138940632343292236e-01
-3.700406074523925781e+00
1.562092900276184082e+00
1.237554192543029785e+00
-4.140424728393554688e+00
-1.309754610061645508e+00
-1.106355190277099609e+00
-3.994047164916992188e+00
7.639418840408325195e-01
2.550214529037475586e+00
-1.376691818237304688e+00
6.805542707443237305e-01
-2.061643362045288086e+00
5.908701419830322266e-01
-1.647431015968322754e+00
-6.053689002990722656e+00
-2.863651037216186523e+00
1.021808028221130371e+00
-3.778755426406860352e+00
-2.602954387664794922e+00
4.593256950378417969e+00
2.101796627044677734e+00
-1.436272561550140381e-01
1.354150772094726562e+00
1.140785694122314453e+00
-1.854314804077148438e+00
3.900304555892944336e+00
-7.926058769226074219e-01
-2.663974523544311523e+00
-1.889104008674621582e+00
2.495756626129150391e+00
6.137347221374511719e+00
-2.544577121734619141e-01
3.455046176910400391e+00
1.302413463592529297e+00
2.564023494720458984e+00
-2.627163887023925781e+00
2.284981250762939453e+00
3.361434936523437500e+00
2.026353359222412109e+00
2.147302389144897461e+00
8.434175848960876465e-01
-2.353808641433715820e+00
3.662808179855346680e+00
1.356196641921997070e+00
6.433298110961914062e+00
7.781405448913574219e-01
1.638417243957519531e-01
1.658681631088256836e+00
2.109655141830444336e+00
-3.331387758255004883e+00
1.920446157455444336e+00
3.594394683837890625e+00
-8.222039937973022461e-01
-7.920804023742675781e-01
-4.796218395233154297e+00
-1.651519298553466797e+00
3.192353010177612305e+00
3.467981100082397461e+00
-1.772131204605102539e+00
1.364862918853759766e-01
-1.236001729965209961e+00
4.811639785766601562e+00
-1.710518836975097656e+00
-1.975448369979858398e+00
-3.810942173004150391e+00
5.487571954727172852e-01
-4.187120437622070312e+00
-5.065858840942382812e+00
-1.160103440284729004e+00
6.331920623779296875e-01
-5.445062160491943359e+00
-6.969929218292236328e+00
-4.366405963897705078e+00
-6.283053874969482422e+00
-3.564830303192138672e+00
-4.477639675140380859e+00
-4.393813133239746094e+00
-1.554059982299804688e+00
-4.057824015617370605e-01
-3.023933887481689453e+00
-5.514664053916931152e-01
-4.703412532806396484e+00
-8.796617388725280762e-01
-3.464932203292846680e+00
-1.369373083114624023e+00
2.820777893066406250e-02
-7.132536172866821289e-02
-2.076293706893920898e+00
-1.720132112503051758e+00
-2.527113437652587891e+00
1.406558990478515625e+00
-7.053310275077819824e-01
1.258065700531005859e+00
-5.407186508178710938e+00
2.103862762451171875e+00
-2.908322811126708984e+00
-6.243574142456054688e+00
-2.488561153411865234e+00
-4.542076110839843750e+00
-7.281148433685302734e-02
1.600049436092376709e-01
-2.715629577636718750e+00
-5.585906505584716797e+00
-4.922069072723388672e+00
-4.129618167877197266e+00
-4.929756641387939453e+00
9.309506416320800781e-01
-2.296948432922363281e+00
3.731778562068939209e-01
1.668304681777954102e+00
-3.164899349212646484e-02
5.196216583251953125e+00
1.907473802566528320e-01
1.944920301437377930e+00
-2.914991855621337891e+00
4.186688899993896484e+00
-1.886891722679138184e+00
1.121360540390014648e+00
8.950266242027282715e-01
-1.274572253227233887e+00
7.700366973876953125e-01
1.295255780220031738e+00
-3.626848220825195312e+00
5.461788654327392578e+00
1.033453702926635742e+00
1.046994805335998535e+00
1.266706943511962891e+00
-4.476738929748535156e+00
-2.986915349960327148e+00
3.986808300018310547e+00
-4.501311779022216797e+00
-1.765957474708557129e+00
-3.414170145988464355e-01
-5.451380252838134766e+00
-3.013453245162963867e+00
-5.150276660919189453e+00
-5.960432052612304688e+00
-4.931953907012939453e+00
-9.231044054031372070e-01
2.941370487213134766e+00
