-3.300391137599945068e-01
3.137043476104736328e+00
3.544833898544311523e+00
2.111071586608886719e+00
6.411616802215576172e-01
1.618095517158508301e+00
-2.641644477844238281e-01
9.866076707839965820e-01
-3.782133102416992188e+00
4.655053138732910156e+00
-1.938926935195922852e+00
2.262569665908813477e-01
-9.837499856948852539e-01
-2.241439580917358398e+00
-2.190070629119873047e+00
-1.194238066673278809e+00
-2.216369152069091797e+00
-5.501870512962341309e-01
-3.929149866104125977e+00
-6.752313375473022461e-01
-3.921515941619873047e+00
-1.656468749046325684e+00
-3.368547439575195312e+00
-2.549340248107910156e+00
-1.341239929199218750e+00
6.639528274536132812e-01
4.457086086273193359e+00
2.409560203552246094e+00
-3.844256997108459473e-01
2.874152660369873047e+00
1.636079311370849609e+00
3.154087543487548828e+00
8.150181770324707031e-01
1.353370428085327148e+00
2.631591796875000000e+00
-1.321411609649658203e+00
5.332659482955932617e-01
-1.132733225822448730e+00
7.288792133331298828e+00
4.576158046722412109e+00
6.996610164642333984e+00
4.716862201690673828e+00
6.515822410583496094e+00
3.687943696975708008e+00
5.394579410552978516e+00
2.081608533859252930e+00
8.331233024597167969e+00
7.494234085083007812e+00
1.083800792694091797e+00
4.886370182037353516e+00
5.180277824401855469e+00
2.908348083496093750e+00
-8.926975727081298828e-02
1.595862150192260742e+00
7.043725848197937012e-01
2.003808975219726562e+00
4.254662036895751953e+00
-1.739191412925720215e+00
3.778830289840698242e+00
3.905840396881103516e+00
4.394309997558593750e+00
1.901948690414428711e+00
4.109286785125732422e+00
-2.141041517257690430e+00
1.237598419189453125e+00
2.733791828155517578e+00
3.658212900161743164e+00
1.298887372016906738e+00
2.073282480239868164e+00
-7.573608160018920898e-01
-2.166964769363403320e+00
6.364444255828857422e+00
3.043742775917053223e-01
1.785212159156799316e+00
1.903286218643188477e+00
-9.856642484664916992e-01
1.498321175575256348e+00
3.899996280670166016e+00
2.883963346481323242e+00
2.800241470336914062e+00
-1.221655249595642090e+00
-4.695161819458007812e+00
-1.099633812904357910e+00
2.409282684326171875e+00
2.174919128417968750e+00
-2.638363361358642578e+00
-1.337509155273437500e-01
1.889289855957031250e+00
2.820689678192138672e+00
-9.890828728675842285e-01
1.049561262130737305e+00
-1.342009544372558594e+00
3.018059253692626953e+00
8.632051348686218262e-01
3.496042251586914062e+00
6.722503900527954102e-01
4.471540451049804688e+00
-4.579535484313964844e+00
8.879070281982421875e-01
-1.603576183319091797e+00
-1.078334569931030273e+00
-6.465109825134277344e+00
-4.562491893768310547e+00
8.864355087280273438e-02
1.396641254425048828e+00
-2.011781215667724609e+00
-5.036658763885498047e+00
4.690023899078369141e+00
-4.652950763702392578e-01
6.965433955192565918e-01
4.454737901687622070e-01
4.700895309448242188e+00
1.034712195396423340e-01
9.358036518096923828e-01
-2.654194831848144531e-04
2.918359756469726562e+00
-4.201202869415283203e+00
3.476770401000976562e+00
2.536492824554443359e+00
4.149261474609375000e+00
2.906468629837036133e+00
2.983305692672729492e+00
3.249842882156372070e+00
5.931156873703002930e-01
2.845722198486328125e+00
-5.965402126312255859e-01
3.458530187606811523e+00
2.601094722747802734e+00
3.564871311187744141e+00
3.929039716720581055e+00
3.433204174041748047e+00
4.761424064636230469e+00
3.551275730133056641e+00
4.774953365325927734e+00
5.937153816223144531e+00
2.389707565307617188e+00
3.835073471069335938e+00
-2.967991590499877930e+00
5.184020042419433594e+00
-6.501252055168151855e-01
-1.903049468994140625e+00
3.677715778350830078e+00
3.116574287414550781e-01
-7.025151252746582031e-01
2.920385122299194336e+00
-7.522623538970947266e-01
-1.184759378433227539e+00
-1.484526991844177246e-01
-9.812377691268920898e-01
1.971775174140930176e+00
-2.985921621322631836e+00
3.339380741119384766e+00
-8.172627687454223633e-01
-1.283217668533325195e+00
1.053514003753662109e+00
-8.343452811241149902e-01
-9.333477020263671875e-01
-1.038190722465515137e+00
4.674014449119567871e-02
1.217001318931579590e+00
-5.453923344612121582e-01
1.766022205352783203e+00
-1.022215604782104492e+00
1.706341147422790527e+00
1.540854871273040771e-01
3.602745532989501953e-01
2.890342712402343750e+00
9.098616838455200195e-01
2.653413057327270508e+00
9.291326403617858887e-01
4.365674972534179688e+00
2.033824443817138672e+00
3.148720502853393555e+00
5.866389274597167969e+00
-1.512067675590515137e+00
-4.892736673355102539e-02
3.176380157470703125e+00
1.952219486236572266e+00
4.865161180496215820e-01
-1.230394601821899414e+00
-2.588638067245483398e-01
3.355513811111450195e+00
3.518709182739257812e+00
-5.649826526641845703e-01
2.511775970458984375e+00
1.763953804969787598e+00
-9.823496341705322266e-01
2.101277112960815430e-01
1.340252280235290527e+00
1.404380202293395996e-01
-2.051661252975463867e+00
6.053189039230346680e-01
7.362450361251831055e-01
-3.693054676055908203e+00
2.372204959392547607e-01
2.386654376983642578e+00
-2.096284866333007812e+00
-2.385695934295654297e+00
-3.752523899078369141e+00
-1.527885794639587402e-01
-2.450687885284423828e+00
-9.269984364509582520e-01
-2.033106565475463867e+00
2.376230478286743164e+00
-1.157373189926147461e+00
-1.076967716217041016e+00
9.573058485984802246e-01
2.221419334411621094e+00
1.095927357673645020e+00
3.291335105895996094e+00
-4.892223477363586426e-01
2.942329883575439453e+00
2.515538036823272705e-01
9.796510338783264160e-01
1.490071117877960205e-01
2.125928878784179688e+00
-1.322918057441711426e+00
-1.777291297912597656e-02
-9.487805962562561035e-01
1.256707906723022461e-01
-4.271826744079589844e+00
-1.364496707916259766e+00
-9.733723998069763184e-01
-3.894961357116699219e+00
-2.040668964385986328e+00
1.941669225692749023e+00
-2.719579935073852539e+00
-2.748242616653442383e-01
-2.622862100601196289e+00
-1.159727931022644043e+00
-3.311944723129272461e+00
-3.502026200294494629e-02
6.296592354774475098e-01
-5.133260726928710938e+00
3.603592813014984131e-01
6.060134768486022949e-01
-7.895465493202209473e-01
-1.426761746406555176e-01
5.296409606933593750e+00
1.110225796699523926e+00
-2.928315401077270508e-01
1.247961640357971191e+00
3.902413368225097656e+00
-5.433057546615600586e-01
-4.885360717773437500e+00
-1.487361550331115723e+00
5.313171148300170898e-01
1.136953830718994141e+00
-5.254750251770019531e-01
-1.631723403930664062e+00
-9.591557383537292480e-01
6.446949243545532227e-01
-9.492051005363464355e-01
7.915236353874206543e-01
-1.149489045143127441e+00
-1.005714654922485352e+00
-3.430589199066162109e+00
-3.779534399509429932e-01
-2.769224405288696289e+00
-3.306687831878662109e+00
-4.448298454284667969e+00
-3.505073785781860352e+00
-1.706125497817993164e+00
-6.888256072998046875e-01
1.381644606590270996e-01
-6.215190887451171875e-01
-8.877950310707092285e-01
5.260391235351562500e-01
-4.936046004295349121e-01
-2.096789121627807617e+00
-1.667909383773803711e+00
-2.390895128250122070e+00
2.417625904083251953e+00
6.058419227600097656e+00
2.469697713851928711e+00
-1.390391111373901367e+00
8.995939493179321289e-01
1.883640289306640625e+00
1.021158933639526367e+00
-5.399498343467712402e-02
1.908174276351928711e+00
1.573329687118530273e+00
3.411124706268310547e+00
6.197332739830017090e-01
1.568156242370605469e+00
2.368132114410400391e+00
8.841813802719116211e-01
-6.510400176048278809e-01
-4.731167852878570557e-01
-4.605626106262207031e+00
-2.346868991851806641e+00
-1.517496466636657715e+00
-5.866596698760986328e-01
1.583415031433105469e+00
-6.282624244689941406e+00
-7.295006275177001953e+00
-5.140357017517089844e+00
-3.988606452941894531e+00
1.102848052978515625e-01
-1.114478349685668945e+00
1.192736625671386719e-01
7.492275238037109375e-01
9.286631345748901367e-01
1.655200958251953125e+00
7.545401453971862793e-01
-1.811663508415222168e+00
3.369491696357727051e-01
4.354040622711181641e+00
9.274179935455322266e-01
2.010277509689331055e+00
2.318605899810791016e+00
4.808431625366210938e+00
2.417646884918212891e+00
4.928764820098876953e+00
2.207093954086303711e+00
5.663386344909667969e+00
-1.771428108215332031e+00
1.652200222015380859e+00
1.947625279426574707e+00
3.648029088973999023e+00
3.546375513076782227e+00
-3.520231246948242188e+00
-2.243776798248291016e+00
-8.961094021797180176e-01
-3.720168590545654297e+00
-9.751519560813903809e-01
-2.367856025695800781e+00
3.000821590423583984e+00
-2.672704935073852539e+00
-1.243885159492492676e+00
-1.057540178298950195e+00
1.568591475486755371e+00
-9.560551643371582031e-01
1.990678608417510986e-01
-3.088886976242065430e+00
-1.741522789001464844e+00
-5.070223331451416016e+00
-2.074218511581420898e+00
-1.936047434806823730e+00
7.658849358558654785e-01
4.107601642608642578e+00
-9.798834919929504395e-01
-5.422086238861083984e+00
-2.268349170684814453e+00
-5.405222415924072266e+00
-4.700976371765136719e+00
-3.950659990310668945e+00
-5.046157836914062500e+00
-1.671845912933349609e+00
-3.735271692276000977e+00
-2.759191751480102539e+00
6.173249483108520508e-01
3.833870887756347656e+00
4.674387931823730469e+00
3.118742942810058594e+00
1.311832308769226074e+00
2.725759983062744141e+00
-2.448546886444091797e+00
-1.367199897766113281e+00
5.786190032958984375e-01
-1.418421864509582520e+00
-2.110461235046386719e+00
-4.913653373718261719e+00
2.944899082183837891e+00
-5.953226089477539062e-01
-1.901874303817749023e+00
-3.781837940216064453e+00
-4.042809963226318359e+00
-1.933911442756652832e+00
-5.707557201385498047e-01
-8.020937442779541016e-02
2.943611145019531250e+00
-3.110041856765747070e+00
-2.216265916824340820e+00
2.034622192382812500e+00
1.093535065650939941e+00
6.898108720779418945e-01
2.452630996704101562e+00
-1.614055275917053223e+00
-7.073415517807006836e-01
8.730137348175048828e-01
3.994047403335571289e+00
1.472620010375976562e+00
1.734291553497314453e+00
-8.073122501373291016e-01
-2.409336328506469727e+00
-1.198014974594116211e+00
-2.467955589294433594e+00
-4.344613075256347656e+00
3.433902978897094727e+00
1.372074127197265625e+00
-1.224668025970458984e+00
3.429201126098632812e+00
7.737557888031005859e-01
-2.948583960533142090e-01
2.550073385238647461e+00
9.494289159774780273e-01
8.651221990585327148e-01
-2.350168228149414062e+00
-1.087686300277709961e+00
-5.077685117721557617e-01
-2.124240875244140625e+00
2.428027868270874023e+00
-4.671881675720214844e+00
-2.935180902481079102e+00
-1.450030446052551270e+00
-2.592322111129760742e+00
-2.504815340042114258e+00
-5.249976634979248047e+00
-2.352061569690704346e-01
-2.492819309234619141e+00
4.629568099975585938e+00
-1.840512990951538086e+00
-1.262313365936279297e+00
3.337854146957397461e+00
-1.872280836105346680e+00
1.760359525680541992e+00
1.986133098602294922e+00
-3.789654970169067383e-01
1.988598108291625977e-01
6.746275424957275391e-01
3.072881698608398438e-02
-1.936821818351745605e+00
-2.042669296264648438e+00
7.982442975044250488e-01
-1.168392658233642578e+00
4.173180460929870605e-01
3.911757171154022217e-01
2.863049030303955078e+00
3.392987251281738281e+00
3.220862150192260742e+00
-2.053231716156005859e+00
6.406420469284057617e-01
1.996117115020751953e+00
5.146765708923339844e-02
2.221465826034545898e+00
2.220469236373901367e+00
-1.246374845504760742e-01
-1.662402749061584473e-01
-2.872726440429687500e+00
1.672853946685791016e+00
-3.241561651229858398e+00
-6.504242420196533203e+00
3.987380027770996094e+00
-2.068894147872924805e+00
5.574979782104492188e+00
-8.357632160186767578e-02
-5.098008632659912109e+00
5.980075597763061523e-01
-1.984064936637878418e+00
-2.028653860092163086e+00
1.256253004074096680e+00
5.452042102813720703e+00
-7.686191201210021973e-01
-5.487359046936035156e+00
2.046658992767333984e+00
4.089790880680084229e-01
7.174183726310729980e-01
-1.532440304756164551e+00
6.089904785156250000e+00
-6.970583200454711914e-01
-6.891071796417236328e-01
1.967340111732482910e+00
2.855112075805664062e+00
-1.557619929313659668e+00
-2.316680431365966797e+00
-5.011448383331298828e+00
-2.160466909408569336e+00
-1.440907239913940430e+00
-3.765005111694335938e+00
1.454814910888671875e+00
-4.223551273345947266e+00
-3.333234310150146484e+00
3.582625389099121094e+00
1.972919225692749023e+00
-2.489553928375244141e+00
5.581256151199340820e-01
-6.151121854782104492e-01
5.314918160438537598e-01
-4.289130210876464844e+00
5.220577716827392578e-01
3.036549568176269531e+00
3.093021154403686523e+00
-3.003809690475463867e+00
-4.669073104858398438e+00
1.249173760414123535e+00
5.779181122779846191e-01
3.576961994171142578e+00
1.678650140762329102e+00
3.333172798156738281e-01
1.823257803916931152e-01
-4.924290180206298828e+00
2.780368924140930176e-01
-1.360122859477996826e-01
-5.604276433587074280e-02
4.791925549507141113e-01
4.681793212890625000e+00
-2.252109050750732422e+00
8.515753149986267090e-01
5.317515730857849121e-01
-2.656337499618530273e+00
-1.479899406433105469e+00
-1.404625177383422852e-01
-4.053579270839691162e-01
-1.719486951828002930e+00
-5.561550855636596680e-01
-1.137281656265258789e+00
-1.213658094406127930e+00
-1.867785453796386719e-01
-2.941468715667724609e+00
-1.081416964530944824e+00
-1.434337019920349121e+00
4.040695130825042725e-01
6.313453912734985352e-01
-1.731462836265563965e+00
2.285389661788940430e+00
-1.571337699890136719e+00
4.456763863563537598e-01
8.227430582046508789e-01
-1.571077704429626465e-01
-6.232743263244628906e-01
-2.101359367370605469e+00
-2.821367681026458740e-01
1.436719417572021484e+00
-1.900593876838684082e+00
-2.995002508163452148e+00
8.606740236282348633e-01
-3.192929625511169434e-01
3.475609064102172852e+00
1.103814601898193359e+00
2.499618291854858398e+00
1.528747320175170898e+00
-2.982765913009643555e+00
1.281141161918640137e+00
-2.220806837081909180e+00
-4.596300125122070312e+00
-6.900069117546081543e-01
-1.307136297225952148e+00
2.877912819385528564e-01
2.203666210174560547e+00
-3.085086107254028320e+00
1.589195251464843750e+00
2.439159393310546875e+00
2.691760063171386719e+00
4.255114197731018066e-01
-1.039324164390563965e+00
1.651226878166198730e-01
-1.794164061546325684e+00
-2.662575244903564453e+00
2.076402664184570312e+00
-5.417010307312011719e+00
-3.985166549682617188e-01
9.747603535652160645e-01
-1.006202459335327148e+00
-3.203801631927490234e+00
-1.263493895530700684e+00
1.633733034133911133e+00
1.532460451126098633e+00
-1.485353469848632812e+00
6.934379339218139648e-01
1.770728826522827148e-01
-4.731963157653808594e+00
-9.223635196685791016e-01
-2.016525268554687500e+00
-4.678443908691406250e+00
-1.019980192184448242e+00
-1.559448838233947754e+00
8.605821132659912109e-01
-3.533066034317016602e+00
-3.385840177536010742e+00
2.638986110687255859e+00
-4.113432466983795166e-01
2.388671159744262695e+00
-6.501073837280273438e+00
-5.453661084175109863e-01
-4.216361999511718750e+00
-1.918597459793090820e+00
1.106517195701599121e+00
2.659577429294586182e-01
-7.279288172721862793e-01
-2.544925689697265625e+00
1.198120117187500000e+00
-2.021088123321533203e+00
-9.958192706108093262e-01
9.154639244079589844e-01
1.107870221138000488e+00
-3.293668031692504883e+00
1.975308418273925781e+00
-9.408275485038757324e-01
1.336266279220581055e+00
-3.030969619750976562e+00
3.837533950805664062e+00
-2.347638130187988281e+00
-3.184455633163452148e-01
1.005502223968505859e+00
-1.311790466308593750e+00
2.681071162223815918e-01
7.000660896301269531e-01
-1.787153482437133789e+00
1.913744449615478516e+00
-7.294189929962158203e-02
3.379749655723571777e-01
-1.731693625450134277e+00
-3.205515861511230469e+00
2.163928747177124023e+00
9.616836905479431152e-01
4.763468265533447266e+00
4.510691761970520020e-01
-6.218800544738769531e-01
-1.808302283287048340e+00
2.328533172607421875e+00
2.543331623077392578e+00
-1.219209194183349609e+00
-5.032203793525695801e-01
5.340698361396789551e-01
2.999429464340209961e+00
4.401401996612548828e+00
1.908091545104980469e+00
3.717102527618408203e+00
4.283463478088378906e+00
1.284763574600219727e+00
2.485848665237426758e+00
-2.136302232742309570e+00
3.899334430694580078e+00
-2.314890623092651367e-01
-2.843818187713623047e+00
-1.990834712982177734e+00
-4.498226165771484375e+00
-2.596865415573120117e+00
-2.109630107879638672e-01
-2.524734139442443848e-01
1.312678098678588867e+00
-3.002366542816162109e+00
8.749088048934936523e-01
-6.099040985107421875e+00
-5.191069245338439941e-01
3.204487562179565430e+00
1.273700892925262451e-01
5.659646034240722656e+00
5.271415233612060547e+00
-4.025026321411132812e+00
4.188656330108642578e+00
-3.854037046432495117e+00
3.631117582321166992e+00
1.983690738677978516e+00
-5.660003423690795898e-01
-4.123873710632324219e-01
2.195221900939941406e+00
-1.218575119972229004e+00
-4.932581901550292969e+00
1.645501732826232910e+00
7.653925418853759766e-01
-3.050683021545410156e+00
-3.448374509811401367e+00
-2.192131042480468750e+00
-1.251100301742553711e+00
-3.716533422470092773e+00
-5.663649559020996094e+00
4.807320594787597656e+00
-2.458769083023071289e-02
8.512753248214721680e-02
-2.476546764373779297e+00
8.736551403999328613e-01
-3.994103193283081055e+00
4.966753423213958740e-01
-3.824617862701416016e-01
-3.908617019653320312e+00
9.137845039367675781e-01
-1.341827273368835449e+00
2.864182949066162109e+00
-2.163436651229858398e+00
-1.377959609031677246e+00
-1.848656892776489258e+00
1.268429875373840332e+00
2.157604217529296875e+00
-2.908851861953735352e+00
2.651661396026611328e+00
1.177803754806518555e+00
-7.945033311843872070e-01
3.389447450637817383e+00
2.241514921188354492e+00
3.364366292953491211e-02
-2.922651052474975586e+00
5.599605441093444824e-01
1.435686230659484863e+00
-2.359827756881713867e-01
-4.609024047851562500e+00
-4.407403469085693359e+00
1.360380411148071289e+00
-4.507611989974975586e-01
-6.900197029113769531e+00
2.861256599426269531e+00
1.585383653640747070e+00
3.005190849304199219e+00
-4.087312698364257812e+00
-2.771599769592285156e+00
6.015015602111816406e+00
-3.363423347473144531e-01
-2.745851755142211914e+00
-5.089141428470611572e-03
2.406922340393066406e+00
4.088852882385253906e+00
-1.489672422409057617e+00
-2.709439754486083984e+00
-6.890624165534973145e-01
-3.020730257034301758e+00
-3.976819038391113281e+00
9.859319925308227539e-01
-1.084856510162353516e+00
3.160261154174804688e+00
8.213976025581359863e-01
3.968667387962341309e-01
9.829440116882324219e-01
-2.056754350662231445e+00
-1.003312587738037109e+00
-2.589511632919311523e+00
-1.683973073959350586e-01
-3.922750473022460938e+00
-2.011882781982421875e+00
-6.631134152412414551e-01
-1.015978097915649414e+00
4.312370777130126953e+00
4.866765975952148438e+00
-7.470108866691589355e-01
-3.822003841400146484e+00
2.918996572494506836e+00
-3.572946071624755859e+00
-1.559552192687988281e+00
-5.673153400421142578e-01
-2.695059061050415039e+00
-1.532968997955322266e+00
8.381928443908691406e+00
4.899712204933166504e-01
2.709885120391845703e+00
-3.886773824691772461e+00
3.012153863906860352e+00
-1.773921012878417969e+00
2.947829246520996094e+00
9.986984729766845703e-01
-1.496692776679992676e+00
-1.845470666885375977e-01
9.236564636230468750e-01
-1.375037908554077148e+00
-6.204382896423339844e+00
-4.219956398010253906e+00
-4.020652770996093750e+00
-3.746776580810546875e-01
4.281606674194335938e+00
2.765923500061035156e+00
2.533316612243652344e-03
6.053017377853393555e-01
-1.793913364410400391e+00
5.340512275695800781e+00
1.431342124938964844e+00
-2.336404561996459961e+00
-5.619357109069824219e+00
-9.121490716934204102e-01
-4.810585975646972656e+00
1.466932535171508789e+00
4.704473018646240234e-01
-2.165210723876953125e+00
-1.055086851119995117e+00
-6.554751992225646973e-01
-8.925126791000366211e-01
-1.481881141662597656e+00
-6.166563034057617188e-01
-8.322188377380371094e+00
-9.099282026290893555e-01
2.232468366622924805e+00
1.727576971054077148e+00
1.973666191101074219e+00
4.715358912944793701e-01
-9.076130390167236328e-01
-1.248407840728759766e+00
1.269798755645751953e+00
-4.577669501304626465e-01
-1.353477478027343750e+00
3.584110736846923828e+00
-4.814926087856292725e-01
-1.382442474365234375e+00
-1.656921029090881348e+00
-2.236126899719238281e+00
2.041957378387451172e+00
5.830765366554260254e-01
1.794631600379943848e+00
2.918777942657470703e+00
-1.923796772956848145e+00
2.500859737396240234e+00
-1.668833255767822266e+00
2.124399542808532715e-01
2.046023607254028320e-01
-2.240762948989868164e+00
1.747626304626464844e+00
8.110426664352416992e-01
4.049729347229003906e+00
3.084263086318969727e+00
1.387621879577636719e+00
-9.809154272079467773e-01
-3.162303924560546875e+00
3.701535463333129883e-01
-1.097728610038757324e+00
3.375702381134033203e+00
-2.157397270202636719e+00
-2.463803768157958984e+00
1.979159832000732422e+00
4.767810821533203125e+00
-2.597240805625915527e-01
-4.055873394012451172e+00
2.644174337387084961e+00
3.176229238510131836e+00
-3.356520891189575195e+00
-2.425400018692016602e+00
3.440371155738830566e-01
8.621240854263305664e-01
-2.900242567062377930e+00
2.317924499511718750e+00
1.411271333694458008e+00
-6.100118160247802734e+00
8.525959253311157227e-01
-6.466516852378845215e-01
-6.302640914916992188e+00
-4.042042255401611328e+00
-1.415720462799072266e+00
2.494184970855712891e+00
3.840682983398437500e+00
-1.470645308494567871e+00
3.717951536178588867e+00
-2.709784507751464844e+00
2.222948551177978516e+00
-2.644045352935791016e+00
-6.905790567398071289e-01
-2.989540815353393555e+00
-2.666830062866210938e+00
-4.939483165740966797e+00
-3.501499891281127930e-01
-4.157898902893066406e+00
2.953393459320068359e+00
8.762015104293823242e-01
-9.361038208007812500e-01
-2.266679048538208008e+00
9.522807002067565918e-01
7.153548002243041992e-01
2.091805458068847656e+00
-5.402297377586364746e-01
2.775321006774902344e-01
7.301250696182250977e-01
3.770416736602783203e+00
-5.471681594848632812e+00
1.537094354629516602e+00
8.196473121643066406e-02
8.393465280532836914e-01
8.222721815109252930e-01
4.190377712249755859e+00
-4.374573707580566406e+00
1.007423162460327148e+00
4.581493139266967773e-02
-2.780185222625732422e+00
-9.443755149841308594e-01
-2.012099742889404297e+00
-7.922181487083435059e-02
-2.887169122695922852e+00
-5.689264535903930664e-01
1.488689303398132324e+00
-3.654833316802978516e+00
-3.183483600616455078e+00
-2.806958556175231934e-01
-3.725190401077270508e+00
-1.537196874618530273e+00
3.491106748580932617e+00
-9.025036096572875977e-01
1.578854322433471680e+00
-2.693049430847167969e+00
-5.780749917030334473e-01
-2.038311243057250977e+00
-5.146575927734375000e+00
7.064658403396606445e-01
-1.457825660705566406e+00
-4.246825695037841797e+00
-3.302925825119018555e+00
1.572878599166870117e+00
1.637942314147949219e+00
-1.477306485176086426e+00
2.937854528427124023e+00
3.676718950271606445e+00
-2.441984891891479492e+00
7.367808818817138672e-01
-1.735417962074279785e+00
-2.346444606781005859e+00
-1.484363794326782227e+00
1.055806517601013184e+00
4.083744049072265625e+00
-5.663870573043823242e-01
2.752873659133911133e+00
3.276710033416748047e+00
-5.344316959381103516e-01
-3.715263366699218750e+00
9.834480881690979004e-01
6.365388035774230957e-01
3.162439584732055664e+00
2.001133203506469727e+00
-3.779527544975280762e-01
-2.682748079299926758e+00
4.151777267456054688e+00
2.891418457031250000e+00
7.363461494445800781e+00
3.133025169372558594e+00
1.381061434745788574e+00
4.015285968780517578e+00
-2.134465694427490234e+00
-2.534079074859619141e+00
4.303660869598388672e+00
1.127779245376586914e+00
-2.796429395675659180e-01
-1.837876796722412109e+00
-3.727363586425781250e+00
-2.870082378387451172e+00
2.288181781768798828e+00
2.892030954360961914e+00
-3.070433378219604492e+00
-1.377380013465881348e+00
-2.966219663619995117e+00
4.522445201873779297e+00
-2.060199975967407227e-01
-1.682694077491760254e+00
-2.012061834335327148e+00
1.548439502716064453e+00
-2.121253013610839844e+00
-3.284473896026611328e+00
-3.133709907531738281e+00
-1.484966278076171875e-02
-2.606837034225463867e+00
-5.030255794525146484e+00
-3.859740972518920898e+00
-4.810161113739013672e+00
-4.079172134399414062e+00
-3.260788440704345703e+00
-4.328636646270751953e+00
-1.949489593505859375e+00
7.058590650558471680e-01
-2.423104286193847656e+00
-1.307088971138000488e+00
-5.795018196105957031e+00
-1.194042682647705078e+00
-9.938743710517883301e-01
-1.535202741622924805e+00
3.459060192108154297e-01
-1.584135532379150391e+00
-1.332559108734130859e+00
-1.744933605194091797e+00
-1.614480733871459961e+00
1.196226835250854492e+00
1.058461904525756836e+00
1.404143571853637695e-01
-2.949598073959350586e+00
2.877676010131835938e+00
-2.207417011260986328e+00
-3.137945413589477539e+00
-1.273453235626220703e-02
-4.498507022857666016e+00
-4.286696910858154297e-01
-7.480515241622924805e-01
-2.914518833160400391e+00
-3.347964286804199219e+00
-4.507040977478027344e+00
-2.175801038742065430e+00
-4.628849029541015625e+00
3.816166400909423828e+00
-1.286712169647216797e+00
-1.795981526374816895e-01
1.127015113830566406e+00
-2.744971275329589844e+00
1.418661952018737793e+00
4.912471175193786621e-01
1.178136348724365234e+00
-3.889606475830078125e+00
1.053410291671752930e+00
-1.161732077598571777e+00
-4.916906356811523438e-01
1.841556072235107422e+00
-2.626689910888671875e+00
4.321455061435699463e-01
5.817465186119079590e-01
-1.607772350311279297e+00
5.717240810394287109e+00
1.533222913742065430e+00
6.998618841171264648e-01
3.992784261703491211e+00
-3.676979303359985352e+00
-2.154114484786987305e+00
5.877798557281494141e+00
-2.961637496948242188e+00
-3.546372890472412109e+00
-1.188941717147827148e+00
-5.949156284332275391e+00
-3.255038499832153320e+00
-3.109780073165893555e+00
-5.210481643676757812e+00
-2.288993597030639648e+00
2.059528231620788574e-01
3.741895198822021484e+00
