-5.707351207733154297e+00
-5.962445139884948730e-01
3.849583864212036133e+00
3.138300895690917969e+00
1.792426258325576782e-01
1.928776860237121582e+00
1.925346612930297852e+00
4.520148754119873047e+00
1.334517836570739746e+00
7.329919338226318359e+00
-9.467759132385253906e-01
8.738369941711425781e-01
-1.724846243858337402e+00
-1.486375331878662109e+00
2.161521673202514648e+00
-5.362680554389953613e-01
-4.340859413146972656e+00
1.955811142921447754e+00
-3.140661239624023438e+00
2.172514200210571289e-01
-3.907273054122924805e+00
1.201843261718750000e+00
-1.243504166603088379e+00
-3.349123954772949219e+00
-1.906654119491577148e+00
5.501372814178466797e-01
1.350217103958129883e+00
2.840614557266235352e+00
2.050475329160690308e-01
7.549828290939331055e-01
2.033897936344146729e-01
8.676030635833740234e-01
2.224426984786987305e+00
1.128679990768432617e+00
1.867950916290283203e+00
-4.400856494903564453e+00
-2.140972137451171875e+00
-7.054362297058105469e-01
4.297677040100097656e+00
5.055314540863037109e+00
7.708978652954101562e+00
2.925784111022949219e+00
8.461726188659667969e+00
6.603971004486083984e+00
4.264978408813476562e+00
2.146588087081909180e+00
8.932696342468261719e+00
6.936948776245117188e+00
1.443969488143920898e+00
2.415261030197143555e+00
3.459152460098266602e+00
1.570925354957580566e+00
9.098054170608520508e-01
1.491422653198242188e+00
6.026784181594848633e-01
-2.414415478706359863e-01
8.817445635795593262e-01
-1.825099110603332520e+00
1.234831571578979492e+00
1.384358167648315430e+00
1.689263343811035156e+00
-7.178392410278320312e-01
-1.103492081165313721e-01
-2.545198440551757812e+00
2.067225456237792969e+00
3.703621387481689453e+00
-5.210577249526977539e-01
5.165765285491943359e-01
7.860853672027587891e-01
-2.232172489166259766e+00
1.946279764175415039e+00
7.916181564331054688e+00
4.298847675323486328e+00
6.733589172363281250e+00
7.959177494049072266e+00
3.071297168731689453e+00
2.838271856307983398e+00
5.797910690307617188e+00
4.106510162353515625e+00
5.251791477203369141e+00
-1.906766891479492188e+00
-3.544568061828613281e+00
-6.250581741333007812e-01
1.586531400680541992e+00
2.150475025177001953e+00
-8.385939598083496094e-01
-7.224273681640625000e-01
1.578527212142944336e+00
2.783860206604003906e+00
-2.991840839385986328e+00
6.410784125328063965e-01
-1.321453571319580078e+00
3.161457300186157227e+00
4.840629696846008301e-01
4.380248188972473145e-01
-6.952348351478576660e-01
1.229270577430725098e+00
-3.514066219329833984e+00
-2.948956489562988281e+00
-1.884878635406494141e+00
-1.071262121200561523e+00
-5.528532981872558594e+00
-5.201668262481689453e+00
-2.034067392349243164e+00
-1.121407151222229004e+00
6.403099894523620605e-01
-3.272459506988525391e+00
4.750375270843505859e+00
-2.615072131156921387e-01
9.858224987983703613e-01
-4.450780391693115234e+00
4.924312114715576172e+00
9.417023062705993652e-01
4.314064681529998779e-01
-6.862375736236572266e-01
5.814377069473266602e-01
-6.580219268798828125e+00
2.241762161254882812e+00
1.501817226409912109e+00
1.992661237716674805e+00
2.443057537078857422e+00
4.604362964630126953e+00
1.493543624877929688e+00
4.247365951538085938e+00
2.259840011596679688e+00
-1.101771712303161621e+00
2.853878736495971680e+00
1.093289852142333984e+00
2.455718994140625000e+00
2.790569782257080078e+00
2.512839555740356445e+00
4.507100582122802734e+00
4.280484199523925781e+00
3.687669992446899414e+00
6.401645660400390625e+00
3.602025032043457031e+00
2.799688816070556641e+00
-4.812698841094970703e+00
5.458518981933593750e+00
-1.836697220802307129e+00
-2.283025979995727539e-01
2.398396492004394531e+00
9.001255035400390625e-03
9.100042581558227539e-01
2.575074672698974609e+00
-3.196068763732910156e+00
5.862759947776794434e-01
2.222065031528472900e-01
-6.145525574684143066e-01
-9.942126274108886719e-02
-2.207595109939575195e+00
2.071186065673828125e+00
-2.038131237030029297e+00
-1.392342448234558105e+00
-2.020469903945922852e-01
-3.280725955963134766e+00
-2.142251491546630859e+00
-1.352662444114685059e+00
-2.827688157558441162e-01
1.150909960269927979e-01
-9.775559902191162109e-01
4.535694420337677002e-02
-3.305923461914062500e+00
7.153016924858093262e-01
2.775484085083007812e+00
1.552690744400024414e+00
3.457454681396484375e+00
7.111346721649169922e-02
4.600206851959228516e+00
4.276625514030456543e-01
3.482525825500488281e+00
3.786532640457153320e+00
1.350252270698547363e+00
4.656448364257812500e+00
-2.336436986923217773e+00
9.274692535400390625e-01
3.527060508728027344e+00
2.885787963867187500e+00
1.514305353164672852e+00
-5.230229377746582031e+00
-4.091342926025390625e+00
2.819945335388183594e+00
1.214175105094909668e+00
-5.174139142036437988e-01
3.628170967102050781e+00
3.311498165130615234e-01
-3.695828914642333984e+00
1.204491376876831055e+00
2.734711766242980957e-01
-4.548558592796325684e-01
-2.161557674407958984e+00
1.051578760147094727e+00
-1.032013177871704102e+00
-2.901195049285888672e+00
-7.080523967742919922e-01
-1.016590118408203125e+00
-1.947926640510559082e+00
-3.231364965438842773e+00
-2.049785137176513672e+00
-4.148407578468322754e-01
-1.210452198982238770e+00
-4.587318003177642822e-01
-8.706433773040771484e-01
6.381375789642333984e-01
-2.749267578125000000e+00
-1.075389385223388672e+00
2.815122604370117188e-01
1.689720034599304199e+00
-9.974949359893798828e-01
6.580333709716796875e-01
-4.198966026306152344e-01
1.421881556510925293e+00
8.896722793579101562e-01
2.609188795089721680e+00
1.442126512527465820e+00
1.699703216552734375e+00
-2.567548274993896484e+00
-2.602109432220458984e+00
-2.547059059143066406e+00
-1.984230279922485352e+00
-4.611067295074462891e+00
-1.418025493621826172e+00
6.178365945816040039e-01
-2.553514957427978516e+00
-2.235353231430053711e+00
1.006915926933288574e+00
-1.191397428512573242e+00
-1.328880310058593750e+00
-4.735466003417968750e+00
3.189359903335571289e-01
-1.932130932807922363e+00
-1.704331994056701660e+00
4.314463138580322266e-01
-3.265100955963134766e+00
-3.896700620651245117e+00
-2.494795799255371094e+00
-1.439813733100891113e+00
4.973511397838592529e-01
-1.522390365600585938e+00
-2.255560159683227539e+00
-2.604710817337036133e+00
-4.206258296966552734e+00
-1.744305849075317383e+00
-2.047867298126220703e+00
-4.897708892822265625e+00
-7.160491466522216797e+00
-4.606574773788452148e-01
-1.802641153335571289e-02
-1.385227560997009277e+00
-4.192481040954589844e+00
-2.025403499603271484e+00
1.469562292098999023e+00
-6.512808203697204590e-01
-1.448784589767456055e+00
-5.929931402206420898e-01
-1.643772721290588379e-01
-6.199642181396484375e+00
-3.263830423355102539e+00
-2.222397089004516602e+00
-3.201449871063232422e+00
-4.902865409851074219e+00
-1.444441437721252441e+00
-5.840827226638793945e-01
-3.548287153244018555e+00
-3.300161838531494141e+00
5.956634283065795898e-01
-9.950989484786987305e-01
-9.353678226470947266e-01
-3.521780967712402344e-01
-1.315888285636901855e+00
-1.847015619277954102e+00
-4.689323306083679199e-01
1.888498902320861816e+00
2.951673746109008789e+00
5.918920040130615234e-01
-8.561425209045410156e-01
-8.698749542236328125e-01
-8.148369193077087402e-01
-8.067689538002014160e-01
-1.571414172649383545e-01
2.297218084335327148e+00
2.436154127120971680e+00
1.029044389724731445e+00
-9.504643678665161133e-01
1.760295867919921875e+00
1.484557032585144043e+00
-3.176106452941894531e+00
-6.190081834793090820e-01
1.661344170570373535e-01
-4.123935222625732422e+00
-3.358373165130615234e+00
-2.743534088134765625e+00
-2.388818264007568359e+00
2.703952789306640625e-01
-6.955487728118896484e+00
-6.822918891906738281e+00
-5.373137474060058594e+00
-4.787937164306640625e+00
2.511949241161346436e-01
5.779293179512023926e-01
2.543176651000976562e+00
3.703662157058715820e+00
5.031812667846679688e+00
8.511309623718261719e+00
4.327461719512939453e+00
1.325298547744750977e+00
3.888529539108276367e+00
6.411367893218994141e+00
4.266996383666992188e+00
4.500489234924316406e+00
7.392984390258789062e+00
9.168354034423828125e+00
9.027949333190917969e+00
3.373341083526611328e+00
3.700981140136718750e+00
7.500040054321289062e+00
2.301615715026855469e+00
5.012870788574218750e+00
4.239214897155761719e+00
4.478481769561767578e+00
3.164602041244506836e+00
-8.339571952819824219e-02
-3.452190160751342773e-01
8.128966093063354492e-01
-1.229673027992248535e+00
3.604638576507568359e-01
-2.630527019500732422e-01
5.426702022552490234e+00
-4.035628318786621094e+00
-1.620442122220993042e-01
-1.902503490447998047e+00
1.625953614711761475e-01
-1.879647135734558105e+00
-9.065849334001541138e-02
-2.153022289276123047e+00
-6.962753534317016602e-01
-3.784022808074951172e+00
-3.144344806671142578e+00
-6.624476909637451172e-01
7.278141379356384277e-01
2.489506721496582031e+00
-3.012013196945190430e+00
-5.444021701812744141e+00
3.285580277442932129e-01
-6.110248088836669922e+00
-1.481379270553588867e+00
-1.331670880317687988e+00
-3.724380970001220703e+00
-1.866572141647338867e+00
-2.986666679382324219e+00
2.636406421661376953e+00
3.212658405303955078e+00
7.879562854766845703e+00
8.364372253417968750e+00
4.696737289428710938e+00
5.843628644943237305e-01
1.878946304321289062e+00
-3.564299345016479492e+00
-8.972740173339843750e-01
-7.473149895668029785e-02
-1.172761797904968262e+00
-4.941112518310546875e+00
-5.655739784240722656e+00
1.294933199882507324e+00
2.817786037921905518e-01
7.147787809371948242e-01
-2.468585968017578125e+00
-2.227204322814941406e+00
6.446422338485717773e-01
2.207373082637786865e-01
-1.863717794418334961e+00
3.227091789245605469e+00
-3.578178584575653076e-02
-2.638485908508300781e+00
6.709660053253173828e+00
-1.739652156829833984e-01
4.665662765502929688e+00
5.091044902801513672e+00
-1.823360681533813477e+00
4.851626157760620117e-01
1.238691091537475586e+00
1.275939106941223145e+00
8.980509042739868164e-01
1.507313370704650879e+00
1.122626543045043945e+00
-2.384304285049438477e+00
-1.455276608467102051e-01
-2.357494831085205078e+00
-4.697241306304931641e+00
-3.928035497665405273e-02
-6.398448944091796875e-01
-2.606553077697753906e+00
1.641727566719055176e+00
6.802892684936523438e-02
-1.701724529266357422e+00
1.015191793441772461e+00
1.069911599159240723e+00
-5.574756264686584473e-01
-1.475866794586181641e+00
-2.104507684707641602e-01
-1.086825132369995117e+00
-2.845179557800292969e+00
-8.427861332893371582e-01
-3.288439989089965820e+00
-2.342318058013916016e+00
-3.147339344024658203e+00
-4.562285423278808594e+00
-4.509860515594482422e+00
-5.694284439086914062e+00
-4.346630871295928955e-01
1.493068695068359375e+00
5.543859004974365234e+00
7.906395792961120605e-01
-3.274668931961059570e+00
4.466480255126953125e+00
-2.276775836944580078e+00
2.192261457443237305e+00
-7.154030799865722656e-01
-2.978799343109130859e-01
3.526829242706298828e+00
-5.669168233871459961e-01
1.081830978393554688e+00
-2.865658998489379883e+00
-1.807363033294677734e+00
-6.715879440307617188e-01
-1.717096328735351562e+00
-2.890538692474365234e+00
1.792688012123107910e+00
1.168900012969970703e+00
2.086939573287963867e+00
2.878667593002319336e+00
-1.170437216758728027e+00
-1.602141857147216797e+00
2.260046482086181641e+00
3.767367362976074219e+00
8.007091283798217773e-01
1.841731667518615723e-01
-4.839777946472167969e-03
-1.325940132141113281e+00
-2.218967914581298828e+00
2.896881699562072754e-01
-2.035543680191040039e+00
-5.564768314361572266e+00
2.233086824417114258e+00
-2.808108568191528320e+00
4.520339012145996094e+00
2.777815818786621094e+00
6.303789615631103516e-01
8.424665927886962891e-01
-1.203115224838256836e+00
-4.091909885406494141e+00
3.584684610366821289e+00
5.069087505340576172e+00
-6.666008830070495605e-01
-3.809958457946777344e+00
1.404632687568664551e+00
6.343094825744628906e+00
-1.410264015197753906e+00
-1.656849622726440430e+00
8.788298606872558594e+00
-1.245698094367980957e+00
9.169789552688598633e-01
-1.892942041158676147e-01
5.005301475524902344e+00
2.401960372924804688e+00
-3.408191442489624023e+00
-7.347036361694335938e+00
-5.567799806594848633e-01
-2.084051132202148438e+00
-1.854353666305541992e+00
3.144495964050292969e+00
-4.409137725830078125e+00
-5.111380100250244141e+00
7.702189683914184570e-02
2.312298536300659180e+00
-2.173914432525634766e+00
-2.275800704956054688e-02
-3.488151073455810547e+00
9.191371202468872070e-01
-5.058017253875732422e+00
-1.270606040954589844e+00
5.106694698333740234e+00
6.918801784515380859e+00
-3.719097852706909180e+00
-2.382263183593750000e+00
1.504290699958801270e+00
-2.636464595794677734e+00
5.239986419677734375e+00
1.839540958404541016e+00
4.652909278869628906e+00
1.291923999786376953e+00
-4.283683300018310547e+00
1.581481337547302246e+00
1.537703275680541992e+00
1.827479839324951172e+00
-9.749466180801391602e-01
1.551291346549987793e+00
-1.940202355384826660e+00
1.497453689575195312e+00
-1.624739170074462891e-02
-2.306242704391479492e+00
-1.088755846023559570e+00
4.249640405178070068e-01
-3.401772081851959229e-01
-5.893936753273010254e-01
1.622488975524902344e+00
2.599341869354248047e-01
-4.458181262016296387e-01
5.489616394042968750e-01
-4.753312110900878906e+00
-8.067470788955688477e-01
-2.354409217834472656e+00
6.188496351242065430e-01
-1.324504137039184570e+00
9.014600515365600586e-01
2.571803331375122070e+00
2.637127876281738281e+00
3.587414741516113281e+00
-9.007081389427185059e-02
-5.017629265785217285e-01
2.078611850738525391e+00
-1.155232787132263184e+00
-2.785021066665649414e+00
1.145119667053222656e-01
-5.807477831840515137e-01
-2.336879730224609375e+00
4.165674686431884766e+00
7.683401107788085938e-01
3.081900119781494141e+00
2.528159856796264648e+00
1.724865794181823730e+00
9.587430357933044434e-01
-1.087953090667724609e+00
2.127970457077026367e-01
-1.396957159042358398e+00
-3.703890562057495117e+00
-2.989063024520874023e+00
1.604206085205078125e+00
1.773954987525939941e+00
8.666741847991943359e-01
-1.379723310470581055e+00
2.182643860578536987e-01
-6.809800863265991211e-01
-2.643973827362060547e+00
-2.846596956253051758e+00
2.913029193878173828e+00
-5.872669219970703125e-01
-1.790664434432983398e+00
-1.692868709564208984e+00
4.480519294738769531e+00
-6.799794673919677734e+00
-2.423474311828613281e+00
3.067010164260864258e+00
5.263776183128356934e-01
-1.167320966720581055e+00
9.506215155124664307e-02
1.346235752105712891e+00
8.743959665298461914e-01
-1.048381090164184570e+00
2.310061693191528320e+00
-1.206084847450256348e+00
2.096094489097595215e-01
1.188964128494262695e+00
-6.568677425384521484e-01
-2.845479011535644531e+00
-4.133391857147216797e+00
-2.420067548751831055e+00
-2.203408479690551758e+00
-1.386165380477905273e+00
-4.241476535797119141e+00
5.483284473419189453e+00
-2.153909206390380859e+00
3.481859922409057617e+00
-5.554459571838378906e+00
-1.420552015304565430e+00
-2.292081594467163086e+00
-3.498652458190917969e+00
2.212353467941284180e+00
6.084861755371093750e-01
4.099515676498413086e-01
-1.578220963478088379e+00
-2.008147835731506348e-01
-3.250524044036865234e+00
-1.632265090942382812e+00
1.361497402191162109e+00
1.442015290260314941e+00
-3.008353710174560547e+00
1.233978152275085449e+00
1.745628595352172852e+00
3.546166658401489258e+00
-1.939038157463073730e+00
5.549154758453369141e+00
-2.614441156387329102e+00
2.142971277236938477e+00
2.702881097793579102e+00
3.815547227859497070e-01
-1.732798099517822266e+00
1.186552286148071289e+00
4.482293128967285156e-01
3.400768280029296875e+00
2.545901298522949219e+00
-1.537493348121643066e+00
-1.559922099113464355e+00
-2.898416519165039062e+00
-2.623505115509033203e+00
7.930212616920471191e-01
3.592309713363647461e+00
4.330133795738220215e-01
2.734446763992309570e+00
-9.593746662139892578e-01
2.106345653533935547e+00
3.065928518772125244e-01
-1.289092659950256348e+00
-7.477337121963500977e-01
2.634566426277160645e-01
2.509477138519287109e+00
7.403745174407958984e+00
2.539853096008300781e+00
1.004506826400756836e+00
3.433583259582519531e+00
9.064206480979919434e-01
-4.208750724792480469e-01
-8.978587388992309570e-02
1.042425155639648438e+00
1.012951254844665527e+00
-2.497720241546630859e+00
-2.143016338348388672e+00
-6.663834571838378906e+00
-4.089023590087890625e+00
-2.914718151092529297e+00
-5.229640603065490723e-01
1.237110376358032227e+00
-8.143694400787353516e-01
7.606416940689086914e-01
-2.049491167068481445e+00
4.162131249904632568e-01
3.865877866744995117e+00
1.027396678924560547e+00
5.333327293395996094e+00
5.555718421936035156e+00
-6.371302604675292969e+00
-4.604257643222808838e-02
-3.119573831558227539e+00
5.396931648254394531e+00
3.418276309967041016e+00
9.208335280418395996e-01
-1.315431714057922363e+00
-7.988002300262451172e-01
-1.698866009712219238e+00
-7.058466911315917969e+00
2.423833370208740234e+00
2.071990489959716797e+00
-4.842861652374267578e+00
-4.742951393127441406e+00
-4.506238937377929688e+00
2.158751964569091797e+00
-3.112385749816894531e+00
-6.055382251739501953e+00
5.092183113098144531e+00
-3.164920568466186523e+00
9.255132675170898438e-01
-2.105613946914672852e+00
1.593921899795532227e+00
-3.211835861206054688e+00
-3.035007119178771973e-01
-1.443441629409790039e+00
-6.855059146881103516e+00
2.742099761962890625e-01
-1.863477706909179688e+00
1.784872531890869141e+00
-3.809361219406127930e+00
-5.469700098037719727e-01
-1.311949729919433594e+00
-5.539284348487854004e-01
3.883137702941894531e+00
-3.298241376876831055e+00
5.261220455169677734e+00
6.193372607231140137e-01
-1.257429480552673340e+00
8.033086776733398438e+00
-3.019428253173828125e-01
1.657182931900024414e+00
-3.170611381530761719e+00
-2.937429547309875488e-01
5.396920442581176758e-01
-8.810981512069702148e-01
-3.774202108383178711e+00
-2.353170871734619141e+00
2.061874151229858398e+00
-1.037547111511230469e+00
-4.493902206420898438e+00
2.282611131668090820e+00
-1.912758350372314453e-01
-2.687072992324829102e+00
-3.218484163284301758e+00
-1.822244524955749512e+00
-1.453764438629150391e-01
2.417373895645141602e+00
-9.633483886718750000e-01
9.236972332000732422e-01
3.088449478149414062e+00
4.870032787322998047e+00
-2.374370336532592773e+00
-2.012421131134033203e+00
-1.280334442853927612e-01
-3.694220066070556641e+00
-4.106141328811645508e-01
1.774822831153869629e+00
2.975060939788818359e-01
-9.858804941177368164e-01
8.600624799728393555e-01
-3.505493402481079102e-01
-2.453095912933349609e+00
1.150633335113525391e+00
-2.146708011627197266e+00
-2.647711277008056641e+00
6.894212961196899414e-01
-2.389101028442382812e+00
-9.480850696563720703e-01
-2.126886844635009766e+00
-1.494199275970458984e+00
3.644674301147460938e+00
1.747320652008056641e+00
-5.722939968109130859e-04
-2.327520370483398438e+00
2.899584531784057617e+00
-4.548237323760986328e+00
6.074273586273193359e-02
3.560222387313842773e-01
-1.077451467514038086e+00
-4.642795085906982422e+00
1.620622038841247559e+00
2.523933649063110352e-01
2.859679460525512695e+00
-4.706302165985107422e+00
3.874213695526123047e+00
-3.153434395790100098e-01
2.848362207412719727e+00
2.623298764228820801e-01
-4.187375545501708984e+00
1.873290538787841797e-01
1.425476074218750000e-01
1.160633683204650879e+00
-6.938497543334960938e+00
-5.087864398956298828e+00
-5.655916929244995117e-01
-1.126833915710449219e+00
3.011131525039672852e+00
2.960117340087890625e+00
8.296115398406982422e-01
1.306828975677490234e+00
-3.968836545944213867e+00
3.569565773010253906e+00
2.995194911956787109e+00
1.968057155609130859e+00
-5.185741424560546875e+00
1.023749470710754395e+00
-3.904279232025146484e+00
6.042252779006958008e-01
2.309509992599487305e+00
1.478443026542663574e+00
3.835749626159667969e-02
-1.501343488693237305e+00
4.212410375475883484e-02
-1.987585783004760742e+00
-3.141716718673706055e-01
-4.141717910766601562e+00
-2.128410816192626953e+00
-1.139871954917907715e+00
1.396612882614135742e+00
1.753523349761962891e+00
-1.972484707832336426e+00
1.946971654891967773e+00
-2.123005628585815430e+00
3.136296510696411133e+00
2.459183216094970703e+00
-3.579378724098205566e-01
2.014113664627075195e-01
1.094624638557434082e+00
1.610133647918701172e-01
-2.274165630340576172e+00
-3.416387081146240234e+00
1.627647280693054199e+00
-2.988714694976806641e+00
-2.159021615982055664e+00
3.345116138458251953e+00
-7.821229696273803711e-01
-8.344001770019531250e-01
-1.250983476638793945e+00
-1.228970766067504883e+00
1.839106440544128418e+00
2.957270622253417969e+00
-1.564248800277709961e-01
1.655436754226684570e+00
2.221269607543945312e+00
2.935236692428588867e+00
4.469616413116455078e+00
-1.628210783004760742e+00
-3.431927442550659180e+00
1.761781573295593262e+00
-3.363909959793090820e+00
2.388517856597900391e+00
-1.051248669624328613e+00
-1.569955468177795410e+00
-1.263490200042724609e+00
3.341549396514892578e+00
2.689132213592529297e+00
-5.552181005477905273e-01
-2.302087545394897461e-01
9.801886081695556641e-01
-9.679742455482482910e-01
2.230371236801147461e+00
-4.698722064495086670e-01
-4.028589248657226562e+00
-1.418600916862487793e+00
4.999373912811279297e+00
4.363895654678344727e-01
-5.395946979522705078e+00
1.455119848251342773e+00
2.426078319549560547e+00
-6.448978424072265625e+00
-1.350738048553466797e+00
-4.082596778869628906e+00
2.641530513763427734e+00
4.076091766357421875e+00
-1.861260771751403809e+00
2.513257503509521484e+00
-3.678249359130859375e+00
9.301558732986450195e-01
-6.708180904388427734e-01
-4.403921067714691162e-01
6.069332361221313477e-03
-7.791824936866760254e-01
-4.634800910949707031e+00
-8.780311346054077148e-01
-3.356276035308837891e+00
4.373376369476318359e-01
8.098201751708984375e-01
1.722433924674987793e+00
-3.189088702201843262e-01
-3.479398727416992188e+00
2.873383760452270508e+00
2.971487522125244141e+00
4.019976615905761719e+00
2.411903858184814453e+00
8.890986442565917969e-03
3.795485019683837891e+00
-5.574169158935546875e+00
2.991297721862792969e+00
9.278080463409423828e-01
2.569323062896728516e+00
2.078106164932250977e+00
2.995776414871215820e+00
-5.219540119171142578e+00
-1.726971864700317383e+00
-1.565570354461669922e+00
-1.344390749931335449e+00
-2.657907605171203613e-01
-7.582112550735473633e-01
-5.662449598312377930e-01
-1.059834957122802734e+00
-1.504836797714233398e+00
2.547713041305541992e+00
-3.087035894393920898e+00
-1.141493558883666992e+00
-2.891256093978881836e+00
-3.148745775222778320e+00
-7.680302858352661133e-01
8.725042939186096191e-01
5.813916027545928955e-02
1.795335054397583008e+00
-2.059926271438598633e+00
4.777860343456268311e-01
-2.657465457916259766e+00
-4.585183143615722656e+00
-4.635828495025634766e+00
-1.225986719131469727e+00
-5.204937458038330078e+00
-2.091536283493041992e+00
3.098772048950195312e+00
-7.811057567596435547e-01
4.472218751907348633e-01
3.516443729400634766e+00
2.523501396179199219e+00
-2.356281757354736328e+00
1.557308077812194824e+00
-1.165179371833801270e+00
-1.118247032165527344e+00
-4.794847011566162109e+00
5.764920115470886230e-01
3.598920106887817383e+00
-9.106619358062744141e-01
1.347610473632812500e+00
4.223468303680419922e-01
1.834353446960449219e+00
-2.805569410324096680e+00
2.334764957427978516e+00
3.236094951629638672e+00
1.207913279533386230e+00
1.692586243152618408e-01
-2.964749336242675781e+00
-3.011318922042846680e+00
3.751456499099731445e+00
3.549826622009277344e+00
6.117774009704589844e+00
-6.125664710998535156e-01
-1.304453611373901367e-01
1.322145223617553711e+00
1.349307537078857422e+00
-4.243053436279296875e+00
-4.104540944099426270e-01
5.780411243438720703e+00
-7.968699932098388672e-02
-1.180425167083740234e+00
-4.413963794708251953e+00
-2.432531118392944336e-02
3.436242341995239258e+00
2.879065990447998047e+00
-2.464439153671264648e+00
-2.343921661376953125e+00
-1.648417115211486816e+00
3.794864892959594727e+00
-1.053311347961425781e+00
-4.359781742095947266e+00
-3.830365896224975586e+00
-1.729052305221557617e+00
-4.473491668701171875e+00
-6.200733661651611328e+00
-4.306792259216308594e+00
1.117569208145141602e-01
-3.607328653335571289e+00
-4.223480701446533203e+00
-2.354313135147094727e+00
-5.710672855377197266e+00
-3.514434099197387695e+00
-3.570657491683959961e+00
-7.147098541259765625e+00
-2.096329927444458008e+00
-8.235543966293334961e-01
-2.595505714416503906e+00
-2.049513816833496094e+00
-3.305822372436523438e+00
-1.373500108718872070e+00
-2.420861005783081055e+00
-2.105240821838378906e+00
-3.729978561401367188e+00
-4.568800330162048340e-01
-1.812010884284973145e+00
-2.054118633270263672e+00
-1.031807422637939453e+00
1.173062086105346680e+00
-8.765168786048889160e-01
-1.587831139564514160e+00
2.746886610984802246e-01
3.299049139022827148e+00
-2.137922286987304688e+00
-5.265045642852783203e+00
-2.483796596527099609e+00
-3.725351333618164062e+00
-2.418460130691528320e+00
-2.513368129730224609e+00
-5.790224552154541016e+00
-5.030750751495361328e+00
-3.687436103820800781e+00
-4.059526443481445312e+00
-2.456975698471069336e+00
3.142720222473144531e+00
-1.300822496414184570e+00
2.015105247497558594e+00
-1.082840681076049805e+00
8.096894025802612305e-01
1.376399755477905273e+00
7.181269526481628418e-01
1.668058872222900391e+00
-4.763007640838623047e+00
2.601564645767211914e+00
-4.001059532165527344e+00
-5.968880653381347656e-02
1.871806025505065918e+00
-3.027951717376708984e+00
-1.196522116661071777e-01
9.152121543884277344e-01
-3.387687683105468750e+00
6.895722389221191406e+00
2.443996429443359375e+00
3.114389419555664062e+00
3.880974531173706055e+00
-1.985015392303466797e+00
-1.465023159980773926e+00
5.676322460174560547e+00
7.543230056762695312e-02
-1.481318831443786621e+00
-1.245623230934143066e+00
-5.404330730438232422e+00
-9.694898128509521484e-01
-2.899337768554687500e+00
-3.766837120056152344e+00
-4.221847057342529297e+00
2.088462829589843750e+00
2.410895824432373047e+00
