-4.720252513885498047e+00
6.177722215652465820e-01
2.273133039474487305e+00
-2.461171150207519531e-02
-9.670515060424804688e-01
1.259613394737243652e+00
-9.744464159011840820e-01
3.145197868347167969e+00
8.800529241561889648e-01
4.149573802947998047e+00
2.814660072326660156e-01
1.317669153213500977e-01
-2.146861791610717773e+00
-3.450477838516235352e+00
1.355683326721191406e+00
-1.758057355880737305e+00
-1.215772867202758789e+00
1.223359465599060059e+00
-4.089309215545654297e+00
-1.776418924331665039e+00
-2.285279750823974609e+00
1.592273354530334473e+00
-3.202670097351074219e+00
-2.103843450546264648e+00
-1.147671222686767578e+00
1.677399277687072754e+00
1.111399650573730469e+00
-6.705139875411987305e-01
-1.010469555854797363e+00
-3.454377174377441406e+00
-4.232374131679534912e-01
6.086555719375610352e-01
-7.596994042396545410e-01
9.860370755195617676e-01
4.199933052062988281e+00
-1.154549956321716309e+00
-7.156276702880859375e-01
4.600161910057067871e-01
2.709138154983520508e+00
1.288282155990600586e+00
2.376700401306152344e+00
6.991785764694213867e-01
5.199437618255615234e+00
4.565306305885314941e-01
-6.543873548507690430e-01
2.204804182052612305e+00
1.134443879127502441e+00
4.273917675018310547e+00
-1.211555957794189453e+00
3.000382184982299805e+00
3.605827808380126953e+00
1.837856650352478027e+00
-1.313903212547302246e+00
-3.552941679954528809e-01
7.119107246398925781e-02
-2.637915849685668945e+00
2.051797151565551758e+00
-2.358957767486572266e+00
2.214590549468994141e+00
8.644673824310302734e-01
3.580427408218383789e+00
1.626823425292968750e+00
-1.601272225379943848e-01
-1.965325593948364258e+00
3.302789926528930664e-01
4.780189990997314453e+00
-5.205109119415283203e-01
-3.995284438133239746e-02
1.981642842292785645e-01
-4.353039860725402832e-01
1.611791133880615234e+00
5.657852172851562500e+00
5.221476554870605469e+00
6.372329235076904297e+00
5.881472110748291016e+00
2.282095193862915039e+00
5.201047658920288086e-01
5.250219345092773438e+00
3.425704240798950195e+00
5.241389274597167969e+00
2.048410892486572266e+00
6.844393014907836914e-01
1.521175742149353027e+00
3.271669387817382812e+00
3.502181529998779297e+00
-7.344391345977783203e-01
1.822935104370117188e+00
1.892208337783813477e+00
1.673092603683471680e+00
-2.328096389770507812e+00
2.060867071151733398e+00
1.726691007614135742e+00
4.351763725280761719e+00
1.208102464675903320e+00
1.681299924850463867e+00
5.706452131271362305e-01
9.903935194015502930e-01
-5.081373453140258789e-01
-3.769618272781372070e-01
-1.540754079818725586e+00
2.864928245544433594e-01
-4.779184341430664062e+00
-5.483228206634521484e+00
-1.479629039764404297e+00
-4.945227146148681641e+00
-1.626221418380737305e+00
-3.874031543731689453e+00
4.397588729858398438e+00
9.971748292446136475e-02
1.771913051605224609e+00
-2.773958206176757812e+00
4.570692539215087891e+00
2.682867348194122314e-01
-2.148977994918823242e+00
-1.220252811908721924e-01
5.835992097854614258e-01
-6.098257064819335938e+00
2.049787282943725586e+00
1.583872079849243164e+00
-4.325341582298278809e-01
7.138895988464355469e-01
2.586920499801635742e+00
1.513929128646850586e+00
1.936184287071228027e+00
1.314184427261352539e+00
-2.003496170043945312e+00
2.829410791397094727e+00
1.948542833328247070e+00
1.903231024742126465e+00
9.713411927223205566e-01
4.127315998077392578e+00
1.904389500617980957e+00
8.235067725181579590e-01
2.703555583953857422e+00
1.319304585456848145e+00
1.132755637168884277e+00
3.812769412994384766e+00
-1.358726382255554199e+00
5.304918289184570312e+00
7.472431063652038574e-01
-9.715872406959533691e-01
4.756865024566650391e+00
1.713474750518798828e+00
7.619104385375976562e-01
-4.303961396217346191e-01
-2.073532581329345703e+00
-8.474693298339843750e-01
1.662886261940002441e+00
1.505936026573181152e+00
-9.630137681961059570e-01
-6.774440407752990723e-01
9.398013353347778320e-01
-1.344745993614196777e+00
-9.879336953163146973e-01
-4.622132778167724609e-01
-1.768446445465087891e+00
3.437241315841674805e-01
-3.050280213356018066e-01
-6.741039156913757324e-01
1.200986981391906738e+00
-1.650060176849365234e+00
2.983283042907714844e+00
-3.802873492240905762e-01
2.586264371871948242e+00
2.362754344940185547e+00
4.572195053100585938e+00
3.596333503723144531e+00
5.242782831192016602e-01
3.693853139877319336e+00
1.996314287185668945e+00
2.000056982040405273e+00
2.888627767562866211e+00
1.904734492301940918e+00
2.754367828369140625e+00
-6.724815070629119873e-02
1.792082786560058594e-01
5.875204801559448242e-01
-7.702295184135437012e-01
1.519308328628540039e+00
-1.908544778823852539e+00
-3.256802797317504883e+00
1.690229654312133789e+00
-1.637336730957031250e+00
-6.424009799957275391e-02
4.621325731277465820e-01
3.103352069854736328e+00
-1.471713781356811523e+00
-4.593849778175354004e-01
1.094783663749694824e+00
1.572524785995483398e+00
-1.800139665603637695e+00
1.907253503799438477e+00
-1.936213016510009766e+00
-1.559060573577880859e+00
-2.223870038986206055e+00
1.186632275581359863e+00
-8.150807023048400879e-01
-4.206079483032226562e+00
-2.271326065063476562e+00
-1.726242303848266602e+00
-2.380290746688842773e+00
-2.047530174255371094e+00
-1.728367090225219727e+00
3.302541375160217285e-01
-1.693042755126953125e+00
-9.699723124504089355e-02
-1.274815201759338379e+00
1.713475584983825684e+00
2.937440633773803711e+00
3.398081541061401367e+00
8.873305916786193848e-01
2.175829172134399414e+00
2.212547063827514648e-01
1.217115402221679688e+00
-4.131235480308532715e-01
1.776457786560058594e+00
1.555216312408447266e-02
6.480940580368041992e-01
1.618578195571899414e+00
-1.780870199203491211e+00
-2.421167612075805664e+00
-3.820655107498168945e+00
1.086773514747619629e+00
-3.559426307678222656e+00
-4.980381011962890625e+00
8.685640692710876465e-01
-1.982141494750976562e+00
-4.821963310241699219e-01
-4.753620147705078125e+00
-1.754520416259765625e+00
-2.333358824253082275e-01
7.305667400360107422e-01
4.202717244625091553e-01
-6.812597274780273438e+00
4.444200396537780762e-01
7.279023528099060059e-01
-3.719830140471458435e-02
-9.446591138839721680e-02
2.154297828674316406e+00
-4.746576547622680664e-01
1.259017109870910645e+00
-1.237269639968872070e-01
-1.231084942817687988e+00
-8.857033848762512207e-01
-1.329567193984985352e+00
-3.807761907577514648e+00
-1.347136020660400391e+00
1.363950252532958984e+00
-3.445209860801696777e-01
-3.315425515174865723e-01
-4.619861245155334473e-01
2.125971078872680664e+00
-3.312330484390258789e+00
1.418471932411193848e-01
1.642089486122131348e+00
1.479144811630249023e+00
-1.133191466331481934e+00
-5.334157347679138184e-01
-1.260299444198608398e+00
-4.118164062500000000e+00
-2.076479434967041016e+00
-5.032782554626464844e-01
2.016940712928771973e-01
-8.816924095153808594e-01
2.545107364654541016e+00
-1.402827262878417969e+00
-2.286353111267089844e+00
6.459137201309204102e-01
-1.922878503799438477e+00
-6.298847496509552002e-02
-3.238350391387939453e+00
-1.278817653656005859e-04
1.654338955879211426e+00
1.510637521743774414e+00
-1.165939807891845703e+00
-1.045165538787841797e+00
-4.157964229583740234e+00
-3.896600723266601562e+00
-4.162437915802001953e+00
-2.450851678848266602e+00
-1.947536468505859375e+00
3.519758701324462891e+00
1.906713843345642090e-01
2.191694378852844238e-01
-7.643643617630004883e-01
-2.585315704345703125e-02
-3.751942634582519531e+00
-3.912695646286010742e+00
4.585862159729003906e-03
-2.145400047302246094e+00
-1.625010371208190918e+00
-3.257782459259033203e+00
6.449082493782043457e-02
7.987326383590698242e-01
-2.895046710968017578e+00
-4.776756763458251953e+00
-2.627462387084960938e+00
-5.429818630218505859e+00
-3.660754442214965820e+00
-2.170926094055175781e+00
3.738939762115478516e+00
2.105264663696289062e+00
4.497156143188476562e+00
6.994152069091796875e+00
2.425882816314697266e+00
-2.660077095031738281e+00
1.353657007217407227e+00
4.935053348541259766e+00
2.767984628677368164e+00
2.276545524597167969e+00
4.097970485687255859e+00
5.498547077178955078e+00
5.570056915283203125e+00
2.609189987182617188e+00
2.566805124282836914e+00
2.475892543792724609e+00
9.883505702018737793e-01
1.491101264953613281e+00
5.708281517028808594e+00
6.969925403594970703e+00
4.477552413940429688e+00
2.681088209152221680e+00
1.339910626411437988e+00
4.403593063354492188e+00
-4.026862382888793945e-01
2.739903211593627930e+00
1.317796587944030762e+00
3.889580965042114258e+00
-2.717987060546875000e+00
3.341485559940338135e-02
-3.297842264175415039e+00
-3.224197626113891602e+00
-2.921632289886474609e+00
-1.785396218299865723e+00
-5.462388038635253906e+00
-2.747504472732543945e+00
-2.576324462890625000e+00
-3.557318687438964844e+00
-2.765123367309570312e+00
3.252639055252075195e+00
3.190790176391601562e+00
-3.560674905776977539e+00
-5.396022319793701172e+00
-4.146772861480712891e+00
-1.824566364288330078e+00
-7.406611442565917969e-01
-1.127215504646301270e+00
-3.724727630615234375e+00
-1.469840288162231445e+00
-1.887774705886840820e+00
2.281472206115722656e+00
8.431285619735717773e-01
4.222593307495117188e+00
3.451536178588867188e+00
6.685417652130126953e+00
-5.894262790679931641e-01
-3.181813478469848633e+00
-2.549821138381958008e+00
-2.408917665481567383e+00
-5.108797550201416016e-01
-2.400559902191162109e+00
-6.443960666656494141e+00
-5.446602344512939453e+00
8.984468579292297363e-01
4.674927592277526855e-01
-3.728829860687255859e+00
-5.601790428161621094e+00
-6.405739307403564453e+00
-3.523333072662353516e+00
-1.561891198158264160e+00
-5.196915626525878906e+00
-2.145867824554443359e+00
-4.155248165130615234e+00
-5.363921165466308594e+00
-5.438131690025329590e-01
-5.980256557464599609e+00
-6.204766035079956055e-01
-1.486483961343765259e-02
-5.363951206207275391e+00
-3.774510622024536133e+00
-4.318533897399902344e+00
-4.618102550506591797e+00
-4.209425926208496094e+00
9.181833267211914062e-02
-2.093514204025268555e-01
-5.908030271530151367e-01
-1.514855265617370605e+00
-5.455074310302734375e+00
-3.640114307403564453e+00
-2.269083023071289062e+00
-1.084724545478820801e+00
-3.216093301773071289e+00
2.532967090606689453e+00
4.144134521484375000e-01
-1.165591835975646973e+00
-5.379624366760253906e-01
2.820056915283203125e+00
-1.843491911888122559e+00
1.482923030853271484e+00
1.174683809280395508e+00
-2.433798074722290039e+00
-6.410692334175109863e-01
-1.120386123657226562e+00
-5.564438700675964355e-01
1.432186365127563477e-01
-1.302053928375244141e+00
-1.600506544113159180e+00
-2.700835466384887695e+00
-3.068031311035156250e+00
1.436886668205261230e+00
-1.272960752248764038e-01
4.518955707550048828e+00
-5.674881935119628906e-01
-4.204799652099609375e+00
9.930887222290039062e-01
-2.692050695419311523e+00
-6.805055737495422363e-01
1.486047625541687012e+00
1.019011616706848145e+00
4.632079601287841797e-02
-8.804769515991210938e-01
9.874592423439025879e-01
-4.251599788665771484e+00
-1.549318313598632812e+00
9.845623970031738281e-01
-1.553493022918701172e+00
-1.461515903472900391e+00
1.560217738151550293e+00
1.144442796707153320e+00
2.651894807815551758e+00
2.854925632476806641e+00
3.112623691558837891e-01
-4.938704490661621094e+00
2.173436641693115234e+00
2.114552497863769531e+00
2.734828472137451172e+00
2.225209712982177734e+00
-1.691979765892028809e-01
1.006123065948486328e+00
-3.602296352386474609e+00
3.085963249206542969e+00
-1.225104808807373047e+00
-2.221446990966796875e+00
3.292643547058105469e+00
-1.765221476554870605e+00
4.833795070648193359e+00
1.638779759407043457e+00
-3.335217237472534180e-01
9.580208063125610352e-01
7.813166379928588867e-01
-1.094357609748840332e+00
2.212241441011428833e-01
4.392757892608642578e+00
-1.566697597503662109e+00
-3.192849159240722656e+00
9.122759103775024414e-01
5.374609947204589844e+00
-2.192105054855346680e-01
-2.799236536026000977e+00
6.991599082946777344e+00
-4.932822883129119873e-01
-3.152711391448974609e-01
3.974478483200073242e+00
2.545738458633422852e+00
-3.067986488342285156e+00
-2.427287578582763672e+00
-5.469793319702148438e+00
-1.264471173286437988e+00
-1.814108610153198242e+00
-7.880458235740661621e-01
-4.127706289291381836e-01
-1.316710710525512695e+00
-1.670866370201110840e+00
-7.868374586105346680e-01
-3.806416094303131104e-01
-2.478271245956420898e+00
2.143917083740234375e+00
-8.207417726516723633e-01
1.306898713111877441e+00
-2.265635251998901367e+00
9.084026217460632324e-01
1.176767826080322266e+00
3.076564550399780273e+00
-1.246815919876098633e-01
-4.560089111328125000e+00
-8.254319429397583008e-01
-2.632494926452636719e+00
3.162362575531005859e+00
1.840233087539672852e+00
1.002313137054443359e+00
-1.210775494575500488e+00
-3.561442613601684570e+00
1.700420737266540527e+00
6.804268956184387207e-01
4.219386100769042969e+00
1.779592782258987427e-01
1.728623390197753906e+00
-2.820208787918090820e+00
-1.599903821945190430e+00
1.692944169044494629e-01
-2.146242856979370117e+00
1.100619673728942871e+00
1.868658065795898438e+00
9.879364967346191406e-01
6.576527953147888184e-01
3.120947837829589844e+00
8.142583966255187988e-01
-1.204657077789306641e+00
-3.919763326644897461e+00
-1.348370552062988281e+00
-2.472586154937744141e+00
-3.087069272994995117e+00
1.420127034187316895e+00
-2.734732151031494141e+00
1.077782988548278809e+00
1.496038675308227539e+00
2.158932924270629883e+00
3.310407638549804688e+00
-1.236161112785339355e+00
-7.689207196235656738e-01
2.010565757751464844e+00
-3.084991455078125000e+00
-6.371502876281738281e-01
3.340861558914184570e+00
-3.078828334808349609e+00
1.221136331558227539e+00
1.076525211334228516e+00
-7.939875721931457520e-01
6.896841526031494141e-02
4.472434520721435547e-01
3.418213605880737305e+00
5.830810666084289551e-01
5.649682134389877319e-02
3.000528812408447266e+00
-1.878947019577026367e-02
-3.117821693420410156e+00
-4.713352322578430176e-01
3.639413833618164062e+00
2.563567399978637695e+00
1.907951831817626953e-01
5.646183490753173828e-01
2.301048278808593750e+00
3.278957843780517578e+00
-1.804907679557800293e+00
-1.186604619026184082e+00
5.156505107879638672e-01
2.121006846427917480e-01
-3.425848960876464844e+00
-1.041584730148315430e+00
5.411726474761962891e+00
-7.487525939941406250e+00
-1.129027366638183594e+00
2.633130073547363281e+00
-5.249479413032531738e-01
1.046212196350097656e+00
-1.238847017288208008e+00
1.688017606735229492e+00
3.395174026489257812e+00
-2.724459469318389893e-01
7.880964875221252441e-01
-4.472399711608886719e+00
-1.117763400077819824e+00
2.189562797546386719e+00
-6.958547830581665039e-01
-2.442384719848632812e+00
-2.376755714416503906e+00
-3.373377561569213867e+00
-7.273935079574584961e-01
-2.806119203567504883e+00
-3.262578487396240234e+00
4.157773852348327637e-01
-3.817392587661743164e+00
2.862129449844360352e+00
-3.827155113220214844e+00
1.329400539398193359e+00
-1.708784341812133789e+00
-3.680614233016967773e-01
1.968583583831787109e+00
1.176009058952331543e+00
1.244313478469848633e+00
-1.848116517066955566e+00
2.179272770881652832e-01
2.687339782714843750e-01
-1.842448472976684570e+00
2.341604709625244141e+00
2.140476942062377930e+00
-2.973412275314331055e+00
2.615077495574951172e-01
1.541424155235290527e+00
-2.490351438522338867e+00
-8.767430186271667480e-01
4.520160675048828125e+00
-3.155115365982055664e+00
1.330763697624206543e+00
2.464765548706054688e+00
2.095555782318115234e+00
-1.584528684616088867e-01
-9.387973546981811523e-01
-2.075002789497375488e-01
4.246452331542968750e+00
1.316192030906677246e+00
6.855596899986267090e-01
-2.107499599456787109e+00
-2.091973304748535156e+00
-1.312949776649475098e+00
1.316862344741821289e+00
2.178876876831054688e+00
-3.992079496383666992e+00
3.214735984802246094e-01
-1.756269454956054688e+00
2.815323352813720703e+00
4.744285941123962402e-01
4.526662826538085938e-02
-3.184425592422485352e+00
1.190782785415649414e+00
-7.865786552429199219e-01
4.134686470031738281e+00
1.656277656555175781e+00
2.882090091705322266e+00
2.755111932754516602e+00
2.397958755493164062e+00
-3.158151149749755859e+00
-7.265330553054809570e-01
4.457856178283691406e+00
-1.177940964698791504e+00
-1.067646026611328125e+00
-2.733730554580688477e+00
-5.960783004760742188e+00
-3.493937015533447266e+00
-6.702003479003906250e-01
-3.714279651641845703e+00
5.574737191200256348e-01
-9.761137962341308594e-01
1.864370346069335938e+00
-2.641692638397216797e+00
2.606042623519897461e+00
3.061198294162750244e-01
-1.264774054288864136e-01
4.972945690155029297e+00
7.631755828857421875e+00
-5.572877407073974609e+00
2.814446687698364258e+00
-1.765289187431335449e+00
2.922258615493774414e+00
4.042462825775146484e+00
3.192786931991577148e+00
-8.665448427200317383e-01
9.434930086135864258e-01
-1.075101256370544434e+00
-4.818994998931884766e+00
8.233802318572998047e-01
-1.650520563125610352e-01
-3.405496120452880859e+00
-1.550541162490844727e+00
-6.546668052673339844e+00
1.628990173339843750e+00
-3.330308675765991211e+00
-3.584387540817260742e+00
5.322068214416503906e+00
-1.454747915267944336e+00
1.380890130996704102e+00
-3.249136686325073242e+00
-9.655403494834899902e-01
2.891314029693603516e-01
-2.733063697814941406e-02
-4.148613929748535156e+00
-3.149990081787109375e+00
-1.589361310005187988e+00
3.791860342025756836e-01
8.219187259674072266e-01
-3.080247879028320312e+00
2.763847112655639648e-01
7.976956665515899658e-02
-4.123071670532226562e+00
-6.838414072990417480e-01
-2.535840511322021484e+00
3.008652210235595703e+00
3.674130439758300781e-01
1.076490402221679688e+00
3.283977031707763672e+00
6.499447822570800781e-01
-7.440196275711059570e-01
-1.764155626296997070e+00
5.912964344024658203e-01
-4.370475411415100098e-01
-2.320075035095214844e+00
-2.783980131149291992e+00
-7.711301445960998535e-01
1.271058082580566406e+00
2.026766300201416016e+00
-2.991261005401611328e+00
5.551080703735351562e-01
1.134378194808959961e+00
1.607888460159301758e+00
-1.315715074539184570e+00
3.693509101867675781e-02
4.175342559814453125e+00
-4.365429282188415527e-03
1.957673192024230957e+00
4.170575141906738281e+00
2.383932590484619141e+00
1.042280483245849609e+01
-3.215233087539672852e+00
-3.894098758697509766e+00
4.121054410934448242e-01
-3.752222061157226562e+00
-7.639909982681274414e-01
-5.881258249282836914e-01
-2.599316358566284180e+00
1.167150974273681641e+00
2.741657972335815430e+00
1.368345260620117188e+00
-1.990533828735351562e+00
2.569371461868286133e-02
-6.428502798080444336e-01
-2.721754550933837891e+00
9.123846292495727539e-01
-1.955814123153686523e+00
8.695971965789794922e-01
-1.432153701782226562e+00
-2.521225214004516602e+00
4.385674476623535156e+00
3.482026338577270508e+00
2.255932092666625977e+00
-3.257555961608886719e+00
2.547206401824951172e+00
-5.041820526123046875e+00
5.146892070770263672e-01
2.628160476684570312e+00
2.227667570114135742e+00
-2.611939907073974609e+00
2.240519762039184570e+00
-1.856897115707397461e+00
3.364506006240844727e+00
-4.217630863189697266e+00
5.423686027526855469e+00
-1.924528479576110840e-01
5.150198936462402344e-01
2.221982955932617188e+00
-3.715108156204223633e+00
1.061580419540405273e+00
2.408991813659667969e+00
1.672370195388793945e+00
-3.716435909271240234e+00
-2.749898672103881836e+00
-2.880288600921630859e+00
1.107199430465698242e+00
2.559174299240112305e+00
1.691355824470520020e+00
2.838721036911010742e+00
1.218839645385742188e+00
-1.232662424445152283e-02
6.981836795806884766e+00
2.256978005170822144e-01
3.200189113616943359e+00
-1.991150498390197754e+00
-3.239468634128570557e-01
-3.544533729553222656e+00
8.607439398765563965e-01
-1.166921854019165039e+00
3.308784484863281250e+00
-9.748557806015014648e-01
-1.039349555969238281e+00
-4.236693859100341797e+00
-3.115642786026000977e+00
1.321640849113464355e+00
-2.045218944549560547e+00
-6.868135929107666016e-02
6.656367182731628418e-01
2.467256069183349609e+00
1.509716629981994629e+00
7.494280338287353516e-01
-1.127326607704162598e+00
-1.173218011856079102e+00
3.290352582931518555e+00
1.978513836860656738e+00
-1.727363586425781250e+00
-1.038543581962585449e-01
-1.942965865135192871e+00
-2.251626491546630859e+00
-2.720703840255737305e+00
-3.552666664123535156e+00
-8.195000886917114258e-02
-1.857370138168334961e-01
-3.375397920608520508e-01
-6.934694051742553711e-01
-1.829595088958740234e+00
1.080724954605102539e+00
-6.224479079246520996e-01
-1.257957816123962402e-01
2.441036224365234375e+00
3.856569528579711914e+00
-1.065876960754394531e+00
7.521055936813354492e-01
4.282678604125976562e+00
4.884115219116210938e+00
3.742251873016357422e+00
-1.566672563552856445e+00
-2.793783426284790039e+00
9.721523523330688477e-01
-2.341962814331054688e+00
9.273252487182617188e-01
2.346579074859619141e+00
-1.625394821166992188e-02
-1.044343233108520508e+00
2.826066255569458008e+00
3.916120052337646484e+00
2.153141796588897705e-01
1.788790225982666016e+00
9.836760759353637695e-01
-2.004770994186401367e+00
5.263526439666748047e-01
2.827433586120605469e+00
-3.605480670928955078e+00
-3.883553147315979004e-01
5.620176792144775391e+00
1.894624471664428711e+00
-3.874855995178222656e+00
1.078993797302246094e+00
1.534845590591430664e+00
-3.429806709289550781e+00
3.188250541687011719e+00
8.159774541854858398e-01
-1.346560955047607422e+00
1.884619235992431641e+00
7.851409912109375000e-02
2.731158971786499023e+00
-2.805537223815917969e+00
2.923666954040527344e+00
-3.626479625701904297e+00
9.239614009857177734e-01
5.882930755615234375e-01
6.984877586364746094e-01
-4.535553455352783203e+00
-2.619130611419677734e+00
-5.634709358215332031e+00
3.387477993965148926e-01
-6.542211771011352539e-01
7.598199844360351562e-01
-2.443390130996704102e+00
-3.296481966972351074e-01
3.484760999679565430e+00
3.571899175643920898e+00
1.450059652328491211e+00
-3.326648473739624023e-01
1.707702755928039551e+00
1.678117036819458008e+00
-3.079984426498413086e+00
-1.275575757026672363e-01
1.551558375358581543e+00
2.421742439270019531e+00
-8.206330537796020508e-01
3.147035121917724609e+00
-3.833932876586914062e+00
-4.782694280147552490e-01
1.753159523010253906e+00
1.184094071388244629e+00
4.037797451019287109e-03
-2.219618320465087891e+00
-2.071795761585235596e-01
3.019328415393829346e-01
-2.323884487152099609e+00
1.831056475639343262e+00
-1.187771916389465332e+00
-1.279751300811767578e+00
-1.241064071655273438e+00
-1.898304462432861328e+00
-4.670008420944213867e-01
3.510370016098022461e+00
5.792456865310668945e-01
2.261408090591430664e+00
-6.741658449172973633e-01
2.548098087310791016e+00
-1.383098959922790527e+00
-8.103434562683105469e+00
-3.920142412185668945e+00
-9.277573227882385254e-01
-4.081584930419921875e+00
-3.326786994934082031e+00
3.715200185775756836e+00
1.392007350921630859e+00
2.244348049163818359e+00
-2.012230396270751953e+00
2.229208230972290039e+00
7.507385015487670898e-01
2.149516820907592773e+00
-4.836671948432922363e-01
-1.405519485473632812e+00
-2.074169397354125977e+00
-1.508026957511901855e+00
5.119028091430664062e+00
-1.631161808967590332e+00
8.088315725326538086e-01
-1.650223731994628906e-01
4.848347663879394531e+00
2.609405517578125000e+00
1.666088938713073730e+00
1.207963943481445312e+00
1.830769062042236328e+00
1.486631035804748535e+00
-7.704461812973022461e-01
1.119008660316467285e-01
5.229875564575195312e+00
-1.809377670288085938e-01
3.866064548492431641e+00
3.433492660522460938e+00
1.010876059532165527e+00
4.030392169952392578e+00
2.335556030273437500e+00
2.973244711756706238e-02
2.421295166015625000e+00
1.944331407546997070e+00
-2.551794052124023438e-03
1.358112543821334839e-01
-4.668338298797607422e+00
1.211783170700073242e+00
3.880646944046020508e+00
4.245302200317382812e+00
-3.844617843627929688e+00
-3.001327991485595703e+00
-4.066773891448974609e+00
4.321993827819824219e+00
-2.776777744293212891e-01
-7.122416496276855469e-01
-3.579830169677734375e+00
-8.819586634635925293e-01
-3.751422405242919922e+00
-6.130311012268066406e+00
-2.719929456710815430e+00
9.449306130409240723e-01
-4.568146228790283203e+00
-4.972579479217529297e+00
-3.057173490524291992e+00
-5.322706222534179688e+00
-4.042509078979492188e+00
-5.305001735687255859e+00
-5.911151885986328125e+00
-3.165348529815673828e+00
-1.450635075569152832e+00
-3.564237594604492188e+00
-1.566710591316223145e+00
-4.893640995025634766e+00
-2.861306667327880859e+00
-5.076324462890625000e+00
-4.297346591949462891e+00
-1.763630747795104980e+00
1.093939781188964844e+00
-2.384983777999877930e+00
-2.686522960662841797e+00
-2.816165924072265625e+00
3.040394306182861328e+00
2.461968183517456055e+00
2.100761681795120239e-01
-1.959564924240112305e+00
1.898161649703979492e+00
-4.245428085327148438e+00
-4.243353843688964844e+00
-2.280087709426879883e+00
-1.459027886390686035e+00
-4.384734630584716797e-01
-1.680003285408020020e+00
-4.338223457336425781e+00
-6.696376800537109375e+00
-5.710794448852539062e+00
-4.080414772033691406e+00
-2.034746408462524414e+00
3.097232818603515625e+00
-5.547183752059936523e-02
-1.219575166702270508e+00
2.182618141174316406e+00
8.374122977256774902e-01
3.803993701934814453e+00
2.748116016387939453e+00
2.831181287765502930e+00
-1.595825433731079102e+00
3.845312118530273438e+00
-2.397409915924072266e+00
2.090495109558105469e+00
4.983333587646484375e+00
-7.774986028671264648e-01
3.613782644271850586e+00
-1.300472021102905273e-01
-1.909449577331542969e+00
6.031923770904541016e+00
1.276629328727722168e+00
1.203248023986816406e+00
2.026338815689086914e+00
-1.658894777297973633e+00
-2.964021921157836914e+00
4.323049068450927734e+00
-2.468635320663452148e+00
-2.807233333587646484e+00
-2.252959489822387695e+00
-3.953204631805419922e+00
2.007798433303833008e+00
-1.769953966140747070e+00
-5.571919441223144531e+00
-6.016172409057617188e+00
1.523507833480834961e-01
2.134829044342041016e+00
