-1.226558685302734375e+00
2.206780433654785156e+00
-2.365620851516723633e+00
-2.005055665969848633e+00
-2.012804746627807617e+00
-2.528264522552490234e+00
-1.675988316535949707e+00
-2.726623058319091797e+00
-2.745418548583984375e+00
-9.192689061164855957e-01
-1.338908314704895020e+00
-2.426967144012451172e+00
-1.800812721252441406e+00
-1.198269605636596680e+00
9.933763146400451660e-01
-1.485421299934387207e+00
-3.816360235214233398e+00
-2.354254722595214844e-01
-4.028597772121429443e-01
-1.945664405822753906e+00
-2.459388494491577148e+00
-2.610870838165283203e+00
-2.163567066192626953e+00
-2.063945770263671875e+00
-1.629632353782653809e+00
-1.380859136581420898e+00
5.548335909843444824e-01
-2.720459699630737305e+00
1.017942070960998535e+00
-4.877728939056396484e+00
-5.692574501037597656e+00
-3.682321071624755859e+00
-9.000419616699218750e+00
-3.187006711959838867e+00
-4.854947566986083984e+00
-4.276579856872558594e+00
-5.385388374328613281e+00
-2.219863414764404297e+00
1.086579203605651855e+00
-1.856961965560913086e+00
2.491126209497451782e-01
9.303883314132690430e-01
6.142836809158325195e-01
-1.613682985305786133e+00
2.090919017791748047e+00
3.030914545059204102e+00
-1.674708843231201172e+00
-1.073099374771118164e-01
3.458403944969177246e-01
-1.950832009315490723e+00
1.024213194847106934e+00
-1.558292150497436523e+00
-3.086711168289184570e-01
-2.193223714828491211e+00
-1.043505787849426270e+00
-3.708967447280883789e+00
-9.795199036598205566e-01
-5.298411369323730469e+00
3.001753091812133789e-01
-2.599429130554199219e+00
1.636512279510498047e+00
-9.483394622802734375e-01
5.220066308975219727e-01
-2.308554410934448242e+00
-1.012342333793640137e+00
3.276664018630981445e+00
8.669024705886840820e-01
4.209689199924468994e-01
-5.839887857437133789e-01
3.218293666839599609e+00
-2.232166290283203125e+00
-9.038434624671936035e-01
-3.724261283874511719e+00
-1.437281727790832520e+00
1.072034597396850586e+00
-1.265486478805541992e+00
2.812267839908599854e-01
-2.489476680755615234e+00
-1.646818041801452637e+00
2.458210468292236328e+00
-7.382583618164062500e-01
-1.042056798934936523e+00
1.453727006912231445e+00
-3.163372278213500977e+00
4.293247461318969727e-01
-2.256620883941650391e+00
2.725553512573242188e+00
-2.871780633926391602e+00
-2.138907909393310547e+00
1.441731214523315430e+00
-1.339739680290222168e+00
-4.693329334259033203e-02
2.287569940090179443e-01
-1.107642769813537598e+00
1.523721814155578613e-01
-4.203548908233642578e+00
1.728117823600769043e+00
-2.606557846069335938e+00
2.279245853424072266e-01
-3.963021516799926758e+00
-2.122873306274414062e+00
3.035880327224731445e-01
-2.214331150054931641e+00
3.799855709075927734e-01
-1.022383332252502441e+00
-3.727665901184082031e+00
1.381301164627075195e+00
-2.577934026718139648e+00
-3.185348510742187500e+00
1.189440488815307617e-02
-1.102610230445861816e-01
-5.975162982940673828e-01
-6.884580850601196289e-02
-6.665146350860595703e-01
2.993801236152648926e-02
4.310566186904907227e-01
2.580122947692871094e+00
-5.935181379318237305e-01
-4.177675724029541016e+00
-5.722842216491699219e+00
-2.788072824478149414e+00
-5.257678508758544922e+00
-2.537007331848144531e+00
-2.551232337951660156e+00
-1.836132407188415527e-01
-3.438092231750488281e+00
-1.181911706924438477e+00
-6.597061157226562500e-01
-1.388178467750549316e+00
-1.301234483718872070e+00
8.921782970428466797e-01
7.029176950454711914e-01
2.145552158355712891e+00
-1.238914489746093750e+00
8.747950792312622070e-01
-3.187328815460205078e+00
-1.392187595367431641e+00
-1.643191814422607422e+00
-1.428783655166625977e+00
-7.244855165481567383e-01
4.510927200317382812e-02
-2.786254882812500000e-02
1.694333553314208984e+00
-4.015004038810729980e-01
-2.545669078826904297e+00
-4.179134368896484375e-01
-6.407010078430175781e+00
-1.937232375144958496e+00
-2.815102577209472656e+00
-1.099943041801452637e+00
-1.500775575637817383e+00
-1.618696928024291992e+00
-3.027445793151855469e+00
4.345524907112121582e-01
-1.740959644317626953e+00
3.567085742950439453e+00
1.823163509368896484e+00
1.033318042755126953e+00
-9.395679831504821777e-01
1.955496907234191895e+00
-1.959980487823486328e+00
-6.502459645271301270e-01
2.053627967834472656e+00
-4.628455638885498047e+00
-4.479389190673828125e-01
-5.528500080108642578e-01
-2.546363830566406250e+00
-8.811165094375610352e-01
1.725678801536560059e+00
-2.116037845611572266e+00
9.036333858966827393e-02
-1.478101968765258789e+00
-6.455308198928833008e-01
-1.860342979431152344e+00
-1.732061028480529785e+00
-2.168533563613891602e+00
-4.940195560455322266e+00
-1.370710849761962891e+00
9.265871047973632812e-01
-2.514327764511108398e+00
-5.454353332519531250e+00
7.142115235328674316e-01
-1.828368455171585083e-01
1.933720350265502930e+00
-1.989769101142883301e+00
4.312627315521240234e+00
8.201830387115478516e-01
-7.985730469226837158e-02
9.386880397796630859e-01
3.337060213088989258e-01
-2.235502004623413086e-01
-7.087732553482055664e-01
1.945903539657592773e+00
-2.355186343193054199e-01
-2.479795813560485840e-01
-2.756201267242431641e+00
-1.625372409820556641e+00
1.867540776729583740e-01
-1.963521718978881836e+00
4.111420631408691406e+00
-2.956207692623138428e-01
4.872017860412597656e+00
9.385922551155090332e-01
1.513570070266723633e+00
3.741760253906250000e+00
-2.449537754058837891e+00
-1.861573219299316406e+00
-6.073756814002990723e-01
-1.344630002975463867e+00
7.707683444023132324e-01
5.932101607322692871e-01
-4.018771648406982422e-01
-2.880223095417022705e-03
1.858485937118530273e-01
-7.380697131156921387e-01
3.866218328475952148e+00
-1.773084163665771484e+00
1.553043723106384277e-01
-1.464339792728424072e-01
1.033696651458740234e+00
5.038006305694580078e-01
9.648571610450744629e-01
1.563142657279968262e+00
-4.823386669158935547e-01
-2.081299304962158203e+00
-3.607337474822998047e+00
4.565829634666442871e-01
-2.399818897247314453e+00
1.327897787094116211e+00
7.145557403564453125e-01
-1.732353866100311279e-01
7.440921664237976074e-02
-9.787430167198181152e-01
3.182103872299194336e+00
8.949428200721740723e-01
-2.066076993942260742e+00
-4.191706657409667969e+00
-7.584182620048522949e-01
2.133021116256713867e+00
-1.985518336296081543e-01
1.386898159980773926e-01
-2.013651430606842041e-01
-2.325381278991699219e+00
-1.040344238281250000e+00
-1.550284862518310547e+00
-2.815124690532684326e-01
-8.111899495124816895e-01
7.926550507545471191e-01
-6.650037765502929688e-01
-1.349784731864929199e+00
-2.136405706405639648e+00
3.537617027759552002e-01
5.113088488578796387e-01
-2.214024782180786133e+00
9.279555082321166992e-01
1.244307041168212891e+00
9.822905063629150391e-01
-1.645073413848876953e+00
2.175661325454711914e-01
-1.466724634170532227e+00
-2.480432033538818359e+00
-9.346337318420410156e-01
-2.344607353210449219e+00
1.788447797298431396e-01
3.404717147350311279e-01
2.105515480041503906e+00
-4.463662505149841309e-01
-7.016966342926025391e-01
-8.343262076377868652e-01
-5.041561126708984375e-01
-1.932733058929443359e-01
-3.440030574798583984e+00
1.257772684097290039e+00
-9.035155773162841797e-01
-3.204050064086914062e+00
-1.041097760200500488e+00
-2.634984016418457031e+00
-1.992215394973754883e+00
-2.406161785125732422e+00
-3.021317958831787109e+00
-1.841417312622070312e+00
1.751525998115539551e-01
1.736457586288452148e+00
3.200745582580566406e+00
-9.330923557281494141e-01
6.085730791091918945e-01
-2.688202857971191406e+00
-1.011428475379943848e+00
-3.220849514007568359e+00
-1.000411033630371094e+00
-8.014999628067016602e-01
-6.006802558898925781e+00
2.273227214813232422e+00
-1.631677150726318359e+00
-3.629622459411621094e-01
2.203926086425781250e+00
-2.177822589874267578e+00
-2.691014289855957031e+00
-6.669741272926330566e-01
-8.977367877960205078e-01
-2.074278354644775391e+00
-6.062031984329223633e-01
-2.226562500000000000e+00
-1.301458835601806641e+00
-3.844172954559326172e+00
-4.031250953674316406e+00
-2.869216918945312500e+00
-2.977320194244384766e+00
-1.742877960205078125e-01
-7.520377635955810547e-02
1.234589457511901855e+00
-1.488428413867950439e-01
-3.875437498092651367e+00
-7.927708625793457031e-01
2.030925035476684570e+00
-2.678904056549072266e+00
-3.227512598037719727e+00
-6.829133033752441406e-01
1.689737915992736816e+00
-7.980619072914123535e-01
-3.001374483108520508e+00
7.354989051818847656e-01
8.424125909805297852e-01
1.511520504951477051e+00
-6.976226568222045898e-01
-9.603567123413085938e-01
-3.648023128509521484e+00
3.887810409069061279e-01
-8.181892633438110352e-01
3.693470716476440430e+00
2.010383844375610352e+00
-7.640931606292724609e-01
1.072114586830139160e+00
3.865998744964599609e+00
-3.292793273925781250e+00
-3.064861536026000977e+00
9.583921432495117188e-01
-2.592673063278198242e+00
1.192593097686767578e+00
-2.368561029434204102e+00
2.505298614501953125e+00
-2.114120572805404663e-01
-2.286789178848266602e+00
-4.174481391906738281e+00
-3.959335088729858398e+00
-2.010783195495605469e+00
-6.387714147567749023e-01
-6.381828784942626953e-01
-1.565903425216674805e-02
-1.793774962425231934e-02
-2.312315464019775391e+00
-5.329773902893066406e+00
-5.321736812591552734e+00
-3.947239875793457031e+00
-3.974139690399169922e-03
4.974412918090820312e-02
7.443653345108032227e-01
-2.466531038284301758e+00
2.270155429840087891e+00
8.800035715103149414e-01
-2.497968196868896484e+00
1.300967454910278320e+00
-1.976288110017776489e-01
5.438844859600067139e-02
-9.860801696777343750e-01
-9.893179535865783691e-01
-4.349292755126953125e+00
-5.006593227386474609e+00
-3.980328321456909180e+00
-2.873035192489624023e+00
-4.384600162506103516e+00
-4.518447875976562500e+00
-5.636897563934326172e+00
-1.119704365730285645e+00
-4.573490142822265625e+00
-5.329338073730468750e+00
-2.269840717315673828e+00
-3.753557801246643066e-01
-2.145189285278320312e+00
-3.467210292816162109e+00
-1.513896346092224121e+00
-1.083207607269287109e+00
-1.140767455101013184e+00
1.474131345748901367e+00
-1.283751010894775391e+00
2.339755892753601074e-01
-2.490990638732910156e+00
8.416326045989990234e-01
-1.798633337020874023e-01
-4.220553398132324219e+00
-1.508399367332458496e+00
-6.240798830986022949e-01
-3.038539886474609375e-01
-6.234741210937500000e-02
-8.472495079040527344e-01
-4.203552722930908203e+00
-8.452804088592529297e-01
-4.526066780090332031e+00
6.263372898101806641e+00
6.181240081787109375e-01
4.494666099548339844e+00
3.524763345718383789e+00
-2.944754958152770996e-01
3.330986499786376953e-01
1.256158828735351562e+00
2.489977836608886719e+00
-6.104919314384460449e-01
-1.137003540992736816e+00
5.051089525222778320e-01
-1.414588987827301025e-01
3.090239763259887695e+00
2.409005403518676758e+00
-1.278841376304626465e+00
-1.144595384597778320e+00
3.069995880126953125e+00
2.300010204315185547e+00
-1.586954116821289062e+00
3.428296804428100586e+00
-1.048133969306945801e+00
3.325273752212524414e+00
-2.876694917678833008e+00
3.392150402069091797e+00
-2.111017704010009766e+00
-7.034846305847167969e+00
2.230017662048339844e+00
2.855219841003417969e+00
-6.211447715759277344e+00
1.531586408615112305e+00
-2.297578811645507812e+00
4.172002792358398438e+00
2.217832088470458984e+00
-7.773711085319519043e-01
1.634697556495666504e+00
2.256887197494506836e+00
4.819048881530761719e+00
2.313798427581787109e+00
3.397333145141601562e+00
2.301082015037536621e-01
-3.700788736343383789e+00
2.406577110290527344e+00
-2.462137937545776367e-01
1.377047896385192871e-01
-1.528902053833007812e-01
4.840133190155029297e+00
1.501843929290771484e+00
2.762789726257324219e-01
2.061250686645507812e+00
-8.591927289962768555e-01
1.611967682838439941e+00
3.167277336120605469e+00
2.318451881408691406e+00
8.022153973579406738e-01
4.129850387573242188e+00
-3.136695027351379395e-01
2.224863052368164062e+00
1.163832187652587891e+00
1.154357790946960449e+00
3.165996789932250977e+00
1.321920275688171387e+00
1.489203214645385742e+00
1.573748946189880371e+00
3.754085302352905273e-01
1.018323040008544922e+01
-6.631213426589965820e-01
3.461346626281738281e+00
1.517122268676757812e+00
1.050737500190734863e+00
1.269246816635131836e+00
-2.293952703475952148e-01
-2.182573795318603516e+00
9.839377403259277344e-01
1.070147395133972168e+00
-2.538506984710693359e+00
-4.377588748931884766e+00
7.643965244293212891e+00
-2.802351713180541992e-01
4.298003911972045898e-01
-5.744613409042358398e-01
2.912462234497070312e+00
-2.675259590148925781e+00
4.039621353149414062e-02
1.568829298019409180e+00
-8.682311773300170898e-01
1.550173759460449219e-01
1.668183803558349609e-01
-3.737788677215576172e+00
-7.033619880676269531e-01
5.256051421165466309e-01
1.846809387207031250e-01
6.052719116210937500e+00
1.146668672561645508e+00
-4.390935420989990234e+00
2.746943473815917969e+00
-5.958739280700683594e+00
1.773087024688720703e+00
-2.202202081680297852e+00
4.327255725860595703e+00
-1.434199333190917969e+00
2.885910511016845703e+00
5.701792836189270020e-01
6.380204558372497559e-01
3.468172550201416016e+00
9.671457409858703613e-01
-3.637754440307617188e+00
1.733174085617065430e+00
-1.845611929893493652e+00
3.765375614166259766e+00
-1.523963928222656250e+00
-2.815166234970092773e+00
5.540715217590332031e+00
3.895568847656250000e+00
-1.501106262207031250e+00
-3.859345436096191406e+00
-2.366444468498229980e-01
3.427743911743164062e-02
-7.222554087638854980e-01
-9.044613242149353027e-01
3.098790884017944336e+00
2.522843360900878906e+00
8.421856164932250977e-01
3.246685504913330078e+00
-2.151246070861816406e+00
1.845279335975646973e-02
-1.089071512222290039e+00
-2.806694030761718750e+00
1.377496957778930664e+00
-1.960192799568176270e+00
-1.666013479232788086e+00
-2.054414033889770508e+00
-2.343016862869262695e-01
2.883018970489501953e+00
-9.625920057296752930e-01
-1.371035337448120117e+00
7.719359397888183594e+00
-5.932076454162597656e+00
-6.908050060272216797e+00
2.670548915863037109e+00
3.162601947784423828e+00
2.138586342334747314e-01
8.096084594726562500e+00
-2.720962524414062500e+00
-1.341952800750732422e+00
2.697473526000976562e+00
1.473376989364624023e+00
-1.821850895881652832e+00
3.266582489013671875e-01
-1.532788515090942383e+00
7.602429389953613281e-01
-2.143415451049804688e+00
8.398583412170410156e+00
-4.668704509735107422e+00
1.879461765289306641e+00
4.471334457397460938e+00
2.399356365203857422e-01
6.790893673896789551e-01
-5.572241544723510742e-01
1.103540301322937012e+00
4.181636333465576172e+00
-1.024523973464965820e+00
1.346240758895874023e+00
8.890347480773925781e-01
-2.167671918869018555e+00
3.796050786972045898e+00
6.969505548477172852e-01
1.020447731018066406e+00
2.370392560958862305e+00
-2.495873928070068359e+00
-4.770556926727294922e+00
3.342778444290161133e+00
-2.222949266433715820e+00
-4.151678681373596191e-01
-5.035837173461914062e+00
-1.189246773719787598e-03
7.088936567306518555e-01
-3.748806715011596680e-01
1.988715410232543945e+00
-1.999698758125305176e+00
-2.602763891220092773e+00
-3.528236389160156250e+00
3.155943870544433594e+00
3.197933673858642578e+00
1.049031019210815430e+00
1.893064737319946289e+00
-1.319555997848510742e+00
5.520525932312011719e+00
3.441170454025268555e+00
5.880780816078186035e-01
1.286824464797973633e+00
1.459309577941894531e+00
3.864351212978363037e-01
-2.040932655334472656e+00
3.755249500274658203e+00
-2.235576152801513672e+00
1.530328273773193359e+00
-5.274063348770141602e-01
2.496479034423828125e+00
1.625605225563049316e-01
1.407994747161865234e+00
-3.300026655197143555e+00
2.297538280487060547e+00
-1.933602809906005859e+00
-2.411483287811279297e+00
1.021517515182495117e+00
-1.385185956954956055e+00
-2.152675867080688477e+00
2.833747625350952148e+00
-2.008884668350219727e+00
-3.067443132400512695e+00
2.697135448455810547e+00
-1.243337631225585938e+00
1.559835672378540039e-01
6.921216964721679688e+00
-1.376649856567382812e+00
-1.174833893775939941e+00
5.730116367340087891e-01
1.484645128250122070e+00
-1.126987099647521973e+00
2.651009321212768555e+00
1.312736868858337402e+00
4.041040420532226562e+00
5.180063724517822266e+00
-6.867362856864929199e-01
2.003102779388427734e+00
-5.664598345756530762e-01
3.321100950241088867e+00
-4.091793894767761230e-01
-1.706473112106323242e+00
2.047527551651000977e+00
2.651861190795898438e+00
6.678431630134582520e-01
-1.363924741744995117e+00
6.697035431861877441e-01
1.608284711837768555e+00
-2.827507495880126953e+00
2.302551031112670898e+00
-2.473821401596069336e+00
5.672153472900390625e+00
1.340881943702697754e+00
7.865187525749206543e-01
1.735031604766845703e+00
-1.262337684631347656e+00
7.498281598091125488e-01
-4.664190411567687988e-01
2.260106325149536133e+00
3.667516231536865234e+00
3.626480817794799805e+00
2.680239439010620117e+00
5.487741231918334961e-01
-1.593279480934143066e+00
-7.406153678894042969e-01
-8.790580034255981445e-01
-1.091409206390380859e+00
6.205961704254150391e+00
-1.439035177230834961e+00
2.575917541980743408e-01
1.325837016105651855e+00
2.070030689239501953e+00
-2.035436391830444336e+00
9.583761215209960938e+00
7.448376417160034180e-01
4.140628814697265625e+00
-2.265956401824951172e-01
2.748822927474975586e+00
3.614389657974243164e+00
2.593620061874389648e+00
-6.939760446548461914e-01
-1.223201751708984375e-01
5.076029300689697266e+00
2.692984104156494141e+00
4.798684120178222656e+00
-1.277483463287353516e+00
3.852269649505615234e-01
4.766988158226013184e-01
-1.043849706649780273e+00
-4.038677811622619629e-01
-2.551328897476196289e+00
-1.701684117317199707e+00
-1.195058703422546387e+00
1.471015930175781250e+00
2.754685401916503906e+00
2.572907447814941406e+00
4.682438373565673828e-01
-1.282432973384857178e-01
2.239863395690917969e+00
5.800635814666748047e-01
-2.128078937530517578e+00
-2.170437812805175781e+00
1.600592613220214844e+00
1.435212135314941406e+00
-1.243164420127868652e+00
2.439892292022705078e-01
2.468726634979248047e+00
4.143689155578613281e+00
3.354465961456298828e-02
-3.095565438270568848e-01
2.392601013183593750e+00
3.632661819458007812e+00
1.947615444660186768e-01
1.412434935569763184e+00
6.420344352722167969e+00
2.805797100067138672e+00
5.454701900482177734e+00
5.893220305442810059e-01
1.351460456848144531e+00
-1.059410423040390015e-01
1.588678121566772461e+00
2.737213134765625000e+00
1.042172193527221680e+00
-9.677651524543762207e-01
6.249856948852539062e+00
-4.237390756607055664e-01
2.252334594726562500e+00
1.723967194557189941e-01
-2.770975112915039062e+00
-1.779263973236083984e+00
-2.392370700836181641e+00
8.703270912170410156e+00
-1.293155431747436523e+00
3.391249656677246094e+00
-1.171567201614379883e+00
-5.527974963188171387e-01
4.743515968322753906e+00
4.028304815292358398e-01
1.642250657081604004e+00
-1.771165013313293457e+00
-1.803668022155761719e+00
-2.390882492065429688e+00
2.712888240814208984e+00
3.107627868652343750e+00
-1.980253219604492188e+00
5.870631337165832520e-01
3.341493010520935059e-01
-2.972575187683105469e+00
1.513666510581970215e+00
-6.017960906028747559e-01
7.364996433258056641e+00
-5.383853912353515625e+00
5.746763944625854492e-02
5.016968250274658203e-01
-1.613819837570190430e+00
-3.969782590866088867e+00
8.843980789184570312e+00
-9.329307079315185547e-01
6.231229305267333984e+00
-1.974958777427673340e+00
-5.700157165527343750e+00
1.206723451614379883e+00
-1.377230644226074219e+00
6.964210033416748047e+00
2.224261760711669922e+00
5.407690525054931641e+00
2.697364330291748047e+00
1.034955024719238281e+00
3.190074920654296875e+00
8.145424127578735352e-01
2.574731111526489258e-01
9.688929319381713867e-01
8.931568861007690430e-01
3.494165837764739990e-01
4.494007229804992676e-01
-2.982078552246093750e+00
3.749408721923828125e-01
1.525281906127929688e+00
-5.678753256797790527e-01
2.565816640853881836e+00
-2.349229097366333008e+00
-1.880854845046997070e+00
-8.010646104812622070e-01
3.044501781463623047e+00
1.573825240135192871e+00
-4.803826510906219482e-01
-1.108372211456298828e+00
7.475364685058593750e+00
-2.924076795578002930e+00
9.162533283233642578e-02
1.401427268981933594e+00
6.097309589385986328e-01
4.045541286468505859e+00
-1.996980547904968262e+00
2.107245922088623047e+00
-2.630858182907104492e+00
5.237413883209228516e+00
2.409366607666015625e+00
-8.420258760452270508e-01
1.574253082275390625e+00
-7.399543523788452148e-01
-2.155633687973022461e+00
3.561528623104095459e-01
1.341160535812377930e+00
-1.448693752288818359e+00
3.213415145874023438e+00
3.699069023132324219e+00
2.366993188858032227e+00
-1.271517872810363770e+00
2.163928270339965820e+00
1.204302787780761719e+00
8.010967254638671875e+00
2.060627937316894531e+00
-9.277360439300537109e-01
7.511466741561889648e-01
-6.374003887176513672e-01
-5.555669784545898438e+00
6.469697952270507812e-01
-1.251530647277832031e-02
-2.191901206970214844e+00
1.388121843338012695e+00
8.880275726318359375e+00
3.127923011779785156e+00
1.460101008415222168e+00
1.088632583618164062e+00
-2.834843635559082031e+00
3.365284204483032227e-01
-1.022197484970092773e+00
-1.853396892547607422e+00
-1.002661585807800293e+00
-5.758596658706665039e-01
3.097140550613403320e+00
-7.494111061096191406e-01
-3.297805786132812500e-03
1.058941125869750977e+00
2.610974788665771484e+00
1.536644697189331055e-01
2.110772132873535156e+00
-1.755768060684204102e+00
8.576470375061035156e+00
3.908152103424072266e+00
-3.567766904830932617e+00
-6.781214237213134766e+00
2.221055030822753906e+00
1.919548511505126953e+00
1.111236214637756348e-01
2.565091133117675781e+00
1.412826299667358398e+00
-1.707818031311035156e+00
1.852141261100769043e+00
-2.678345680236816406e+00
2.523583173751831055e+00
-1.607702970504760742e-01
8.472753763198852539e-01
2.357598543167114258e+00
2.270630359649658203e+00
2.112893104553222656e+00
9.757265448570251465e-01
-1.708952426910400391e+00
3.706253468990325928e-01
-2.028122425079345703e+00
-7.193174362182617188e-01
-1.586332559585571289e+00
-1.592730998992919922e+00
-6.191170215606689453e-01
8.049772977828979492e-01
7.222868800163269043e-01
-3.406196236610412598e-01
2.557544708251953125e+00
4.186236381530761719e+00
3.540408015251159668e-01
-2.195484161376953125e+00
-1.906401872634887695e+00
3.075016975402832031e+00
-2.020773172378540039e+00
-1.863043546676635742e+00
-2.315481901168823242e+00
2.353293657302856445e+00
9.996473789215087891e-02
2.494178414344787598e-01
7.769020199775695801e-01
2.546191930770874023e+00
8.765058517456054688e-01
2.947460174560546875e+00
1.081255674362182617e+00
-2.172605037689208984e+00
8.408713340759277344e-01
1.263970494270324707e+00
7.380859851837158203e-01
1.497187614440917969e+00
1.525835394859313965e-01
-2.526634693145751953e+00
-1.642378687858581543e+00
-2.762211799621582031e+00
3.097708702087402344e+00
3.765161275863647461e+00
2.335478782653808594e+00
-1.583613395690917969e+00
2.848773002624511719e+00
-1.048244118690490723e+00
4.143032073974609375e+00
-1.192686796188354492e+00
-1.269950389862060547e+00
4.454311370849609375e+00
-1.731276750564575195e+00
3.445025682449340820e+00
-3.844114303588867188e+00
1.697681665420532227e+00
6.503778934478759766e+00
1.775156617164611816e+00
1.834682941436767578e+00
-2.869681715965270996e-01
-2.252089023590087891e+00
3.518511056900024414e+00
-1.364979147911071777e+00
1.921967744827270508e+00
-3.068700551986694336e+00
2.874817609786987305e+00
5.164366960525512695e-01
5.584210395812988281e+00
3.605091571807861328e-02
6.115543365478515625e+00
1.797369956970214844e+00
2.331288337707519531e+00
-6.236714839935302734e+00
2.439767837524414062e+00
1.165669059753417969e+01
5.908860206604003906e+00
-9.234382212162017822e-02
-3.087412357330322266e+00
7.230483889579772949e-01
2.760306119918823242e+00
3.089693069458007812e+00
-4.244581162929534912e-01
2.079993247985839844e+00
2.297954559326171875e+00
2.825484275817871094e+00
2.251998424530029297e+00
-1.705622673034667969e+00
5.098417997360229492e-01
-1.814315557479858398e+00
-6.660226821899414062e+00
-2.035094022750854492e+00
-2.621454954147338867e+00
5.718028545379638672e-02
-3.041552066802978516e+00
-5.004886627197265625e+00
7.963071465492248535e-01
-2.989698410034179688e+00
-4.277357459068298340e-01
-6.285938739776611328e+00
2.258287906646728516e+00
-3.195093631744384766e+00
-8.774793148040771484e-01
-4.659191608428955078e+00
-6.255998134613037109e+00
-6.044574737548828125e+00
-2.647314786911010742e+00
-4.066777229309082031e+00
-2.617064476013183594e+00
-4.138819217681884766e+00
4.975696206092834473e-01
-3.710485935211181641e+00
-2.424421548843383789e+00
1.274871826171875000e-02
3.533408880233764648e+00
-1.553860187530517578e+00
-1.480576395988464355e+00
6.395019590854644775e-02
-5.302020907402038574e-01
-2.116633892059326172e+00
-5.030811786651611328e+00
-4.601597309112548828e+00
1.703061461448669434e+00
-3.271896362304687500e+00
2.092262506484985352e-01
-3.121824979782104492e+00
-3.252166986465454102e+00
-4.014618873596191406e+00
-6.106365203857421875e+00
-1.233502924442291260e-01
1.405191898345947266e+00
-1.800442934036254883e+00
-1.542661428451538086e+00
1.040350675582885742e+00
2.923326015472412109e+00
1.445376396179199219e+00
2.565964221954345703e+00
2.184213876724243164e+00
2.752497196197509766e-01
1.727519154548645020e+00
2.294055461883544922e+00
4.348233699798583984e+00
1.830437660217285156e+00
2.951420783996582031e+00
2.458503961563110352e+00
2.446897029876708984e+00
-1.019096374511718750e-01
-1.740193247795104980e+00
3.139837265014648438e+00
2.693702459335327148e+00
-3.449721336364746094e+00
8.140510320663452148e-01
-3.249526977539062500e+00
-1.325513005256652832e+00
-2.989452362060546875e+00
9.914484620094299316e-01
-4.146187782287597656e+00
-3.380117416381835938e+00
-5.146778106689453125e+00
-3.344650268554687500e+00
-1.292573213577270508e+00
-5.359705924987792969e+00
3.080955505371093750e+00
2.778360366821289062e+00
