-3.090396881103515625e+00
9.699562788009643555e-01
-3.471277952194213867e-01
-8.211129903793334961e-01
-3.475436687469482422e+00
5.877953767776489258e-01
1.089140772819519043e-02
1.590791821479797363e+00
-3.601059913635253906e+00
5.788073539733886719e+00
-7.811192274093627930e-01
-4.350607395172119141e-01
-2.413702964782714844e+00
-7.139946460723876953e+00
1.346677064895629883e+00
-7.672977447509765625e-02
-3.381582498550415039e+00
-7.220328450202941895e-01
-4.854013442993164062e+00
-2.428297996520996094e+00
-5.089500427246093750e+00
-1.550780534744262695e+00
-3.604193687438964844e+00
-4.025496959686279297e+00
-1.327242016792297363e+00
-1.019679188728332520e+00
9.316654801368713379e-01
1.142663478851318359e+00
-1.798007369041442871e+00
6.958825588226318359e-01
6.772212386131286621e-01
3.609421491622924805e+00
2.072828292846679688e+00
3.432534933090209961e+00
2.482995986938476562e+00
-2.215303182601928711e+00
9.653731584548950195e-01
7.656605839729309082e-01
5.398501873016357422e+00
5.277804851531982422e+00
5.364295959472656250e+00
2.248142004013061523e+00
5.223615646362304688e+00
3.468485116958618164e+00
2.436820030212402344e+00
4.745929241180419922e+00
6.481887817382812500e+00
9.670536994934082031e+00
2.200480222702026367e+00
3.214230537414550781e+00
5.184528350830078125e+00
1.131433844566345215e+00
-3.587167263031005859e+00
-5.507147789001464844e+00
2.692904472351074219e-01
-1.460934758186340332e+00
3.514932990074157715e-01
-5.214564323425292969e+00
-1.654147386550903320e+00
2.899886369705200195e-01
-4.416391849517822266e-01
-2.138357162475585938e-01
-2.524082183837890625e+00
-3.789812088012695312e+00
-1.394626379013061523e+00
9.640865325927734375e-01
1.239129662513732910e+00
-5.561120510101318359e-01
4.374230802059173584e-01
1.078847646713256836e-01
5.600184440612792969e+00
8.641693115234375000e+00
7.649835109710693359e+00
1.338103008270263672e+01
1.271992683410644531e+01
6.537925243377685547e+00
8.697304725646972656e+00
1.201016139984130859e+01
9.677280426025390625e+00
3.639743566513061523e+00
-1.968627929687500000e+00
-2.319211006164550781e+00
7.264138460159301758e-01
-1.956117153167724609e-01
4.315719604492187500e+00
-3.228084087371826172e+00
2.528325319290161133e-01
6.637027263641357422e-01
4.020697593688964844e+00
-2.824230194091796875e+00
2.286803960800170898e+00
-4.890096783638000488e-01
3.566227436065673828e+00
3.292181491851806641e+00
2.855716705322265625e+00
2.049191474914550781e+00
1.439834713935852051e+00
-3.365723371505737305e+00
-3.317531824111938477e+00
-7.075717926025390625e+00
-2.581384420394897461e+00
-2.707610607147216797e+00
-6.931512355804443359e+00
-1.196187973022460938e+00
-1.543424963951110840e+00
-2.039350509643554688e+00
-4.934105396270751953e+00
8.960771560668945312e+00
2.189639806747436523e+00
5.479575991630554199e-01
-4.982501506805419922e+00
5.132652282714843750e+00
3.645581245422363281e+00
2.358255863189697266e+00
-1.913401722908020020e+00
1.548541188240051270e+00
-2.232260227203369141e+00
4.672352313995361328e+00
5.627401828765869141e+00
1.139681243896484375e+01
1.002793598175048828e+01
8.555274009704589844e+00
5.755056858062744141e+00
7.735132217407226562e+00
5.864974498748779297e+00
1.105676746368408203e+01
8.626916885375976562e+00
2.339945793151855469e+00
3.661503791809082031e+00
2.759690523147583008e+00
5.392451286315917969e-01
1.435433030128479004e+00
4.596006274223327637e-01
1.925740599632263184e+00
7.258702516555786133e-01
1.623194336891174316e+00
9.201833009719848633e-01
-6.745655059814453125e+00
2.649511337280273438e+00
-7.869635820388793945e-01
-2.774517536163330078e+00
-6.571704149246215820e-01
7.264761924743652344e-01
-3.111673831939697266e+00
1.168938398361206055e+00
-5.939164161682128906e+00
-4.988945007324218750e+00
2.245204746723175049e-01
-4.102910518646240234e+00
-3.726112842559814453e-01
-5.494962215423583984e+00
2.755334854125976562e+00
-2.543854236602783203e+00
-5.267727851867675781e+00
-7.952945232391357422e-01
-4.485127449035644531e+00
4.857053756713867188e-01
-2.805823564529418945e+00
-1.575745105743408203e+00
1.730671763420104980e+00
-3.465371370315551758e+00
1.252040416002273560e-01
-1.198575973510742188e+00
-1.047421991825103760e-01
3.432398557662963867e+00
8.328020572662353516e-01
3.156593799591064453e+00
8.233517408370971680e-01
4.354141235351562500e+00
1.865374803543090820e+00
4.090905666351318359e+00
3.653897523880004883e+00
3.547972917556762695e+00
5.039675712585449219e+00
-1.489195704460144043e+00
4.977071285247802734e-01
2.709733247756958008e-01
1.124484539031982422e+00
1.643390655517578125e+00
-3.879860162734985352e+00
-3.947200059890747070e+00
1.716831445693969727e+00
3.520284891128540039e+00
9.622779488563537598e-01
2.959940433502197266e+00
2.289807796478271484e-02
-3.059418439865112305e+00
2.762799263000488281e+00
1.537761092185974121e+00
1.659838557243347168e+00
-3.229436397552490234e+00
3.939263820648193359e+00
1.260662674903869629e-01
-3.879831790924072266e+00
-2.948852300643920898e+00
1.292753577232360840e+00
-1.190486788749694824e+00
-1.608234167098999023e+00
-2.615930080413818359e+00
-9.773072600364685059e-01
-2.973788976669311523e+00
-1.873956680297851562e+00
-1.049050092697143555e+00
-1.182423353195190430e+00
-3.690159797668457031e+00
-1.415187120437622070e+00
2.731237411499023438e+00
2.129581689834594727e+00
9.903883934020996094e-01
4.270209789276123047e+00
2.724482774734497070e+00
5.061975955963134766e+00
3.416129827499389648e+00
2.459696769714355469e+00
1.623210310935974121e+00
3.334367752075195312e+00
7.359126806259155273e-01
-1.416065931320190430e+00
1.280187368392944336e+00
-1.269484519958496094e+00
-3.757824897766113281e+00
5.770524144172668457e-01
-7.639462351799011230e-01
-3.821807861328125000e+00
-4.499359607696533203e+00
5.574684739112854004e-01
-6.661069393157958984e-01
-2.819397926330566406e+00
-3.557296514511108398e+00
-5.267893671989440918e-01
-3.050086021423339844e+00
-1.562628865242004395e+00
-1.237986326217651367e+00
-4.484101772308349609e+00
-2.904151439666748047e+00
-1.101726293563842773e-01
4.401252567768096924e-01
1.273779392242431641e+00
8.576593399047851562e-01
-2.535538434982299805e+00
-2.567679882049560547e+00
-2.355654239654541016e+00
4.087076485157012939e-01
-5.015543103218078613e-01
-5.598854064941406250e+00
-3.201595067977905273e+00
1.511934280395507812e+00
1.119655132293701172e+00
-5.707688927650451660e-01
-1.514705419540405273e+00
-9.972097277641296387e-01
4.159578800201416016e+00
-2.365829199552536011e-01
-3.153372526168823242e+00
6.449058055877685547e-01
-1.005587935447692871e+00
-7.017429828643798828e+00
-2.085496187210083008e+00
-2.071039915084838867e+00
-4.725209236145019531e+00
-3.389731407165527344e+00
-2.951797962188720703e+00
-3.065156936645507812e-01
-2.729886770248413086e+00
-2.356449842453002930e+00
3.839521855115890503e-02
-6.553585529327392578e-01
4.182488918304443359e-01
-1.991926670074462891e+00
5.824804902076721191e-01
-1.585226535797119141e+00
7.989537715911865234e-01
4.997271537780761719e+00
4.159834384918212891e+00
7.433491945266723633e-01
1.126038074493408203e+00
3.111155271530151367e+00
5.529241561889648438e-01
-6.519764065742492676e-01
-2.935942888259887695e+00
-9.664887189865112305e-01
1.356805324554443359e+00
1.707769393920898438e+00
3.113964200019836426e-01
5.101391077041625977e-01
7.091352939605712891e-01
-4.132106304168701172e+00
-3.342026948928833008e+00
-4.664312303066253662e-01
-3.002825260162353516e+00
-2.255531549453735352e+00
-2.432086467742919922e+00
-9.284396171569824219e-01
2.119290351867675781e+00
-6.981042861938476562e+00
-8.593990325927734375e+00
-2.991404294967651367e+00
-5.019395828247070312e+00
-1.650091290473937988e+00
3.515743613243103027e-01
6.006038188934326172e+00
3.966054677963256836e+00
6.111210823059082031e+00
7.300062656402587891e+00
7.324472427368164062e+00
5.101824283599853516e+00
3.177795886993408203e+00
1.041234874725341797e+01
9.184606552124023438e+00
5.515894412994384766e+00
5.861018180847167969e+00
8.724632263183593750e+00
7.516382694244384766e+00
3.545661926269531250e+00
6.485614776611328125e+00
6.318572998046875000e+00
3.989114284515380859e+00
6.838272094726562500e+00
7.438278675079345703e+00
1.022676181793212891e+01
7.226716995239257812e+00
-1.145033001899719238e+00
-1.826937675476074219e+00
2.026161670684814453e+00
-7.697315216064453125e-01
1.847676277160644531e+00
-2.419099807739257812e-01
3.604607343673706055e+00
-1.078344106674194336e+00
1.110323548316955566e+00
6.007993817329406738e-01
2.093134522438049316e-01
-2.936324596405029297e+00
-2.116932421922683716e-01
-3.212360620498657227e+00
-2.116487741470336914e+00
-5.433117866516113281e+00
-4.219696044921875000e+00
-2.469265937805175781e+00
5.605286955833435059e-01
2.286483764648437500e+00
9.130619168281555176e-01
-4.216295242309570312e+00
-1.143724918365478516e+00
-2.161951541900634766e+00
-2.389026403427124023e+00
-3.605012416839599609e+00
-3.248461723327636719e+00
2.437048554420471191e-01
-1.810303449630737305e+00
5.973578095436096191e-01
-1.159240722656250000e+00
2.286571741104125977e+00
4.043579101562500000e+00
6.582010269165039062e+00
1.486693501472473145e+00
-1.689669847488403320e+00
-4.257571220397949219e+00
-2.523432016372680664e+00
8.170618116855621338e-02
-2.007954359054565430e+00
-5.219828605651855469e+00
-4.682864665985107422e+00
2.868377447128295898e+00
-1.136553764343261719e+00
-9.068876504898071289e-03
-5.529753684997558594e+00
-3.319977760314941406e+00
-2.419976234436035156e+00
-1.483986735343933105e+00
-3.569872856140136719e+00
6.286913156509399414e-01
-7.010951638221740723e-01
-2.913127899169921875e+00
3.292473554611206055e+00
-3.905332803726196289e+00
2.665302753448486328e-01
4.480244636535644531e+00
-2.554107189178466797e+00
-1.195679187774658203e+00
4.920158088207244873e-01
-9.358818531036376953e-01
1.179799079895019531e+00
-5.952672958374023438e-01
-2.107297658920288086e+00
-1.891552925109863281e+00
-1.768999695777893066e+00
-3.929118394851684570e+00
-3.615961313247680664e+00
-8.109325170516967773e-02
-6.421006917953491211e-01
-6.326222419738769531e+00
1.908787131309509277e+00
-8.138465881347656250e-01
-4.246480464935302734e+00
-1.103410363197326660e+00
4.609257221221923828e+00
1.520594239234924316e+00
-4.672432422637939453e+00
-4.704615592956542969e+00
-2.604412317276000977e+00
-2.954805850982666016e+00
-4.576061367988586426e-01
-3.966929197311401367e+00
-4.960078239440917969e+00
-1.629233002662658691e+00
-5.510565757751464844e+00
-1.494840383529663086e+00
-5.988528251647949219e+00
-9.206657409667968750e-01
5.081349015235900879e-01
4.123222351074218750e+00
-5.228366851806640625e-01
-2.070767879486083984e-01
3.029832601547241211e+00
-2.046827554702758789e+00
1.976507425308227539e+00
-7.330585718154907227e-01
-1.066044449806213379e+00
4.039031505584716797e+00
-8.628100156784057617e-01
1.670212149620056152e+00
-2.964109659194946289e+00
-8.253441452980041504e-01
2.244112491607666016e-01
-1.324354648590087891e+00
-7.365598678588867188e-01
7.017877101898193359e-01
3.477324485778808594e+00
2.015371322631835938e+00
1.997817993164062500e+00
-4.371444880962371826e-02
1.138800859451293945e+00
2.048891544342041016e+00
2.372392177581787109e+00
2.741533517837524414e+00
-1.168826341629028320e+00
-3.824989795684814453e-01
-2.236676931381225586e+00
-9.322760105133056641e-01
6.818748712539672852e-01
-5.246391296386718750e-01
-4.028273582458496094e+00
2.684990406036376953e+00
-2.733489751815795898e+00
1.637119054794311523e+00
5.980753302574157715e-01
5.070046186447143555e-01
-4.047473669052124023e-01
-2.287211418151855469e+00
-3.648327887058258057e-01
2.391956090927124023e+00
7.117490768432617188e+00
-9.813999533653259277e-01
-6.063420772552490234e+00
-2.466351985931396484e-01
2.561272859573364258e+00
-3.602207422256469727e+00
-2.440984964370727539e+00
5.465630531311035156e+00
-1.832748770713806152e+00
-2.731701374053955078e+00
1.496447324752807617e+00
3.438120841979980469e+00
-8.120070695877075195e-01
-2.206723928451538086e+00
-6.299192428588867188e+00
-1.519662737846374512e+00
-4.078574180603027344e+00
-4.731791019439697266e+00
8.312674760818481445e-01
-3.519988298416137695e+00
-2.729788303375244141e+00
1.520587563514709473e+00
1.401897430419921875e+00
-4.179326057434082031e+00
-1.738442420959472656e+00
-3.906310319900512695e+00
2.630949020385742188e-02
-6.587338447570800781e+00
-1.158826112747192383e+00
2.772522926330566406e+00
1.614156365394592285e+00
-2.246844291687011719e+00
-1.890303134918212891e+00
-2.152822017669677734e-01
-3.372036814689636230e-01
4.640110492706298828e+00
-3.729396104812622070e+00
1.116227984428405762e+00
-3.078259229660034180e+00
-3.156024694442749023e+00
8.480646610260009766e-01
-8.697355985641479492e-01
1.270739078521728516e+00
-1.018121004104614258e+00
3.997831344604492188e+00
-2.766811370849609375e+00
3.941215276718139648e-01
3.459984064102172852e-01
-3.856587409973144531e-01
-1.862869620323181152e+00
9.562139511108398438e-01
-7.145196199417114258e-03
-1.366838455200195312e+00
-6.424996852874755859e-01
-3.593692779541015625e+00
-3.833217918872833252e-02
-1.290829181671142578e+00
-3.942480564117431641e+00
-6.489673256874084473e-01
-2.990392208099365234e+00
-1.919796705245971680e+00
-8.003461360931396484e-02
-3.132951498031616211e+00
2.199041128158569336e+00
2.794585943222045898e+00
1.765859365463256836e+00
8.462085723876953125e-01
-7.678323388099670410e-01
2.249935150146484375e+00
-1.034416079521179199e+00
5.424523353576660156e-01
1.702182650566101074e+00
-2.196355819702148438e+00
-2.774708509445190430e+00
1.967221140861511230e+00
1.670682549476623535e+00
-9.669881463050842285e-01
1.700698494911193848e+00
2.769773960113525391e+00
8.583976030349731445e-01
1.159548282623291016e+00
1.985548138618469238e+00
-3.130719423294067383e+00
-5.680127620697021484e+00
-7.164856195449829102e-01
3.475835800170898438e+00
7.783694267272949219e-01
4.152606010437011719e+00
-3.379087448120117188e-01
1.680685400962829590e+00
1.041345596313476562e+00
-2.382814884185791016e+00
-4.942864418029785156e+00
-1.898513436317443848e-01
-3.080417633056640625e+00
-2.040412902832031250e+00
6.847273111343383789e-01
3.225574016571044922e+00
-6.757966041564941406e+00
-1.214150190353393555e-01
1.276315689086914062e+00
6.537516713142395020e-01
-3.721657514572143555e+00
-2.091602563858032227e+00
1.227088212966918945e+00
3.110371589660644531e+00
2.396231889724731445e+00
4.621339321136474609e+00
1.230952024459838867e+00
-1.026033639907836914e+00
6.846098899841308594e-01
7.196545600891113281e-03
-4.107962608337402344e+00
-2.228727817535400391e+00
-1.646654605865478516e+00
-2.306740760803222656e+00
-2.350429534912109375e+00
-4.424307346343994141e+00
2.035669535398483276e-01
-2.916653156280517578e+00
-1.239806175231933594e+00
-6.075264930725097656e+00
-8.426467776298522949e-01
-2.364343166351318359e+00
-5.488111376762390137e-01
2.265759557485580444e-01
-3.855389952659606934e-01
-8.972887396812438965e-01
-3.299419403076171875e+00
-6.786617040634155273e-01
-2.394980907440185547e+00
-2.429252147674560547e+00
1.389230608940124512e+00
3.180005550384521484e+00
-5.338585376739501953e-01
1.999006152153015137e+00
1.746939897537231445e+00
1.030445575714111328e+00
-1.558473706245422363e-02
5.500792026519775391e+00
-2.269683837890625000e+00
8.873596191406250000e-01
4.299588203430175781e-01
-2.463535070419311523e+00
-1.006687402725219727e+00
-1.204052686691284180e+00
6.535623073577880859e-01
3.051149845123291016e+00
8.585526943206787109e-01
-2.287729740142822266e+00
9.783620834350585938e-01
-6.969051361083984375e-01
-2.274854630231857300e-01
3.712245464324951172e+00
3.092467188835144043e-01
-2.313662767410278320e+00
2.145939588546752930e+00
-1.422684073448181152e+00
2.366262435913085938e+00
1.853234529495239258e+00
1.580061435699462891e+00
-3.168159127235412598e-01
-6.635829806327819824e-03
1.915073037147521973e+00
4.597844600677490234e+00
-9.530000090599060059e-01
-6.391915082931518555e-01
-4.196064472198486328e-01
2.199006676673889160e-01
-2.053479433059692383e+00
5.426431894302368164e-01
1.523997783660888672e+00
-8.190624713897705078e-01
-5.094723701477050781e-01
-1.633292198181152344e+00
-8.749151229858398438e+00
-3.563793659210205078e+00
-2.861227035522460938e+00
1.799529790878295898e-01
1.649025917053222656e+00
-2.285549163818359375e+00
2.061676979064941406e+00
-5.261829376220703125e+00
-2.236591577529907227e-01
2.519005060195922852e+00
1.989982843399047852e+00
2.216482877731323242e+00
4.250719070434570312e+00
-7.801731109619140625e+00
3.196488380432128906e+00
-2.409312486648559570e+00
2.596106052398681641e+00
3.202153205871582031e+00
8.262017369270324707e-01
-1.391250729560852051e+00
1.017078161239624023e+00
-1.612031817436218262e+00
-5.561314105987548828e+00
3.306149959564208984e+00
4.147400379180908203e+00
-3.977482795715332031e+00
-3.426639795303344727e+00
-4.859877586364746094e+00
7.041945457458496094e-01
-3.263965368270874023e+00
-7.190608024597167969e+00
7.587157726287841797e+00
-1.954508781433105469e+00
9.340007305145263672e-01
-2.560559272766113281e+00
-2.105969786643981934e-01
-3.348560333251953125e+00
3.532946109771728516e-03
-3.527481555938720703e+00
-2.784751892089843750e+00
-6.560621261596679688e-01
-6.534411311149597168e-01
1.299070358276367188e+00
-4.326459407806396484e+00
-6.697403192520141602e-01
-1.087364554405212402e+00
-2.717419862747192383e+00
5.765829086303710938e-01
3.555421233177185059e-01
2.886579036712646484e+00
8.937765359878540039e-01
-2.177692651748657227e-01
-1.551140069961547852e+00
2.104278564453125000e+00
-6.007941961288452148e-01
-3.016980409622192383e+00
1.404604434967041016e+00
-2.543056011199951172e-01
-2.644717216491699219e+00
-4.311607360839843750e+00
-2.255573034286499023e+00
3.441954612731933594e+00
-1.688704729080200195e+00
-2.540834903717041016e+00
4.304553508758544922e+00
3.407689809799194336e+00
-1.980414628982543945e+00
-2.974694013595581055e+00
-2.899909019470214844e+00
2.605226039886474609e+00
4.118756651878356934e-01
-4.582938849925994873e-01
2.939088344573974609e+00
-1.576426029205322266e-01
6.529423236846923828e+00
2.067964553833007812e+00
-3.969285964965820312e+00
1.361405014991760254e+00
-3.268875360488891602e+00
-2.772769451141357422e+00
-1.910041272640228271e-02
-9.214597940444946289e-02
5.104628562927246094e+00
2.441657066345214844e+00
1.967549681663513184e+00
7.901049256324768066e-01
-2.011155486106872559e-01
-4.960691928863525391e+00
-2.460306167602539062e+00
-8.693540096282958984e-02
-2.796603202819824219e+00
-3.023533344268798828e+00
-2.609282493591308594e+00
-1.541925191879272461e+00
4.420473098754882812e+00
3.758531570434570312e+00
1.838142991065979004e+00
-3.172864913940429688e+00
1.976936817169189453e+00
-3.981142282485961914e+00
1.606923699378967285e+00
1.818357348442077637e+00
-1.386485576629638672e+00
-4.882992744445800781e+00
3.469733715057373047e+00
-1.903609037399291992e+00
3.535667896270751953e+00
-3.208607912063598633e+00
1.129126787185668945e+00
1.897041082382202148e+00
1.155878067016601562e+00
1.695081949234008789e+00
-1.963955402374267578e+00
-7.804805636405944824e-01
9.946119785308837891e-02
3.802776634693145752e-01
-6.836841583251953125e+00
-6.864755630493164062e+00
-4.021009445190429688e+00
3.136782169342041016e+00
1.683026194572448730e+00
1.156614184379577637e+00
-5.776196718215942383e-01
6.501060724258422852e-01
-2.934337854385375977e+00
2.635235786437988281e+00
1.316250085830688477e+00
-1.353808939456939697e-01
-5.428723335266113281e+00
-1.278044223785400391e+00
-4.721415519714355469e+00
-5.486782193183898926e-01
3.635950803756713867e+00
-2.394276857376098633e+00
-1.146318435668945312e+00
-1.623059272766113281e+00
1.094188809394836426e+00
-7.139317393302917480e-01
9.050900936126708984e-01
-2.071077585220336914e+00
9.326226711273193359e-01
5.560837388038635254e-01
2.376188039779663086e+00
8.638712167739868164e-01
-5.608603954315185547e-01
3.959414064884185791e-01
-2.579859972000122070e+00
1.696815967559814453e+00
1.621646285057067871e+00
8.340960144996643066e-01
2.314229011535644531e+00
-2.169198036193847656e+00
-2.328485250473022461e-02
-3.870079278945922852e+00
-8.718894720077514648e-01
1.606866240501403809e+00
-1.254876255989074707e+00
1.596475958824157715e+00
2.076956748962402344e+00
-3.192708015441894531e+00
-1.596407055854797363e+00
-3.565710067749023438e+00
8.465425372123718262e-01
1.513198256492614746e+00
1.867566108703613281e+00
-1.331466674804687500e+00
-1.845440149307250977e+00
3.545905828475952148e+00
6.813593864440917969e+00
4.692698478698730469e+00
-3.669639825820922852e-01
-2.704163074493408203e+00
7.296696305274963379e-01
-2.302077054977416992e+00
4.771229743957519531e+00
-2.721865892410278320e+00
-4.150979042053222656e+00
3.201776742935180664e-01
3.886227607727050781e+00
1.253545522689819336e+00
3.659228384494781494e-01
1.165021061897277832e+00
5.487704277038574219e-01
-2.475039005279541016e+00
6.589683890342712402e-01
-4.093313813209533691e-01
-1.874939680099487305e+00
-1.979275941848754883e+00
8.773296356201171875e+00
2.058987140655517578e+00
-5.441418170928955078e+00
-6.362224817276000977e-01
-2.986249327659606934e-02
-6.412244796752929688e+00
-5.020067214965820312e+00
-1.253270506858825684e+00
-1.572803974151611328e+00
2.552214145660400391e+00
-3.850923061370849609e+00
3.251103401184082031e+00
-4.127954483032226562e+00
-1.547220945358276367e-01
-1.416693091392517090e+00
3.026176929473876953e+00
-1.285180211067199707e+00
7.378087043762207031e-01
-2.965452909469604492e+00
-1.812249302864074707e+00
-6.492383003234863281e+00
3.078842163085937500e-01
8.153200149536132812e-03
3.124253273010253906e+00
-1.952434301376342773e+00
1.209505558013916016e+00
1.265391111373901367e+00
4.370905399322509766e+00
1.906504392623901367e+00
7.334662675857543945e-01
3.739358186721801758e-01
-4.319778084754943848e-02
-5.696612358093261719e+00
-1.379382610321044922e+00
-1.590445876121520996e+00
2.647521257400512695e+00
4.470703125000000000e+00
1.507832884788513184e+00
-3.333254814147949219e+00
1.394645094871520996e+00
-2.286767363548278809e-01
-1.504404783248901367e+00
8.523464798927307129e-01
-3.200106620788574219e+00
-2.043287277221679688e+00
-2.702390670776367188e+00
-2.254527330398559570e+00
-9.409595727920532227e-01
-3.222620487213134766e+00
-7.956045269966125488e-01
-4.590624332427978516e+00
-2.433239459991455078e+00
-8.344317674636840820e-01
2.646961927413940430e+00
-8.614754676818847656e-01
-5.669978260993957520e-01
-2.501518726348876953e+00
2.891076326370239258e+00
-1.280534386634826660e+00
-7.219664573669433594e+00
1.556972265243530273e+00
-2.919020175933837891e+00
-3.094305276870727539e+00
-2.759343624114990234e+00
3.593970298767089844e+00
-1.139166355133056641e+00
-1.579609394073486328e+00
-3.031286597251892090e-01
1.528934240341186523e+00
-3.683925390243530273e+00
9.760869741439819336e-01
3.104823231697082520e-01
-2.083559989929199219e+00
-5.296479701995849609e+00
1.447962999343872070e+00
6.184803485870361328e+00
-2.531762599945068359e+00
2.801148414611816406e+00
1.238434791564941406e+00
2.777266979217529297e+00
-1.658165097236633301e+00
-9.051666855812072754e-01
1.505099296569824219e+00
1.919387221336364746e+00
4.107007682323455811e-01
2.996925115585327148e+00
-3.807541370391845703e+00
5.707311630249023438e+00
1.619696617126464844e+00
7.636659622192382812e+00
2.431455612182617188e+00
-1.499629259109497070e+00
3.591237306594848633e+00
-2.883475542068481445e+00
-2.897617101669311523e+00
3.327870666980743408e-01
3.994535923004150391e+00
-2.600116014480590820e+00
1.607577800750732422e+00
-5.675372123718261719e+00
-3.088165223598480225e-01
2.225575685501098633e+00
3.450577735900878906e+00
-1.260365366935729980e+00
-1.253255486488342285e+00
-2.979991436004638672e+00
6.158618450164794922e+00
4.302986562252044678e-01
-1.321732401847839355e-01
-1.188343405723571777e+00
1.038482785224914551e-02
-4.539428234100341797e+00
-3.193872690200805664e+00
-1.467299103736877441e+00
1.950537443161010742e+00
-1.341886281967163086e+00
-5.472544670104980469e+00
-1.155918598175048828e+00
-4.301628112792968750e+00
-2.301720619201660156e+00
-2.432512521743774414e+00
-3.627839088439941406e+00
2.533073425292968750e-01
1.557983875274658203e+00
-8.997481316328048706e-02
-1.374438762664794922e+00
-4.081240653991699219e+00
-1.990162491798400879e+00
-1.179887294769287109e+00
-6.181862354278564453e-01
-2.031747698783874512e-01
2.719221591949462891e+00
-1.174680233001708984e+00
4.434969425201416016e-01
6.360232830047607422e-02
1.457520842552185059e+00
-1.345505714416503906e+00
-1.041276812553405762e+00
-9.563384950160980225e-02
4.047157287597656250e+00
-4.505191326141357422e+00
-3.119665861129760742e+00
-6.272193789482116699e-02
-2.787387847900390625e+00
6.425994038581848145e-01
-1.224754214286804199e+00
-5.277624607086181641e+00
-2.885716915130615234e+00
-2.031093835830688477e+00
-4.868789196014404297e+00
-2.065198898315429688e+00
1.985456228256225586e+00
-3.994336366653442383e+00
-7.781699299812316895e-01
1.933175921440124512e-01
1.614939212799072266e+00
3.897039413452148438e+00
5.658838152885437012e-01
2.529073715209960938e+00
-2.670426130294799805e+00
-2.852206230163574219e-01
-2.156347274780273438e+00
3.338332176208496094e-01
3.261377334594726562e+00
-4.950815677642822266e+00
-1.286545276641845703e+00
7.826212644577026367e-01
-3.545157909393310547e+00
8.344441413879394531e+00
8.232961297035217285e-01
2.065410852432250977e+00
3.542223215103149414e+00
-2.629844427108764648e+00
-1.129498600959777832e+00
7.701540946960449219e+00
-6.465202569961547852e-01
-2.438745021820068359e+00
-1.609277725219726562e-02
-5.222706317901611328e+00
-1.882421255111694336e+00
-8.897413611412048340e-01
-4.032800197601318359e+00
-1.603791952133178711e+00
1.044626474380493164e+00
7.134884595870971680e-01
