6.158808469772338867e-01
2.393491506576538086e+00
-8.806222677230834961e-01
6.015751361846923828e-01
1.311870217323303223e+00
-1.616874098777770996e+00
8.140813112258911133e-01
-3.530663013458251953e+00
-3.508644104003906250e+00
1.281140208244323730e+00
-2.362561821937561035e-01
-1.378617405891418457e+00
-1.671116590499877930e+00
-5.567457675933837891e-01
3.122981786727905273e+00
-6.225674748420715332e-01
-4.859934806823730469e+00
7.635475397109985352e-01
-3.763050138950347900e-01
-7.720245122909545898e-01
-4.261442661285400391e+00
-1.481251597404479980e+00
-4.512794494628906250e+00
-1.534021854400634766e+00
2.645138740539550781e+00
-3.070012569427490234e+00
-4.388689994812011719e-04
-1.398379445075988770e+00
-8.901916742324829102e-01
-3.584567070007324219e+00
-3.354758501052856445e+00
-7.008285522460937500e-01
-2.964355468750000000e+00
3.054243922233581543e-01
1.891007900238037109e+00
-1.573932051658630371e+00
1.118170261383056641e+00
-1.211798429489135742e+00
1.176527738571166992e+00
2.628216981887817383e+00
4.947204589843750000e-01
-2.127516508102416992e+00
4.795274257659912109e+00
5.415716171264648438e+00
9.777989387512207031e-01
-5.481675267219543457e-01
1.145792961120605469e+00
6.390070438385009766e+00
2.614898681640625000e+00
-8.579584956169128418e-01
1.897479295730590820e+00
1.926814436912536621e+00
-4.107666015625000000e-02
2.131772041320800781e-01
2.739799976348876953e+00
2.225487232208251953e+00
4.272374629974365234e+00
-8.569541573524475098e-01
1.198901891708374023e+00
1.394713759422302246e+00
2.052596569061279297e+00
3.519508838653564453e+00
2.855919122695922852e+00
1.417359590530395508e+00
3.214679956436157227e+00
4.330474376678466797e+00
6.092994689941406250e+00
3.773080587387084961e+00
4.889036655426025391e+00
1.347049832344055176e+00
-4.524690628051757812e+00
-2.277843952178955078e+00
-2.634592294692993164e+00
-3.145651102066040039e+00
-1.919531822204589844e+00
-1.339352369308471680e+00
-1.583367347717285156e+00
-2.566956043243408203e+00
-1.277369558811187744e-01
-4.067191481590270996e-02
1.821418404579162598e+00
-1.626903057098388672e+00
-2.005567997694015503e-01
-4.027655124664306641e-01
2.011618137359619141e+00
-4.338820934295654297e+00
-1.613353967666625977e+00
7.211066484451293945e-01
5.072963714599609375e+00
-1.274416208267211914e+00
1.454480409622192383e+00
-9.298121929168701172e-01
7.006667852401733398e-01
-1.537051677703857422e+00
3.160706281661987305e+00
-1.553693771362304688e+00
2.211237430572509766e+00
2.167922258377075195e-01
-2.180627584457397461e-01
-4.169028997421264648e-01
-2.828029394149780273e-01
2.300951242446899414e+00
-4.945507049560546875e+00
2.686842203140258789e+00
-6.825368404388427734e-01
-1.575566768646240234e+00
-2.979697585105895996e-01
2.197642803192138672e+00
1.131664156913757324e+00
5.675156116485595703e+00
-2.964835464954376221e-01
2.107261657714843750e+00
-4.909848570823669434e-01
-7.696841359138488770e-01
-3.487021028995513916e-01
-7.050024271011352539e-01
-4.170723557472229004e-01
2.840338945388793945e+00
-1.085180759429931641e+00
-1.001543045043945312e+00
-3.110200166702270508e+00
-2.316771984100341797e+00
-1.323650121688842773e+00
-4.985388755798339844e+00
-2.927048206329345703e+00
5.798627138137817383e-01
-9.360272884368896484e-01
-2.494513511657714844e+00
3.673778772354125977e-01
5.373417735099792480e-01
-6.366958022117614746e-01
3.235530853271484375e-01
1.268416881561279297e+00
-1.413319230079650879e+00
-1.476959466934204102e+00
-3.354564666748046875e+00
-1.608283519744873047e-01
-2.271844863891601562e+00
-1.532744765281677246e+00
-1.825496435165405273e+00
-2.405919790267944336e+00
4.251571893692016602e-01
-5.621780753135681152e-01
-1.398010134696960449e+00
3.808201551437377930e+00
1.347914695739746094e+00
-3.027636051177978516e+00
2.601502180099487305e+00
3.207492351531982422e+00
1.862691044807434082e+00
1.507733911275863647e-01
-1.295592188835144043e-01
-4.862584590911865234e+00
6.065117716789245605e-01
-1.504462003707885742e+00
-1.543079376220703125e+00
-1.624779939651489258e+00
-2.073901176452636719e+00
-5.843226909637451172e-01
2.171738862991333008e+00
-5.939751625061035156e+00
1.311954379081726074e+00
3.466608762741088867e+00
-1.512981891632080078e+00
4.053950309753417969e+00
2.935041427612304688e+00
2.664176940917968750e+00
3.863347768783569336e-01
1.292462706565856934e+00
-5.113863945007324219e-01
8.230864405632019043e-01
2.098226547241210938e+00
3.678832054138183594e-01
1.619192957878112793e+00
-5.144298076629638672e-01
-1.794063925743103027e+00
9.184504747390747070e-01
1.113181114196777344e+00
3.884889602661132812e+00
6.975248456001281738e-01
7.582175731658935547e-01
3.340506792068481445e+00
-1.041836589574813843e-01
4.524321556091308594e+00
-1.931927800178527832e+00
2.571314334869384766e+00
-2.215001583099365234e+00
1.538048982620239258e+00
1.153732180595397949e+00
7.414493560791015625e-01
1.692302703857421875e+00
-1.435183405876159668e+00
-8.709155917167663574e-01
-1.435679197311401367e-01
-1.728065848350524902e+00
6.661075353622436523e-01
-5.353612899780273438e-01
1.480020284652709961e+00
6.511360406875610352e-01
1.666865110397338867e+00
1.243771791458129883e+00
1.779191017150878906e+00
-8.594663143157958984e-01
2.065168619155883789e+00
2.853704988956451416e-01
8.426362872123718262e-01
2.806612253189086914e+00
-1.590819835662841797e+00
4.396154403686523438e+00
2.849897146224975586e+00
4.320260524749755859e+00
2.810918092727661133e+00
7.318758368492126465e-01
-9.067000746726989746e-01
-4.803890883922576904e-01
1.762953042984008789e+00
8.033723831176757812e-01
2.177573680877685547e+00
-4.007967114448547363e-01
-3.872006237506866455e-01
-2.905700445175170898e+00
-1.005688190460205078e+00
-5.133225321769714355e-01
1.919093728065490723e+00
-1.813668489456176758e+00
-2.613516807556152344e+00
1.584340810775756836e+00
-1.159573316574096680e+00
-9.757490158081054688e-01
2.558707714080810547e+00
-3.321105957031250000e+00
1.015497684478759766e+00
1.230762481689453125e+00
2.317587584257125854e-01
3.365265130996704102e+00
-1.979809999465942383e+00
-1.296846941113471985e-02
2.675158262252807617e+00
4.717609405517578125e+00
-1.106101036071777344e+00
2.196323156356811523e+00
2.274683475494384766e+00
1.712804317474365234e+00
1.534903764724731445e+00
1.318852901458740234e-01
1.553783416748046875e+00
1.825332403182983398e+00
2.538636445999145508e+00
2.350951671600341797e+00
-1.124038338661193848e+00
-1.414889812469482422e+00
1.145180463790893555e+00
-4.783447980880737305e-01
-7.716585397720336914e-01
5.572597026824951172e+00
-5.617079734802246094e-01
1.831590652465820312e+00
-1.083985567092895508e+00
-3.198601007461547852e-01
-2.144925594329833984e+00
-1.273403644561767578e+00
-1.052509665489196777e+00
-1.342090368270874023e+00
-9.476605057716369629e-02
2.556823730468750000e+00
7.922402024269104004e-01
-3.484816551208496094e+00
-1.521292686462402344e+00
-3.740685939788818359e+00
-1.967813611030578613e+00
-4.610838890075683594e+00
-4.397227764129638672e+00
-5.450173020362854004e-01
-1.207973122596740723e+00
-5.729818344116210938e+00
-5.573696136474609375e+00
-5.170557022094726562e+00
-2.785880088806152344e+00
-4.547240257263183594e+00
7.403122186660766602e-01
-3.047117471694946289e+00
2.073459863662719727e+00
3.052155971527099609e-01
-3.907738924026489258e-01
-2.174551486968994141e+00
-6.942611932754516602e-01
4.487763643264770508e-01
-4.389614582061767578e+00
-1.002569913864135742e+00
-1.255398273468017578e+00
-7.468268871307373047e-01
-2.848060131072998047e+00
1.380135655403137207e+00
-9.521726369857788086e-01
-2.175343990325927734e+00
5.769674777984619141e-01
-6.644701361656188965e-01
-2.297433614730834961e+00
-7.805554866790771484e-01
-4.348884105682373047e+00
-1.904870152473449707e+00
1.935349464416503906e+00
-9.423254728317260742e-01
-7.187420725822448730e-01
-1.045120716094970703e+00
-2.362716197967529297e+00
-2.536484479904174805e+00
1.750985741615295410e+00
4.380048513412475586e-01
1.298820734024047852e+00
2.767276763916015625e+00
-1.604979872703552246e+00
-3.474982738494873047e+00
1.570152044296264648e-01
-1.899578809738159180e+00
-2.010806560516357422e+00
-1.049218058586120605e+00
3.768759369850158691e-01
8.432298898696899414e-01
3.178323030471801758e+00
4.486365318298339844e-01
3.228489160537719727e+00
1.295074105262756348e+00
1.196262240409851074e+00
-8.574899435043334961e-01
6.882715225219726562e-01
6.898435354232788086e-01
-1.108977794647216797e+00
-2.366864383220672607e-01
4.523362219333648682e-01
2.438893318176269531e+00
-2.924943268299102783e-01
2.723276615142822266e-01
3.254028320312500000e+00
-5.091155052185058594e+00
-3.256448745727539062e+00
6.752203702926635742e-01
-1.487387895584106445e+00
3.281444311141967773e+00
3.739491105079650879e-01
1.418950796127319336e+00
-6.964830756187438965e-01
-2.528541326522827148e+00
5.890706777572631836e-01
-8.253772258758544922e-01
1.767950534820556641e+00
1.840026021003723145e+00
-9.475371241569519043e-02
1.698511719703674316e+00
-9.461610317230224609e-01
-1.671127557754516602e+00
-3.565956115722656250e+00
-5.447247505187988281e+00
-4.771749019622802734e+00
1.411101937294006348e+00
-2.975028514862060547e+00
-1.708392381668090820e+00
2.729919433593750000e+00
1.605542749166488647e-01
-1.925269067287445068e-01
4.395550191402435303e-01
-2.679883241653442383e-01
-2.603981971740722656e+00
-9.467840790748596191e-01
-1.050265431404113770e+00
-1.637902021408081055e+00
-1.167808532714843750e+00
-1.958569765090942383e+00
-2.309046030044555664e+00
-1.511413156986236572e-01
-2.221961975097656250e+00
-3.191795349121093750e+00
-6.625925064086914062e+00
-2.744801759719848633e+00
-2.729463815689086914e+00
-2.480695247650146484e+00
-5.492252707481384277e-01
-2.497866630554199219e+00
-1.960814714431762695e+00
-1.914004325866699219e+00
-2.985408544540405273e+00
-2.276913404464721680e+00
-2.978486299514770508e+00
-1.926226973533630371e+00
-7.938609719276428223e-01
4.714089870452880859e+00
4.203011035919189453e+00
-2.292467117309570312e+00
-1.420902013778686523e+00
-1.695833683013916016e+00
4.476416707038879395e-01
-1.591745615005493164e-01
6.337463855743408203e+00
4.842274665832519531e+00
-8.562144041061401367e-01
-1.424823403358459473e-01
2.991943359375000000e+00
2.271101474761962891e+00
-1.514610767364501953e+00
-3.971420526504516602e-01
3.766117691993713379e-01
-2.017389297485351562e+00
1.128501296043395996e+00
-2.765318870544433594e+00
-1.611244201660156250e+00
4.334159374237060547e+00
-2.720509529113769531e+00
-3.786058664321899414e+00
4.876123666763305664e-01
3.298962593078613281e+00
7.561109662055969238e-01
-6.620997786521911621e-01
-1.509676694869995117e+00
-2.455128431320190430e+00
3.316115379333496094e+00
6.925151944160461426e-01
-2.703227043151855469e+00
5.407737731933593750e+00
-1.541973710060119629e+00
4.236288070678710938e+00
-1.462221443653106689e-01
-7.715187072753906250e-01
-6.392828226089477539e-01
-2.458739757537841797e+00
2.059788703918457031e-01
4.467610359191894531e+00
1.892067670822143555e+00
1.361723423004150391e+00
2.757656574249267578e-02
3.359059810638427734e+00
-1.638753652572631836e+00
1.668103694915771484e+00
-7.091814875602722168e-01
1.650805234909057617e+00
4.669809341430664062e+00
3.056680202484130859e+00
1.207848310470581055e+00
9.588026404380798340e-01
-2.091128349304199219e+00
1.881177186965942383e+00
-1.678973555564880371e+00
1.375304162502288818e-01
-1.740809440612792969e+00
6.648160934448242188e+00
-1.074941873550415039e+00
-9.071068167686462402e-01
3.787841796875000000e-01
2.601809263229370117e+00
-1.421194553375244141e+00
2.095000743865966797e+00
1.261053323745727539e+00
4.537793993949890137e-02
4.576601505279541016e+00
-1.336043596267700195e+00
-4.600486278533935547e+00
1.956537842750549316e+00
-1.773119688034057617e+00
4.388361454010009766e+00
-8.658644556999206543e-01
-1.096197128295898438e+00
5.080426931381225586e-01
-2.492901802062988281e+00
1.681947588920593262e+00
3.860836029052734375e+00
2.232022047042846680e+00
-4.650608062744140625e+00
-3.250320911407470703e+00
-6.086612701416015625e+00
-6.161050796508789062e+00
-1.832071423530578613e+00
4.477824270725250244e-01
-1.741255164146423340e+00
1.607437491416931152e+00
-3.774452209472656250e-01
7.302829265594482422e+00
2.708036638796329498e-02
-1.463852643966674805e+00
-2.178758144378662109e+00
9.309432506561279297e-01
-2.954526185989379883e+00
-1.045469999313354492e+00
1.395977020263671875e+00
-8.682663440704345703e-01
-9.050818085670471191e-01
-3.223508834838867188e+00
-1.373561263084411621e+00
-1.282623052597045898e+00
4.417150497436523438e+00
9.218984842300415039e-01
2.174877166748046875e+00
4.020384311676025391e+00
-2.936490535736083984e+00
-1.961026191711425781e-01
-1.412942409515380859e+00
-1.749742627143859863e+00
-1.090588808059692383e+00
3.288465499877929688e+00
9.907844066619873047e-01
1.990812063217163086e+00
-8.329472541809082031e-01
-2.372702121734619141e+00
3.464577674865722656e+00
1.989453554153442383e+00
-6.618967056274414062e-01
2.641264200210571289e+00
-7.867529392242431641e-01
4.052276015281677246e-01
-9.969572424888610840e-01
-3.581511020660400391e+00
-2.033769130706787109e+00
4.386824965476989746e-01
-2.399938404560089111e-01
-4.544913768768310547e+00
-1.862688541412353516e+00
3.239297628402709961e+00
1.867256641387939453e+00
2.182250976562500000e+00
-6.349381208419799805e-01
3.824157714843750000e+00
1.113343238830566406e-02
6.769517660140991211e-01
-2.358036041259765625e+00
2.200218737125396729e-01
-1.050676822662353516e+00
-2.214564800262451172e+00
-7.296454310417175293e-01
-2.953378200531005859e+00
-1.743582963943481445e+00
-3.567605733871459961e+00
1.295930147171020508e+00
1.247898340225219727e-01
-7.511489987373352051e-01
-1.536896944046020508e+00
5.471495628356933594e+00
-5.003743171691894531e+00
-5.811346530914306641e+00
-3.065774142742156982e-01
3.449567317962646484e+00
-6.985039710998535156e-01
2.761720180511474609e+00
4.525257349014282227e-01
-4.487478733062744141e-01
4.031050205230712891e-01
-8.014236688613891602e-01
-1.013587951660156250e+00
3.110237360000610352e+00
-3.439802169799804688e+00
-4.431972503662109375e-01
-3.147392749786376953e+00
4.398333549499511719e+00
-5.005076885223388672e+00
1.457552552223205566e+00
3.253849744796752930e+00
-1.346423387527465820e+00
1.257172346115112305e+00
-1.341814994812011719e+00
6.460109949111938477e-01
3.872325897216796875e+00
-4.962796866893768311e-01
-5.843715667724609375e-01
3.147824048995971680e+00
-4.769515037536621094e+00
4.632370471954345703e+00
-1.409386634826660156e+00
-1.959043025970458984e+00
2.106212377548217773e+00
-1.195745825767517090e+00
-2.068408012390136719e+00
2.398576736450195312e+00
-1.293888211250305176e+00
4.429313659667968750e+00
-5.992586135864257812e+00
6.000788211822509766e-01
-4.462794780731201172e+00
4.262675344944000244e-01
-4.108575344085693359e+00
-4.517290592193603516e+00
-1.399418354034423828e+00
-2.996363878250122070e+00
-1.141575336456298828e+00
1.620116233825683594e-01
-3.130927681922912598e-01
-3.488380432128906250e+00
-1.998917818069458008e+00
7.919649124145507812e+00
4.326357364654541016e+00
-2.397155761718750000e+00
9.201557636260986328e-01
6.539342403411865234e+00
-1.040152788162231445e+00
-1.188017964363098145e+00
5.445286750793457031e+00
-8.970543742179870605e-01
2.607680320739746094e+00
-1.966736912727355957e+00
-1.354202985763549805e+00
2.264539718627929688e+00
-2.243726253509521484e+00
-5.319501757621765137e-01
4.522634983062744141e+00
8.865689635276794434e-01
-5.607698559761047363e-01
-1.713927984237670898e+00
-2.322789907455444336e+00
-1.355603814125061035e+00
5.378070473670959473e-01
-2.851959705352783203e+00
-4.786823093891143799e-01
2.870402812957763672e+00
-1.371350169181823730e+00
3.410876750946044922e+00
7.867810726165771484e+00
2.864060401916503906e-01
-3.836667299270629883e+00
2.649158954620361328e+00
2.560207247734069824e-01
4.915688514709472656e+00
2.015329360961914062e+00
5.967440605163574219e-01
7.848937511444091797e-01
1.684079408645629883e+00
-1.316920876502990723e+00
4.367125332355499268e-01
4.405711591243743896e-01
-2.062534809112548828e+00
-3.218749761581420898e-01
7.266544699668884277e-01
-7.110675334930419922e+00
1.751468181610107422e+00
-1.418489456176757812e+00
-1.269090771675109863e-01
1.470261335372924805e+00
2.626433849334716797e+00
1.976175904273986816e-01
-3.094721138477325439e-01
4.363243877887725830e-01
9.526668190956115723e-01
8.639323711395263672e-01
9.863027334213256836e-01
1.904484272003173828e+00
-2.398097038269042969e+00
1.739610552787780762e+00
-2.395673841238021851e-01
4.502304077148437500e+00
-1.660816669464111328e-01
7.065702080726623535e-01
1.398725032806396484e+00
1.162781715393066406e+00
-4.193987846374511719e+00
1.444292545318603516e+00
-1.541499495506286621e+00
-1.849997043609619141e+00
-9.469052553176879883e-01
-1.531450033187866211e+00
-2.888230800628662109e+00
4.568345844745635986e-01
-1.186476349830627441e+00
-2.121567249298095703e+00
1.270787715911865234e+01
1.014861941337585449e+00
1.835429430007934570e+00
2.802088260650634766e-01
-2.426208257675170898e+00
1.989445388317108154e-01
-1.595092058181762695e+00
-3.734409332275390625e+00
-1.247520923614501953e+00
8.628294467926025391e-01
-6.990031599998474121e-01
1.543152332305908203e+00
-3.679919242858886719e+00
-2.094692736864089966e-01
4.248219966888427734e+00
-2.106804370880126953e+00
-1.430571317672729492e+00
-1.986335754394531250e+00
1.368181705474853516e+00
-1.454682230949401855e+00
1.425295352935791016e+00
6.425806283950805664e-01
2.389827728271484375e+00
-1.722861766815185547e+00
-2.127642869949340820e+00
-7.602744698524475098e-01
-2.713195085525512695e+00
-1.831648349761962891e+00
2.628684341907501221e-01
-2.591934919357299805e+00
-1.535746097564697266e+00
-9.360688924789428711e-02
-3.460240364074707031e-02
4.030024051666259766e+00
2.579888820648193359e+00
2.219328403472900391e+00
1.728340625762939453e+00
-2.866302967071533203e+00
1.859450340270996094e+00
5.652856230735778809e-01
-1.499287962913513184e+00
1.394644141197204590e+00
3.651778936386108398e+00
9.128876686096191406e+00
-4.446657180786132812e+00
-4.168935298919677734e+00
3.632247447967529297e-03
-2.969918489456176758e+00
-4.272279739379882812e+00
3.909983336925506592e-01
-2.567922353744506836e+00
2.646251678466796875e+00
2.072165250778198242e+00
9.759140014648437500e-01
7.076585888862609863e-01
-2.494448661804199219e+00
2.646673202514648438e+00
-1.074169874191284180e+00
1.032829046249389648e+00
-2.958989143371582031e+00
-1.636179089546203613e+00
1.527188777923583984e+00
-1.889566898345947266e+00
2.547574281692504883e+00
3.476154327392578125e+00
2.899253129959106445e+00
1.487507939338684082e+00
-6.722940206527709961e-01
-2.059447765350341797e+00
2.529820442199707031e+00
3.050538063049316406e+00
-6.573581099510192871e-01
-8.438771963119506836e-02
2.852413177490234375e+00
-1.713210344314575195e+00
-8.443489074707031250e-01
-6.360459804534912109e+00
8.049364089965820312e+00
-1.678126335144042969e+00
-3.933892965316772461e+00
1.840972542762756348e+00
6.847493052482604980e-01
-3.533700466156005859e+00
3.611903429031372070e+00
-2.270992994308471680e+00
-1.673258304595947266e+00
-1.119610071182250977e+00
-2.147695064544677734e+00
4.861637115478515625e+00
9.291561841964721680e-01
4.351393699645996094e+00
2.460098266601562500e-01
1.101161479949951172e+00
-2.666110277175903320e+00
2.642130851745605469e-02
6.395510435104370117e-01
-1.449604034423828125e+00
2.116607427597045898e+00
1.382544636726379395e+00
-3.205437183380126953e+00
-1.012779951095581055e+00
3.806024193763732910e-01
-2.435436487197875977e+00
1.375918388366699219e+00
-4.185288429260253906e+00
-3.443672895431518555e+00
-3.554752826690673828e+00
-1.070450067520141602e+00
-4.440817832946777344e+00
-1.101053595542907715e+00
8.576861023902893066e-01
3.182510137557983398e-01
9.341250658035278320e-01
-3.550244569778442383e+00
3.078943252563476562e+00
-4.221514225006103516e+00
1.852898120880126953e+00
3.196399211883544922e+00
-1.567177295684814453e+00
-2.525890827178955078e+00
-6.168545246124267578e+00
-1.181520104408264160e+00
-2.009913921356201172e+00
-1.835704803466796875e+00
-1.526208281517028809e+00
1.551606655120849609e+00
1.535009145736694336e+00
-9.040476083755493164e-01
-4.404772758483886719e+00
4.611030101776123047e+00
-3.804479122161865234e+00
1.286867260932922363e-01
-1.077786922454833984e+00
9.540488719940185547e-01
6.244135856628417969e+00
1.284887313842773438e+00
1.481162190437316895e+00
6.806428432464599609e+00
8.860657691955566406e+00
1.235217213630676270e+00
-2.287012815475463867e+00
-3.687220573425292969e+00
-5.234338283538818359e+00
1.429047346115112305e+00
1.127758026123046875e-01
1.840158700942993164e-01
-4.385342121124267578e+00
2.648777484893798828e+00
6.923754692077636719e+00
2.652692794799804688e+00
5.369091510772705078e+00
1.333509922027587891e+00
-4.737339019775390625e+00
-7.766045331954956055e-01
1.288952589035034180e+00
-7.829391360282897949e-01
1.313799858093261719e+00
3.655974268913269043e-01
7.497098922729492188e+00
-3.146859169006347656e+00
-1.576341509819030762e+00
-1.479253292083740234e+00
-4.352308511734008789e-01
-1.670197963714599609e+00
2.154119014739990234e+00
1.290329217910766602e+00
7.238214492797851562e+00
9.279566407203674316e-01
1.821267247200012207e+00
-4.801331520080566406e+00
3.494494915008544922e+00
-3.624438762664794922e+00
-4.615901947021484375e+00
-7.885360717773437500e-01
1.356030225753784180e+00
-1.358438611030578613e+00
-1.718196272850036621e+00
1.014143943786621094e+00
2.787249565124511719e+00
1.514234423637390137e+00
1.174750328063964844e+00
-1.369240760803222656e+00
3.886241197586059570e+00
4.357036113739013672e+00
1.135516881942749023e+00
-4.798316955566406250e-01
-3.090633749961853027e-01
1.121656894683837891e-01
-7.810307145118713379e-01
-2.712665796279907227e+00
-1.925848722457885742e+00
-1.159060120582580566e+00
2.801714420318603516e+00
1.804136157035827637e+00
-1.629588007926940918e-01
-3.281038701534271240e-01
-8.216739892959594727e-01
2.397462129592895508e+00
1.411108851432800293e+00
-8.244737386703491211e-01
5.367398262023925781e-03
-2.211367845535278320e+00
-2.691244363784790039e+00
-1.026577651500701904e-01
-6.210684180259704590e-01
1.469761610031127930e+00
-2.725530624389648438e+00
1.008170604705810547e+00
-1.830342769622802734e+00
-1.375997304916381836e+00
2.763636112213134766e-01
-1.432379364967346191e+00
-4.547952413558959961e-01
-1.239984750747680664e+00
1.392829895019531250e+00
-1.960145950317382812e+00
-3.587740898132324219e+00
-2.505945920944213867e+00
1.506474256515502930e+00
-4.940069675445556641e+00
-4.681011676788330078e+00
4.827991485595703125e+00
2.633704900741577148e+00
-3.440320968627929688e+00
1.283140420913696289e+00
2.331182479858398438e+00
-2.583333015441894531e+00
5.953906059265136719e+00
-2.426065921783447266e+00
-1.587554454803466797e+00
-1.807231783866882324e+00
6.857031583786010742e-02
1.602949500083923340e+00
-1.363741993904113770e+00
4.557399272918701172e+00
3.109189033508300781e+00
1.114869594573974609e+00
5.969671010971069336e-01
-3.750120878219604492e+00
6.094905138015747070e-01
3.347842693328857422e-01
-2.626304149627685547e+00
1.701481819152832031e+00
-5.088427543640136719e+00
1.021525979042053223e+00
-1.497572660446166992e-01
4.748117446899414062e+00
5.664708018302917480e-01
3.335937976837158203e+00
-3.748143196105957031e+00
4.502049088478088379e-01
-3.713716983795166016e+00
1.431075930595397949e-01
7.714901447296142578e+00
2.244447231292724609e+00
2.429195165634155273e+00
-1.941681385040283203e+00
1.643536090850830078e+00
1.674600601196289062e+00
1.951930761337280273e+00
1.048548102378845215e+00
4.933111071586608887e-01
-1.550008893013000488e+00
5.418551445007324219e+00
-1.372913599014282227e+00
-6.496636867523193359e-01
-1.886260747909545898e+00
2.604048550128936768e-01
-4.943492889404296875e+00
-2.519873082637786865e-01
-1.185003519058227539e+00
1.321547508239746094e+00
-4.735541343688964844e+00
-5.981022119522094727e-01
-1.158857345581054688e-02
-2.756125450134277344e+00
-1.803613662719726562e+00
-5.913150787353515625e+00
-3.378461837768554688e+00
-4.887914359569549561e-01
-1.648990511894226074e+00
-4.351048469543457031e+00
-4.338902473449707031e+00
-5.380333900451660156e+00
-4.443843841552734375e+00
-5.205816268920898438e+00
-3.043714523315429688e+00
-5.892390608787536621e-01
-1.253839492797851562e+00
1.262314677238464355e+00
8.301988840103149414e-01
-1.111202478408813477e+00
9.632313251495361328e-01
-3.388229608535766602e-01
-2.011537551879882812e+00
-1.615871548652648926e+00
-1.320911169052124023e+00
-1.817739963531494141e+00
-3.642727375030517578e+00
-3.772594690322875977e+00
2.436919212341308594e+00
-1.295784711837768555e+00
-1.028953790664672852e+00
-3.957429170608520508e+00
-3.233628511428833008e+00
-2.616914272308349609e+00
-4.667249679565429688e+00
-3.915868282318115234e+00
-4.878672361373901367e-01
-2.321994781494140625e+00
9.062151312828063965e-01
-2.376251697540283203e+00
6.075221538543701172e+00
2.609116554260253906e+00
1.688251614570617676e+00
9.434350013732910156e+00
-7.031375169754028320e-01
3.027363777160644531e+00
2.381218910217285156e+00
1.002376437187194824e+00
2.345895290374755859e+00
3.608751296997070312e-01
3.204441547393798828e+00
2.804368257522583008e+00
-2.439065456390380859e+00
4.397230148315429688e+00
2.625441312789916992e+00
-2.025049924850463867e-02
-1.750709414482116699e+00
-1.889749050140380859e+00
-4.988885402679443359e+00
-3.196131438016891479e-02
-2.708529710769653320e+00
1.959364414215087891e+00
1.996915936470031738e-01
-1.085014581680297852e+00
-1.827808856964111328e+00
-1.938767194747924805e+00
-3.485219180583953857e-01
-1.418900966644287109e+00
-2.102971076965332031e+00
1.413139104843139648e+00
