-1.004348754882812500e+00
3.788338899612426758e+00
2.510438561439514160e-01
-7.372988462448120117e-01
-5.630766153335571289e-01
-1.967797160148620605e+00
-1.342221021652221680e+00
-2.455570697784423828e+00
-3.916269779205322266e+00
4.625004529953002930e-01
-1.759734034538269043e+00
6.324918270111083984e-01
-1.062890291213989258e-01
-1.667098879814147949e+00
7.397621273994445801e-01
-2.950410604476928711e+00
-2.291045188903808594e+00
-1.432217359542846680e+00
-2.661699056625366211e+00
-2.990756034851074219e+00
-7.656840801239013672e+00
4.214398562908172607e-01
-1.679743766784667969e+00
-3.770768880844116211e+00
-1.913478136062622070e+00
-4.923258781433105469e+00
-3.104733228683471680e+00
-3.339328289031982422e+00
-3.146538019180297852e+00
-9.795600175857543945e-02
-3.402143239974975586e+00
1.117000281810760498e-01
-6.276220321655273438e+00
9.047083258628845215e-01
2.411163806915283203e+00
-2.620861053466796875e+00
-1.509513020515441895e+00
-2.314060449600219727e+00
-1.231644511222839355e+00
-9.021533727645874023e-01
-3.810271263122558594e+00
-2.705540418624877930e+00
-2.567728519439697266e+00
-1.312946677207946777e+00
-1.871467232704162598e+00
-5.226471424102783203e-01
-3.834033250808715820e+00
-1.460963487625122070e-02
-7.804821729660034180e-01
-4.894033908843994141e+00
-3.405504226684570312e-01
1.610471129417419434e+00
-3.018846988677978516e+00
-5.095879554748535156e+00
-4.191666603088378906e+00
-7.387205362319946289e-01
-1.099980831146240234e+00
-6.885222911834716797e+00
-1.712713479995727539e+00
-3.816526889801025391e+00
-1.140710353851318359e+00
-2.863286733627319336e-01
6.096991300582885742e-01
-3.025822877883911133e+00
-1.336232185363769531e+00
-3.350917577743530273e+00
-1.708090782165527344e+00
-2.099513530731201172e+00
-3.997432470321655273e+00
-3.948227882385253906e+00
-1.448005914688110352e+00
-2.121382713317871094e+00
-6.432644724845886230e-01
2.793216705322265625e-01
4.006555080413818359e+00
-3.115839004516601562e+00
3.738881826400756836e+00
3.564658164978027344e+00
2.348903119564056396e-01
-2.083502531051635742e+00
-1.805853128433227539e+00
-1.821640849113464355e+00
-2.283141613006591797e+00
-3.936457157135009766e+00
-1.230157732963562012e+00
-5.728327751159667969e+00
-6.599584817886352539e-01
-3.222816944122314453e+00
2.777649641036987305e+00
-1.023246288299560547e+00
-1.410346627235412598e-01
8.038831353187561035e-01
-8.122047185897827148e-01
-1.825767278671264648e+00
1.152494907379150391e+00
-3.493081092834472656e+00
1.800521254539489746e+00
-5.016022682189941406e+00
-3.996541976928710938e+00
-3.413712263107299805e+00
-4.110432147979736328e+00
1.115213871002197266e+00
-4.298580169677734375e+00
-1.980795145034790039e+00
-2.075133800506591797e+00
-2.526662826538085938e+00
-3.291080474853515625e+00
4.497635841369628906e+00
5.877838134765625000e-01
-3.558025956153869629e-01
-4.781930446624755859e+00
-3.915894985198974609e+00
-1.792245626449584961e+00
-2.669708967208862305e+00
-7.308148384094238281e+00
-1.020449042320251465e+00
-6.681669712066650391e+00
5.374273061752319336e-01
-1.768143415451049805e+00
-3.198151350021362305e+00
-4.049022674560546875e+00
-1.565198659896850586e+00
-2.362933397293090820e+00
-3.420932292938232422e+00
-3.480940341949462891e+00
-5.361941337585449219e+00
-3.383129119873046875e+00
-5.329759597778320312e+00
-4.926161766052246094e+00
-2.117674589157104492e+00
-1.056195259094238281e+00
6.583924293518066406e-01
1.376654505729675293e-01
-5.567035079002380371e-01
-2.232818841934204102e+00
-9.935250282287597656e-01
-4.235471248626708984e+00
-2.804418087005615234e+00
1.256894350051879883e+00
-5.356450080871582031e+00
-2.174487829208374023e+00
-4.266190528869628906e+00
-3.407338380813598633e+00
-5.895385742187500000e+00
-1.431005239486694336e+00
-3.558796167373657227e+00
-6.684149742126464844e+00
-3.164451837539672852e+00
7.870389223098754883e-01
-6.221169829368591309e-01
-1.920172274112701416e-01
4.547528266906738281e+00
-3.591096401214599609e+00
-3.064851284027099609e+00
-3.981841325759887695e+00
-4.414424896240234375e+00
-5.669634938240051270e-01
1.178438186645507812e+00
-1.207194775342941284e-01
1.223557293415069580e-01
-3.502718925476074219e+00
1.043802618980407715e+00
1.480295181274414062e+00
-1.054038882255554199e+00
1.745048761367797852e-01
-7.966707348823547363e-01
2.207974791526794434e-01
4.453504085540771484e-01
1.725179672241210938e+00
-7.446798086166381836e-01
3.979559421539306641e+00
1.140350937843322754e+00
2.057716369628906250e+00
3.474418163299560547e+00
-2.957180500030517578e+00
-3.147659540176391602e+00
-1.702959537506103516e+00
-1.235055208206176758e+00
1.714050531387329102e+00
-5.096479505300521851e-02
2.928352355957031250e-01
-5.860945582389831543e-02
-6.191006898880004883e-01
-4.964080452919006348e-01
-2.924271583557128906e+00
-3.117859363555908203e-02
-3.183066368103027344e+00
-1.056105613708496094e+00
-4.822359085083007812e-01
-1.354935884475708008e+00
-3.835575342178344727e+00
-3.449784040451049805e+00
-1.623451471328735352e+00
-8.535040616989135742e-01
-2.714640378952026367e+00
-3.703640103340148926e-01
-4.878171920776367188e+00
-1.332686662673950195e+00
-3.105041980743408203e+00
2.280318439006805420e-01
-4.672914505004882812e+00
-1.742174625396728516e+00
-2.503713369369506836e+00
7.836365699768066406e-01
-1.444700956344604492e+00
9.185039401054382324e-01
1.272886753082275391e+00
1.774787157773971558e-01
3.563703060150146484e+00
9.275516271591186523e-01
1.769523859024047852e+00
6.916716694831848145e-01
1.111523061990737915e-02
1.031321048736572266e+00
-1.234102606773376465e+00
6.229544281959533691e-01
2.275125503540039062e+00
-1.078683614730834961e+00
-1.634197235107421875e-01
3.066051602363586426e-01
-2.051993370056152344e+00
-6.870324611663818359e-01
1.857015252113342285e+00
3.045866966247558594e+00
-1.476603150367736816e-01
1.273954212665557861e-01
-2.154672384262084961e+00
1.500889062881469727e+00
-4.378295540809631348e-01
-9.078878164291381836e-01
-2.087743520736694336e+00
2.924059927463531494e-01
9.269008040428161621e-02
-3.589088201522827148e+00
1.020461082458496094e+00
-1.240236759185791016e+00
-1.489297151565551758e+00
3.363902330398559570e+00
2.612461805343627930e+00
-4.879362583160400391e-01
1.059465169906616211e+00
-1.056252717971801758e+00
2.900621891021728516e+00
1.038159608840942383e+00
-1.380409121513366699e+00
1.117671608924865723e+00
1.515296220779418945e+00
3.879909992218017578e+00
1.067832469940185547e+00
1.204382538795471191e+00
-1.887189149856567383e-01
4.314498901367187500e+00
-2.031511545181274414e+00
2.035174131393432617e+00
2.442816972732543945e+00
1.289142370223999023e+00
-7.594640254974365234e-01
1.192728757858276367e+00
-1.367219209671020508e+00
-8.026785254478454590e-01
-1.722077846527099609e+00
-3.499774694442749023e+00
-2.296691894531250000e+00
1.646014213562011719e+00
2.184367895126342773e+00
8.188298940658569336e-01
-1.007958173751831055e+00
6.539672613143920898e-02
-8.553882241249084473e-01
7.861502468585968018e-02
-9.164630174636840820e-01
2.630517482757568359e+00
7.262395024299621582e-01
-7.033076882362365723e-02
2.240642786026000977e+00
-9.720793366432189941e-02
-2.751057147979736328e+00
2.613312721252441406e+00
2.086363434791564941e-01
9.354226589202880859e-01
1.094788193702697754e+00
9.705132842063903809e-01
3.636780261993408203e+00
2.035309314727783203e+00
-9.349778890609741211e-01
-2.296664237976074219e+00
3.428684711456298828e+00
-4.135400295257568359e+00
7.946422696113586426e-01
-5.884120464324951172e-01
2.849128246307373047e+00
-1.048426389694213867e+00
4.200993537902832031e+00
-7.804029583930969238e-01
6.729066371917724609e-01
3.072055101394653320e+00
9.760161042213439941e-01
-3.141262769699096680e+00
-1.948149800300598145e+00
-3.837477684020996094e+00
-2.434825420379638672e+00
-2.595973968505859375e+00
-3.464546203613281250e+00
-8.670020103454589844e-02
-4.828625679016113281e+00
-7.428928852081298828e+00
-2.509779930114746094e+00
-1.475595831871032715e+00
-1.580358624458312988e+00
3.560375571250915527e-01
3.909337520599365234e-01
4.649729132652282715e-01
-1.329982161521911621e+00
5.043630599975585938e-01
1.730154752731323242e+00
-1.784321427345275879e+00
-4.290152072906494141e+00
-1.676327228546142578e+00
-2.094748020172119141e+00
1.364263057708740234e+00
-3.916336774826049805e+00
-4.584242105484008789e-01
1.183183312416076660e+00
2.320887088775634766e+00
-1.943999767303466797e+00
5.409152507781982422e-01
-3.783632278442382812e+00
-2.830442905426025391e+00
-5.599684238433837891e+00
-2.857800960540771484e+00
-1.693457126617431641e+00
-5.398848652839660645e-02
-2.970922231674194336e+00
-2.210263311862945557e-01
-2.164039611816406250e+00
-4.853317260742187500e+00
-1.293774962425231934e+00
-2.215072154998779297e+00
-1.820835351943969727e+00
4.525978565216064453e+00
4.145054340362548828e+00
2.228180170059204102e+00
1.745253562927246094e+00
7.408328056335449219e-01
-2.352184057235717773e+00
2.499110698699951172e+00
8.182929456233978271e-02
1.585274100303649902e+00
1.776938796043395996e+00
-5.052003860473632812e-01
3.101934194564819336e+00
-7.319882512092590332e-01
-2.589992284774780273e-01
6.280823945999145508e-01
4.377491950988769531e+00
6.621648073196411133e-01
-6.609446406364440918e-01
6.456674933433532715e-01
5.805085897445678711e-01
-1.027548789978027344e+00
-4.455176889896392822e-01
-9.671792387962341309e-01
-3.091271638870239258e+00
-3.337460517883300781e+00
-1.251083612442016602e+00
1.178721114993095398e-01
-1.691965460777282715e+00
-4.302692413330078125e+00
-2.929074764251708984e+00
-9.135824441909790039e-01
-3.289109468460083008e+00
-8.763501644134521484e-01
-4.953522682189941406e+00
-5.964252471923828125e+00
-7.386021018028259277e-01
-2.358070135116577148e+00
8.807840347290039062e-01
-2.753708600997924805e+00
-1.751253485679626465e+00
-9.892940521240234375e-01
-1.559841632843017578e+00
1.429957747459411621e-01
-2.331853151321411133e+00
1.689673662185668945e+00
-1.187798261642456055e+00
2.992444276809692383e+00
1.642255187034606934e+00
1.065131187438964844e+00
-9.302486777305603027e-01
-2.796329259872436523e+00
-1.372057437896728516e+00
1.520121335983276367e+00
1.829282402992248535e+00
-3.113857507705688477e-01
-1.501580834388732910e+00
5.604763627052307129e-01
2.728550910949707031e+00
-1.753447771072387695e+00
1.148568511009216309e+00
2.476656436920166016e+00
-2.805255353450775146e-02
-5.487185120582580566e-01
3.466787338256835938e+00
-4.248390197753906250e+00
2.008226156234741211e+00
5.383530139923095703e+00
-4.938981831073760986e-01
1.115973711013793945e+00
-4.276704788208007812e-02
2.210631519556045532e-01
3.065314531326293945e+00
5.190056324005126953e+00
-3.042439222335815430e-01
-2.717872619628906250e+00
5.036968231201171875e+00
4.573069214820861816e-01
-1.823188781738281250e+00
8.594230651855468750e+00
-8.419481515884399414e-01
1.560553431510925293e+00
1.474257349967956543e+00
-1.773174762725830078e+00
-7.442132234573364258e-01
1.546976327896118164e+00
4.922597885131835938e+00
5.199014663696289062e+00
-2.916482686996459961e+00
2.638076305389404297e+00
3.019438266754150391e+00
3.501973628997802734e+00
1.884549975395202637e+00
-1.079154610633850098e+00
-1.484209895133972168e+00
-6.899674534797668457e-01
3.177971363067626953e+00
4.215236186981201172e+00
5.100361824035644531e+00
2.654083013534545898e+00
-1.169882297515869141e+00
3.407286405563354492e-01
6.335564255714416504e-01
1.213317513465881348e-01
-1.403948545455932617e+00
5.910584449768066406e+00
-1.156896114349365234e+00
1.078483939170837402e+00
4.308641433715820312e+00
1.824187278747558594e+00
1.859518766403198242e+00
-1.967715620994567871e+00
2.364492416381835938e+00
-3.335702121257781982e-01
-4.225768744945526123e-01
-8.696282505989074707e-01
5.352774858474731445e-01
-1.826296806335449219e+00
-6.399945020675659180e-01
5.312440872192382812e+00
-2.385753631591796875e+00
2.511308908462524414e+00
-1.278905868530273438e+00
-6.945152282714843750e-01
3.392296075820922852e+00
3.682040214538574219e+00
4.002137184143066406e-01
1.183309108018875122e-01
-2.644171714782714844e+00
-1.874631881713867188e+00
4.286942481994628906e-01
-1.931415677070617676e+00
-1.777171492576599121e-01
1.233193516731262207e+00
-1.205328702926635742e+00
-4.708790779113769531e-02
5.764232635498046875e+00
1.174188494682312012e+00
5.371234893798828125e+00
-1.343335509300231934e+00
5.218394279479980469e+00
-2.227134943008422852e+00
-8.589644432067871094e-01
2.377354204654693604e-01
-1.021309614181518555e+00
3.391465187072753906e+00
-6.143006086349487305e-01
-3.024208307266235352e+00
1.829405784606933594e+00
4.493038177490234375e+00
-1.870546936988830566e-01
4.506464004516601562e+00
-7.154313921928405762e-01
-6.222336292266845703e-01
1.595603823661804199e-01
3.191663026809692383e-01
-1.406955480575561523e+00
-1.834814250469207764e-02
5.297787189483642578e-01
2.050688266754150391e+00
2.624550342559814453e+00
3.519666194915771484e-02
-1.186428815126419067e-01
3.541900157928466797e+00
1.335896253585815430e+00
1.474362134933471680e+00
3.286877870559692383e+00
1.492337822914123535e+00
-6.652746200561523438e-01
-2.654667377471923828e+00
-2.763250827789306641e+00
1.503763914108276367e+00
1.117868661880493164e+00
-2.464872837066650391e+00
-4.994874954223632812e+00
2.215942859649658203e+00
3.658463001251220703e+00
1.125642776489257812e+00
2.944933891296386719e+00
3.102427959442138672e+00
2.561674594879150391e+00
-6.309974789619445801e-01
4.134193420410156250e+00
-1.300760269165039062e+00
-1.080842852592468262e+00
9.212779998779296875e-02
-3.043368339538574219e+00
-2.119127988815307617e+00
1.077269792556762695e+00
2.536137998104095459e-01
-2.623018264770507812e+00
1.637507200241088867e+00
5.063248157501220703e+00
-4.399699687957763672e+00
2.500376403331756592e-01
4.178810596466064453e+00
-5.115101814270019531e+00
-5.938796997070312500e+00
2.084589004516601562e+00
4.017477035522460938e+00
2.859069824218750000e+00
1.249026894569396973e+00
1.118419051170349121e+00
3.177271842956542969e+00
2.091651678085327148e+00
-2.511281371116638184e-01
-3.013243377208709717e-01
3.261472702026367188e+00
-5.912690758705139160e-01
1.887094974517822266e+00
-2.053723812103271484e+00
6.743976593017578125e+00
-6.509443759918212891e+00
2.740038037300109863e-01
2.112637042999267578e+00
-9.402918815612792969e-02
2.043182134628295898e+00
2.819744348526000977e+00
6.878487586975097656e+00
3.514453411102294922e+00
-7.873222827911376953e-01
1.597006082534790039e+00
2.544933319091796875e+00
-9.859387874603271484e-01
5.719851016998291016e+00
-1.999671816825866699e+00
3.013381719589233398e+00
5.589632034301757812e+00
-1.760512113571166992e+00
-5.543485164642333984e+00
3.331788063049316406e+00
3.334489822387695312e+00
8.555122613906860352e-01
-6.523692131042480469e+00
3.322553873062133789e+00
-1.973023772239685059e+00
-7.772657275199890137e-01
-1.014277935028076172e+00
1.018853187561035156e-01
1.288120746612548828e+00
8.650487661361694336e-01
3.751693725585937500e+00
4.286269664764404297e+00
-5.196139812469482422e-01
-1.588986754417419434e+00
3.649128675460815430e-01
-6.039569377899169922e-01
3.285773515701293945e+00
-1.301943063735961914e+00
-2.155590057373046875e+00
3.140780448913574219e+00
1.743373155593872070e+00
-5.631522834300994873e-02
6.769477367401123047e+00
-3.457087516784667969e+00
2.188289642333984375e+00
1.089615941047668457e+00
5.405763387680053711e-01
-1.451239109039306641e+00
6.083750724792480469e-02
6.927238702774047852e-01
4.226939678192138672e+00
7.544856071472167969e-01
-3.398188948631286621e-01
-2.021813988685607910e-01
1.239627480506896973e+00
-4.732242226600646973e-01
1.838146328926086426e+00
1.649904489517211914e+00
-3.017235279083251953e+00
3.481421232223510742e+00
-1.705656170845031738e+00
5.136845588684082031e+00
1.237190818786621094e+01
-2.941972613334655762e-01
-6.440076828002929688e-01
6.097969532012939453e+00
-2.185329675674438477e+00
4.161311149597167969e+00
4.155794143676757812e+00
-2.206957638263702393e-01
2.963147640228271484e+00
4.852557182312011719e+00
9.044548273086547852e-01
-2.169936895370483398e+00
-2.549720287322998047e+00
-1.218030214309692383e+00
1.901166796684265137e+00
-2.383229255676269531e+00
-2.624422073364257812e+00
1.961629629135131836e+00
-2.268562793731689453e+00
-3.895302414894104004e-01
1.147056698799133301e+00
1.098388195037841797e+00
-3.184536695480346680e-01
2.134366750717163086e+00
-1.452357053756713867e+00
2.494270801544189453e+00
7.708516716957092285e-01
2.535130977630615234e-01
3.691900968551635742e+00
-2.988153457641601562e+00
9.072895050048828125e-01
-5.772616267204284668e-01
9.698951244354248047e-01
-2.125394105911254883e+00
5.305809974670410156e+00
-6.389428377151489258e-01
1.695415854454040527e+00
-2.000609397888183594e+00
-5.016826391220092773e-01
2.865672111511230469e-03
-2.082308530807495117e-01
-8.046528100967407227e-01
2.426306247711181641e+00
-6.893726587295532227e-01
2.819583892822265625e+00
1.363332629203796387e+00
-1.444037199020385742e+00
5.415009975433349609e+00
-8.495468497276306152e-01
3.827410221099853516e+00
-7.754858732223510742e-01
-8.268895745277404785e-01
2.239975452423095703e+00
3.616810560226440430e+00
-9.562829732894897461e-01
-2.839828014373779297e+00
2.092939615249633789e-02
2.821136474609375000e+00
7.864797592163085938e+00
-2.039157390594482422e+00
6.139707565307617188e-01
3.893553018569946289e+00
-2.340698242187500000e+00
-4.263809680938720703e+00
2.529219865798950195e+00
-7.080261707305908203e-01
-1.512858986854553223e+00
-4.818093776702880859e-02
-2.192025899887084961e+00
2.363523006439208984e+00
-8.346292972564697266e-01
-1.588187217712402344e+00
-2.136222600936889648e+00
-1.559501528739929199e+00
-2.559350967407226562e+00
-4.365306854248046875e+00
-1.448896646499633789e+00
2.753340005874633789e+00
1.004216194152832031e+00
1.696897506713867188e+00
8.545658588409423828e-01
3.439877748489379883e+00
3.433373570442199707e-01
1.736546993255615234e+00
2.129682540893554688e+00
4.993793964385986328e+00
1.507847428321838379e+00
3.423172473907470703e+00
-1.875509172677993774e-01
2.979504346847534180e+00
4.858813762664794922e+00
-9.659457802772521973e-01
1.048264741897583008e+00
1.111826181411743164e+00
2.358117818832397461e+00
4.719298183917999268e-01
-9.647362232208251953e-01
-3.309128761291503906e+00
2.969320774078369141e+00
-1.598550677299499512e+00
6.798425912857055664e-01
-9.830002784729003906e-01
-1.306819438934326172e+00
-5.059744834899902344e+00
-6.230229377746582031e+00
3.556702613830566406e+00
-1.838773965835571289e+00
1.233686327934265137e+00
-2.509614706039428711e+00
-6.859976649284362793e-01
6.681682586669921875e+00
-1.625370979309082031e-02
1.133547782897949219e+00
-1.713402271270751953e-01
1.251032590866088867e+00
-6.388675212860107422e+00
2.521541595458984375e+00
8.749037384986877441e-01
-2.395205020904541016e+00
4.898830056190490723e-01
2.986702442169189453e+00
1.922663450241088867e-01
2.642442226409912109e+00
-4.571617841720581055e-01
7.733215808868408203e+00
-1.298803329467773438e+00
-1.346600294113159180e+00
9.447207450866699219e-01
1.204114079475402832e+00
-2.707642793655395508e+00
5.187048912048339844e+00
-2.334391832351684570e+00
3.937500953674316406e+00
-1.836149692535400391e+00
-1.722739219665527344e+00
1.000752568244934082e+00
7.068512439727783203e+00
3.707049369812011719e+00
3.542771816253662109e+00
5.715113162994384766e+00
-2.200659751892089844e+00
-1.267403721809387207e+00
-2.963180541992187500e-01
-5.969590187072753906e+00
1.748126268386840820e+00
4.113032817840576172e+00
1.150645494461059570e+00
-1.363806426525115967e-02
8.843706846237182617e-01
-4.598723888397216797e+00
9.698454737663269043e-01
3.200001478195190430e+00
-1.956115365028381348e+00
-1.555307388305664062e+00
2.018558502197265625e+00
-4.590030670166015625e+00
-1.628711819648742676e+00
3.410254955291748047e+00
2.743586063385009766e+00
5.564928054809570312e-01
-2.170589923858642578e+00
2.637421846389770508e+00
-1.959718942642211914e+00
1.017829179763793945e-01
5.113202095031738281e+00
8.535762429237365723e-01
-2.436680555343627930e+00
-1.543204188346862793e+00
2.678303241729736328e+00
-2.828555107116699219e+00
-7.181391119956970215e-01
2.468064308166503906e+00
-5.711606025695800781e+00
-4.034888267517089844e+00
5.515019893646240234e-01
-1.589508771896362305e+00
2.496951341629028320e+00
1.286082506179809570e+00
1.377228021621704102e+00
-1.715327739715576172e+00
7.119926810264587402e-01
5.407970428466796875e+00
1.196111202239990234e+00
9.806480407714843750e+00
3.692467927932739258e+00
3.805975914001464844e+00
2.441201210021972656e+00
-2.697724103927612305e+00
2.063067197799682617e+00
2.165926694869995117e-01
-4.623556137084960938e-02
2.099028110504150391e+00
3.171555280685424805e+00
-2.585339069366455078e+00
2.003839969635009766e+00
3.503475427627563477e+00
2.689451873302459717e-01
1.809848070144653320e+00
-3.547231435775756836e+00
-6.962587356567382812e+00
-1.943680405616760254e+00
1.044234991073608398e+00
-1.673039436340332031e+00
-6.841278076171875000e-02
4.902781486511230469e+00
-1.185569286346435547e+00
-3.692171812057495117e+00
1.458449721336364746e+00
2.352825880050659180e+00
-3.206738233566284180e-01
2.292591094970703125e+00
2.793431282043457031e+00
2.575622797012329102e+00
5.149365901947021484e+00
2.505136966705322266e+00
-2.470681905746459961e+00
-2.510654926300048828e+00
-1.558088660240173340e+00
2.073802232742309570e+00
3.287315964698791504e-01
2.445752620697021484e+00
4.939680099487304688e-01
-2.441565752029418945e+00
1.750437736511230469e+00
-1.934251666069030762e+00
4.151903152465820312e+00
3.259725093841552734e+00
-1.828366279602050781e+00
1.044230461120605469e+00
5.219217300415039062e+00
6.644560337066650391e+00
2.905835390090942383e+00
5.532026767730712891e+00
-4.923236370086669922e-02
-3.542202949523925781e+00
-7.165894508361816406e-01
-2.068346023559570312e+00
-3.715592384338378906e+00
1.710307955741882324e+00
4.875860214233398438e-01
3.481245040893554688e+00
-1.506390810012817383e+00
-1.240929216146469116e-02
4.539198875427246094e+00
-1.221199035644531250e+00
6.358420848846435547e-02
5.283294677734375000e+00
4.050319194793701172e-01
-9.569894075393676758e-01
-1.729574441909790039e+00
1.670976281166076660e-01
2.138046503067016602e+00
7.749179005622863770e-01
1.358828425407409668e+00
2.871192216873168945e+00
3.794455528259277344e-01
1.297283768653869629e+00
4.223462104797363281e+00
1.611606359481811523e+00
-7.678845524787902832e-01
1.886513471603393555e+00
2.878957748413085938e+00
1.116558194160461426e+00
-6.300597190856933594e-01
1.734701514244079590e+00
1.560709238052368164e+00
-1.657990813255310059e+00
-5.268661975860595703e+00
6.250117301940917969e+00
5.300198793411254883e-01
-6.459767818450927734e-01
2.781004428863525391e+00
3.180241346359252930e+00
4.222583770751953125e-02
4.746012687683105469e+00
-2.281397342681884766e+00
1.406065225601196289e+00
7.594597339630126953e-01
2.793715000152587891e+00
2.738008499145507812e+00
-4.241403102874755859e+00
6.790775060653686523e-01
8.676657676696777344e+00
3.979543209075927734e+00
1.676135897636413574e+00
-5.416075587272644043e-01
-4.498240947723388672e-01
1.455823183059692383e+00
1.631329059600830078e+00
5.560749530792236328e+00
-4.781404495239257812e+00
2.301025390625000000e-02
-1.850455045700073242e+00
8.649840354919433594e+00
3.468188762664794922e+00
4.955454468727111816e-01
-1.560625076293945312e+00
1.852364540100097656e+00
-7.701478958129882812e+00
9.254492521286010742e-01
5.126271247863769531e+00
2.936452865600585938e+00
3.490109443664550781e+00
1.256230950355529785e+00
4.524371623992919922e+00
1.600203990936279297e+00
7.046835899353027344e+00
4.952725768089294434e-01
3.674488544464111328e+00
-2.458209037780761719e+00
6.897243499755859375e+00
9.265736937522888184e-01
-2.340217828750610352e+00
-4.937063694000244141e+00
-1.504467487335205078e+00
-5.328386306762695312e+00
-4.012560844421386719e+00
-2.774043560028076172e+00
1.195025682449340820e+00
-5.802556514739990234e+00
-6.572498798370361328e+00
-2.503468990325927734e+00
-6.497296333312988281e+00
-4.340928077697753906e+00
-6.130379199981689453e+00
-3.741582393646240234e+00
-4.915888786315917969e+00
-1.036978840827941895e+00
-1.832336664199829102e+00
-3.578936100006103516e+00
-7.639932632446289062e+00
-3.774356365203857422e+00
-2.166663169860839844e+00
-1.882624149322509766e+00
-4.408041000366210938e+00
-5.315004587173461914e-01
1.694840788841247559e+00
-3.733523368835449219e+00
-3.195848226547241211e+00
-4.969002008438110352e-01
-1.101817846298217773e+00
4.162122011184692383e-01
-3.989612579345703125e+00
-1.753613352775573730e-01
-6.313828229904174805e-01
-4.196226596832275391e+00
-1.395427465438842773e+00
-1.678152680397033691e-01
-1.637460470199584961e+00
-3.728269100189208984e+00
-4.416407108306884766e+00
-3.937863111495971680e+00
-4.394220829010009766e+00
-9.671528816223144531e+00
-6.362758159637451172e+00
2.228830814361572266e+00
-5.560229778289794922e+00
-1.462676525115966797e+00
-2.186562538146972656e+00
2.749390602111816406e+00
1.734024643898010254e+00
-7.006216049194335938e-02
6.351417064666748047e+00
2.647843360900878906e+00
4.603864192962646484e+00
-4.194508790969848633e-01
-1.741075277328491211e+00
3.653881072998046875e+00
9.698550701141357422e-01
3.554450035095214844e+00
2.341915369033813477e-01
1.706590771675109863e+00
7.156322956085205078e+00
3.509637117385864258e+00
2.346836566925048828e+00
-1.517257571220397949e+00
-1.029791831970214844e-01
-2.601583003997802734e+00
2.087417840957641602e+00
-5.008379936218261719e+00
7.097864151000976562e-01
6.586104035377502441e-01
-1.884647607803344727e+00
-5.244647979736328125e+00
-4.561409354209899902e-01
-2.917469501495361328e+00
-2.303407430648803711e+00
5.059242248535156250e-04
3.333220958709716797e+00
