-1.277256608009338379e+00
9.353491663932800293e-01
8.784924149513244629e-01
1.303375840187072754e+00
2.782983779907226562e+00
1.005308270454406738e+00
2.863912105560302734e+00
-2.654250144958496094e+00
-1.909987211227416992e+00
2.063122749328613281e+00
-2.273095130920410156e+00
-7.294638156890869141e-01
-1.558268666267395020e+00
-2.192632436752319336e+00
7.678472399711608887e-01
-2.761961698532104492e+00
-1.374444961547851562e+00
-2.236098289489746094e+00
-1.823500633239746094e+00
-2.602106571197509766e+00
-4.399477005004882812e+00
9.117479920387268066e-01
1.493857026100158691e+00
-1.483761072158813477e+00
-1.412005662918090820e+00
-3.681823253631591797e+00
-2.400587797164916992e+00
-1.164375066757202148e+00
-3.726365566253662109e+00
-4.945015013217926025e-01
-4.511724948883056641e+00
-6.672064661979675293e-01
-5.690354347229003906e+00
3.171409964561462402e-01
1.683542013168334961e+00
-1.069083929061889648e+00
-8.615018725395202637e-01
-2.354254007339477539e+00
3.111781179904937744e-01
-2.266695737838745117e+00
-1.567810058593750000e+00
-4.418060779571533203e+00
-1.578998804092407227e+00
-3.314846992492675781e+00
-8.201071023941040039e-01
-8.800265192985534668e-01
-2.823754787445068359e+00
-4.231456816196441650e-01
-9.055390954017639160e-01
-3.898117542266845703e+00
1.792567968368530273e+00
-7.080235481262207031e-01
-1.628992915153503418e+00
-2.105842590332031250e+00
-2.556841373443603516e+00
2.739443778991699219e+00
-1.561256170272827148e+00
-7.127796649932861328e+00
1.608813285827636719e+00
-2.007109642028808594e+00
-1.815904617309570312e+00
2.335721731185913086e+00
3.250946998596191406e-01
-2.597511529922485352e+00
1.210609436035156250e+00
1.813020706176757812e-01
1.317277073860168457e+00
-1.400917053222656250e+00
1.002191007137298584e-01
-7.712944746017456055e-01
-1.561927795410156250e+00
-1.922899365425109863e+00
-1.477583050727844238e-01
3.365340456366539001e-02
1.991670131683349609e+00
-2.853154838085174561e-01
-5.277009010314941406e-01
1.934586048126220703e+00
-3.855898976325988770e-02
-2.634242773056030273e+00
-1.625788927078247070e+00
-3.280115127563476562e+00
-8.649711608886718750e-01
-2.446958303451538086e+00
1.873960494995117188e-01
-4.706004619598388672e+00
-5.975455641746520996e-01
-2.082239627838134766e+00
2.920439958572387695e+00
1.001840829849243164e+00
1.171271204948425293e-01
-2.264907836914062500e+00
6.953741312026977539e-01
-1.076092123985290527e-01
-7.398140430450439453e-02
-3.480023384094238281e+00
2.432543754577636719e+00
-2.160561084747314453e+00
-2.107475519180297852e+00
-5.817254781723022461e-01
-8.467315435409545898e-01
1.977993249893188477e+00
-5.042121410369873047e+00
1.990343034267425537e-01
-3.133306503295898438e+00
-2.396038293838500977e+00
-2.228693485260009766e+00
7.170087814331054688e+00
3.018240690231323242e+00
4.224153518676757812e+00
-1.025151252746582031e+00
6.438966989517211914e-01
8.251264095306396484e-01
7.271876931190490723e-02
-4.627624511718750000e+00
-6.551678180694580078e-01
-2.638528347015380859e+00
4.166382789611816406e+00
4.070741832256317139e-01
-3.967478990554809570e+00
-3.349323987960815430e+00
-3.450795173645019531e+00
-1.040785551071166992e+00
-2.827240467071533203e+00
-1.941059231758117676e+00
-1.237854838371276855e+00
-1.400687336921691895e+00
1.369171857833862305e+00
6.300806999206542969e-03
2.381411552429199219e+00
4.369514465332031250e+00
1.161588072776794434e+00
4.322072982788085938e+00
9.955372810363769531e-01
1.773814558982849121e+00
-6.663327217102050781e-01
-2.157615661621093750e+00
-2.381657600402832031e+00
1.109223484992980957e+00
-4.304311752319335938e+00
1.245549440383911133e+00
-1.104656934738159180e+00
-9.214460253715515137e-01
-3.025325536727905273e+00
1.290898799896240234e+00
3.762135505676269531e-01
-2.462487220764160156e+00
-2.889783859252929688e+00
-9.564161300659179688e-02
2.046877861022949219e+00
3.292094171047210693e-01
5.126593112945556641e-01
-3.424886703491210938e+00
4.139730036258697510e-01
-1.928803920745849609e+00
-2.320784568786621094e+00
1.675517559051513672e-01
8.295238018035888672e-01
-1.920796632766723633e+00
-3.777089715003967285e-02
2.275183796882629395e-01
1.874633580446243286e-01
2.485097169876098633e+00
8.389503955841064453e-01
9.896442294120788574e-01
-1.465459585189819336e+00
6.799243688583374023e-01
6.982082128524780273e-01
2.767622470855712891e+00
-4.935121536254882812e-02
1.198340058326721191e+00
-8.998894095420837402e-01
1.990312337875366211e+00
1.903291583061218262e+00
-1.284688949584960938e+00
-1.344255924224853516e+00
2.973664999008178711e-01
-2.815674543380737305e+00
2.333211660385131836e+00
-1.824956893920898438e+00
-3.007646799087524414e+00
1.830201148986816406e+00
-9.255974292755126953e-01
-1.090637207031250000e+00
-3.039553642272949219e+00
1.906259298324584961e+00
-1.928638339042663574e+00
-2.407385826110839844e+00
1.146346330642700195e-03
-2.155047506093978882e-01
-3.271093964576721191e-01
-2.935349047183990479e-01
-7.068304419517517090e-01
-2.464774608612060547e+00
-1.961582541465759277e+00
6.578202247619628906e-01
-4.962099552154541016e+00
3.273268938064575195e-01
-2.672933578491210938e+00
5.604471564292907715e-01
-6.338723897933959961e-01
-2.811310291290283203e-01
9.827418923377990723e-01
2.845337629318237305e+00
2.162142992019653320e+00
-9.332187175750732422e-01
1.447322607040405273e+00
9.258481264114379883e-01
3.866301536560058594e+00
1.751332759857177734e+00
2.103491306304931641e+00
2.128891229629516602e+00
1.610684514045715332e+00
-1.335873842239379883e+00
1.282554119825363159e-01
-2.796174883842468262e-01
3.918657302856445312e+00
1.528254747390747070e+00
-7.832895517349243164e-01
5.534222126007080078e-01
-2.302583694458007812e+00
6.480600237846374512e-01
4.950338363647460938e+00
-2.441309690475463867e-01
-6.557958126068115234e-01
-9.491269588470458984e-01
1.628648757934570312e+00
5.557267069816589355e-01
2.154997825622558594e+00
3.354303836822509766e+00
-2.882382869720458984e+00
1.073936581611633301e+00
-2.146037817001342773e-01
-1.749591112136840820e+00
1.650747299194335938e+00
-4.003609657287597656e+00
-8.136618137359619141e-01
1.103116631507873535e+00
1.863770723342895508e+00
-6.349774599075317383e-01
-3.284547626972198486e-01
-3.818800449371337891e-01
-3.073281049728393555e-01
-5.341355800628662109e-01
-1.554822206497192383e+00
-1.791062712669372559e+00
-1.935741603374481201e-01
4.382574081420898438e+00
8.709955215454101562e-01
4.057343006134033203e+00
-8.615463972091674805e-03
1.696755290031433105e+00
-2.598158359527587891e+00
2.283581495285034180e+00
1.156322062015533447e-01
7.875815629959106445e-01
-1.609790921211242676e+00
3.043232679367065430e+00
1.922497272491455078e+00
-1.183670282363891602e+00
1.036291122436523438e-01
-1.619784712791442871e+00
-3.702946901321411133e+00
-1.500659108161926270e+00
2.577630758285522461e+00
2.197521179914474487e-02
-1.519625782966613770e+00
2.617301940917968750e+00
-2.821612596511840820e+00
1.007496833801269531e+00
3.100778102874755859e+00
2.305819034576416016e+00
2.191059350967407227e+00
3.027341067790985107e-01
3.177629709243774414e-01
-2.342314481735229492e+00
-4.123610973358154297e+00
-8.857862949371337891e-01
-1.594727754592895508e+00
2.857209205627441406e+00
-1.159899234771728516e+00
-3.083168268203735352e+00
-1.551369667053222656e+00
4.947213530540466309e-01
-2.071728229522705078e+00
-4.371885299682617188e+00
1.975086927413940430e-01
-2.168692588806152344e+00
-2.994564056396484375e+00
-2.757419824600219727e+00
-2.567237854003906250e+00
-3.920498490333557129e-01
2.078685283660888672e+00
-1.649861097335815430e+00
1.113936901092529297e+00
9.747235774993896484e-01
2.723390579223632812e+00
-5.185838341712951660e-01
-2.876461744308471680e+00
-5.136447906494140625e+00
-1.914911270141601562e+00
-3.935864567756652832e-02
-3.567451477050781250e+00
-2.802143573760986328e+00
-3.613765239715576172e+00
-4.691910743713378906e+00
-1.651530146598815918e+00
7.774912118911743164e-01
1.090105772018432617e+00
1.018578529357910156e+00
4.718106746673583984e+00
-2.419920444488525391e+00
-4.121470928192138672e+00
1.106173753738403320e+00
1.249760389328002930e+00
-1.919176220893859863e+00
-4.366180896759033203e+00
-2.935765504837036133e+00
-2.244096755981445312e+00
1.076464653015136719e+00
-3.575887918472290039e+00
-1.995260238647460938e+00
-2.312621116638183594e+00
-1.255986213684082031e+00
-3.612074851989746094e+00
-1.512814640998840332e+00
-3.061784744262695312e+00
-1.274099946022033691e-02
-2.886875152587890625e+00
-6.764783263206481934e-01
1.521058320999145508e+00
1.345968723297119141e+00
1.338463425636291504e+00
1.878112196922302246e+00
-2.877039194107055664e+00
-4.821445941925048828e+00
-1.170637249946594238e+00
-1.812032461166381836e+00
-2.221173286437988281e+00
3.928371191024780273e+00
3.512133121490478516e+00
1.493265748023986816e+00
2.919087171554565430e+00
5.078245401382446289e-01
-5.859143733978271484e-01
3.731526851654052734e+00
2.069570779800415039e+00
2.058382511138916016e+00
2.690335750579833984e+00
1.909297823905944824e+00
2.734096527099609375e+00
1.802303194999694824e+00
-7.564892768859863281e-01
1.266407608985900879e+00
3.233697414398193359e+00
-5.869209766387939453e-01
-1.769774198532104492e+00
2.353322058916091919e-01
1.198942959308624268e-01
-1.305229544639587402e+00
-6.896921992301940918e-01
-6.286373734474182129e-01
-3.463367938995361328e+00
-2.050098657608032227e+00
-8.506321907043457031e-01
-2.435857653617858887e-01
-2.112665176391601562e+00
-4.723972320556640625e+00
-2.157657146453857422e+00
-3.061326026916503906e+00
-7.358546257019042969e-01
-2.286708593368530273e+00
-4.098423957824707031e+00
-6.015175819396972656e+00
-1.671423673629760742e+00
-2.990318298339843750e+00
1.482498526573181152e+00
-2.125140905380249023e+00
5.873211026191711426e-01
-1.695511579513549805e+00
-1.428975760936737061e-01
-1.962102651596069336e-01
-2.195128202438354492e+00
-8.067469298839569092e-02
3.667521476745605469e-01
3.242932796478271484e+00
3.316553115844726562e+00
1.607399702072143555e+00
1.698150634765625000e+00
-1.248088002204895020e+00
-1.342960834503173828e+00
1.943055391311645508e+00
2.521340370178222656e+00
3.333488702774047852e+00
5.327916145324707031e-02
1.208073854446411133e+00
5.840923309326171875e+00
-4.379910230636596680e-02
-3.963734805583953857e-01
9.807327389717102051e-01
-3.009839057922363281e+00
-1.378000974655151367e+00
4.368920922279357910e-01
-2.702757358551025391e+00
-1.640952825546264648e+00
3.909242153167724609e+00
-4.713496208190917969e+00
3.806012570858001709e-01
-2.486336231231689453e+00
3.672343254089355469e+00
1.208850264549255371e+00
1.827846765518188477e+00
-8.286672830581665039e-01
1.811308860778808594e+00
3.478425025939941406e+00
4.852889180183410645e-01
6.971313357353210449e-01
4.559291362762451172e+00
-3.943420648574829102e-01
3.122803688049316406e+00
-7.276877760887145996e-01
-4.807557106018066406e+00
4.032748639583587646e-01
-2.327789545059204102e+00
3.887237310409545898e+00
3.244653940200805664e+00
6.937980651855468750e-03
9.338343143463134766e-01
2.144743919372558594e+00
5.735127449035644531e+00
-2.150186538696289062e+00
1.320251226425170898e+00
-4.952923655509948730e-01
2.696585178375244141e+00
4.744323253631591797e+00
3.048907041549682617e+00
3.023236989974975586e+00
-6.543619632720947266e-01
-1.810688734054565430e+00
-2.727559089660644531e+00
-1.668414473533630371e+00
1.855648517608642578e+00
-2.019523620605468750e+00
5.365439414978027344e+00
-2.026245296001434326e-01
9.678310155868530273e-01
4.042055606842041016e+00
2.535174369812011719e+00
-6.023616790771484375e-01
-2.164870262145996094e+00
2.550423860549926758e+00
-2.987108230590820312e-01
3.575619220733642578e+00
-1.543560743331909180e+00
-2.815206766128540039e+00
-3.143826246261596680e+00
-2.074262380599975586e+00
2.813352108001708984e+00
-6.471182703971862793e-01
3.228005886077880859e+00
-1.903216481208801270e+00
3.026372790336608887e-01
9.826729893684387207e-01
2.195780754089355469e+00
5.564440488815307617e-01
9.557197093963623047e-01
-3.913694381713867188e+00
-4.498507082462310791e-01
-1.839550495147705078e+00
-1.304497718811035156e-01
1.763987541198730469e-02
-2.716573476791381836e+00
-4.183070063591003418e-01
-1.504503846168518066e+00
5.954630851745605469e+00
2.314390659332275391e+00
1.038774847984313965e+00
-2.005536794662475586e+00
3.520368099212646484e+00
-5.280432701110839844e+00
5.155511379241943359e+00
1.517229557037353516e+00
-8.536354303359985352e-01
1.376259326934814453e+00
-3.232386827468872070e+00
-1.261119365692138672e+00
1.756732702255249023e+00
5.979535579681396484e+00
1.223354578018188477e+00
9.521162509918212891e-02
1.305311679840087891e+00
-3.208709955215454102e+00
9.215996265411376953e-01
-7.381692528724670410e-01
-4.713824748992919922e+00
-7.805051207542419434e-01
-1.189882904291152954e-01
1.678806543350219727e-01
6.820923089981079102e-01
-2.232941389083862305e+00
4.274584650993347168e-01
8.221832513809204102e-01
1.300608515739440918e+00
-3.790135979652404785e-01
2.884790897369384766e+00
-2.170629799365997314e-01
-3.090869426727294922e+00
-8.010753989219665527e-01
7.152627110481262207e-01
1.209892511367797852e+00
-5.830211639404296875e-01
-3.764095783233642578e+00
-4.453378677368164062e+00
-6.864222884178161621e-01
-1.124505758285522461e+00
7.774988412857055664e-01
8.722507953643798828e-01
7.301434874534606934e-01
3.802881717681884766e+00
1.796964645385742188e+00
2.495193004608154297e+00
-2.095134258270263672e+00
-1.323959589004516602e+00
3.168872594833374023e-01
-2.681120634078979492e+00
-2.392265319824218750e+00
-2.481525242328643799e-01
-1.621698737144470215e+00
-2.783324003219604492e+00
2.717313766479492188e+00
8.286188125610351562e+00
2.727584540843963623e-01
-3.391060829162597656e+00
7.826510906219482422e+00
-3.888182640075683594e+00
-5.940532684326171875e+00
-7.597979307174682617e-01
2.422099590301513672e+00
-9.087004661560058594e-01
3.061078786849975586e+00
-2.037542343139648438e+00
-1.370757937431335449e+00
1.412873506546020508e+00
9.183084964752197266e-01
-1.820473551750183105e+00
2.098891973495483398e+00
-2.892032146453857422e+00
-2.103632926940917969e+00
-2.886227130889892578e+00
9.487831115722656250e+00
-6.068130016326904297e+00
1.237705111503601074e+00
1.629426240921020508e+00
6.162322759628295898e-01
2.087610363960266113e-01
-1.539860963821411133e+00
4.575752258300781250e+00
3.740435838699340820e-01
-8.339780569076538086e-01
-2.377957105636596680e+00
6.832418441772460938e-01
-3.341228723526000977e+00
2.973144292831420898e+00
-6.505199670791625977e-01
-1.381850242614746094e-02
3.066896438598632812e+00
-2.345178604125976562e+00
-3.448865175247192383e+00
1.730170249938964844e+00
1.149848818778991699e+00
2.368641376495361328e+00
-3.701016187667846680e+00
3.221806526184082031e+00
-3.247130870819091797e+00
2.730017185211181641e+00
-2.079191446304321289e+00
-2.349806308746337891e+00
-1.172013759613037109e+00
-3.362716138362884521e-01
-1.000275850296020508e+00
-8.020925521850585938e-01
-3.663838386535644531e+00
-1.644590020179748535e+00
-3.007358312606811523e+00
2.911541461944580078e+00
3.258521556854248047e+00
-6.634906530380249023e-01
-1.450942158699035645e+00
2.798137187957763672e+00
4.885811805725097656e+00
1.084666848182678223e+00
5.150996685028076172e+00
-4.640753865242004395e-01
4.869413852691650391e+00
-3.690261602401733398e+00
-2.799330234527587891e+00
2.494928359985351562e+00
5.808121562004089355e-01
3.166769266128540039e+00
1.835930109024047852e+00
-1.068629503250122070e+00
2.143098831176757812e+00
-2.247143745422363281e+00
1.427546620368957520e+00
-3.115524768829345703e+00
3.279383897781372070e+00
3.172123432159423828e-02
-2.944139719009399414e+00
1.616744995117187500e+00
-2.162267267704010010e-01
5.791466236114501953e+00
9.745327949523925781e+00
-9.790370464324951172e-01
5.126105248928070068e-02
2.776363134384155273e+00
8.536837100982666016e-01
3.464124679565429688e+00
2.336016178131103516e+00
-1.344322800636291504e+00
2.645179986953735352e+00
6.133775234222412109e+00
-4.555089771747589111e-01
-4.445320367813110352e-02
2.002831697463989258e-01
-4.635232925415039062e+00
-2.505366325378417969e+00
-4.528749465942382812e+00
-4.615252494812011719e+00
-7.788550853729248047e-01
4.039021730422973633e-01
-2.135519981384277344e+00
3.806835412979125977e-02
-1.216898918151855469e+00
9.417449235916137695e-01
2.208468317985534668e-01
-1.325535535812377930e+00
5.530972480773925781e+00
1.612454414367675781e+00
1.004442572593688965e+00
3.393822908401489258e+00
-1.617302894592285156e+00
1.342724084854125977e+00
-3.959147632122039795e-02
-5.277037620544433594e-01
-2.469854831695556641e+00
3.660877943038940430e+00
1.736710309982299805e+00
2.773045539855957031e+00
-2.703520298004150391e+00
-1.394385933876037598e+00
9.508132934570312500e-01
-1.172985434532165527e-01
-1.135447025299072266e+00
2.709113121032714844e+00
-1.843177318572998047e+00
2.624584674835205078e+00
-4.358226954936981201e-01
-5.472606420516967773e-01
4.959371566772460938e+00
-1.415883064270019531e+00
-1.279658675193786621e-01
-3.059104204177856445e+00
7.127575278282165527e-01
2.182804048061370850e-01
6.971473693847656250e+00
-2.036754369735717773e+00
-2.869218349456787109e+00
-2.411284446716308594e+00
2.426945686340332031e+00
5.495325565338134766e+00
-1.589042186737060547e+00
1.287198066711425781e+00
1.901442050933837891e+00
-1.451705217361450195e+00
-3.234639406204223633e+00
-3.437074124813079834e-01
-1.724414527416229248e-01
-1.235796332359313965e+00
7.938928604125976562e-01
-8.573099970817565918e-01
-3.208506107330322266e-02
1.793734312057495117e+00
-2.773177862167358398e+00
4.154455661773681641e-02
-2.088907957077026367e+00
-2.021450400352478027e-01
-3.712691068649291992e+00
-3.931942224502563477e+00
9.872199892997741699e-01
-4.070060253143310547e-01
-1.061762332916259766e+00
2.759210109710693359e+00
2.167695522308349609e+00
-2.686673402786254883e+00
-1.954260945320129395e+00
2.030465126037597656e+00
2.016870975494384766e+00
1.834779739379882812e+00
-2.681624889373779297e-01
3.933066129684448242e-01
7.504420280456542969e+00
6.190013885498046875e+00
-4.162096977233886719e+00
-1.691142916679382324e+00
3.074766159057617188e+00
-2.555618762969970703e+00
-4.171655654907226562e+00
-3.744022846221923828e-01
-3.179169893264770508e+00
3.028540611267089844e+00
-1.269145011901855469e+00
-4.605060815811157227e-01
-1.812167167663574219e-01
1.701923310756683350e-01
-1.622489452362060547e+00
-4.464384078979492188e+00
2.587147712707519531e+00
-3.279776096343994141e+00
-2.649607181549072266e+00
-6.111497879028320312e-01
-2.105643033981323242e+00
7.734948158264160156e+00
2.527548789978027344e+00
1.343632936477661133e+00
-2.343009471893310547e+00
-1.534359931945800781e+00
-5.062995433807373047e+00
-2.069827318191528320e-01
2.139467954635620117e+00
-3.352971792221069336e+00
1.551223039627075195e+00
1.949231505393981934e+00
-1.858248949050903320e+00
-6.905419826507568359e-01
-3.199269294738769531e+00
6.474166870117187500e+00
-1.684482097625732422e+00
-2.521741151809692383e+00
2.174982547760009766e+00
1.028799176216125488e+00
1.161473155021667480e+00
2.636944532394409180e+00
8.037952184677124023e-01
2.434266567230224609e+00
-2.703288793563842773e+00
-8.159449100494384766e-01
1.333638191223144531e+00
7.109113931655883789e-01
3.781535148620605469e+00
2.268123149871826172e+00
4.432879924774169922e+00
-7.226960659027099609e-01
9.519917368888854980e-01
-1.310074090957641602e+00
-3.921889781951904297e+00
-6.199102997779846191e-01
1.770797014236450195e+00
6.297349929809570312e-02
-2.566974878311157227e+00
2.518385410308837891e+00
-3.635712146759033203e+00
6.696249842643737793e-01
-8.988550305366516113e-01
-2.033828496932983398e+00
1.600791215896606445e+00
-3.719358205795288086e+00
-2.853166818618774414e+00
-5.327963829040527344e-01
3.115689277648925781e+00
1.097063422203063965e+00
-1.454604625701904297e+00
-1.956956744194030762e+00
3.621671676635742188e+00
-1.693028926849365234e+00
2.027027606964111328e-01
8.218150734901428223e-01
1.203132152557373047e+00
-3.168449640274047852e+00
1.257996261119842529e-01
-3.251508235931396484e+00
-5.010807991027832031e+00
-3.396120965480804443e-01
3.123388767242431641e+00
-5.677815675735473633e-01
-4.988327026367187500e-01
-2.454851865768432617e-01
4.520207941532135010e-01
2.595471382141113281e+00
-9.884032607078552246e-01
-7.732040286064147949e-01
-3.703575134277343750e-01
1.851078867912292480e-01
5.317299365997314453e+00
2.217222929000854492e+00
7.387603282928466797e+00
3.013566255569458008e+00
3.334375619888305664e+00
6.654840111732482910e-01
-1.839955806732177734e+00
-1.456504583358764648e+00
4.047257304191589355e-01
5.893856287002563477e-01
2.510601282119750977e-01
9.710047245025634766e-01
-4.414964675903320312e+00
1.489379167556762695e+00
4.597239971160888672e+00
-9.999778270721435547e-01
1.811367154121398926e+00
7.319292426109313965e-01
-3.577102422714233398e-01
-2.874751806259155273e+00
-5.663216114044189453e-01
-2.333001136779785156e+00
-6.646364927291870117e-01
3.213517665863037109e+00
1.088026165962219238e+00
-3.167333841323852539e+00
2.022006511688232422e+00
1.673231601715087891e+00
-1.445538520812988281e+00
-4.719905853271484375e+00
-3.778603672981262207e-01
3.590794205665588379e-01
6.210951805114746094e+00
4.030342698097229004e-01
1.650733828544616699e+00
-4.948067665100097656e+00
1.798154473304748535e+00
-1.101134538650512695e+00
-3.300043582916259766e+00
9.835585951805114746e-02
-1.483967304229736328e+00
-2.780732870101928711e+00
1.097099781036376953e+00
-4.998302459716796875e+00
8.482078313827514648e-01
3.941244602203369141e+00
2.962327003479003906e-02
-1.689428806304931641e+00
3.722785472869873047e+00
2.250820875167846680e+00
2.632884502410888672e+00
1.076090097427368164e+00
3.064564228057861328e+00
-1.653784632682800293e+00
-1.965184688568115234e+00
-1.677625894546508789e+00
-1.802974224090576172e+00
2.548181116580963135e-01
3.747384071350097656e+00
7.343177795410156250e+00
8.322134017944335938e-01
-1.237142205238342285e+00
3.779870271682739258e+00
1.078453540802001953e+00
-9.780005812644958496e-01
-1.190759897232055664e+00
-4.418586492538452148e-01
-1.333238720893859863e+00
-4.372257232666015625e+00
-1.502440452575683594e+00
7.499539852142333984e-01
-1.313002228736877441e+00
-3.287675380706787109e-01
2.661873102188110352e+00
1.925390958786010742e-01
-9.870752096176147461e-01
5.376120567321777344e+00
-1.216347813606262207e+00
-5.671731233596801758e-01
-3.017130374908447266e+00
1.677011847496032715e+00
-2.381133079528808594e+00
-3.727479219436645508e+00
1.524328112602233887e+00
8.373969793319702148e-01
-4.419143199920654297e+00
-2.956631422042846680e+00
4.438009262084960938e+00
1.663242340087890625e+00
-1.658303737640380859e+00
9.969708323478698730e-01
1.540717601776123047e+00
-1.002016663551330566e+00
3.278906822204589844e+00
-9.188694357872009277e-01
-1.854169130325317383e+00
-1.644456028938293457e+00
1.615901589393615723e+00
4.769363880157470703e+00
-3.225352764129638672e+00
3.493642330169677734e+00
7.853997230529785156e+00
6.503528356552124023e-01
2.138424396514892578e+00
1.024668335914611816e+00
-4.459034204483032227e-01
4.420876502990722656e-02
-1.518264412879943848e+00
7.258903384208679199e-01
-4.669149398803710938e+00
4.415211677551269531e+00
-2.432077884674072266e+00
5.094852447509765625e+00
1.101145029067993164e+00
-5.290939807891845703e-01
-6.989240050315856934e-01
-1.696240454912185669e-01
-4.222255229949951172e+00
3.144242465496063232e-01
5.243232727050781250e+00
6.029703617095947266e-01
4.783864021301269531e+00
-2.655560970306396484e+00
-9.650444984436035156e-02
4.805368423461914062e+00
1.589126825332641602e+00
1.647639751434326172e+00
1.882654547691345215e+00
-2.701341152191162109e+00
5.131939888000488281e+00
2.212918043136596680e+00
8.340537548065185547e-02
-3.956787109375000000e+00
7.121996879577636719e-01
-5.176911830902099609e+00
-1.554364085197448730e+00
4.674527049064636230e-01
9.912651777267456055e-01
-2.477622509002685547e+00
-4.331079959869384766e+00
-5.017847418785095215e-01
-3.809012889862060547e+00
-2.855500459671020508e+00
-3.964397430419921875e+00
-2.619243621826171875e+00
-1.689109325408935547e+00
-7.447698116302490234e-01
-2.183671236038208008e+00
-2.100021839141845703e+00
-2.870995759963989258e+00
-3.467017650604248047e+00
-2.332660198211669922e+00
-7.968586683273315430e-01
-2.704876899719238281e+00
1.616255044937133789e-01
4.133747100830078125e+00
-4.823927283287048340e-01
-1.141665577888488770e-01
1.355922222137451172e+00
1.024285316467285156e+00
1.535849094390869141e+00
-2.922038316726684570e+00
1.899553537368774414e-01
8.425874710083007812e-01
-7.420625686645507812e-01
3.317320346832275391e-02
1.090757131576538086e+00
-3.583851158618927002e-01
-2.555033683776855469e+00
-1.424108743667602539e+00
-3.482226371765136719e+00
-4.386378765106201172e+00
-4.224651813507080078e+00
-4.367581844329833984e+00
3.281599998474121094e+00
-2.971807956695556641e+00
1.169421911239624023e+00
-1.709979772567749023e+00
3.112987518310546875e+00
3.755867004394531250e+00
2.279470443725585938e+00
7.075669765472412109e+00
1.208971858024597168e+00
4.686108112335205078e+00
-1.644251465797424316e+00
8.093035221099853516e-02
1.165477871894836426e+00
1.123844623565673828e+00
5.337048172950744629e-01
9.469003081321716309e-01
1.972929000854492188e+00
7.320504188537597656e+00
-2.728778123855590820e-02
2.525378227233886719e+00
-3.899145126342773438e-02
-2.314730644226074219e+00
-3.046847105026245117e+00
2.352606773376464844e+00
-3.979760169982910156e+00
3.996259689331054688e+00
1.255804538726806641e+00
-2.230257749557495117e+00
-5.589859485626220703e-01
5.557664036750793457e-01
-2.656124532222747803e-01
1.970596313476562500e+00
-1.008910775184631348e+00
7.164382934570312500e+00
