1.198709011077880859e-03
2.413912773132324219e+00
-8.213507533073425293e-01
1.625229477882385254e+00
5.127797126770019531e-01
1.959658026695251465e+00
1.348016977310180664e+00
-2.105126142501831055e+00
-5.282445430755615234e+00
7.657803297042846680e-01
-1.483249902725219727e+00
1.215823173522949219e+00
-2.010441541671752930e+00
-3.595002412796020508e+00
1.912367105484008789e+00
-2.996032238006591797e+00
-1.230541467666625977e+00
-1.710646867752075195e+00
-1.250235319137573242e+00
-3.424896955490112305e+00
-7.126215934753417969e+00
-9.621288180351257324e-01
-9.036736488342285156e-01
-2.927185773849487305e+00
-9.362916946411132812e-01
-4.570004463195800781e+00
-2.985502243041992188e+00
-1.171926498413085938e+00
-3.748247146606445312e+00
-3.327424287796020508e+00
-4.293706893920898438e+00
-1.271831512451171875e+00
-3.854569435119628906e+00
3.412397146224975586e+00
4.165279388427734375e+00
-1.326147079467773438e+00
-2.730004191398620605e-01
-2.491629123687744141e+00
6.079776287078857422e+00
1.217468738555908203e+00
4.948247075080871582e-01
-3.061313867568969727e+00
8.012359142303466797e-01
1.745150804519653320e+00
2.032624483108520508e+00
9.487182497978210449e-01
2.428312301635742188e+00
4.016511917114257812e+00
-1.160442352294921875e+00
-2.401715278625488281e+00
1.332787871360778809e+00
1.828022837638854980e+00
-2.773011207580566406e+00
-1.871873378753662109e+00
-1.215954422950744629e+00
4.079516887664794922e+00
1.864981412887573242e+00
-6.124001026153564453e+00
-2.956092357635498047e-02
-3.849196434020996094e-01
2.058622837066650391e+00
-9.523829221725463867e-01
-1.989419460296630859e-01
-1.271420240402221680e+00
3.716298580169677734e+00
7.082122325897216797e+00
3.290079832077026367e+00
2.602022409439086914e+00
1.756352543830871582e+00
1.832330584526062012e+00
-2.188532352447509766e+00
-3.962873816490173340e-01
-8.542423248291015625e-01
2.286348581314086914e+00
2.825250148773193359e+00
-1.757930040359497070e+00
2.412086009979248047e+00
2.418039321899414062e+00
4.121922492980957031e+00
3.986062765121459961e+00
-1.185866832733154297e+00
-2.173558235168457031e+00
-1.669333338737487793e+00
3.292915821075439453e-01
3.276163339614868164e-01
-3.166908740997314453e+00
-5.158791542053222656e-01
8.396697044372558594e-01
5.281279563903808594e+00
-1.139564514160156250e+00
4.265581130981445312e+00
-3.619321823120117188e+00
1.672956585884094238e+00
-1.066751241683959961e+00
1.688766956329345703e+00
-2.463706493377685547e+00
-4.307858049869537354e-01
-1.594941973686218262e+00
-2.111512660980224609e+00
-2.579741001129150391e+00
-9.423260688781738281e-01
1.479483366012573242e+00
-4.669652938842773438e+00
-2.523960113525390625e+00
-3.681467533111572266e+00
-5.314652919769287109e+00
-3.810617923736572266e+00
8.839079856872558594e+00
6.162016391754150391e+00
9.998002052307128906e+00
-1.027145147323608398e+00
1.572020530700683594e+00
3.869194746017456055e+00
2.161826610565185547e+00
-5.211486816406250000e+00
2.085639953613281250e+00
-2.250201702117919922e+00
6.067532539367675781e+00
5.592260360717773438e-01
5.615417361259460449e-01
7.045146226882934570e-01
2.144839465618133545e-01
-3.275302648544311523e-01
-2.093654870986938477e-01
1.150133609771728516e-01
8.041800498962402344e+00
1.942857027053833008e+00
-3.573567867279052734e-01
-1.581658005714416504e+00
7.096961140632629395e-01
1.159974575042724609e+00
-1.822146654129028320e+00
7.876285910606384277e-01
-2.568237543106079102e+00
-6.820965409278869629e-01
-3.074032783508300781e+00
-6.019508838653564453e-01
-2.889014244079589844e+00
-2.865092754364013672e+00
-2.114593982696533203e+00
-3.446146249771118164e+00
-1.440788149833679199e+00
-4.055395126342773438e+00
-3.249256849288940430e+00
2.093161106109619141e+00
-2.749950647354125977e+00
-4.352376937866210938e+00
-4.247569441795349121e-01
6.723177433013916016e-02
3.246620655059814453e+00
1.377488076686859131e-01
3.001126766204833984e+00
-1.808636546134948730e+00
-9.093529582023620605e-01
-1.519916057586669922e+00
-3.575297117233276367e+00
8.460338115692138672e-01
1.777304410934448242e+00
1.098947525024414062e+00
4.184211730957031250e+00
-6.219970703125000000e+00
5.216117501258850098e-01
1.073747873306274414e+00
3.193454742431640625e-01
-3.984878584742546082e-02
6.377522945404052734e-01
1.310593485832214355e+00
-6.724159121513366699e-01
5.794998645782470703e+00
-2.410840272903442383e+00
8.523240089416503906e-01
3.377195358276367188e+00
1.500431895256042480e-01
4.469394683837890625e+00
-1.702787131071090698e-01
-2.657058238983154297e+00
-1.049137115478515625e-01
-1.501982212066650391e+00
4.345508575439453125e+00
-4.358212053775787354e-01
1.741439104080200195e-01
1.254617571830749512e+00
-4.192020893096923828e-01
-7.408280372619628906e-01
4.147100448608398438e-02
2.743676900863647461e+00
-2.066586256027221680e+00
1.446964502334594727e+00
-9.319123029708862305e-01
1.530429124832153320e-01
-1.777332782745361328e+00
-1.483728170394897461e+00
-2.112330436706542969e+00
-2.298839807510375977e+00
-2.625369548797607422e+00
9.225319623947143555e-01
-1.810589790344238281e+00
-1.670541763305664062e+00
-1.655057787895202637e+00
-1.312032699584960938e+00
4.280736744403839111e-01
7.213903665542602539e-01
-1.696747541427612305e-02
3.745012760162353516e+00
9.185975790023803711e-02
-1.657756805419921875e+00
3.058721780776977539e+00
2.562170267105102539e+00
3.065076589584350586e+00
5.998516082763671875e+00
3.237130641937255859e-01
3.874359130859375000e+00
-2.406895756721496582e-01
2.315432786941528320e+00
1.425843477249145508e+00
1.950538873672485352e+00
1.586788296699523926e+00
3.633121252059936523e-01
-1.609743595123291016e+00
-1.826614856719970703e+00
-3.057638645172119141e+00
-1.814990401268005371e+00
1.973064303398132324e+00
-4.495487213134765625e-01
-2.374150753021240234e+00
5.291109532117843628e-02
-1.801270961761474609e+00
3.895935416221618652e-02
8.429470658302307129e-01
6.833267807960510254e-01
-2.419357538223266602e+00
-4.002360105514526367e-01
-1.678103506565093994e-01
-2.617371559143066406e+00
3.251075029373168945e+00
-2.021410703659057617e+00
7.250385284423828125e-01
2.566547393798828125e+00
3.826987981796264648e+00
-1.506568908691406250e+00
4.177303612232208252e-01
2.883818149566650391e-01
2.501044750213623047e+00
2.336172819137573242e+00
-1.066649556159973145e+00
-2.405159473419189453e-01
1.448242425918579102e+00
5.442347049713134766e+00
2.954632043838500977e-01
2.018182039260864258e+00
-5.898547768592834473e-01
3.064220428466796875e+00
-2.471397399902343750e+00
6.977167725563049316e-01
2.296628952026367188e+00
1.062870025634765625e-02
-1.874630898237228394e-01
-5.877771377563476562e-01
6.362108588218688965e-01
-1.286891460418701172e+00
1.361049413681030273e-01
-1.639110326766967773e+00
1.162175178527832031e+00
-7.372509241104125977e-01
3.483838438987731934e-01
-1.629381537437438965e+00
-1.927499055862426758e+00
-2.134825468063354492e+00
1.116410493850708008e-01
-7.984360456466674805e-01
1.851476728916168213e-01
-1.391954898834228516e+00
1.738152980804443359e+00
3.372716665267944336e+00
-1.908913135528564453e+00
-3.096959114074707031e+00
-3.721388816833496094e+00
-2.510048389434814453e+00
-4.051038265228271484e+00
2.104168415069580078e+00
-1.790056705474853516e+00
-5.915359854698181152e-01
-8.978454470634460449e-01
-1.832027673721313477e+00
-3.330399274826049805e+00
-1.756207823753356934e+00
-2.720253944396972656e+00
-7.628467559814453125e+00
-4.511985301971435547e+00
-5.640559196472167969e+00
-3.114674568176269531e+00
-2.653794527053833008e+00
1.758158802986145020e+00
-1.722272157669067383e+00
-1.719187617301940918e+00
-3.864956378936767578e+00
1.585391283035278320e+00
-3.927876949310302734e+00
5.377392172813415527e-01
-3.212894916534423828e+00
7.177538871765136719e-01
1.141737103462219238e+00
-2.387942075729370117e-01
-1.139005184173583984e+00
-8.314818143844604492e-02
-1.599722266197204590e+00
-3.673349618911743164e+00
1.392600893974304199e+00
4.971743583679199219e+00
2.399599313735961914e+00
4.601285457611083984e+00
-1.707203269004821777e+00
1.584064513444900513e-01
-1.995251178741455078e-01
-1.901305675506591797e+00
-6.748243570327758789e-01
-2.215192556381225586e+00
2.202554225921630859e+00
2.951843261718750000e+00
4.975276470184326172e+00
1.521061658859252930e+00
-1.128995418548583984e-01
-2.218787670135498047e+00
-5.329701900482177734e-01
-1.418185591697692871e+00
2.724745273590087891e-01
3.187425136566162109e-01
4.245543956756591797e+00
2.751466512680053711e+00
1.769964456558227539e+00
-7.288199067115783691e-01
-1.594453811645507812e+00
-3.345325946807861328e+00
2.451693058013916016e+00
-5.438550472259521484e+00
-5.233153343200683594e+00
-3.193380832672119141e+00
-2.757054090499877930e+00
2.940250635147094727e-01
3.340240716934204102e+00
5.831943511962890625e+00
1.727619647979736328e+00
-4.607575833797454834e-01
-9.174649119377136230e-01
1.769574642181396484e+00
1.190841197967529297e+00
1.603138923645019531e+00
-5.420891046524047852e-01
4.497585773468017578e+00
2.785574674606323242e+00
5.168460011482238770e-01
8.588933944702148438e-02
3.298370838165283203e-01
-3.717780709266662598e-01
2.252486705780029297e+00
-2.741823196411132812e+00
-5.081745982170104980e-02
-6.122772395610809326e-02
1.893104314804077148e+00
1.207755088806152344e+00
-1.524822592735290527e+00
-1.318544387817382812e+00
-3.907707214355468750e+00
1.596974968910217285e+00
-3.878050565719604492e+00
-1.744441986083984375e+00
-6.043928146362304688e+00
-6.356352329254150391e+00
-8.154453277587890625e+00
-8.137684822082519531e+00
-6.428153514862060547e+00
-2.894590377807617188e+00
-3.728649377822875977e+00
-5.517026901245117188e+00
-5.374774932861328125e+00
-4.290337562561035156e+00
-2.579084873199462891e+00
-2.452778100967407227e+00
-2.989944934844970703e+00
-6.128957271575927734e+00
-2.856087684631347656e+00
-5.530807018280029297e+00
-1.641931056976318359e+00
-2.359596729278564453e+00
-3.620882987976074219e+00
3.332990884780883789e+00
4.689338684082031250e+00
-1.964364290237426758e+00
-2.357907056808471680e+00
5.049715638160705566e-01
-3.825039565563201904e-01
-2.252190351486206055e+00
8.983380317687988281e+00
7.176704406738281250e+00
-1.464081168174743652e+00
7.573681473731994629e-01
1.154466152191162109e+01
6.436206340789794922e+00
-2.223943948745727539e+00
-1.556563973426818848e+00
-1.270791292190551758e+00
-1.038423538208007812e+00
7.541761994361877441e-01
-2.135949611663818359e+00
-1.121206760406494141e+00
2.928306341171264648e+00
-2.948211908340454102e+00
-8.757343888282775879e-02
1.661324620246887207e+00
3.610305547714233398e+00
-1.286722898483276367e+00
5.605999827384948730e-01
-3.548964262008666992e+00
-7.716044783592224121e-02
2.294896602630615234e+00
-2.618487834930419922e+00
5.912911891937255859e-02
6.473032474517822266e+00
4.858651757240295410e-01
4.524472236633300781e+00
-1.927467823028564453e+00
-2.798601388931274414e+00
1.404238939285278320e-01
-2.715864658355712891e+00
3.977130651473999023e-01
3.795707464218139648e+00
2.043974161148071289e+00
1.175166010856628418e+00
-5.946108102798461914e-01
3.279195070266723633e+00
5.829585194587707520e-01
-3.104427337646484375e+00
-2.606548666954040527e-01
7.753894329071044922e+00
9.361174583435058594e+00
4.148029327392578125e+00
-1.447524547576904297e+00
3.862316846847534180e+00
-1.867770433425903320e+00
-9.919053912162780762e-01
9.296112656593322754e-01
1.065483927726745605e+00
-2.187479734420776367e+00
2.633758068084716797e+00
-1.098469257354736328e+00
1.190786123275756836e+00
2.455930709838867188e+00
3.383083581924438477e+00
-1.577362895011901855e+00
2.379338741302490234e+00
6.123808622360229492e-01
6.791731715202331543e-01
5.166152954101562500e+00
-2.516121864318847656e+00
-4.903118610382080078e+00
-1.986014842987060547e-01
-7.893127202987670898e-01
2.152088642120361328e+00
-1.134643405675888062e-01
1.546082735061645508e+00
2.065487861633300781e+00
-6.031264781951904297e+00
2.296029806137084961e+00
4.669457912445068359e+00
1.146282434463500977e+00
-3.328064680099487305e+00
-4.163183212280273438e+00
-3.331488847732543945e+00
-2.812432765960693359e+00
-3.635492324829101562e+00
-1.695340871810913086e-02
-8.200262784957885742e-01
2.632789134979248047e+00
-1.890875935554504395e+00
4.434307575225830078e+00
-1.494315028190612793e+00
-2.912495136260986328e+00
-3.206470966339111328e+00
1.540074110031127930e+00
-8.206665515899658203e-01
-1.411734819412231445e-01
2.236455976963043213e-01
-1.799177050590515137e+00
1.767143726348876953e+00
1.717095375061035156e+00
-7.367742061614990234e-01
-4.508197903633117676e-01
2.509027719497680664e+00
8.570433855056762695e-01
8.757598996162414551e-01
5.999482274055480957e-01
-4.522853374481201172e+00
-2.534523963928222656e+00
-1.592936992645263672e+00
-3.504487037658691406e+00
-3.019570350646972656e+00
-1.655500680208206177e-01
1.192950010299682617e-01
1.891944110393524170e-01
-6.107251644134521484e-01
-2.051499128341674805e+00
2.046440124511718750e+00
2.237308740615844727e+00
7.547327280044555664e-01
6.225502490997314453e-01
-2.204579353332519531e+00
1.262586236000061035e+00
-1.706480145454406738e+00
-1.367347002029418945e+00
6.348718404769897461e-01
2.486386775970458984e+00
-2.174279212951660156e+00
-2.916026353836059570e+00
-8.224851489067077637e-01
-1.295535206794738770e+00
2.923107385635375977e+00
-1.442011713981628418e+00
2.116333723068237305e+00
1.987039446830749512e+00
1.509996056556701660e-01
1.382329344749450684e+00
-3.184453487396240234e+00
-2.071581184864044189e-01
-3.276865482330322266e-01
-2.529867172241210938e+00
3.401819467544555664e-01
-9.877256155014038086e-01
2.153966128826141357e-01
-1.486448287963867188e+00
1.512101650238037109e+00
7.668021202087402344e+00
-2.827044725418090820e-01
-1.677124142646789551e+00
5.329313755035400391e+00
-5.396457195281982422e+00
-5.383341789245605469e+00
8.284876942634582520e-01
4.740115642547607422e+00
-1.021730601787567139e-01
2.644789934158325195e+00
2.039710998535156250e+00
-2.691582202911376953e+00
6.524472832679748535e-01
5.152762532234191895e-01
-2.524848461151123047e+00
9.406832456588745117e-01
-2.875916242599487305e+00
1.135170698165893555e+00
-3.947089195251464844e+00
5.798179149627685547e+00
-5.975551128387451172e+00
7.549369931221008301e-01
3.729648113250732422e+00
-3.792215824127197266e+00
-6.964108347892761230e-01
-1.109417557716369629e+00
-5.881179571151733398e-01
3.506561279296875000e+00
8.747717142105102539e-01
-2.662502765655517578e+00
1.737353086471557617e+00
-3.528589248657226562e+00
2.625939846038818359e+00
-2.282375812530517578e+00
-4.499991416931152344e+00
3.952201128005981445e+00
-2.361027717590332031e+00
-3.655966043472290039e+00
9.155534505844116211e-01
-1.333183169364929199e+00
1.631485223770141602e+00
-2.436618804931640625e+00
1.130794525146484375e+00
-5.049875259399414062e+00
1.658971071243286133e+00
-6.335786342620849609e+00
-3.686262130737304688e+00
-3.856669664382934570e+00
-5.695484876632690430e-01
-3.062510251998901367e+00
-1.660202622413635254e+00
-1.941465377807617188e+00
-1.640792727470397949e+00
-3.174461364746093750e+00
3.639126539230346680e+00
6.769515037536621094e+00
-4.195699691772460938e+00
-2.189840078353881836e-01
6.870939135551452637e-01
1.873854637145996094e+00
-2.597990751266479492e+00
5.903759479522705078e+00
-2.799677371978759766e+00
1.693968534469604492e+00
-3.419811248779296875e+00
-1.002329945564270020e+00
2.541752815246582031e+00
-2.107068061828613281e+00
4.595453739166259766e-01
2.020772457122802734e+00
1.236455440521240234e+00
-1.547857046127319336e+00
-1.835910439491271973e+00
-1.580655097961425781e+00
-1.048588871955871582e+00
1.514178276062011719e+00
-1.369490027427673340e-01
2.005715966224670410e-01
1.079050183296203613e+00
-1.223824024200439453e-01
7.409991264343261719e+00
4.896977901458740234e+00
-3.038280010223388672e-01
-5.453495502471923828e+00
2.433838844299316406e+00
5.047246813774108887e-01
5.992300987243652344e+00
4.930874705314636230e-01
-1.392603397369384766e+00
2.573647022247314453e+00
7.745349407196044922e-01
-2.033535480499267578e+00
5.811231136322021484e-01
-1.464994549751281738e-01
-4.183719635009765625e+00
3.665632009506225586e-01
-2.457974672317504883e+00
-4.744031906127929688e+00
-2.396160960197448730e-01
-6.331598758697509766e-01
-2.599309921264648438e+00
2.277204751968383789e+00
4.540385603904724121e-01
-1.225948452949523926e+00
-2.225069999694824219e+00
1.413070201873779297e+00
2.452757596969604492e+00
2.160040140151977539e+00
3.912723302841186523e+00
4.412321567535400391e+00
-8.808005452156066895e-01
4.100955963134765625e+00
-2.057942390441894531e+00
1.437961697578430176e+00
-1.221359252929687500e+00
8.812394738197326660e-01
4.391635894775390625e+00
2.962610244750976562e+00
-2.180413722991943359e+00
-2.556705951690673828e+00
2.446915626525878906e+00
-5.176562070846557617e-01
-2.340663433074951172e+00
-3.700713515281677246e-01
-1.614957451820373535e+00
4.585180580615997314e-01
-2.025112152099609375e+00
2.105037569999694824e-01
4.784856319427490234e+00
-2.133448123931884766e+00
9.241291284561157227e-01
-2.289126634597778320e+00
-2.033626079559326172e+00
-1.629406094551086426e+00
1.855376720428466797e+00
-3.057229757308959961e+00
-3.073188304901123047e+00
-5.098768472671508789e-01
-3.782350420951843262e-01
1.137735128402709961e+00
-4.376491069793701172e+00
1.438962459564208984e+00
2.362832784652709961e+00
-3.225342512130737305e+00
-3.398250818252563477e+00
-9.230231642723083496e-01
1.465041399002075195e+00
-2.245986938476562500e+00
-1.548014879226684570e-01
-1.511800527572631836e+00
1.513040661811828613e+00
-4.426067352294921875e+00
3.072603046894073486e-01
-1.159103631973266602e+00
2.851728200912475586e-01
-2.766361951828002930e+00
-1.293014764785766602e+00
-6.588903427124023438e+00
9.858540892601013184e-01
-9.170111417770385742e-01
7.427477836608886719e-01
3.849880456924438477e+00
2.535224914550781250e+00
2.336944341659545898e+00
1.407054066658020020e+00
-6.194721460342407227e-01
2.168714046478271484e+00
3.816301226615905762e-01
-1.467350125312805176e+00
1.546364903450012207e+00
5.600019931793212891e+00
9.698422431945800781e+00
4.426887631416320801e-01
-1.782975554466247559e+00
2.394843995571136475e-01
-5.482087135314941406e-01
-3.978234767913818359e+00
7.392733097076416016e-01
-3.331252813339233398e+00
1.324384450912475586e+00
-1.098816871643066406e+00
1.036396384239196777e+00
1.483685255050659180e+00
-7.949379086494445801e-01
6.020644903182983398e-01
-2.261900424957275391e+00
1.447473645210266113e+00
-3.265225172042846680e+00
5.462703704833984375e-01
1.163631200790405273e+00
7.474921941757202148e-01
4.910995006561279297e+00
1.493918180465698242e+00
2.941606998443603516e+00
1.024489998817443848e+00
-6.282161474227905273e-01
-6.514558315277099609e+00
2.846055984497070312e+00
7.913824319839477539e-01
-1.672354698181152344e+00
2.304116964340209961e+00
2.838639497756958008e+00
9.267014265060424805e-02
1.324667930603027344e+00
-1.028998613357543945e+00
8.174878120422363281e+00
-2.149162769317626953e+00
6.073383092880249023e-01
1.254250168800354004e+00
-7.754657864570617676e-01
-1.829534292221069336e+00
-2.380363941192626953e-01
-3.064087629318237305e+00
-3.102552890777587891e+00
3.472567200660705566e-01
1.687425076961517334e-01
2.616624116897583008e+00
1.242909729480743408e-01
2.496234893798828125e+00
1.911446571350097656e+00
-8.634269237518310547e-01
-1.759249329566955566e+00
3.875308036804199219e-01
-1.127846717834472656e+00
-2.219577789306640625e+00
-1.357401013374328613e+00
3.733501434326171875e-01
-1.964420080184936523e-01
7.695731520652770996e-01
2.663739204406738281e+00
-4.287303447723388672e+00
-1.421831369400024414e+00
-1.911358833312988281e-01
-3.955852746963500977e+00
1.097758531570434570e+00
-1.350839138031005859e+00
-6.528365135192871094e+00
1.248696446418762207e+00
2.063375949859619141e+00
2.976857185363769531e+00
2.398575782775878906e+00
-5.611670017242431641e-01
5.964620709419250488e-01
-2.485133647918701172e+00
1.970496654510498047e+00
1.898152351379394531e+00
-1.461396455764770508e+00
-3.422328710556030273e+00
-3.261651515960693359e+00
-1.378549218177795410e+00
-1.361398696899414062e-01
-1.717269539833068848e+00
2.557959556579589844e+00
1.763703584671020508e+00
-2.555666565895080566e-01
9.016583561897277832e-01
-1.748678088188171387e+00
7.376741170883178711e-01
-2.695120573043823242e+00
-1.367435216903686523e+00
-2.128069400787353516e+00
-9.339988231658935547e-02
4.398259639739990234e+00
3.453630685806274414e+00
7.016901493072509766e+00
6.255912780761718750e+00
6.835826396942138672e+00
2.605341076850891113e-01
-2.686201333999633789e+00
-2.860968112945556641e+00
-3.648389816284179688e+00
4.320538997650146484e+00
-4.826390743255615234e-02
8.369419574737548828e-01
-1.437582254409790039e+00
2.612893104553222656e+00
6.314622879028320312e+00
-4.041014909744262695e-01
2.229494094848632812e+00
-3.868722438812255859e+00
-3.274474382400512695e+00
1.000011086463928223e+00
1.955969810485839844e+00
2.319810092449188232e-01
-6.928443908691406250e-03
2.479030132293701172e+00
2.087176144123077393e-01
-4.532527446746826172e+00
4.590320110321044922e+00
2.382583379745483398e+00
-2.406651735305786133e+00
-5.455353736877441406e+00
4.346458017826080322e-01
-1.892829656600952148e+00
4.092512607574462891e+00
-2.550683021545410156e+00
3.756452083587646484e+00
-3.936836719512939453e+00
1.370477199554443359e+00
-1.225548505783081055e+00
-1.463072061538696289e+00
-2.962290763854980469e+00
-1.879730463027954102e+00
-1.310197710990905762e-01
8.560001850128173828e-02
-3.964468002319335938e+00
1.377268314361572266e+00
2.186801910400390625e+00
3.954342842102050781e+00
-4.376830577850341797e+00
5.403010845184326172e+00
1.371251821517944336e+00
1.743152141571044922e+00
3.953881859779357910e-01
1.468621969223022461e+00
1.970579624176025391e-01
1.271447658538818359e+00
-4.670555591583251953e+00
-3.380148410797119141e+00
-1.684756636619567871e+00
1.995228528976440430e+00
5.615823268890380859e+00
4.194379806518554688e+00
-3.172477722167968750e+00
3.728113472461700439e-01
9.719014167785644531e-01
2.642443180084228516e+00
-1.238844156265258789e+00
-2.235040187835693359e+00
5.142053961753845215e-02
-3.361742258071899414e+00
-6.248561143875122070e-01
2.116563796997070312e+00
4.821153283119201660e-01
-3.372690200805664062e+00
-9.141044020652770996e-01
-1.378937959671020508e+00
6.355601549148559570e-01
2.215105056762695312e+00
-7.022568583488464355e-01
-9.989174604415893555e-01
-8.300106525421142578e-01
3.298804759979248047e+00
-1.916249990463256836e+00
-3.526004314422607422e+00
-3.418625593185424805e-01
-3.170358538627624512e-01
-5.045502185821533203e+00
-5.190745353698730469e+00
5.316035270690917969e+00
-3.528463840484619141e-01
-2.810342550277709961e+00
4.742332398891448975e-01
2.346352100372314453e+00
-2.189588308334350586e+00
2.593763351440429688e+00
-9.125125408172607422e-02
-2.928874731063842773e+00
-3.623854815959930420e-01
-7.195031642913818359e-01
7.005605220794677734e+00
-4.141036510467529297e+00
3.659321069717407227e+00
5.017374515533447266e+00
1.048660993576049805e+00
8.082076311111450195e-01
-1.961337804794311523e+00
2.216078042984008789e+00
2.973348855972290039e+00
-1.444108784198760986e-01
5.604175090789794922e+00
-5.002284049987792969e+00
2.558610916137695312e+00
2.521799802780151367e-01
3.663157463073730469e+00
7.033756971359252930e-01
-1.735186100006103516e+00
-1.790515780448913574e-01
3.251990675926208496e-01
-4.587988853454589844e+00
2.690029144287109375e+00
6.764232158660888672e+00
2.146869897842407227e+00
6.248275279998779297e+00
-8.908476233482360840e-01
-2.678063213825225830e-01
2.983818531036376953e+00
1.682781577110290527e+00
2.269448041915893555e+00
3.071502208709716797e+00
1.357060909271240234e+00
5.721367359161376953e+00
-1.881910562515258789e-01
-8.357617259025573730e-02
-1.323186010122299194e-01
-7.355946898460388184e-01
-6.799553871154785156e+00
-2.699402332305908203e+00
3.433033227920532227e-01
2.479182004928588867e+00
-3.793306112289428711e+00
-7.138648509979248047e+00
-1.686786890029907227e+00
-2.349927425384521484e+00
-2.537377595901489258e+00
-4.322214126586914062e+00
-1.979625105857849121e+00
-2.435075759887695312e+00
-3.881530761718750000e-01
-3.259918689727783203e+00
-4.463131427764892578e+00
-4.400454998016357422e+00
-4.154394149780273438e+00
-2.908762693405151367e+00
-2.526678442955017090e-01
-3.473365306854248047e-02
1.521268367767333984e+00
3.035696148872375488e-01
1.226525187492370605e+00
-1.432222843170166016e+00
4.229648113250732422e-01
7.102888822555541992e-01
-2.568225860595703125e-01
-8.414922356605529785e-01
-5.134425759315490723e-01
-2.665325403213500977e+00
5.782653093338012695e-01
1.956622004508972168e-01
2.000517845153808594e+00
5.590137839317321777e-01
-3.787376880645751953e+00
-2.184194326400756836e+00
-1.438026666641235352e+00
-4.497356891632080078e+00
-5.358934402465820312e+00
-1.917366504669189453e+00
-9.889458417892456055e-01
-4.933259487152099609e+00
-2.258171796798706055e+00
-4.339437961578369141e+00
4.522566318511962891e+00
2.957684278488159180e+00
1.902652263641357422e+00
1.169291687011718750e+01
-6.033642292022705078e-01
5.241730213165283203e+00
3.812058925628662109e+00
4.227096080780029297e+00
6.600664615631103516e+00
4.541959762573242188e-01
2.897293806076049805e+00
1.701787471771240234e+00
-2.641411304473876953e+00
1.037974452972412109e+01
3.433638334274291992e+00
2.237140178680419922e+00
-1.401292443275451660e+00
-2.810470342636108398e+00
-4.276933670043945312e+00
6.385046243667602539e-01
-4.054958820343017578e+00
7.989588379859924316e-01
-8.041648268699645996e-01
-4.129362106323242188e+00
4.425871372222900391e-02
-2.245604991912841797e+00
-1.591697335243225098e+00
-2.519985914230346680e+00
-1.779178261756896973e+00
3.119441986083984375e+00
