9.832000732421875000e-02
5.584342956542968750e+00
1.049472093582153320e+00
5.125523805618286133e-01
1.835346698760986328e+00
-1.186680912971496582e+00
8.122692108154296875e-01
-1.409078121185302734e+00
-3.078360557556152344e+00
2.471655368804931641e+00
-1.307731270790100098e+00
1.310824871063232422e+00
-9.241175651550292969e-01
-2.092234134674072266e+00
1.937558889389038086e+00
-1.831107497215270996e+00
2.822182178497314453e-01
5.111695528030395508e-01
-4.631438553333282471e-01
-3.438376188278198242e+00
-6.115265369415283203e+00
5.035870075225830078e-01
9.391417503356933594e-01
-3.587787628173828125e+00
-2.393319129943847656e+00
-4.448828697204589844e+00
-3.085864543914794922e+00
-1.602354049682617188e+00
-4.885331630706787109e+00
-3.127703666687011719e+00
-6.937491893768310547e+00
-2.328027725219726562e+00
-8.599426269531250000e+00
1.636373996734619141e+00
-9.006330370903015137e-01
-4.369093775749206543e-01
-3.235358238220214844e+00
-3.943392515182495117e+00
-1.991218924522399902e+00
3.511463999748229980e-01
-6.019570231437683105e-01
-5.064765453338623047e+00
-5.597695708274841309e-01
-2.884382009506225586e+00
-3.044825077056884766e+00
-2.238111972808837891e+00
-1.650300979614257812e+00
1.477897167205810547e-02
-9.542241692543029785e-01
-2.624412059783935547e+00
2.693054437637329102e+00
-2.357594966888427734e+00
-6.333255767822265625e+00
-5.702887058258056641e+00
-6.513711929321289062e+00
-8.261780738830566406e-01
-5.210587501525878906e+00
-1.018356037139892578e+01
-1.215272188186645508e+00
-4.575400352478027344e+00
-1.090127706527709961e+00
-4.630822181701660156e+00
-2.686671495437622070e+00
-6.455042362213134766e+00
1.231012940406799316e+00
7.411981821060180664e-01
-1.660702228546142578e+00
-2.941701889038085938e+00
-4.106912612915039062e+00
-8.770069479942321777e-01
-3.652365922927856445e+00
-9.579032659530639648e-01
1.389652013778686523e+00
3.460205316543579102e+00
5.305428981781005859e+00
7.021839618682861328e-01
1.126061677932739258e+00
2.813294529914855957e-01
-2.935355007648468018e-01
2.080975532531738281e+00
1.550209522247314453e-02
-6.766452789306640625e-01
-3.407890200614929199e-01
9.140748977661132812e-01
2.574770450592041016e+00
-3.181198120117187500e+00
-2.209532260894775391e-01
4.879903793334960938e-01
4.118290901184082031e+00
-9.341560006141662598e-01
3.972851037979125977e+00
-2.157544136047363281e+00
1.287730932235717773e+00
4.753488898277282715e-01
4.920380115509033203e+00
-2.663398504257202148e+00
2.270712375640869141e+00
-2.967917919158935547e-02
-4.414293766021728516e-01
-1.780330896377563477e+00
8.294061422348022461e-01
2.301894187927246094e+00
-7.127460479736328125e+00
-6.251478791236877441e-01
-3.528268814086914062e+00
-4.223664760589599609e+00
-2.630548954010009766e+00
5.969189643859863281e+00
1.251666903495788574e+00
3.457930326461791992e+00
-5.673372268676757812e+00
-8.248142004013061523e-01
-2.420600652694702148e+00
-2.011364221572875977e+00
-6.524988651275634766e+00
3.141006231307983398e-01
-2.416409254074096680e+00
2.599053621292114258e+00
-9.781336784362792969e-02
-1.787570714950561523e+00
-7.234402894973754883e-01
-4.639580845832824707e-01
-2.400057554244995117e+00
-1.478527903556823730e+00
1.321002483367919922e+00
-1.087865114212036133e+00
1.791439056396484375e-01
2.091964483261108398e-01
1.276163697242736816e+00
1.504553556442260742e+00
3.003704071044921875e+00
1.502166628837585449e+00
2.029629230499267578e+00
-2.713222503662109375e+00
2.337757110595703125e+00
-1.256395816802978516e+00
-3.669409155845642090e-01
1.361548900604248047e-01
5.790438652038574219e-01
-1.859984397888183594e+00
6.665635108947753906e-01
8.386422395706176758e-01
6.533257961273193359e-01
-9.768067598342895508e-01
6.954083442687988281e-01
-3.455681800842285156e-01
-5.417360305786132812e+00
-1.808383822441101074e+00
7.008527517318725586e-01
8.822335004806518555e-01
1.727605760097503662e-01
2.546596825122833252e-01
-4.548958778381347656e+00
-3.795039176940917969e+00
-3.644340515136718750e+00
-5.222420215606689453e+00
-5.531169772148132324e-01
-7.455110549926757812e-03
1.777860879898071289e+00
1.079667687416076660e+00
-3.732904434204101562e+00
-5.446102023124694824e-01
1.833442449569702148e+00
3.576290607452392578e-02
4.213268756866455078e-01
6.792244315147399902e-02
1.812115550041198730e+00
3.020886421203613281e+00
5.219614505767822266e+00
-1.679764509201049805e+00
4.099209785461425781e+00
1.997619390487670898e+00
1.083673119544982910e+00
4.865241050720214844e+00
5.573159456253051758e-02
-4.067839384078979492e-01
1.428257584571838379e+00
7.669156789779663086e-01
3.233295202255249023e+00
-2.117821723222732544e-01
-4.124615192413330078e+00
3.584095478057861328e+00
-4.669824242591857910e-01
1.079096555709838867e+00
7.394335269927978516e-01
3.193295478820800781e+00
-1.591806292533874512e+00
2.561079561710357666e-01
2.469587802886962891e+00
2.604315042495727539e+00
-1.471121311187744141e+00
-1.602089762687683105e+00
-1.368734240531921387e-01
-2.859985351562500000e+00
-2.943248271942138672e+00
-5.469650626182556152e-01
-1.256021261215209961e+00
2.370000600814819336e+00
1.230478882789611816e-01
2.895179510116577148e+00
-2.194452285766601562e+00
-1.376047611236572266e+00
1.011794090270996094e+00
6.563071727752685547e+00
-1.980445861816406250e+00
-1.136261701583862305e+00
1.620595216751098633e+00
4.136091768741607666e-01
1.095636010169982910e+00
3.406347274780273438e+00
7.146819233894348145e-01
3.016499042510986328e+00
2.314826726913452148e+00
1.350022554397583008e+00
3.947431743144989014e-01
1.981100559234619141e+00
-1.151982069015502930e+00
-5.774023532867431641e-01
-4.318110346794128418e-01
-4.264347553253173828e+00
-5.270436763763427734e+00
-1.081000566482543945e+00
2.702966213226318359e+00
-2.750711917877197266e+00
-9.610333442687988281e-01
-1.649196147918701172e+00
9.478517174720764160e-01
9.541696906089782715e-01
3.876342177391052246e-01
1.768514990806579590e+00
9.041860699653625488e-02
1.844113171100616455e-01
-4.891573786735534668e-01
-1.185669660568237305e+00
8.833422064781188965e-01
-1.589729785919189453e+00
8.147023916244506836e-01
2.668960332870483398e+00
2.099648952484130859e+00
-1.497510194778442383e+00
1.245908856391906738e+00
2.197389602661132812e+00
6.229014396667480469e-01
-2.226313352584838867e+00
-3.829870462417602539e+00
-3.005998373031616211e+00
4.551260471343994141e-01
4.808883190155029297e+00
3.408412218093872070e+00
4.666526317596435547e+00
1.570732116699218750e+00
5.023334026336669922e+00
-3.058106422424316406e+00
1.148330688476562500e+00
3.095650970935821533e-01
1.065198183059692383e+00
5.695041418075561523e-01
-4.182072877883911133e-01
9.141182899475097656e-02
-5.234085559844970703e+00
-2.042780637741088867e+00
-1.999086141586303711e+00
-4.148569405078887939e-01
-3.188506126403808594e+00
-3.470256328582763672e-01
-2.483320236206054688e+00
-1.423096418380737305e+00
2.010350704193115234e+00
3.245221376419067383e-01
3.779669284820556641e+00
1.125756502151489258e+00
-5.860198140144348145e-01
3.926292419433593750e+00
1.577967762947082520e+00
1.932559728622436523e+00
-1.087898015975952148e+00
-6.577762126922607422e+00
-1.011118531227111816e+00
-2.849117755889892578e+00
2.238565981388092041e-01
-2.335592985153198242e+00
1.754784584045410156e-01
-1.567242145538330078e+00
-8.517282009124755859e-01
-2.617174863815307617e+00
-2.085474967956542969e+00
-2.585118770599365234e+00
-3.757072448730468750e+00
-4.232684612274169922e+00
-4.458875179290771484e+00
-3.096559762954711914e+00
-4.908649921417236328e+00
1.344765305519104004e+00
-1.950277924537658691e+00
-2.173547267913818359e+00
-2.074898958206176758e+00
2.239793777465820312e+00
-5.797313213348388672e+00
-4.032455921173095703e+00
-6.964260578155517578e+00
1.172640085220336914e+00
-2.153798937797546387e-02
1.806751132011413574e+00
-8.005027174949645996e-01
-3.517561554908752441e-01
-2.707426786422729492e+00
-8.727536201477050781e-01
5.227848291397094727e-01
4.494528770446777344e+00
6.470634341239929199e-01
4.287248611450195312e+00
-4.555675089359283447e-01
3.805531859397888184e-01
-3.647198677062988281e-01
1.708999156951904297e+00
-1.825085282325744629e+00
-3.483052253723144531e+00
-1.402495741844177246e+00
7.979530096054077148e-01
3.040404081344604492e+00
-2.305948972702026367e+00
-4.519960880279541016e-01
-2.424520730972290039e+00
2.534291744232177734e+00
5.111038684844970703e-01
7.159378528594970703e-01
-2.016925334930419922e+00
2.228386878967285156e+00
-2.172800064086914062e+00
-1.547196954488754272e-01
-2.356727719306945801e-01
8.777947425842285156e-01
-1.599751710891723633e+00
2.443891525268554688e+00
-4.340728282928466797e+00
-4.674505710601806641e+00
-5.281838893890380859e+00
1.395511627197265625e-02
-1.253329515457153320e+00
2.736496210098266602e+00
5.418727874755859375e+00
1.629235863685607910e+00
1.350344657897949219e+00
-1.390101671218872070e+00
2.440669298171997070e+00
2.166560411453247070e+00
4.569700241088867188e+00
3.325618743896484375e+00
7.088350057601928711e-01
1.645732760429382324e+00
-4.904881119728088379e-01
2.609577655792236328e+00
-7.003031969070434570e-01
1.045549273490905762e+00
3.938112258911132812e+00
1.535067558288574219e-01
-4.033899307250976562e+00
-4.679000377655029297e-01
-2.580491542816162109e+00
-1.877528905868530273e+00
-7.980541586875915527e-01
-5.246541500091552734e+00
-7.972371101379394531e+00
-1.019752383232116699e+00
-2.860977411270141602e+00
-3.095148801803588867e+00
-6.240872859954833984e+00
-7.836382389068603516e+00
-7.998573780059814453e+00
-4.380741119384765625e+00
-4.797296047210693359e+00
-3.628152847290039062e+00
-4.152639389038085938e+00
-7.355115413665771484e+00
-3.427342176437377930e+00
-5.606324195861816406e+00
2.608465552330017090e-01
-5.371180534362792969e+00
-3.877311229705810547e+00
-4.634547233581542969e+00
-1.699801802635192871e+00
-3.817463219165802002e-01
-2.801522493362426758e+00
-1.943670392036437988e+00
-2.043721914291381836e+00
3.811428785324096680e+00
5.965903759002685547e+00
-2.542413234710693359e+00
-2.359069585800170898e+00
1.226499795913696289e+00
-5.511737823486328125e+00
2.854611158370971680e+00
5.399690151214599609e+00
3.898694753646850586e+00
6.044242382049560547e-01
1.192671298980712891e+00
8.047439575195312500e+00
1.581664919853210449e+00
1.837978363037109375e+00
4.994922578334808350e-01
-3.423656225204467773e+00
-3.816831588745117188e+00
-4.480086803436279297e+00
-1.514958858489990234e+00
-2.700085639953613281e-01
2.276049852371215820e+00
-2.073701858520507812e+00
1.557902336120605469e+00
2.732122421264648438e+00
4.539280891418457031e+00
3.245522260665893555e+00
1.280487775802612305e+00
2.464920878410339355e-01
2.799556732177734375e+00
1.463101625442504883e+00
-1.410345315933227539e+00
-3.758295178413391113e-01
3.927319526672363281e+00
8.931401371955871582e-01
3.540457725524902344e+00
-3.351211786270141602e+00
2.103517532348632812e+00
-9.854552745819091797e-01
-3.545397520065307617e+00
1.588948488235473633e+00
7.277587890625000000e+00
4.235314726829528809e-01
4.125354290008544922e+00
3.282373428344726562e+00
6.852276802062988281e+00
-1.098082780838012695e+00
-1.407580852508544922e+00
-1.382483839988708496e+00
4.667400360107421875e+00
6.400425910949707031e+00
3.180213451385498047e+00
1.741976737976074219e+00
5.664726257324218750e+00
8.068922758102416992e-01
-1.634115457534790039e+00
1.324322700500488281e+00
4.780019760131835938e+00
-3.427034020423889160e-01
3.891748666763305664e+00
2.070224285125732422e+00
2.228587150573730469e+00
4.791831970214843750e+00
1.767241120338439941e+00
1.796037793159484863e+00
4.841339111328125000e+00
4.304032325744628906e+00
-2.415385007858276367e+00
-8.272225856781005859e-01
-1.833536148071289062e+00
-3.803198814392089844e+00
-4.208411216735839844e+00
7.232171893119812012e-01
5.609298944473266602e-01
-5.579744279384613037e-02
2.658960342407226562e+00
2.800819635391235352e+00
-2.291242599487304688e+00
3.468075037002563477e+00
4.561963558197021484e+00
-1.404672265052795410e+00
1.885040402412414551e-01
-4.166049957275390625e+00
-2.788555145263671875e+00
-2.324274539947509766e+00
-1.797074794769287109e+00
1.204728126525878906e+00
-3.772649168968200684e-01
3.862484931945800781e+00
-3.903615951538085938e+00
2.409593582153320312e+00
3.431368350982666016e+00
1.252550244331359863e+00
-3.838879823684692383e+00
1.152990341186523438e+00
-4.552821159362792969e+00
1.647429943084716797e+00
2.253868579864501953e+00
2.847134172916412354e-01
6.353314399719238281e+00
2.601720333099365234e+00
-2.452425479888916016e+00
-1.300956130027770996e+00
3.668845653533935547e+00
-1.536565065383911133e+00
3.717290639877319336e+00
-6.805247068405151367e-02
-3.654897451400756836e+00
-2.597796916961669922e-02
-2.132004737854003906e+00
-2.241376638412475586e+00
1.029611468315124512e+00
1.712443947792053223e+00
2.725222587585449219e+00
-4.669432044029235840e-01
-2.632644653320312500e+00
-1.924651265144348145e+00
1.939529776573181152e+00
-1.688004732131958008e+00
-2.015883922576904297e+00
2.670180559158325195e+00
1.179759144783020020e+00
-2.435616016387939453e+00
-2.548870801925659180e+00
-1.768195390701293945e+00
7.471526861190795898e-01
3.008747816085815430e+00
-2.753642559051513672e+00
-7.416633605957031250e+00
-2.275460958480834961e+00
-2.585063934326171875e+00
7.223746776580810547e-01
-6.011804342269897461e-01
3.560941934585571289e+00
3.032155513763427734e+00
-9.270513653755187988e-01
2.557525157928466797e+00
-3.208381414413452148e+00
-3.647536039352416992e-03
-4.940888881683349609e-01
-3.471210479736328125e+00
1.630546450614929199e-01
3.218660950660705566e-01
-3.450106680393218994e-01
-3.653425216674804688e+00
2.758188247680664062e-01
5.518063545227050781e+00
-3.368201494216918945e+00
-1.048840522766113281e+00
4.792288303375244141e+00
-4.913951396942138672e+00
-8.493741035461425781e+00
1.064155340194702148e+00
9.957416534423828125e+00
4.288245737552642822e-01
1.340651512145996094e+00
1.801378369331359863e+00
-2.567180156707763672e+00
1.523115038871765137e+00
-6.912781000137329102e-01
-3.739148616790771484e+00
2.010997056961059570e+00
-5.405318260192871094e+00
2.349972724914550781e-01
-1.401630640029907227e+00
1.042428588867187500e+01
-7.556680202484130859e+00
-1.459426879882812500e+00
2.200641155242919922e+00
-8.373972773551940918e-01
4.710053801536560059e-01
1.039943695068359375e+00
1.144653916358947754e+00
5.358716964721679688e+00
-3.541164696216583252e-01
-9.566302895545959473e-01
2.155813694000244141e+00
-6.541531085968017578e-01
4.730036258697509766e+00
-9.086123704910278320e-01
-1.058741807937622070e+00
5.011045932769775391e+00
-4.692565441131591797e+00
-4.499846458435058594e+00
9.546858072280883789e-01
1.022456288337707520e+00
1.086340904235839844e+00
-3.062755346298217773e+00
1.221642255783081055e+00
-2.464270591735839844e+00
-5.420976877212524414e-02
1.605153679847717285e-01
-1.042625069618225098e+00
-3.458602190017700195e+00
-1.805937409400939941e+00
-1.671910285949707031e+00
1.259548962116241455e-01
-2.643632173538208008e+00
-2.186920642852783203e+00
-2.184083700180053711e+00
1.887549996376037598e+00
3.767122328281402588e-01
-1.671801209449768066e+00
8.852588534355163574e-01
1.208957195281982422e+00
1.046437978744506836e+00
-1.656075477600097656e+00
5.931080818176269531e+00
-3.201637744903564453e+00
-4.575318098068237305e-01
-3.247489690780639648e+00
1.808127284049987793e+00
-7.166972160339355469e-01
-3.768310070037841797e+00
2.722414493560791016e+00
-6.034231185913085938e-01
-1.315407276153564453e+00
-2.920414209365844727e+00
-2.674960792064666748e-01
3.916457653045654297e+00
-7.842271924018859863e-01
3.087620019912719727e+00
-1.540121316909790039e+00
-5.078216552734375000e+00
1.777968406677246094e-01
4.283925592899322510e-01
4.034769058227539062e+00
1.076901626586914062e+01
1.594926834106445312e+00
-3.946099519729614258e+00
2.893597364425659180e+00
-6.938356161117553711e-01
2.564388275146484375e+00
2.662337779998779297e+00
-1.704754948616027832e+00
2.811310768127441406e+00
2.901945352554321289e+00
6.879449635744094849e-02
-2.922720670700073242e+00
-4.492811679840087891e+00
-3.813521623611450195e+00
1.176201701164245605e+00
-4.842722892761230469e+00
-4.439176082611083984e+00
5.272296071052551270e-01
-3.502141952514648438e+00
-3.248342037200927734e+00
-1.634092569351196289e+00
-5.322694778442382812e-04
-1.502277731895446777e+00
-1.648138999938964844e+00
-4.235307574272155762e-01
2.965627193450927734e+00
5.268662929534912109e+00
3.475424051284790039e+00
7.175288200378417969e+00
-3.288773536682128906e+00
-1.729168176651000977e+00
-8.399055600166320801e-01
-5.728943347930908203e-01
-1.479220151901245117e+00
4.548354148864746094e+00
2.065640687942504883e+00
3.400820255279541016e+00
-3.379038333892822266e+00
-4.584012508392333984e+00
-3.641668796539306641e+00
1.491256475448608398e+00
-3.223420381546020508e-01
2.678184986114501953e+00
4.433654248714447021e-01
8.184804916381835938e-01
2.894611120223999023e+00
-6.012658029794692993e-02
4.142210960388183594e+00
-3.508378505706787109e+00
2.338603734970092773e+00
-1.766761064529418945e+00
-4.202551245689392090e-01
2.078178405761718750e+00
5.306249618530273438e+00
1.215873956680297852e+00
-3.060706138610839844e+00
-1.119029998779296875e+00
2.653946399688720703e+00
1.970079660415649414e+00
-1.373874545097351074e-01
2.052089691162109375e+00
2.784781217575073242e+00
-3.122160434722900391e+00
-4.520522594451904297e+00
2.513182878494262695e+00
1.766139388084411621e+00
-1.038684725761413574e+00
-1.186930298805236816e+00
-2.699532747268676758e+00
-4.413237571716308594e-01
6.426042318344116211e-02
1.777309179306030273e+00
-3.455294370651245117e+00
-3.542258501052856445e+00
-1.425559043884277344e+00
-3.849646806716918945e+00
-5.623744964599609375e+00
2.037651062011718750e+00
-3.476438045501708984e+00
2.483279943466186523e+00
3.204759836196899414e+00
4.824841499328613281e+00
3.560288667678833008e+00
1.738749980926513672e+00
1.193001151084899902e+00
2.692646980285644531e-01
2.879398465156555176e-01
2.827313661575317383e+00
-1.194296777248382568e-01
4.653775215148925781e+00
8.178833961486816406e+00
6.923127174377441406e-02
3.265540599822998047e+00
1.549517631530761719e+00
1.681529879570007324e-01
-2.979995012283325195e-01
3.894158303737640381e-01
-2.741714477539062500e+00
3.909672260284423828e+00
-2.926954507827758789e+00
-1.970102787017822266e-01
-8.407958745956420898e-01
-7.640143036842346191e-01
-1.117710351943969727e+00
-6.043855667114257812e+00
6.770491600036621094e+00
-2.396698951721191406e+00
6.741929054260253906e-01
-4.224001407623291016e+00
-3.226378679275512695e+00
6.988353252410888672e+00
2.272142410278320312e+00
4.460546493530273438e+00
1.357890486717224121e+00
-4.195004999637603760e-01
-9.253707885742187500e+00
2.221645832061767578e+00
2.847095489501953125e+00
-4.371184110641479492e-02
4.834425449371337891e+00
8.389055728912353516e-01
-2.594858884811401367e+00
4.493690013885498047e+00
-2.592397928237915039e+00
4.362939834594726562e+00
-4.087126255035400391e+00
-8.219947218894958496e-01
2.438836812973022461e+00
-2.735877931118011475e-01
-2.407946825027465820e+00
-8.689701557159423828e-01
-2.445188760757446289e+00
1.678846836090087891e+00
-1.011107206344604492e+00
-2.509641170501708984e+00
4.323308944702148438e+00
1.078808188438415527e+00
1.958057761192321777e+00
7.953630089759826660e-01
1.313578605651855469e+00
-1.949848681688308716e-01
1.716758847236633301e+00
-7.360822558403015137e-01
-1.348439693450927734e+00
-2.242554187774658203e+00
2.344086170196533203e+00
-4.037398695945739746e-01
1.090666055679321289e+00
2.493695020675659180e+00
-1.517923116683959961e+00
-2.642138004302978516e+00
1.892059326171875000e+00
-4.914911270141601562e+00
7.542773485183715820e-01
-3.273115158081054688e-01
-3.418811798095703125e+00
-2.171240806579589844e+00
2.852178096771240234e+00
6.162642955780029297e+00
2.547740936279296875e+00
-2.114525794982910156e+00
2.499810695648193359e+00
-2.944030165672302246e-01
-1.256738305091857910e-01
1.575134038925170898e+00
1.509483605623245239e-01
-2.644493103027343750e+00
-1.534336328506469727e+00
3.854830265045166016e+00
-1.452347397804260254e+00
3.056238591670989990e-01
5.599623203277587891e+00
-2.094927310943603516e+00
-1.720690488815307617e+00
5.697805285453796387e-01
-3.224963665008544922e+00
1.424178719520568848e+00
-1.199908971786499023e+00
1.048084497451782227e+00
2.016170024871826172e-01
3.959181308746337891e+00
9.920942306518554688e+00
4.455178678035736084e-01
6.165347099304199219e+00
6.800248622894287109e+00
7.007254123687744141e+00
2.275630474090576172e+00
-2.709947824478149414e+00
1.781441926956176758e+00
-7.056081295013427734e-01
3.667067289352416992e+00
4.772374153137207031e+00
5.875392913818359375e+00
-2.348776817321777344e+00
1.267360925674438477e+00
4.509654998779296875e+00
1.324354290962219238e+00
-8.361986875534057617e-01
-2.211197853088378906e+00
-2.804656505584716797e+00
8.813604712486267090e-03
-1.944595336914062500e+00
-2.277101755142211914e+00
-9.158600568771362305e-01
6.175095081329345703e+00
-2.646265268325805664e+00
-8.371596336364746094e-01
1.500697731971740723e+00
3.018561899662017822e-01
-1.021021008491516113e+00
-1.748649835586547852e+00
1.331210374832153320e+00
-2.434666395187377930e+00
3.107034683227539062e+00
1.572854042053222656e+00
5.486745238304138184e-01
-5.087489128112792969e+00
1.568375468254089355e+00
2.343965768814086914e+00
2.164933681488037109e+00
-1.471228480339050293e+00
9.468066692352294922e-01
1.113182544708251953e+00
2.158503293991088867e+00
-4.643177032470703125e+00
1.661647200584411621e+00
2.577601909637451172e+00
1.777044534683227539e-01
-2.865377962589263916e-01
4.556220054626464844e+00
3.143661022186279297e+00
3.092911720275878906e+00
4.320367336273193359e+00
2.012870788574218750e+00
4.840900897979736328e-01
-6.122419834136962891e-01
-3.822450637817382812e+00
-9.748083353042602539e-01
-7.533457279205322266e-01
-4.321859180927276611e-01
6.655482292175292969e+00
-1.432041645050048828e+00
-2.135725975036621094e+00
-3.062786459922790527e-01
5.925936102867126465e-01
1.152487158775329590e+00
-2.623070955276489258e+00
-8.140996694564819336e-01
-1.569147109985351562e+00
-3.396584033966064453e+00
-1.483832240104675293e+00
3.921138763427734375e+00
-5.737533569335937500e-01
1.253021597862243652e+00
-1.118549108505249023e-01
3.091780900955200195e+00
2.810561656951904297e+00
5.551521301269531250e+00
1.003835916519165039e+00
9.097827672958374023e-01
5.211529731750488281e-01
2.845700025558471680e+00
-4.130318164825439453e-01
-1.012486457824707031e+00
-3.882758617401123047e-01
2.336644411087036133e+00
-2.135796070098876953e+00
-4.410226821899414062e+00
7.574648857116699219e+00
5.770718455314636230e-01
-1.078601002693176270e+00
-2.481344938278198242e+00
2.585861682891845703e+00
-2.089665174484252930e+00
-1.711663484573364258e+00
1.950343370437622070e+00
-7.983840107917785645e-01
2.113775014877319336e+00
-1.245415568351745605e+00
5.113699436187744141e+00
-6.766030788421630859e+00
3.282493591308593750e+00
6.081144332885742188e+00
1.875086903572082520e+00
2.459081411361694336e+00
2.305104136466979980e-01
-1.599048972129821777e-01
3.305155277252197266e+00
1.412725329399108887e+00
3.936997890472412109e+00
-5.431563377380371094e+00
-1.410620927810668945e+00
-4.454137325286865234e+00
6.652930259704589844e+00
2.814801454544067383e+00
5.533940792083740234e-01
1.145873069763183594e+00
2.862242221832275391e+00
-4.147514343261718750e+00
-4.506615996360778809e-01
4.589655399322509766e+00
4.109757423400878906e+00
5.401240825653076172e+00
4.005300998687744141e-01
2.161050558090209961e+00
8.247920989990234375e+00
3.960979700088500977e+00
1.600068569183349609e+00
4.448973655700683594e+00
4.469370365142822266e+00
9.871520042419433594e+00
3.148093461990356445e+00
-1.295655250549316406e+00
-3.628521203994750977e+00
1.062614083290100098e+00
-4.731714725494384766e+00
-4.945695400238037109e+00
-1.761201143264770508e+00
5.623174905776977539e-01
-4.246981620788574219e+00
-7.159101963043212891e+00
-3.760296106338500977e+00
-4.321996688842773438e+00
-1.856028556823730469e+00
-9.705421447753906250e+00
-3.201117515563964844e+00
-5.314511299133300781e+00
-5.152761936187744141e+00
-3.285859107971191406e+00
-5.173957347869873047e+00
-7.024669647216796875e+00
-5.987398624420166016e+00
-3.591014862060546875e+00
-1.507509708404541016e+00
-5.918392658233642578e+00
2.785176515579223633e+00
-8.814647793769836426e-01
-3.635045528411865234e+00
-2.142968416213989258e+00
2.326353549957275391e+00
1.201288342475891113e+00
1.000184535980224609e+00
-1.155787110328674316e+00
-2.510539054870605469e+00
-3.697162628173828125e+00
-3.140008449554443359e+00
-3.287925720214843750e+00
1.137814164161682129e+00
9.584069252014160156e-02
-7.310843944549560547e+00
-4.889746189117431641e+00
-5.383353710174560547e+00
-4.956636428833007812e+00
-7.470046520233154297e+00
-2.849345207214355469e+00
1.244059920310974121e+00
-6.999804496765136719e+00
-7.834696173667907715e-01
-2.415724754333496094e+00
4.417046546936035156e+00
5.162679195404052734e+00
-3.407511115074157715e-01
8.157176017761230469e+00
4.327908754348754883e-01
1.109645652770996094e+01
2.509765625000000000e+00
7.881880760192871094e+00
8.598293304443359375e+00
3.500743389129638672e+00
3.385728597640991211e-01
1.802621603012084961e+00
2.252727150917053223e-01
1.008198928833007812e+01
5.882582664489746094e+00
1.013497114181518555e+00
-1.176192760467529297e+00
3.481611609458923340e-01
-4.641493320465087891e+00
3.465840101242065430e+00
-5.470738887786865234e+00
-1.665577888488769531e+00
-7.178797125816345215e-01
-6.415524482727050781e+00
-2.610044956207275391e+00
-2.440445423126220703e+00
-5.802434921264648438e+00
-4.883240699768066406e+00
-3.110491037368774414e-01
3.533797740936279297e+00
