-1.717111349105834961e+00
1.276558518409729004e+00
-3.023194074630737305e+00
-3.597105503082275391e+00
-2.835177659988403320e+00
-4.578512668609619141e+00
-8.034296035766601562e-01
-2.958166122436523438e+00
-4.561440467834472656e+00
4.111958026885986328e+00
-7.872578501701354980e-01
-3.968501687049865723e-01
-1.059053182601928711e+00
-1.446488142013549805e+00
-6.119194030761718750e-01
-3.080964326858520508e+00
-2.242758274078369141e+00
-1.086624145507812500e+00
-2.597088813781738281e+00
-2.686231613159179688e+00
-6.291099071502685547e+00
-2.103108882904052734e+00
2.923347949981689453e-01
-3.442741155624389648e+00
-2.102683544158935547e+00
-3.703902006149291992e+00
-3.956100940704345703e+00
-3.332513332366943359e+00
-5.574695587158203125e+00
-2.928324222564697266e+00
-5.543072700500488281e+00
-3.407275199890136719e+00
-9.546335220336914062e+00
-6.931729912757873535e-01
4.815205335617065430e-01
-1.476742267608642578e+00
-2.651693582534790039e+00
-4.246932029724121094e+00
8.846859931945800781e-01
1.626519083976745605e+00
-7.784204483032226562e-01
-4.528831005096435547e+00
-2.978799104690551758e+00
7.527828216552734375e-02
1.606159448623657227e+00
1.063778519630432129e+00
-1.124173879623413086e+00
2.057743072509765625e+00
1.721121668815612793e-01
1.507646441459655762e-01
2.628077507019042969e+00
3.572546243667602539e-01
-4.789196968078613281e+00
-2.558886051177978516e+00
-3.045137882232666016e+00
1.327236890792846680e+00
-5.033195972442626953e+00
-7.231851577758789062e+00
5.374221801757812500e-01
-1.224592566490173340e+00
-1.368718624114990234e+00
-2.187521457672119141e+00
-1.537007331848144531e+00
-3.416661024093627930e+00
-1.358180046081542969e+00
-4.332141578197479248e-01
-1.837941169738769531e+00
-1.129371166229248047e+00
-3.327020406723022461e+00
-2.826079845428466797e+00
-5.743876457214355469e+00
-5.963735103607177734e+00
-2.817656040191650391e+00
-1.000606656074523926e+00
2.023600637912750244e-01
-5.546675205230712891e+00
-9.744246006011962891e-01
-6.629241704940795898e-01
-8.047295808792114258e-01
-1.173992633819580078e+00
-4.845006465911865234e+00
-5.044115543365478516e+00
-1.574082016944885254e+00
-3.058855056762695312e+00
1.675550580024719238e+00
-4.928198337554931641e+00
-1.663931608200073242e+00
-3.209241390228271484e+00
3.749146699905395508e+00
-2.642681360244750977e+00
3.331700563430786133e+00
-7.726354002952575684e-01
2.211475849151611328e+00
-2.814266443252563477e+00
1.220162153244018555e+00
-2.584577560424804688e+00
1.426621556282043457e+00
-1.591753244400024414e+00
-1.962901711463928223e+00
1.033874988555908203e+00
1.100677847862243652e+00
7.082414627075195312e+00
-5.947490215301513672e+00
-5.832101345062255859e+00
-2.889048099517822266e+00
-2.921224594116210938e+00
-3.317353248596191406e+00
2.270353317260742188e+00
1.620990157127380371e+00
1.972287893295288086e-02
-8.017844200134277344e+00
-1.882993102073669434e+00
-1.242443323135375977e+00
-1.586509108543395996e+00
-5.117918014526367188e+00
-2.888835430145263672e+00
-3.897909879684448242e+00
9.002573490142822266e-01
-9.643833041191101074e-01
-3.585251092910766602e+00
-4.372021675109863281e+00
-7.957350611686706543e-01
-3.231841802597045898e+00
-3.187079429626464844e+00
-1.088820695877075195e-01
-2.582271099090576172e+00
-2.967408418655395508e+00
1.656626939773559570e+00
1.646806836128234863e+00
2.790158987045288086e+00
4.053942680358886719e+00
-2.095458507537841797e-01
3.081395149230957031e+00
-1.936911225318908691e+00
4.088477611541748047e+00
1.008733272552490234e+00
1.268982887268066406e-02
-1.704575657844543457e+00
-1.201692461967468262e+00
-3.850159406661987305e+00
-1.694440722465515137e+00
-1.806348562240600586e+00
-5.947936177253723145e-01
-2.417499065399169922e+00
1.135080575942993164e+00
3.563015460968017578e-01
-5.510110378265380859e+00
-3.711982011795043945e+00
8.393896818161010742e-01
2.387310028076171875e+00
-2.700765132904052734e+00
2.948817729949951172e+00
-1.552474260330200195e+00
-2.551756143569946289e+00
-2.690758466720581055e+00
-4.337651729583740234e+00
-7.192959785461425781e-01
9.405610561370849609e-01
1.247231960296630859e+00
4.783588409423828125e+00
-4.692595601081848145e-01
7.311620116233825684e-01
1.417241573333740234e+00
2.835929632186889648e+00
1.309427022933959961e+00
2.330663681030273438e+00
3.949811935424804688e+00
5.007552623748779297e+00
6.931714057922363281e+00
1.605422973632812500e+00
5.165486812591552734e+00
3.407088041305541992e+00
5.658328056335449219e+00
8.786142349243164062e+00
-1.028843283653259277e+00
-3.094096183776855469e-01
5.651361942291259766e-01
3.800628423690795898e+00
5.206148624420166016e+00
-1.971977949142456055e+00
-1.349128246307373047e+00
3.535577535629272461e+00
9.337179064750671387e-01
5.406809449195861816e-01
2.949189186096191406e+00
2.566400289535522461e+00
-2.064550876617431641e+00
-3.448900699615478516e+00
2.065683603286743164e+00
1.880649328231811523e+00
-5.193446874618530273e-01
6.488156318664550781e-01
-1.239858150482177734e+00
-1.423112988471984863e+00
-2.311278820037841797e+00
2.009340822696685791e-01
-3.428452491760253906e+00
3.404161691665649414e+00
-2.233985424041748047e+00
4.249306201934814453e+00
-3.426485538482666016e+00
5.984787642955780029e-02
-6.314280033111572266e-01
2.602193117141723633e+00
-2.167989492416381836e+00
3.015137672424316406e+00
6.120429039001464844e+00
2.753880977630615234e+00
5.272894859313964844e+00
4.974007129669189453e+00
2.176103353500366211e+00
3.916477918624877930e+00
2.211626768112182617e+00
2.713466405868530273e+00
1.654415726661682129e+00
3.688656806945800781e+00
2.036746025085449219e+00
-1.615447759628295898e+00
6.004497408866882324e-01
-5.095363855361938477e-01
-4.277583360671997070e-01
4.771152973175048828e+00
7.874268054962158203e+00
2.718377113342285156e+00
4.574295043945312500e+00
3.469976186752319336e+00
2.301766395568847656e+00
2.291499853134155273e+00
2.055478096008300781e+00
2.900368452072143555e+00
5.389407277107238770e-02
2.575926303863525391e+00
9.156465530395507812e-01
4.850705265998840332e-01
1.526234149932861328e+00
2.142565011978149414e+00
2.269709110260009766e+00
1.510701179504394531e+00
3.916171550750732422e+00
1.411639451980590820e+00
1.787449717521667480e+00
1.662502884864807129e+00
-1.072998344898223877e-01
1.682299852371215820e+00
1.984335184097290039e-01
-8.201798200607299805e-01
4.378583431243896484e+00
5.966936111450195312e+00
3.280618190765380859e+00
2.147413253784179688e+00
6.593614816665649414e-01
4.981880187988281250e+00
-1.826517701148986816e+00
3.155513763427734375e+00
2.298530042171478271e-01
3.947086811065673828e+00
2.390466451644897461e+00
3.835734605789184570e+00
2.507464170455932617e+00
-1.359222650527954102e+00
2.825149297714233398e-01
-1.974272727966308594e+00
-8.412724733352661133e-01
1.061810851097106934e+00
2.143958806991577148e-01
8.131586015224456787e-03
-1.335889220237731934e+00
3.544872760772705078e+00
1.835741877555847168e+00
5.887898445129394531e+00
3.387961864471435547e+00
5.097208499908447266e+00
2.787497520446777344e+00
3.646351575851440430e+00
2.189241886138916016e+00
1.372186839580535889e-01
-2.797548055648803711e+00
2.465257883071899414e+00
-1.416399121284484863e+00
6.664621829986572266e-02
4.477173984050750732e-01
-3.952499032020568848e-01
8.121542334556579590e-01
-1.588212251663208008e+00
-2.027125358581542969e+00
-3.945556879043579102e-01
1.413681387901306152e+00
-2.002953767776489258e+00
2.247985601425170898e-01
-2.009043693542480469e+00
6.629142761230468750e-01
-1.649896383285522461e+00
2.932286500930786133e+00
-3.529582023620605469e-01
1.364762663841247559e+00
1.439988970756530762e+00
1.225903272628784180e+00
-2.068101167678833008e+00
-3.079905509948730469e+00
-5.084864616394042969e+00
-5.413877487182617188e+00
-1.624268770217895508e+00
-4.378288745880126953e+00
-3.565443992614746094e+00
-3.956214666366577148e+00
-7.448839664459228516e+00
-7.104777812957763672e+00
-4.510272026062011719e+00
1.170997619628906250e+00
1.723181605339050293e-01
-5.847293138504028320e-01
-2.995007276535034180e+00
-1.905014872550964355e+00
-1.707539796829223633e+00
-8.905957341194152832e-01
-3.817600727081298828e+00
-3.464373588562011719e+00
-1.482027411460876465e+00
-7.927477359771728516e-01
1.312890768051147461e+00
-5.211114883422851562e+00
4.335606098175048828e-01
-7.711793184280395508e-01
1.433053135871887207e+00
-3.243253231048583984e+00
-2.543618440628051758e+00
-4.248676776885986328e+00
1.827751278877258301e+00
-2.159932136535644531e+00
-1.575935333967208862e-01
-2.225762367248535156e+00
9.704747796058654785e-02
-1.088217854499816895e+00
-3.234706446528434753e-02
-3.499203920364379883e+00
-4.969040393829345703e+00
-3.332930088043212891e+00
-3.482327938079833984e+00
-2.098427772521972656e+00
6.711317539215087891e+00
7.059807777404785156e+00
5.206918239593505859e+00
5.151651382446289062e+00
3.317281246185302734e+00
2.230886459350585938e+00
4.059393882751464844e+00
3.487306118011474609e+00
4.358178615570068359e+00
5.181418418884277344e+00
4.416403770446777344e+00
3.437747955322265625e+00
2.162848472595214844e+00
2.152768135070800781e+00
2.262091159820556641e+00
4.566941261291503906e+00
3.509512901306152344e+00
-3.008285999298095703e+00
-3.168809890747070312e+00
-2.600966215133666992e+00
-2.892466306686401367e+00
-2.442486763000488281e+00
-2.720229864120483398e+00
-5.053044795989990234e+00
-2.701622247695922852e-01
-2.410688161849975586e+00
-2.091373682022094727e+00
-4.215797901153564453e+00
-6.103168487548828125e+00
-4.344209671020507812e+00
-3.016495943069458008e+00
-3.044205904006958008e+00
-1.692139148712158203e+00
-3.485589027404785156e+00
-5.219297885894775391e+00
-5.443065166473388672e+00
-5.210074901580810547e+00
-1.448628902435302734e-01
-4.737438201904296875e+00
-5.289293766021728516e+00
-4.740283489227294922e+00
-8.705635070800781250e-01
-3.764488101005554199e-01
-2.163711547851562500e+00
-2.172085285186767578e+00
-2.369796633720397949e-01
9.641816139221191406e+00
9.820604324340820312e+00
2.034116983413696289e-01
7.978426218032836914e-01
-3.266009330749511719e+00
-4.873640060424804688e+00
-2.018958806991577148e+00
2.037447452545166016e+00
2.279623508453369141e+00
-1.747670292854309082e+00
-5.673344135284423828e-01
3.551274776458740234e+00
-4.015021324157714844e-01
-7.647616863250732422e-01
1.672140598297119141e+00
-1.766040563583374023e+00
7.723569273948669434e-01
7.124336957931518555e-01
-2.271318435668945312e+00
1.817714214324951172e+00
3.855349063873291016e+00
-1.562571167945861816e+00
2.325498342514038086e+00
1.875854134559631348e+00
2.582169294357299805e+00
2.605011701583862305e+00
3.835824728012084961e+00
-2.340134382247924805e+00
-2.288424730300903320e+00
4.491984844207763672e-03
1.106330752372741699e-01
-9.915558695793151855e-01
6.619649410247802734e+00
-1.145921349525451660e+00
3.033726215362548828e+00
-2.261229753494262695e-01
-1.906990289688110352e+00
-2.744150161743164062e+00
-4.390957355499267578e+00
2.484064579010009766e+00
6.948448657989501953e+00
-7.243915200233459473e-01
1.571587085723876953e+00
1.956512331962585449e-01
2.584920644760131836e+00
-3.366206884384155273e+00
-4.195950984954833984e+00
7.122921347618103027e-01
4.125452518463134766e+00
5.530912399291992188e+00
3.569120466709136963e-01
3.930831193923950195e+00
3.801076650619506836e+00
-2.613852739334106445e+00
1.453612327575683594e+00
4.929778873920440674e-01
3.738372564315795898e+00
1.594806194305419922e+00
2.614044904708862305e+00
2.175878763198852539e+00
4.017585277557373047e+00
2.648549556732177734e+00
3.041545867919921875e+00
3.540579080581665039e+00
3.632229804992675781e+00
1.279991149902343750e+00
3.428078293800354004e-01
3.788723349571228027e-01
-6.353648304939270020e-01
1.509338319301605225e-01
-4.073725700378417969e+00
-1.015551090240478516e+00
1.329772233963012695e+00
-1.156471729278564453e+00
5.542862415313720703e+00
2.230745792388916016e+00
-1.926496028900146484e+00
5.152363300323486328e+00
-1.119580268859863281e-01
5.159726142883300781e-01
-1.888374209403991699e+00
-2.736701488494873047e+00
-2.543456554412841797e+00
-1.235514879226684570e-01
-2.386749505996704102e+00
1.435215771198272705e-01
1.604398339986801147e-01
1.042426228523254395e-01
-1.760094761848449707e+00
5.134170055389404297e+00
1.106682300567626953e+00
1.969208836555480957e+00
-5.346142292022705078e+00
1.376726627349853516e+00
-3.289292573928833008e+00
-5.557221174240112305e-01
-6.632951498031616211e-01
-3.164042234420776367e+00
3.279209136962890625e+00
1.418384313583374023e-01
-6.566067218780517578e+00
3.282194733619689941e-01
7.700800895690917969e-02
-2.224011898040771484e+00
2.008460044860839844e+00
1.771767139434814453e+00
-1.551175236701965332e+00
-6.422088146209716797e-01
2.528494000434875488e-01
-3.693089783191680908e-01
1.445501565933227539e+00
5.587619781494140625e+00
3.456250667572021484e+00
3.855154514312744141e-01
-3.811425447463989258e+00
-2.303926497697830200e-01
2.466423034667968750e+00
5.206400871276855469e+00
1.366871714591979980e+00
3.413510084152221680e+00
5.141084194183349609e-01
-2.832705974578857422e+00
-5.070784091949462891e+00
-2.413878440856933594e+00
1.303839921951293945e+00
7.893682122230529785e-01
-1.856041789054870605e+00
-6.014721870422363281e+00
-8.124685883522033691e-01
2.839799404144287109e+00
1.300720572471618652e+00
-3.152525186538696289e+00
2.211182355880737305e+00
3.201854228973388672e+00
-2.827087879180908203e+00
1.761848330497741699e-01
-3.676753520965576172e+00
2.227346897125244141e+00
2.243780612945556641e+00
-1.695533514022827148e+00
-8.350388407707214355e-01
-1.431104540824890137e+00
-4.101001739501953125e+00
-4.298193931579589844e+00
7.369439601898193359e-01
4.903433322906494141e+00
2.145993709564208984e-01
-2.285180985927581787e-01
3.628936529159545898e+00
-8.370668411254882812e+00
-9.309301376342773438e+00
2.024234294891357422e+00
8.329849243164062500e+00
4.505429744720458984e+00
5.627189636230468750e+00
1.675694346427917480e+00
-7.372849583625793457e-01
1.625627756118774414e+00
-1.694266915321350098e+00
-3.477904796600341797e+00
-1.001360058784484863e+00
-4.216815471649169922e+00
-2.435190677642822266e-01
-2.629707813262939453e+00
6.291447162628173828e+00
-7.143699645996093750e+00
1.862988829612731934e+00
6.925148010253906250e+00
-3.374768495559692383e-01
8.310545086860656738e-01
-1.281293392181396484e+00
2.331033945083618164e+00
1.387332439422607422e+00
-2.719143927097320557e-01
-3.546592235565185547e+00
1.252852916717529297e+00
-2.241221427917480469e+00
6.083985805511474609e+00
-2.614038586616516113e-01
-1.016620397567749023e+00
2.450145483016967773e+00
-6.451088190078735352e-01
-6.769401550292968750e+00
3.202130556106567383e+00
-3.195345878601074219e+00
-1.816247463226318359e+00
-4.986412525177001953e+00
2.304054021835327148e+00
-4.346035480499267578e+00
-1.900235414505004883e-01
-2.275170564651489258e+00
-1.332039356231689453e+00
-1.822785973548889160e+00
-3.059054017066955566e-01
7.172791361808776855e-01
3.047921180725097656e+00
-2.522164821624755859e+00
-3.102422714233398438e+00
-2.230796813964843750e+00
-1.055838584899902344e+00
3.600222826004028320e+00
-7.490428090095520020e-01
9.887123107910156250e-02
5.039244294166564941e-01
7.921875119209289551e-01
-3.522784709930419922e+00
4.900874137878417969e+00
-4.087236881256103516e+00
-1.312925815582275391e+00
-3.119424581527709961e+00
2.212120294570922852e-01
7.030627727508544922e-01
9.066680669784545898e-01
-3.607493400573730469e+00
1.088840961456298828e+00
-2.282632350921630859e+00
1.509755253791809082e-01
-3.303885221481323242e+00
3.105873584747314453e+00
-2.178261518478393555e+00
1.199231982231140137e+00
-6.572137475013732910e-01
-4.414764881134033203e+00
3.465610027313232422e+00
-1.371933370828628540e-01
2.859517812728881836e+00
9.651702880859375000e+00
-1.901111721992492676e+00
-3.448342323303222656e+00
-1.630023717880249023e+00
7.229214906692504883e-01
1.511344075202941895e+00
2.415598392486572266e+00
2.611058712005615234e+00
2.723301887512207031e+00
2.641797304153442383e+00
9.330551624298095703e-01
-1.831478238105773926e+00
-1.945141077041625977e+00
-3.392394065856933594e+00
-2.002060174942016602e+00
-2.897060155868530273e+00
-2.016754865646362305e+00
8.061346411705017090e-01
-1.274435997009277344e+00
-4.146741032600402832e-01
1.235806822776794434e+00
-9.237613677978515625e-01
-1.937828421592712402e+00
1.466130316257476807e-01
-2.639038562774658203e+00
3.278128623962402344e+00
4.191046237945556641e+00
3.703142881393432617e+00
5.758567810058593750e+00
-3.949973344802856445e+00
1.881600022315979004e+00
1.419371485710144043e+00
9.949574470520019531e-01
-1.626205444335937500e-02
5.182747840881347656e+00
1.866464614868164062e+00
1.670696854591369629e+00
-2.885049343109130859e+00
-6.799033880233764648e-01
-1.024452567100524902e+00
1.501179695129394531e+00
1.785304427146911621e+00
1.100441455841064453e+00
7.770999521017074585e-02
5.613514423370361328e+00
2.065544366836547852e+00
-1.092194914817810059e-01
7.480148792266845703e+00
-2.954972267150878906e+00
2.319163799285888672e+00
-3.684355020523071289e+00
1.637666225433349609e-01
3.712904691696166992e+00
3.518132567405700684e-01
-1.739209413528442383e+00
-4.930731296539306641e+00
-2.816898822784423828e+00
4.020808219909667969e+00
2.759920120239257812e+00
-4.042579650878906250e+00
1.327735543251037598e+00
4.590373516082763672e+00
-4.772273540496826172e+00
-4.112460613250732422e+00
4.278934597969055176e-01
1.135298252105712891e+00
-1.363802313804626465e+00
-2.253600120544433594e+00
-1.836488008499145508e+00
1.507921814918518066e+00
-1.896365165710449219e+00
1.195524930953979492e+00
-1.506346464157104492e+00
-1.328734755516052246e+00
-1.206253290176391602e+00
-3.971411466598510742e+00
-3.108845949172973633e+00
-4.275689125061035156e+00
1.526524066925048828e+00
2.528265237808227539e+00
-5.968582630157470703e-01
2.459523200988769531e+00
1.466974973678588867e+00
-5.909985303878784180e-02
-1.128548026084899902e+00
3.755573749542236328e+00
4.964406043291091919e-02
2.175442218780517578e+00
3.987676858901977539e+00
3.883596897125244141e+00
4.255047798156738281e+00
-1.909575223922729492e+00
1.465055465698242188e+00
2.379657030105590820e+00
-5.509091019630432129e-01
2.581623077392578125e+00
-1.982613563537597656e+00
-3.586117267608642578e+00
2.801291465759277344e+00
-2.095789194107055664e+00
1.638084888458251953e+00
-3.696458578109741211e+00
-1.049660444259643555e+00
-4.377921581268310547e+00
-3.846555471420288086e+00
8.460739135742187500e+00
-3.216653108596801758e+00
4.039964199066162109e+00
-2.251060009002685547e+00
-3.606671571731567383e+00
8.885520935058593750e+00
-4.351581335067749023e-01
1.958948612213134766e+00
-2.767560482025146484e-01
2.769877761602401733e-02
-7.208452701568603516e+00
2.413580417633056641e+00
1.422505617141723633e+00
-2.836863756179809570e+00
1.616114377975463867e-01
2.900516510009765625e+00
-2.568330168724060059e-01
1.870138049125671387e+00
-3.150351285934448242e+00
8.310991287231445312e+00
-3.041777849197387695e+00
-9.397557377815246582e-01
3.711085319519042969e+00
-1.884677290916442871e+00
-3.499270915985107422e+00
4.987375736236572266e+00
-1.366337776184082031e+00
-1.229675531387329102e+00
-8.988046646118164062e-01
-5.109131813049316406e+00
-3.371720075607299805e+00
2.028290987014770508e+00
1.830086708068847656e+00
4.643321037292480469e-03
4.045746803283691406e+00
1.538226008415222168e+00
2.453360557556152344e+00
-1.072900891304016113e+00
-5.098810672760009766e+00
-3.186911344528198242e-01
4.387698173522949219e-01
-1.929235458374023438e-02
-2.961443424224853516e+00
1.100836396217346191e+00
-3.392451763153076172e+00
-1.947575092315673828e+00
3.517683267593383789e+00
-4.059007167816162109e+00
-2.077569007873535156e+00
-6.292321681976318359e-01
-5.737202644348144531e+00
-1.865983009338378906e-03
4.025679111480712891e+00
4.130566596984863281e+00
1.752598881721496582e+00
-3.991077184677124023e+00
5.018189549446105957e-01
-9.903970360755920410e-01
1.927625179290771484e+00
5.935671329498291016e+00
7.761136889457702637e-01
1.412512779235839844e+00
-3.695509195327758789e+00
1.242599368095397949e+00
-1.671580791473388672e+00
2.100956439971923828e-01
-7.584657669067382812e-01
-2.213865280151367188e+00
-1.912169933319091797e+00
-1.324614644050598145e+00
-3.365168809890747070e+00
8.597490787506103516e-01
-6.788551807403564453e-03
4.141232073307037354e-01
-3.714314699172973633e-01
-3.527996540069580078e-01
5.760453224182128906e+00
-2.560292243957519531e+00
7.466545581817626953e+00
8.780666351318359375e+00
3.360088348388671875e+00
1.216495156288146973e+00
-4.058704376220703125e+00
2.894347667694091797e+00
-3.645700931549072266e+00
1.893947839736938477e+00
2.838429450988769531e+00
1.396573781967163086e+00
-2.557731389999389648e+00
3.983355283737182617e+00
9.336057662963867188e+00
-5.742264986038208008e-01
4.436515569686889648e-01
-9.300467371940612793e-01
-3.654757499694824219e+00
-3.069264411926269531e+00
2.062427043914794922e+00
-2.462212324142456055e+00
2.125501632690429688e-01
2.589015960693359375e+00
-5.503209233283996582e-01
-2.835165500640869141e+00
1.742331147193908691e+00
-8.882117271423339844e-02
-6.154042482376098633e-01
1.424499988555908203e+00
6.918656229972839355e-01
-2.950418949127197266e+00
8.234201431274414062e+00
1.753019332885742188e+00
-2.595581293106079102e+00
-4.925385951995849609e+00
1.145555138587951660e+00
3.375238180160522461e-01
-2.659657955169677734e+00
-1.494708061218261719e+00
3.853434562683105469e+00
-1.388289690017700195e+00
-3.467571735382080078e-01
-4.560788154602050781e+00
5.817625045776367188e+00
3.376107692718505859e+00
-1.018934726715087891e+00
1.650875091552734375e+00
3.718101501464843750e+00
5.186282634735107422e+00
6.938318729400634766e+00
2.055220603942871094e+00
-1.896096229553222656e+00
-1.474554181098937988e+00
8.090571761131286621e-01
-1.826054573059082031e+00
-4.745869636535644531e+00
4.848869144916534424e-01
-4.947039783000946045e-01
1.927784204483032227e+00
7.828604578971862793e-01
2.101535320281982422e+00
2.387069463729858398e+00
9.745419025421142578e-03
-1.150243043899536133e+00
1.113764762878417969e+00
1.306356191635131836e-01
-1.212086439132690430e+00
-2.361349463462829590e-01
-4.583832740783691406e+00
1.454587697982788086e+00
6.856503486633300781e-01
-2.987984180450439453e+00
1.246232032775878906e+00
-7.185274362564086914e-01
2.852455377578735352e-01
4.012372970581054688e+00
1.769425988197326660e+00
-1.323687553405761719e+00
7.338125705718994141e-01
2.554673552513122559e-01
9.011157155036926270e-01
-3.384893417358398438e+00
2.220935344696044922e+00
-3.226579427719116211e+00
-2.021457910537719727e+00
-5.959886074066162109e+00
7.105839729309082031e+00
6.087443232536315918e-01
3.710384070873260498e-01
1.641146421432495117e+00
4.596110820770263672e+00
5.220850110054016113e-01
1.138453722000122070e+00
8.134555220603942871e-01
1.104818105697631836e+00
6.193018436431884766e+00
-7.646006345748901367e-01
4.889338970184326172e+00
-7.437304496765136719e+00
3.887904882431030273e+00
5.471482276916503906e+00
1.195429801940917969e+00
1.170517563819885254e+00
-6.161990761756896973e-01
-2.590373754501342773e-01
3.816330432891845703e-01
-1.637366294860839844e+00
5.964901924133300781e+00
-4.894944190979003906e+00
-1.691569089889526367e+00
-4.487472772598266602e-01
6.989983558654785156e+00
2.818133354187011719e+00
7.039471864700317383e-01
1.273920416831970215e+00
3.520407199859619141e+00
-6.903532505035400391e+00
1.844740390777587891e+00
5.782224655151367188e+00
4.875460624694824219e+00
1.796457409858703613e+00
-6.719412803649902344e-01
2.805611610412597656e+00
2.055756330490112305e+00
1.195978164672851562e+00
2.963069677352905273e+00
8.645552396774291992e-01
-1.881646752357482910e+00
4.280108451843261719e+00
1.930801272392272949e+00
-3.410518169403076172e+00
-3.195079088211059570e+00
2.351138591766357422e-01
-5.065490722656250000e+00
-5.212418079376220703e+00
-4.482127666473388672e+00
1.968855857849121094e-01
-3.274499654769897461e+00
-5.499304294586181641e+00
-1.557492256164550781e+00
-6.435043811798095703e+00
-4.281292915344238281e+00
-7.537534236907958984e+00
-4.943381786346435547e+00
-2.999943494796752930e+00
-3.065138816833496094e+00
-8.057112693786621094e-01
-4.501159191131591797e+00
-6.458277702331542969e+00
-2.954761981964111328e+00
-7.252771258354187012e-01
-2.731083869934082031e+00
-2.818194389343261719e+00
1.312248468399047852e+00
7.905322909355163574e-01
-3.867987632751464844e+00
-1.739058732986450195e+00
1.772341012954711914e+00
-2.038221955299377441e-01
-1.555858731269836426e+00
-2.489853620529174805e+00
-2.601710319519042969e+00
-9.050135016441345215e-01
-4.835309028625488281e+00
-4.308163642883300781e+00
1.991474270820617676e+00
-1.468355417251586914e+00
-5.030422210693359375e+00
-4.328626155853271484e+00
-7.667431354522705078e+00
-5.029887676239013672e+00
-8.198935508728027344e+00
-4.082821369171142578e+00
3.307626247406005859e+00
-5.093552112579345703e+00
-1.356846332550048828e+00
-2.628584861755371094e+00
5.045115947723388672e+00
2.982370376586914062e+00
1.213629245758056641e+00
4.577120304107666016e+00
3.807449817657470703e+00
8.332775115966796875e+00
-3.198444843292236328e-02
3.749518394470214844e+00
3.626670360565185547e+00
3.514564514160156250e+00
-2.424026131629943848e-01
-1.968030691146850586e+00
6.648945212364196777e-01
5.288917064666748047e+00
4.012305736541748047e+00
3.168362140655517578e+00
-2.055706977844238281e+00
1.068455338478088379e+00
-2.833692312240600586e+00
2.240595102310180664e+00
-4.567480087280273438e+00
1.356387376785278320e+00
-1.075338244438171387e+00
-4.154767036437988281e+00
-2.551422357559204102e+00
-5.559514760971069336e-01
-2.599445343017578125e+00
-4.363706588745117188e+00
-3.369994163513183594e-01
1.282338142395019531e+00
