6.501728296279907227e-01
1.844587445259094238e+00
-6.865978240966796875e-02
-1.176755428314208984e+00
-4.952554702758789062e-01
-2.050024032592773438e+00
8.902010321617126465e-02
-1.847931146621704102e+00
-2.141106128692626953e+00
2.524943828582763672e+00
8.072614669799804688e-02
-4.731239080429077148e-01
-9.349814653396606445e-01
6.773473024368286133e-01
1.399012327194213867e+00
-2.755703449249267578e+00
-4.979543685913085938e-01
8.309820890426635742e-01
-8.900684118270874023e-01
-2.275445461273193359e+00
-6.228312969207763672e+00
2.595618009567260742e+00
6.156315326690673828e+00
-8.429663181304931641e-01
4.278486669063568115e-01
-3.162137746810913086e+00
-2.039389371871948242e+00
-1.712723135948181152e+00
-1.037212252616882324e+00
-6.694891452789306641e-01
-4.613473892211914062e+00
-1.308757066726684570e-02
-4.796176433563232422e+00
1.585526943206787109e+00
1.245433986186981201e-01
9.439037442207336426e-01
4.002737998962402344e-01
-1.106038689613342285e-01
2.599997043609619141e+00
1.523604393005371094e+00
1.931835770606994629e+00
-1.961587071418762207e+00
-2.171020507812500000e+00
1.412495851516723633e+00
5.629311800003051758e-01
2.057283639907836914e+00
-1.177556514739990234e-01
1.505770564079284668e+00
3.530455350875854492e+00
3.126154661178588867e+00
5.342942714691162109e+00
3.699969768524169922e+00
1.728260517120361328e-02
-3.606886148452758789e+00
-3.436239719390869141e+00
2.687806844711303711e+00
-3.480008125305175781e+00
-6.545497894287109375e+00
2.586573839187622070e+00
-1.611127018928527832e+00
-5.491430759429931641e-01
1.689756989479064941e+00
2.857480287551879883e+00
-1.501726031303405762e+00
3.400039434432983398e+00
5.835505723953247070e-01
2.071369647979736328e+00
-1.002735793590545654e-01
-1.455701589584350586e-01
-2.777600288391113281e+00
-3.226049184799194336e+00
-9.681509435176849365e-02
-1.063582301139831543e-01
1.993840485811233521e-01
2.725882768630981445e+00
-2.981824636459350586e+00
1.330707073211669922e+00
1.867660284042358398e+00
-1.198539614677429199e+00
-3.768661916255950928e-01
-1.315068125724792480e+00
-7.019170522689819336e-01
-3.103421926498413086e-01
-8.625451326370239258e-01
-4.554076194763183594e-01
-1.122128963470458984e-01
1.212493658065795898e+00
-1.619245529174804688e+00
2.396298170089721680e+00
1.548738956451416016e+00
1.709994316101074219e+00
-2.179183244705200195e+00
1.023877739906311035e+00
-1.653386354446411133e+00
8.437852263450622559e-01
-2.435927391052246094e+00
1.301924824714660645e+00
-1.007893085479736328e+00
7.152388095855712891e-01
2.575491189956665039e+00
-4.422843456268310547e-01
7.403326988220214844e+00
-3.712236881256103516e+00
1.477491855621337891e+00
-2.788851737976074219e+00
-1.707277536392211914e+00
-1.036130070686340332e+00
4.042159080505371094e+00
1.599362969398498535e+00
5.779755711555480957e-01
-3.016764163970947266e+00
-1.456859230995178223e+00
-1.371690511703491211e+00
-1.700306773185729980e+00
-5.778052806854248047e+00
-2.006145715713500977e-01
-2.318495750427246094e+00
4.357143402099609375e+00
2.391484975814819336e+00
-3.335390686988830566e-01
1.170767545700073242e-01
2.105062961578369141e+00
2.248837232589721680e+00
1.897576451301574707e+00
3.512554645538330078e+00
6.643333435058593750e-01
1.182771205902099609e+00
-1.555258035659790039e-01
-9.598317742347717285e-01
3.859454393386840820e+00
3.115625858306884766e+00
2.373351573944091797e+00
3.597068309783935547e+00
7.838935852050781250e-01
1.088446736335754395e+00
5.596636533737182617e-01
-2.625279426574707031e+00
-5.696420073509216309e-01
1.365870475769042969e+00
-1.314069509506225586e+00
-1.215432882308959961e-01
-1.837972760200500488e+00
9.697089195251464844e-01
-2.757082223892211914e+00
4.208024024963378906e+00
-1.000411510467529297e-01
-3.714099884033203125e+00
-1.652762055397033691e+00
2.423641681671142578e-01
1.445669054985046387e+00
-2.820337772369384766e+00
3.013146877288818359e+00
-1.212179064750671387e+00
1.240453600883483887e+00
-7.909762859344482422e-02
-1.641560554504394531e+00
3.230807781219482422e-01
2.838153839111328125e-01
2.213983297348022461e+00
2.526494979858398438e+00
1.097976684570312500e+00
-2.219719439744949341e-01
7.971063256263732910e-02
2.175153732299804688e+00
7.721523046493530273e-01
-2.568300962448120117e-01
2.150535583496093750e+00
5.113660097122192383e-01
4.106995105743408203e+00
3.591813445091247559e-01
6.507843017578125000e+00
2.236870527267456055e+00
3.047203540802001953e+00
6.201260566711425781e+00
6.985062360763549805e-02
3.715336918830871582e-01
2.790456295013427734e+00
2.152592897415161133e+00
3.542554140090942383e+00
1.424178004264831543e+00
-1.497839331626892090e+00
7.586492061614990234e+00
3.273902416229248047e+00
2.846382379531860352e+00
6.577266454696655273e-01
2.955647945404052734e+00
-3.104397058486938477e-01
2.226583063602447510e-01
3.449420690536499023e+00
3.235490798950195312e+00
-1.516386270523071289e+00
3.664402663707733154e-01
1.257635831832885742e+00
-1.000995397567749023e+00
-3.404113352298736572e-01
1.294822812080383301e+00
-5.078607797622680664e-01
3.739917993545532227e+00
-9.049906730651855469e-01
8.775563240051269531e-01
1.032251715660095215e+00
-1.586622893810272217e-01
3.063150167465209961e+00
4.375833034515380859e+00
3.546260118484497070e+00
2.907201647758483887e-01
3.106520652770996094e+00
1.613853693008422852e+00
3.896728277206420898e+00
3.221106052398681641e+00
3.802404642105102539e+00
3.921625614166259766e+00
3.946159124374389648e+00
1.966318368911743164e+00
1.778852701187133789e+00
2.216977119445800781e+00
4.568666458129882812e+00
-6.880624294281005859e-01
3.605040907859802246e-01
1.031060576438903809e+00
7.476440072059631348e-02
4.336282730102539062e+00
6.703283786773681641e+00
1.011424779891967773e+00
-6.320337057113647461e-01
1.963447570800781250e+00
2.068455934524536133e+00
1.595822691917419434e+00
6.364830970764160156e+00
2.736071586608886719e+00
-1.607827901840209961e+00
6.702420711517333984e-01
-1.398741006851196289e+00
-7.261641025543212891e-01
1.991450548171997070e+00
-2.367908000946044922e+00
2.231921255588531494e-01
4.211535930633544922e+00
3.115439414978027344e+00
-2.564393281936645508e+00
4.362753927707672119e-01
1.110291719436645508e+00
1.166331410408020020e+00
2.721111536026000977e+00
-1.762385845184326172e+00
2.500246763229370117e+00
3.112594366073608398e+00
3.876638412475585938e+00
3.492817878723144531e-01
3.186060905456542969e+00
2.258955955505371094e+00
7.120974540710449219e+00
-7.671054601669311523e-01
3.328408956527709961e+00
2.700548171997070312e+00
4.453279495239257812e+00
1.275592595338821411e-01
2.581733942031860352e+00
2.774461030960083008e+00
-2.079174041748046875e+00
1.163470387458801270e+00
8.556516170501708984e-01
1.676060199737548828e+00
-2.401683330535888672e+00
3.434135615825653076e-01
4.862117290496826172e+00
3.325633525848388672e+00
6.187116622924804688e+00
3.130616664886474609e+00
3.652084112167358398e+00
5.522522926330566406e+00
2.028949260711669922e+00
5.445662975311279297e+00
3.894310951232910156e+00
3.839356660842895508e+00
1.055378913879394531e+00
1.493218660354614258e+00
2.105123758316040039e+00
-1.211472392082214355e+00
2.694539785385131836e+00
1.490505337715148926e+00
-2.671914339065551758e+00
-8.358066082000732422e-01
2.467695236206054688e+00
-9.585734605789184570e-01
-2.705509662628173828e+00
9.094890356063842773e-01
2.140238136053085327e-02
-2.188003778457641602e+00
-1.775153517723083496e+00
1.319806337356567383e+00
8.894547224044799805e-01
2.839315176010131836e+00
2.469330072402954102e+00
-1.864319443702697754e-01
2.330039978027343750e+00
5.286231040954589844e+00
-1.648241162300109863e+00
-3.364422321319580078e+00
-3.578434467315673828e+00
-4.655725479125976562e+00
-8.832388520240783691e-01
-2.433140277862548828e+00
-2.333948612213134766e+00
-4.796327114105224609e+00
-4.615008831024169922e+00
-3.996603012084960938e+00
5.615781545639038086e-01
-1.242517113685607910e+00
1.116320610046386719e+00
2.229154109954833984e+00
-1.370998859405517578e+00
-2.337899208068847656e+00
9.643009305000305176e-01
2.360988855361938477e-01
-9.538911581039428711e-01
-6.038325786590576172e+00
-5.600892066955566406e+00
-2.955985069274902344e+00
-6.762422919273376465e-01
-5.095206260681152344e+00
-2.402122974395751953e+00
-7.291150093078613281e+00
-9.253450632095336914e-01
-4.800327301025390625e+00
-3.548974037170410156e+00
-6.171837806701660156e+00
2.495053529739379883e+00
-2.814727306365966797e+00
3.913134038448333740e-01
-2.717718601226806641e+00
-2.497966527938842773e+00
1.295836567878723145e+00
1.511801958084106445e+00
-2.305967330932617188e+00
-4.253964900970458984e+00
-4.515711307525634766e+00
-1.584812641143798828e+00
-1.152149915695190430e+00
2.055880308151245117e+00
6.371317863464355469e+00
4.075881004333496094e+00
4.272700309753417969e+00
3.441511154174804688e+00
3.911822319030761719e+00
3.292065143585205078e+00
5.821228981018066406e+00
2.417128562927246094e+00
3.960911750793457031e+00
2.777043581008911133e+00
8.988750576972961426e-01
2.401619434356689453e+00
-7.677053213119506836e-01
-1.532703638076782227e-01
3.247636795043945312e+00
-4.586875438690185547e-01
-1.428410053253173828e+00
1.242002010345458984e+00
-1.178197979927062988e+00
-1.815600872039794922e+00
-1.143301501870155334e-01
-2.797356128692626953e+00
-4.314677715301513672e+00
3.890926599502563477e+00
-1.031876206398010254e+00
2.255186438560485840e-01
-2.944753646850585938e+00
-2.980225801467895508e+00
-4.148571014404296875e+00
-3.678030967712402344e+00
-4.402324855327606201e-01
-2.244043350219726562e+00
-1.591800689697265625e+00
-4.355247020721435547e+00
-1.396719813346862793e+00
-3.299765288829803467e-01
-2.535613775253295898e-01
-9.724717587232589722e-02
-1.113124132156372070e+00
-1.169933319091796875e+00
1.681146740913391113e+00
-8.745653629302978516e-01
-1.105478048324584961e+00
-6.460050344467163086e-01
7.778515815734863281e-01
6.141789913177490234e+00
6.713023185729980469e+00
-1.153366804122924805e+00
7.310202121734619141e-01
6.552737355232238770e-01
-4.689669311046600342e-01
1.438257575035095215e+00
3.099437952041625977e-01
1.238907337188720703e+00
1.445088624954223633e+00
3.265678644180297852e+00
5.040910243988037109e+00
4.600464105606079102e-01
-2.335346460342407227e+00
-9.727194309234619141e-01
-6.185118198394775391e+00
-3.261596679687500000e+00
-1.267160415649414062e+00
-2.918265581130981445e+00
3.737363815307617188e-01
2.136200666427612305e+00
-2.291598320007324219e+00
1.699473857879638672e+00
5.643104314804077148e-01
2.385929346084594727e+00
7.534803867340087891e+00
1.804215431213378906e+00
-1.768271684646606445e+00
7.357516288757324219e-01
1.970935583114624023e+00
1.212409138679504395e-01
-1.306015968322753906e+00
3.388417959213256836e+00
-3.033209323883056641e+00
2.825318813323974609e+00
-1.886863589286804199e+00
-4.489088058471679688e+00
-2.549145936965942383e+00
-3.555319070816040039e+00
7.880232930183410645e-01
5.461558818817138672e+00
4.714984297752380371e-01
1.928610920906066895e+00
2.808227062225341797e+00
4.762241363525390625e+00
-3.853838682174682617e+00
-4.164721369743347168e-01
1.282814741134643555e+00
3.622158527374267578e+00
2.903236627578735352e+00
3.919327557086944580e-01
3.447063922882080078e+00
-2.717497587203979492e+00
-3.592732667922973633e+00
-7.321542501449584961e-01
-1.419214129447937012e+00
1.663632631301879883e+00
-1.527361154556274414e+00
4.053117275238037109e+00
1.590575933456420898e+00
8.563048243522644043e-01
2.652267694473266602e+00
9.415781497955322266e-01
7.120782732963562012e-01
9.986518621444702148e-01
2.536182641983032227e+00
-1.774404525756835938e+00
-1.392775774002075195e+00
-4.049574851989746094e+00
-2.109765291213989258e+00
-2.548696994781494141e-01
-3.066994905471801758e+00
2.882008552551269531e+00
-2.534404754638671875e+00
3.903308391571044922e+00
-3.312314033508300781e+00
-9.905655384063720703e-01
-3.169246196746826172e+00
2.443287849426269531e+00
1.989167571067810059e+00
2.760129928588867188e+00
-3.742666721343994141e+00
-3.203445196151733398e+00
-2.243052721023559570e+00
-3.723488807678222656e+00
-7.172197103500366211e-01
-3.199712038040161133e+00
3.968568801879882812e+00
-4.068769931793212891e+00
3.425841808319091797e+00
1.840313196182250977e+00
-9.847973585128784180e-01
-4.246665954589843750e+00
-3.041648864746093750e-01
-5.176201820373535156e+00
1.204253792762756348e+00
-2.890669822692871094e+00
-4.724761009216308594e+00
1.029919385910034180e+00
2.675322532653808594e+00
-5.848783969879150391e+00
-6.913973093032836914e-01
1.558731794357299805e-01
5.535581707954406738e-01
2.278552532196044922e+00
3.241054773330688477e+00
-1.247539520263671875e+00
2.956774950027465820e+00
-4.857924580574035645e-01
-4.241792678833007812e+00
-5.946665406227111816e-01
3.166715621948242188e+00
-2.009965658187866211e+00
-1.761320829391479492e-01
-4.286811828613281250e+00
1.034153223037719727e+00
-1.779279410839080811e-01
-6.048163771629333496e-01
-2.842511415481567383e+00
1.616373300552368164e+00
-2.884278059005737305e+00
-2.870987892150878906e+00
-2.218461513519287109e+00
-2.186141967773437500e+00
-4.662308216094970703e+00
3.994246959686279297e+00
-5.281303405761718750e+00
-4.491349697113037109e+00
3.656622469425201416e-01
-2.559536218643188477e+00
1.935142755508422852e+00
-6.123452782630920410e-01
-3.810360431671142578e-01
1.294854640960693359e+00
-1.092242002487182617e+00
5.689338445663452148e-01
-4.116453647613525391e+00
-9.597572088241577148e-01
1.129475355148315430e+00
-3.256254196166992188e-01
5.852265357971191406e-01
-2.058381319046020508e+00
-3.478871107101440430e+00
-4.396845817565917969e+00
4.038758277893066406e+00
2.901040554046630859e+00
-1.595108032226562500e+00
-1.235527873039245605e+00
2.422141075134277344e+00
-5.933628082275390625e+00
-8.129881858825683594e+00
-5.142419338226318359e-01
7.213812351226806641e+00
2.385710000991821289e+00
5.248705148696899414e-01
-1.459747076034545898e+00
-1.586043715476989746e+00
-1.912352919578552246e+00
-3.279716014862060547e+00
-1.749010562896728516e+00
-9.904632568359375000e-01
-1.603595137596130371e+00
-1.291317224502563477e+00
-4.419528007507324219e+00
7.041846752166748047e+00
-8.053814888000488281e+00
-2.618310689926147461e+00
1.964103221893310547e+00
5.839826464653015137e-01
-1.135091781616210938e+00
1.590216994285583496e+00
3.364740610122680664e+00
7.114193439483642578e-01
-9.774602651596069336e-01
2.263672351837158203e-01
1.257491588592529297e+00
-2.587405920028686523e+00
-1.963363051414489746e+00
-1.804347395896911621e+00
1.446747303009033203e+00
2.010146856307983398e+00
-3.701232433319091797e+00
-7.342863559722900391e+00
-9.679955244064331055e-01
3.208495616912841797e+00
-2.263536930084228516e+00
-3.733709096908569336e+00
3.593632936477661133e+00
-2.223318338394165039e+00
-5.321370959281921387e-01
6.966220736503601074e-01
-2.340718984603881836e+00
-2.067237854003906250e+00
-2.239426374435424805e+00
-1.193851947784423828e+00
2.329030513763427734e+00
-3.814200878143310547e+00
-4.630845069885253906e+00
-4.970866680145263672e+00
-1.199163675308227539e+00
4.347119331359863281e-01
-1.157710313796997070e+00
-1.682240128517150879e+00
3.663840532302856445e+00
-6.095689535140991211e-01
-1.460873007774353027e+00
4.910860061645507812e+00
-5.691561222076416016e+00
-2.698792219161987305e-01
-5.620188713073730469e+00
-3.471254825592041016e+00
1.431756317615509033e-01
-1.455181956291198730e+00
1.900072813034057617e+00
1.697978258132934570e+00
-2.112007617950439453e+00
6.597197651863098145e-01
6.966263800859451294e-02
3.842803955078125000e+00
-4.105637073516845703e+00
2.175432920455932617e+00
-1.195656538009643555e+00
-2.038184881210327148e+00
2.029261112213134766e+00
3.304968357086181641e+00
6.550383090972900391e+00
9.460460662841796875e+00
1.051253080368041992e+00
-3.909468412399291992e+00
3.978578329086303711e+00
2.173106908798217773e+00
2.895453453063964844e+00
1.952898502349853516e-02
-2.546851873397827148e+00
3.293555498123168945e+00
1.743822693824768066e-01
-4.679401814937591553e-01
-3.143013000488281250e+00
-1.745460510253906250e+00
-4.430172920227050781e+00
-2.850893020629882812e+00
-7.304173469543457031e+00
-4.210677146911621094e+00
-3.249484300613403320e-02
-3.941190719604492188e+00
-2.369735717773437500e+00
-7.538099288940429688e-01
-3.218784332275390625e+00
-2.806681156158447266e+00
6.051082611083984375e-01
-3.414572000503540039e+00
4.741742134094238281e+00
4.774813652038574219e+00
3.909589529037475586e+00
4.711115837097167969e+00
-3.755218505859375000e+00
-3.365665674209594727e+00
-7.657632827758789062e-01
-5.855044722557067871e-02
-6.279684543609619141e+00
2.923180341720581055e+00
-1.892372369766235352e-01
2.955834865570068359e+00
-4.722872257232666016e+00
-2.534443855285644531e+00
-3.854146957397460938e+00
1.118998765945434570e+00
8.855297565460205078e-01
1.498706817626953125e+00
1.663567185401916504e+00
2.987638950347900391e+00
3.164671897888183594e+00
-3.481276273727416992e+00
9.765112400054931641e-01
-1.599706649780273438e+00
1.731146574020385742e+00
-2.481697797775268555e+00
-4.042662143707275391e+00
-1.736861765384674072e-01
3.448112726211547852e+00
-8.731386065483093262e-01
-5.301796913146972656e+00
-2.411782264709472656e+00
1.768138051033020020e+00
3.872010707855224609e+00
-3.533191680908203125e+00
-1.088791012763977051e+00
4.720640182495117188e+00
-4.262363433837890625e+00
-2.645152568817138672e+00
1.410329580307006836e+00
6.586679220199584961e-01
-1.230094313621520996e+00
-8.205153942108154297e-01
-2.951907873153686523e+00
-6.361913681030273438e-01
-4.053371429443359375e+00
-3.924187898635864258e+00
-1.558663368225097656e+00
-4.533834934234619141e+00
-2.087699174880981445e+00
-1.105473041534423828e+00
-4.340734958648681641e+00
-1.983504056930541992e+00
-2.344332695007324219e+00
-3.552094697952270508e-01
1.342857360839843750e+00
2.938804149627685547e+00
6.800741553306579590e-01
1.981728374958038330e-01
-6.978691816329956055e-01
1.308476924896240234e-02
2.058497428894042969e+00
2.159624576568603516e+00
1.285101532936096191e+00
5.338862895965576172e+00
4.472307205200195312e+00
-1.418960094451904297e+00
2.445960521697998047e+00
2.437514781951904297e+00
-7.378955483436584473e-01
7.163616418838500977e-01
-1.759091973304748535e+00
-2.763124704360961914e+00
3.079066753387451172e+00
1.283083319664001465e+00
-1.656836628913879395e+00
-1.543206453323364258e+00
-7.082957625389099121e-01
-3.282409667968750000e+00
-4.335812091827392578e+00
5.014539241790771484e+00
-2.882238388061523438e+00
1.300695776939392090e+00
-4.529897212982177734e+00
-3.902801752090454102e+00
1.113562393188476562e+01
1.530146360397338867e+00
-1.857111215591430664e+00
1.546433568000793457e+00
-1.464391708374023438e+00
-4.152371883392333984e+00
4.231811046600341797e+00
2.830929517745971680e+00
-2.309949874877929688e+00
4.327727794647216797e+00
-3.240371942520141602e-01
-3.736768722534179688e+00
-1.125120639801025391e+00
2.310869455337524414e+00
3.992981910705566406e+00
-3.513026714324951172e+00
-1.277074098587036133e+00
2.837188243865966797e+00
9.149834513664245605e-01
-2.763977289199829102e+00
-3.009055852890014648e-01
-2.795815944671630859e+00
-8.044922351837158203e-01
-4.273033618927001953e+00
-5.938944816589355469e+00
6.589953899383544922e-01
-1.786465167999267578e+00
3.386603355407714844e+00
-1.303078532218933105e+00
4.395359992980957031e+00
1.476633697748184204e-01
-8.559515476226806641e-01
-3.575083017349243164e-01
-3.509146690368652344e+00
1.242330074310302734e-01
4.929218769073486328e+00
1.791449427604675293e+00
-5.396031379699707031e+00
2.521114349365234375e-01
-2.065850019454956055e+00
-5.035845279693603516e+00
-9.781247973442077637e-01
-5.804340362548828125e+00
1.205856323242187500e+00
-5.110819339752197266e-01
-2.623673439025878906e+00
-4.116994380950927734e+00
2.390685081481933594e+00
1.304288506507873535e+00
3.942481875419616699e-01
-6.366450786590576172e+00
6.795631647109985352e-01
-1.577962636947631836e-01
1.256138682365417480e-01
1.938928008079528809e+00
8.787617087364196777e-01
2.608901977539062500e+00
-1.885359048843383789e+00
-1.707633733749389648e-01
-1.602802038192749023e+00
2.357566595077514648e+00
2.984433650970458984e+00
-4.674750328063964844e+00
-5.395805835723876953e+00
1.712855219841003418e+00
-2.109565496444702148e+00
1.220092296600341797e+00
6.184306144714355469e-01
2.007201433181762695e+00
-3.090773105621337891e+00
1.556918144226074219e+00
5.172137260437011719e+00
-3.189104795455932617e-02
3.249037981033325195e+00
3.777852058410644531e+00
4.609090328216552734e+00
8.506999015808105469e-01
-3.078765869140625000e+00
4.143862724304199219e-01
-1.960313081741333008e+00
-3.849319517612457275e-01
1.615668416023254395e+00
3.127833604812622070e+00
-4.016946315765380859e+00
-1.257112979888916016e+00
4.342674255371093750e+00
4.013254642486572266e+00
6.117951869964599609e-02
-4.000628590583801270e-01
-2.728691101074218750e+00
-4.473795890808105469e+00
-2.572858810424804688e+00
-2.671232461929321289e+00
-2.238461971282958984e+00
1.745984077453613281e+00
-2.009072065353393555e+00
-2.863617658615112305e+00
-2.419778347015380859e+00
1.901977956295013428e-01
-3.310034036636352539e+00
-3.687797784805297852e+00
4.693803489208221436e-01
-3.688441276550292969e+00
2.837793350219726562e+00
1.915315389633178711e-01
1.797952950000762939e-01
-4.502237796783447266e+00
-5.363090038299560547e-01
-2.623940706253051758e-01
-4.763228595256805420e-01
3.065764605998992920e-01
1.832399845123291016e+00
-1.757065534591674805e+00
-1.078786730766296387e+00
-1.669852972030639648e+00
-1.465941190719604492e+00
3.077874183654785156e+00
-8.351237773895263672e-01
-6.495270729064941406e-01
4.664403796195983887e-01
3.173769712448120117e+00
2.703943729400634766e+00
1.850528717041015625e+00
-3.448387622833251953e+00
-8.932009935379028320e-01
-1.044399499893188477e+00
-1.975592851638793945e+00
-5.073717594146728516e+00
-2.299200296401977539e+00
-3.483341634273529053e-01
4.093680858612060547e+00
1.402165174484252930e+00
-3.024458289146423340e-01
1.611410856246948242e+00
2.340574502944946289e+00
-1.814617276191711426e+00
-1.393961906433105469e-02
1.087210416793823242e+00
-1.934046506881713867e+00
-3.866960525512695312e+00
-1.504080772399902344e+00
6.572414636611938477e-01
-3.948154449462890625e+00
-1.412057876586914062e+00
1.085992932319641113e+00
-2.326822280883789062e-02
2.127807617187500000e+00
5.492300987243652344e+00
-1.231900453567504883e+00
6.240266561508178711e-01
-1.441294312477111816e+00
3.075010180473327637e-01
-1.409332752227783203e+00
-1.837198734283447266e-01
1.173490285873413086e+00
1.358029842376708984e-01
-5.165283203125000000e+00
-4.104621410369873047e+00
3.607877969741821289e+00
-9.713346958160400391e-01
-1.763357400894165039e+00
-1.828819274902343750e+00
3.237172126770019531e+00
-2.539969444274902344e+00
3.465414047241210938e-02
-9.372729063034057617e-01
-2.878025770187377930e-01
1.223410010337829590e+00
-1.482810378074645996e+00
4.481903076171875000e+00
-5.143173217773437500e+00
3.051445960998535156e+00
5.142640590667724609e+00
-1.965448260307312012e+00
8.286653161048889160e-01
-4.709167480468750000e+00
-3.230198860168457031e+00
2.104951381683349609e+00
8.175280690193176270e-02
2.350714206695556641e+00
-5.542687416076660156e+00
3.111970424652099609e-02
-6.668119430541992188e-01
4.998510360717773438e+00
4.692367315292358398e-01
-2.204125404357910156e+00
-1.107610940933227539e+00
1.313737869262695312e+00
-6.866515159606933594e+00
2.669152617454528809e-01
2.582517623901367188e+00
5.211977958679199219e+00
6.850704669952392578e+00
2.905665874481201172e+00
2.178697824478149414e+00
4.653327941894531250e+00
6.834375262260437012e-01
1.633542656898498535e+00
1.462018251419067383e+00
-3.458134651184082031e+00
6.200094699859619141e+00
3.155269026756286621e-01
-6.781041622161865234e-01
-3.341187715530395508e+00
1.189357995986938477e+00
-5.972516059875488281e+00
-1.235213160514831543e+00
-1.546441078186035156e+00
-1.946562409400939941e+00
-4.523499965667724609e+00
-5.399587154388427734e+00
-1.473817825317382812e+00
-2.124262809753417969e+00
-1.148358941078186035e+00
-5.416154384613037109e+00
-3.030725479125976562e+00
-5.580409526824951172e+00
-3.413358211517333984e+00
-3.341023683547973633e+00
-3.235169887542724609e+00
-6.688838481903076172e+00
-5.368182063102722168e-01
-2.390314579010009766e+00
-1.073366999626159668e+00
-6.485467433929443359e+00
7.148590683937072754e-01
7.650520801544189453e-01
-3.901460647583007812e+00
-2.786576032638549805e+00
-1.919425487518310547e+00
-1.309308290481567383e+00
-1.097491979598999023e+00
-3.113157272338867188e+00
-3.688656330108642578e+00
-4.044322013854980469e+00
-2.540370464324951172e+00
-2.259577035903930664e+00
-9.162114858627319336e-01
6.773537397384643555e-02
-3.934660434722900391e+00
-3.322636842727661133e+00
-5.303388118743896484e+00
-4.475525379180908203e+00
-4.602690219879150391e+00
-3.446273505687713623e-01
3.243007659912109375e+00
-5.611058712005615234e+00
3.148257434368133545e-01
-2.078683137893676758e+00
3.357074737548828125e+00
3.425306677818298340e-01
-2.986997365951538086e-02
4.758240699768066406e+00
1.227976799011230469e+00
6.527891635894775391e+00
3.548759222030639648e-01
4.954036235809326172e+00
1.859681725502014160e+00
1.031440258026123047e+00
-1.379861831665039062e+00
1.726776361465454102e+00
-2.023409128189086914e+00
3.730480670928955078e+00
-6.485283374786376953e-03
2.525435209274291992e+00
-3.150113582611083984e+00
-2.127578496932983398e+00
-2.397684574127197266e+00
1.492917418479919434e+00
-3.561725139617919922e+00
-1.164834022521972656e+00
2.696698665618896484e+00
-5.663982868194580078e+00
-9.080454111099243164e-01
-9.407718181610107422e-01
-1.985921263694763184e+00
-1.108972430229187012e-01
-3.797919273376464844e+00
4.006162166595458984e+00
