-2.420560836791992188e+00
5.677908897399902344e+00
-5.336892127990722656e+00
-2.382598638534545898e+00
-7.698320746421813965e-01
6.888265609741210938e-01
2.355567932128906250e+00
5.131412744522094727e-01
-1.193544864654541016e+00
3.318856954574584961e-01
-4.878464937210083008e-01
-1.384043216705322266e+00
-3.957849264144897461e+00
-5.975905060768127441e-01
-1.652165949344635010e-01
-2.918953180313110352e+00
-4.340416908264160156e+00
-7.587013840675354004e-01
-1.073980808258056641e+00
-6.121274948120117188e+00
-6.722307682037353516e+00
-1.373211264610290527e+00
-9.948551058769226074e-01
-1.055033445358276367e+00
-3.499829769134521484e+00
-1.147772073745727539e+00
-2.244505882263183594e+00
-2.018110990524291992e+00
-3.294199943542480469e+00
-2.190026998519897461e+00
-3.331862211227416992e+00
-7.569030523300170898e-01
-4.651806831359863281e+00
5.293756127357482910e-01
1.446569800376892090e+00
-3.463257074356079102e+00
-1.794080734252929688e+00
-2.764317989349365234e+00
1.865680575370788574e+00
-9.571176767349243164e-01
-1.132135391235351562e+00
-1.879239439964294434e+00
-1.091047048568725586e+00
-1.345772027969360352e+00
-2.173364639282226562e+00
2.655834913253784180e+00
-7.757315635681152344e-01
1.748847723007202148e+00
1.550469160079956055e+00
-1.169913768768310547e+00
1.554264903068542480e+00
3.113710403442382812e+00
-3.581036329269409180e-01
-4.133333206176757812e+00
-2.712454795837402344e-01
2.530916631221771240e-01
-1.731402397155761719e+00
-3.844106674194335938e+00
9.953740835189819336e-01
-2.144484043121337891e+00
1.400296688079833984e-01
2.293311357498168945e-01
1.473244190216064453e+00
7.446942329406738281e-01
1.565214633941650391e+00
3.476582527160644531e+00
2.471219778060913086e+00
1.218018829822540283e-01
1.820051372051239014e-01
2.890088558197021484e-01
-6.383647918701171875e+00
-2.607849121093750000e+00
-2.679448366165161133e+00
-4.633510410785675049e-01
-1.929053366184234619e-01
-2.499667882919311523e+00
1.108659267425537109e+00
8.813202381134033203e-03
-2.650934219360351562e+00
-3.012930870056152344e+00
-1.053299903869628906e+00
-1.683387637138366699e+00
-1.662282794713973999e-01
-2.098143577575683594e+00
2.920243740081787109e+00
-1.228033781051635742e+00
-1.052915334701538086e+00
-2.816189527511596680e+00
2.560600519180297852e+00
-3.577303886413574219e-02
2.316903591156005859e+00
-3.529097795486450195e+00
-2.318567991256713867e+00
-4.330256462097167969e+00
-2.295836806297302246e-01
-3.390661239624023438e+00
-1.171185016632080078e+00
-2.729394912719726562e+00
-2.927012443542480469e+00
-3.487829446792602539e+00
-2.849792003631591797e+00
1.835185766220092773e+00
-2.904510021209716797e+00
2.688237905502319336e+00
-6.985977888107299805e-01
-6.246850490570068359e-01
-2.641308605670928955e-01
-1.080861240625381470e-01
4.114249348640441895e-01
3.928256273269653320e+00
-3.631103515625000000e+00
-8.377879858016967773e-01
2.347284317016601562e+00
9.445611238479614258e-01
-3.007582664489746094e+00
1.056128621101379395e+00
-1.823610544204711914e+00
1.904788017272949219e+00
-2.639211416244506836e+00
-2.869146585464477539e+00
-5.035218238830566406e+00
-3.755666732788085938e+00
-1.871789813041687012e+00
-5.495578765869140625e+00
-2.631290912628173828e+00
-1.928160309791564941e+00
-4.012542724609375000e+00
-4.786260604858398438e+00
-4.696842193603515625e+00
-3.201953172683715820e+00
-9.633998870849609375e-01
-1.833244919776916504e+00
-4.866432547569274902e-01
-2.836319923400878906e+00
-2.347312211990356445e+00
-3.026263713836669922e+00
-5.039270877838134766e+00
-3.700942754745483398e+00
-1.775892376899719238e+00
-3.746191024780273438e+00
-2.280810117721557617e+00
-3.301741600036621094e+00
-2.950886249542236328e+00
-4.602594375610351562e+00
1.038603782653808594e-01
-2.177066802978515625e+00
-5.509385108947753906e+00
-3.471721410751342773e+00
-4.549693465232849121e-01
1.657616257667541504e+00
3.968065083026885986e-01
1.389442443847656250e+00
-7.101172208786010742e-01
3.265397548675537109e-01
1.489133834838867188e+00
5.603801608085632324e-01
1.620268583297729492e+00
8.118751049041748047e-01
1.716660857200622559e-01
2.132349729537963867e+00
4.973666071891784668e-01
2.791966199874877930e+00
1.469832539558410645e+00
9.077908396720886230e-01
9.336553215980529785e-01
-8.088533282279968262e-01
-7.365487813949584961e-01
3.584927320480346680e-01
9.670209288597106934e-01
-1.035186052322387695e+00
1.966492891311645508e+00
-8.605741858482360840e-01
1.833045244216918945e+00
1.390700578689575195e+00
-2.560937404632568359e+00
-1.337682723999023438e+00
-2.035823106765747070e+00
-1.907959461212158203e+00
2.053588867187500000e+00
5.374022126197814941e-01
-4.236042022705078125e+00
2.798301219940185547e+00
9.122543334960937500e-01
2.857861280441284180e+00
-6.055051088333129883e-01
3.622000217437744141e+00
6.030783057212829590e-01
8.843030035495758057e-02
2.388542175292968750e+00
1.363525241613388062e-01
1.445261478424072266e+00
1.213088631629943848e+00
-3.003521561622619629e-01
-1.414572477340698242e+00
-5.819499492645263672e-03
-1.306249856948852539e+00
-5.089487433433532715e-01
1.066103458404541016e+00
-1.011108160018920898e+00
1.442334413528442383e+00
-1.067334890365600586e+00
3.545338511466979980e-01
2.090438365936279297e+00
1.640276670455932617e+00
2.354890346527099609e+00
1.786941289901733398e-01
8.905287384986877441e-01
1.378126978874206543e+00
1.486762046813964844e+00
2.171253204345703125e+00
1.519006013870239258e+00
1.154878735542297363e+00
2.613540589809417725e-01
4.049360752105712891e-01
7.985121607780456543e-01
2.500524997711181641e+00
2.689485073089599609e+00
1.868358373641967773e+00
4.449019432067871094e-01
1.614179372787475586e+00
-3.788964748382568359e-01
2.521958112716674805e+00
3.880896091461181641e+00
-7.718446254730224609e-01
-4.313138484954833984e+00
-9.590003490447998047e-01
8.762618899345397949e-01
-2.572863101959228516e-01
5.126497149467468262e-01
3.281774282455444336e+00
7.704946398735046387e-02
2.861421823501586914e+00
-5.991253852844238281e-01
1.416366815567016602e+00
1.987116336822509766e+00
-1.745252847671508789e+00
-1.967577576637268066e+00
-8.412259817123413086e-02
2.911763429641723633e+00
5.487045645713806152e-01
3.904754221439361572e-01
8.696711063385009766e-01
1.146070241928100586e+00
4.743793606758117676e-01
6.847635507583618164e-01
9.513928890228271484e-01
3.095864057540893555e+00
4.583697795867919922e+00
3.666198253631591797e-01
1.902755051851272583e-01
-9.697616696357727051e-01
2.283565759658813477e+00
-2.356241226196289062e+00
6.338594555854797363e-01
1.290610909461975098e+00
3.068022012710571289e+00
6.529631614685058594e-01
3.079037070274353027e-01
-2.073374271392822266e+00
-2.503782749176025391e+00
-1.281731128692626953e+00
-3.775644063949584961e+00
-2.104358196258544922e+00
5.535310506820678711e-01
3.065619230270385742e+00
-2.088215053081512451e-01
-1.963521838188171387e+00
1.374342441558837891e-01
-1.972922801971435547e+00
-1.335046052932739258e+00
-3.121362924575805664e+00
-1.570492386817932129e+00
-1.123275160789489746e+00
-2.338264465332031250e+00
1.796935558319091797e+00
6.653641462326049805e-01
-2.423587799072265625e+00
3.061335086822509766e-01
-2.843677997589111328e+00
-1.528404116630554199e+00
-6.995721459388732910e-01
2.127695798873901367e+00
2.365559101104736328e+00
2.948338747024536133e+00
-2.324991703033447266e+00
3.497733771800994873e-01
9.643974900245666504e-02
-1.829186320304870605e+00
-1.887786388397216797e-01
-1.044351100921630859e+00
1.877726316452026367e+00
-2.680701732635498047e+00
3.222421407699584961e+00
-1.483985543251037598e+00
9.501864910125732422e-01
2.297032833099365234e+00
1.718588829040527344e+00
-5.443344712257385254e-01
-2.541297197341918945e+00
-2.181629657745361328e+00
-3.383478641510009766e+00
9.495613574981689453e-01
-3.673072338104248047e+00
-2.340347766876220703e+00
-2.616484165191650391e+00
-1.698168873786926270e+00
-4.150793075561523438e+00
-2.358102560043334961e+00
-1.965535998344421387e+00
1.352301836013793945e+00
1.259032487869262695e-01
-2.722645044326782227e+00
-2.471127271652221680e+00
-1.018350839614868164e+00
-2.561998844146728516e+00
-2.029530048370361328e+00
-4.717871665954589844e+00
-4.462477684020996094e+00
-2.476059436798095703e+00
-2.345351457595825195e+00
-5.697541236877441406e+00
-1.182501792907714844e+00
-9.461240768432617188e-01
-1.220005035400390625e+00
-2.920229911804199219e+00
1.881003618240356445e+00
-4.924786090850830078e+00
-6.883549690246582031e-01
-1.534912347793579102e+00
2.858972847461700439e-01
7.452372312545776367e-01
-2.445760071277618408e-01
2.307150363922119141e+00
1.842853426933288574e+00
-2.455158233642578125e+00
-2.264808416366577148e+00
3.887148499488830566e-01
-1.692730426788330078e+00
2.041587114334106445e+00
2.379293918609619141e+00
3.030897378921508789e+00
5.295792222023010254e-01
-6.695855855941772461e-01
-1.595459818840026855e+00
1.195935010910034180e+00
7.345138192176818848e-01
2.366489171981811523e+00
1.842900156974792480e+00
9.425112009048461914e-01
-1.478097200393676758e+00
-1.475463628768920898e+00
-2.239053487777709961e+00
-2.439959049224853516e+00
-2.888908386230468750e+00
3.271233558654785156e+00
1.231403231620788574e+00
-2.811468839645385742e+00
-1.391924500465393066e+00
3.367837667465209961e+00
-6.158360838890075684e-01
-1.666610836982727051e+00
-3.572564721107482910e-01
-3.746742010116577148e+00
-1.653444409370422363e+00
-4.321268081665039062e+00
-1.866141796112060547e+00
-2.674227237701416016e+00
-4.338568687438964844e+00
-5.287795543670654297e+00
-2.320532798767089844e+00
-6.854426383972167969e+00
-3.846663475036621094e+00
-6.626250743865966797e+00
-5.862190723419189453e+00
-5.152548313140869141e+00
-6.556715011596679688e+00
-3.304270267486572266e+00
-2.258044242858886719e+00
-3.055757045745849609e+00
-5.748717308044433594e+00
-4.156652450561523438e+00
-2.139510631561279297e+00
-3.184677124023437500e+00
3.782242536544799805e-01
-3.001866340637207031e+00
5.186854362487792969e+00
2.238477230072021484e+00
1.342357397079467773e-01
-1.141898036003112793e-01
-4.335297107696533203e+00
6.668001413345336914e-01
-2.574429750442504883e+00
2.735636711120605469e+00
1.111725568771362305e+00
-2.931751966476440430e+00
-2.999225139617919922e+00
4.701032638549804688e+00
-1.670424461364746094e+00
2.061346769332885742e+00
1.213493347167968750e+00
-8.896352648735046387e-01
-1.284186840057373047e+00
6.620475053787231445e-01
-4.182769775390625000e+00
-1.432364463806152344e+00
1.504301279783248901e-01
-2.160981446504592896e-01
8.794798851013183594e-01
-1.067649126052856445e-01
-1.157459020614624023e+00
2.707004547119140625e+00
8.411275744438171387e-01
3.141878247261047363e-01
7.414533197879791260e-02
2.710399389266967773e+00
3.992046117782592773e-01
-2.495963096618652344e+00
7.067807674407958984e+00
-3.596689701080322266e+00
5.683166980743408203e-01
4.281783998012542725e-01
1.055181622505187988e+00
-2.460279464721679688e+00
-1.282449364662170410e-01
5.490962505340576172e+00
4.263231277465820312e+00
-4.422755837440490723e-01
3.963374376296997070e+00
3.107026100158691406e+00
3.987473726272583008e+00
-3.072077989578247070e+00
-8.913430571556091309e-01
-2.977989912033081055e+00
7.732654809951782227e-01
5.223272323608398438e+00
2.446108341217041016e+00
2.528613090515136719e+00
3.754426836967468262e-01
-4.459083080291748047e+00
-1.574174404144287109e+00
-2.887790679931640625e+00
-8.434944152832031250e-01
-2.804240942001342773e+00
7.015107631683349609e+00
1.062817811965942383e+00
-1.067270517349243164e+00
5.411080360412597656e+00
1.811960697174072266e+00
1.375578641891479492e+00
1.725977063179016113e+00
4.038658618927001953e+00
-4.254975318908691406e+00
6.210510253906250000e+00
-1.514238595962524414e+00
-2.904669046401977539e-01
-4.431808471679687500e+00
-5.973718762397766113e-01
5.158210992813110352e-01
2.833658695220947266e+00
1.748303890228271484e+00
5.668106079101562500e-01
-3.767600059509277344e-01
2.738596200942993164e+00
1.263776063919067383e+00
2.189545631408691406e-01
-1.404442191123962402e+00
-2.197068691253662109e+00
-2.751034021377563477e+00
-1.551563501358032227e+00
-3.294051647186279297e+00
-2.108277320861816406e+00
2.862175941467285156e+00
2.297068595886230469e+00
-2.566648006439208984e+00
5.559910297393798828e+00
1.386173844337463379e+00
4.206188678741455078e+00
-4.238554000854492188e+00
3.884722709655761719e+00
-2.588802099227905273e+00
8.402824401855468750e-02
6.431356668472290039e-01
-3.357244253158569336e+00
3.819043636322021484e+00
-2.347532749176025391e+00
-2.486398220062255859e+00
6.302541494369506836e-02
1.106414198875427246e+00
-3.480192422866821289e+00
5.885042548179626465e-01
-1.693442344665527344e+00
-6.852483153343200684e-01
-7.781457901000976562e-01
-1.668688297271728516e+00
-3.508246243000030518e-01
-4.182420372962951660e-01
3.338446855545043945e+00
1.813423275947570801e+00
1.303573369979858398e+00
-2.434919357299804688e+00
3.485680818557739258e+00
3.173658370971679688e+00
1.558079719543457031e+00
-2.673419713973999023e+00
1.250086545944213867e+00
-1.150451451539993286e-01
2.314348936080932617e+00
-1.500882625579833984e+00
-2.682530164718627930e+00
2.345556020736694336e+00
1.938070654869079590e-01
-1.954761862754821777e+00
-3.863636493682861328e+00
4.964823126792907715e-01
1.274010062217712402e+00
1.640996456146240234e+00
1.240570664405822754e+00
1.719958543777465820e+00
4.586013793945312500e+00
2.054137945175170898e+00
3.393321514129638672e+00
-2.215452432632446289e+00
-2.146402835845947266e+00
-1.640417098999023438e+00
-2.572807312011718750e+00
-7.920241355895996094e-02
8.232910633087158203e-01
8.757885694503784180e-01
-2.575668811798095703e+00
2.194845676422119141e+00
1.320658922195434570e+00
-2.384095191955566406e+00
-2.095020934939384460e-02
7.170958995819091797e+00
-1.945715665817260742e+00
-5.160857677459716797e+00
-1.747795343399047852e+00
9.804508686065673828e-01
1.844582915306091309e+00
5.792119026184082031e+00
-3.287807941436767578e+00
3.927556872367858887e-01
6.281625628471374512e-01
1.418353676795959473e+00
-3.108254909515380859e+00
1.898975729942321777e+00
-1.858654975891113281e+00
-3.582222461700439453e-01
-4.466505050659179688e+00
6.096936702728271484e+00
-6.409734725952148438e+00
-7.571673393249511719e-01
7.165826797485351562e+00
-9.088249802589416504e-01
-2.506945133209228516e+00
-1.481146693229675293e+00
4.171552181243896484e+00
2.209564685821533203e+00
-1.246120572090148926e+00
-4.254747033119201660e-01
1.185021162033081055e+00
-2.459603548049926758e-02
3.382475137710571289e+00
-4.200716972351074219e+00
5.654435157775878906e-01
5.234982967376708984e+00
-1.624172687530517578e+00
-2.475335836410522461e+00
2.576284408569335938e+00
-1.012270450592041016e-01
1.662238121032714844e+00
-4.783111095428466797e+00
3.463371276855468750e+00
1.503713369369506836e+00
-2.023329734802246094e+00
1.722553491592407227e+00
-1.429686546325683594e+00
2.446793794631958008e+00
-3.342622220516204834e-01
-4.416483044624328613e-01
4.605074405670166016e+00
-6.855834722518920898e-01
7.143437862396240234e-02
-2.183702468872070312e+00
1.451495528221130371e+00
9.583146572113037109e-01
1.615205526351928711e+00
2.277952194213867188e+00
3.178437948226928711e+00
2.516473054885864258e+00
-4.915149688720703125e+00
8.300580024719238281e+00
-3.028049230575561523e+00
2.095505952835083008e+00
3.338636636734008789e+00
-5.922456979751586914e-01
-2.528793811798095703e-01
-2.403455972671508789e-01
-6.766428947448730469e-01
2.462105751037597656e+00
-9.534003734588623047e-01
3.293526768684387207e-01
-1.984458863735198975e-01
1.938129663467407227e-01
-3.808148860931396484e+00
7.286168932914733887e-01
-5.012713074684143066e-01
-1.298437356948852539e+00
1.128269672393798828e+00
-9.908847808837890625e-01
8.646944761276245117e-01
1.086662483215332031e+01
-6.212220788002014160e-01
-3.565911769866943359e+00
3.919775962829589844e+00
-8.609093427658081055e-01
3.335023880004882812e+00
2.751018285751342773e+00
-1.853127598762512207e+00
3.914058446884155273e+00
1.829398393630981445e+00
1.237745881080627441e+00
-8.334795236587524414e-01
-2.070999145507812500e+00
-6.305025815963745117e-01
-1.601441860198974609e+00
-2.491862535476684570e+00
-4.762073993682861328e+00
-4.894905686378479004e-01
-3.273612499237060547e+00
-1.976874113082885742e+00
9.031006693840026855e-01
-1.920719146728515625e+00
5.526220798492431641e-01
1.992313861846923828e+00
-2.713832855224609375e+00
3.417972087860107422e+00
4.110422134399414062e+00
2.778843402862548828e+00
2.762739896774291992e+00
-1.249759912490844727e+00
8.592456579208374023e-01
-1.441200822591781616e-01
1.804008841514587402e+00
-3.446757793426513672e-01
3.732124567031860352e+00
3.352979660034179688e+00
4.209210276603698730e-01
-2.154399871826171875e+00
-1.028127908706665039e+00
-3.911060333251953125e+00
6.235418915748596191e-01
1.222706079483032227e+00
1.582164645195007324e+00
6.704488992691040039e-01
9.530194997787475586e-01
1.317044258117675781e+00
-9.002233296632766724e-02
6.555709362030029297e+00
2.690732181072235107e-01
5.390255451202392578e+00
1.039245128631591797e-01
-3.299204349517822266e+00
4.999993324279785156e+00
4.250829815864562988e-01
2.713949084281921387e-01
-3.134095668792724609e-01
1.437784731388092041e-01
9.709321260452270508e-01
3.097694396972656250e+00
2.175702571868896484e+00
2.572738170623779297e+00
2.877924203872680664e+00
-4.060585498809814453e+00
-3.321079254150390625e+00
2.598639011383056641e+00
1.370841562747955322e-01
-3.043064594268798828e+00
-7.386889457702636719e-01
2.725458741188049316e-01
6.909508705139160156e-01
1.264691352844238281e-01
-1.535713434219360352e+00
-1.590352535247802734e+00
-3.094816684722900391e+00
-2.641677141189575195e+00
-5.456120491027832031e+00
-4.263097286224365234e+00
-1.568923950195312500e+00
-1.470613479614257812e+00
2.834142923355102539e+00
1.223168969154357910e+00
2.703358173370361328e+00
7.503415942192077637e-01
-5.602803230285644531e-01
4.618833065032958984e+00
3.188786983489990234e+00
1.285012483596801758e+00
2.890636205673217773e+00
1.395830512046813965e+00
2.991987705230712891e+00
5.149045467376708984e+00
-2.580749273300170898e+00
3.793638706207275391e+00
1.040919303894042969e+00
8.947964906692504883e-01
3.404426097869873047e+00
4.329589903354644775e-01
-6.256726384162902832e-02
2.027963161468505859e+00
2.908054351806640625e+00
1.433153629302978516e+00
-2.693515539169311523e+00
5.983501672744750977e-02
-2.182168006896972656e+00
-4.239727973937988281e+00
4.658648490905761719e+00
-4.541581869125366211e-01
-6.761077642440795898e-01
8.736118674278259277e-03
-2.709466457366943359e+00
6.675732612609863281e+00
-1.523712635040283203e+00
4.355799674987792969e+00
-1.199788093566894531e+00
6.567556858062744141e-01
-2.493476152420043945e+00
1.263571619987487793e+00
1.707714319229125977e+00
1.072607636451721191e-01
3.515567541122436523e+00
2.005887269973754883e+00
1.057924747467041016e+00
4.533760547637939453e-01
-3.283711433410644531e+00
6.804129123687744141e+00
-2.021777868270874023e+00
-6.139619946479797363e-01
3.287683010101318359e+00
1.344756722450256348e+00
-4.079994201660156250e+00
4.023429870605468750e+00
-3.255908191204071045e-01
1.850356817245483398e+00
-5.320190787315368652e-01
-4.302578926086425781e+00
3.186843633651733398e+00
1.650112271308898926e+00
3.583718299865722656e+00
-7.616705894470214844e-01
4.645198345184326172e+00
3.032757282257080078e+00
6.166878938674926758e-01
1.825992703437805176e+00
-3.900263786315917969e+00
8.524426221847534180e-01
3.913673877716064453e+00
3.540076732635498047e+00
-2.460640192031860352e+00
1.039101004600524902e+00
-1.068937778472900391e+00
-2.802633047103881836e-01
2.383176565170288086e+00
-2.541617870330810547e+00
1.810983419418334961e+00
1.144130468368530273e+00
-3.985187530517578125e+00
-2.170718669891357422e+00
5.071032047271728516e-01
3.199557781219482422e+00
-8.927953243255615234e-02
-5.873084068298339844e-01
1.923665881156921387e+00
-2.993688344955444336e+00
1.472068309783935547e+00
4.375555515289306641e+00
-1.290360689163208008e+00
-2.453244447708129883e+00
-1.263445019721984863e+00
9.354747533798217773e-01
-3.373179912567138672e+00
-1.621735215187072754e+00
1.426028013229370117e+00
-2.112245082855224609e+00
-1.715222358703613281e+00
-1.033349752426147461e+00
-2.132977247238159180e-01
5.014467716217041016e+00
1.842683315277099609e+00
1.412601113319396973e+00
-2.237558364868164062e-01
1.550133705139160156e+00
6.640233039855957031e+00
2.215550422668457031e+00
6.611416339874267578e+00
4.082317829132080078e+00
3.609970808029174805e+00
1.672036886215209961e+00
-3.545220375061035156e+00
2.722057819366455078e+00
-9.883372187614440918e-01
-1.709449291229248047e-02
3.132914543151855469e+00
2.541086196899414062e+00
7.837178111076354980e-01
3.154149532318115234e+00
6.663559913635253906e+00
3.154473543167114258e+00
2.789519309997558594e+00
1.005627810955047607e-01
-5.475803375244140625e+00
-2.297466993331909180e+00
-3.206574440002441406e+00
-9.195512533187866211e-02
-2.096251249313354492e+00
-1.121747493743896484e-02
1.206874966621398926e+00
-1.336148500442504883e+00
8.627930879592895508e-01
-3.557695150375366211e-01
1.456834673881530762e+00
-1.770802021026611328e+00
4.381568431854248047e+00
-1.831848382949829102e+00
4.544721126556396484e+00
6.063531398773193359e+00
-2.916273593902587891e+00
-2.044250965118408203e+00
-2.848497629165649414e-01
1.401142120361328125e+00
-1.103506803512573242e+00
1.811201095581054688e+00
1.732502698898315430e+00
-2.650816679000854492e+00
-1.361998677253723145e+00
-1.846984744071960449e+00
2.464095354080200195e+00
1.820425510406494141e+00
1.321344137191772461e+00
-3.252962827682495117e+00
1.482733011245727539e+00
5.558815002441406250e-01
1.530971288681030273e+00
3.507882833480834961e+00
6.836093068122863770e-01
-2.304664134979248047e+00
-7.133259773254394531e-01
4.832072257995605469e-01
-1.093135595321655273e+00
7.108752727508544922e-01
4.910703182220458984e+00
1.098004817962646484e+00
-7.159225344657897949e-01
1.092943549156188965e+00
-5.072970390319824219e-01
-1.602076053619384766e+00
-4.127686619758605957e-01
1.373326301574707031e+00
2.112572669982910156e+00
-2.733941078186035156e+00
-1.515707015991210938e+00
2.329041242599487305e+00
1.224396944046020508e+00
8.613548874855041504e-01
1.306650280952453613e+00
2.630931138992309570e+00
2.805631399154663086e+00
3.554272651672363281e-02
2.286764383316040039e+00
-1.282016158103942871e+00
2.598241329193115234e+00
-2.713612556457519531e+00
6.214178800582885742e-01
8.049505949020385742e-01
-4.910376071929931641e-01
-1.171464920043945312e+00
5.714423656463623047e-01
-1.676419675350189209e-01
-6.685064792633056641e+00
5.967944145202636719e+00
2.392873287200927734e+00
4.827692508697509766e-01
-2.337100267410278320e+00
3.915856599807739258e+00
-1.409396886825561523e+00
3.574925422668457031e+00
6.950217485427856445e-02
2.316064834594726562e-01
1.213339567184448242e+00
-4.690793156623840332e-02
2.780107021331787109e+00
-3.883628845214843750e+00
3.507898449897766113e-01
4.664232730865478516e+00
1.278544187545776367e+00
1.076111346483230591e-01
2.761250019073486328e+00
-3.731489181518554688e-02
6.721514463424682617e-01
8.263791799545288086e-01
5.696061253547668457e-01
-3.154626369476318359e+00
-1.202320814132690430e+00
2.359110116958618164e-01
7.555612564086914062e+00
2.579116344451904297e+00
-2.808376550674438477e-01
3.774368762969970703e-02
-5.326029062271118164e-01
-2.840677738189697266e+00
-6.955369114875793457e-01
3.668217420578002930e+00
5.788427352905273438e+00
1.496637105941772461e+00
-2.720632076263427734e+00
7.738695740699768066e-01
3.948075532913208008e+00
4.199411392211914062e+00
1.211904883384704590e+00
2.657248020172119141e+00
-1.732672095298767090e+00
4.564195156097412109e+00
2.685786247253417969e+00
-6.187601089477539062e-01
-5.447631835937500000e+00
-2.383776664733886719e+00
-6.186810016632080078e+00
-5.237091541290283203e+00
1.467846333980560303e-02
-1.001585364341735840e+00
-2.541756868362426758e+00
-5.023490905761718750e+00
-2.441972732543945312e+00
-4.019254684448242188e+00
-3.408350944519042969e+00
-5.769692420959472656e+00
-1.012467861175537109e+00
-5.129870176315307617e-01
-5.151752233505249023e-01
-1.701786279678344727e+00
-3.230466365814208984e+00
-5.112846374511718750e+00
-1.278868317604064941e+00
-4.355505466461181641e+00
-1.269230365753173828e+00
-4.147998332977294922e+00
1.739594459533691406e+00
1.262286782264709473e+00
-1.746791601181030273e+00
-1.086572408676147461e+00
2.339674949645996094e+00
-1.184429168701171875e+00
-1.955514311790466309e+00
-1.968979090452194214e-01
2.280053615570068359e+00
1.994033813476562500e+00
-2.614393711090087891e+00
-3.948674440383911133e+00
3.131385326385498047e+00
-1.406035184860229492e+00
-4.421488761901855469e+00
-2.408376693725585938e+00
-3.514556884765625000e+00
-3.856045484542846680e+00
-4.703939914703369141e+00
-3.778949737548828125e+00
1.309517621994018555e-01
-3.726632356643676758e+00
-1.694898128509521484e+00
-3.451058864593505859e-01
4.275591373443603516e+00
5.598721981048583984e+00
4.730594158172607422e+00
7.891316413879394531e+00
1.501648068428039551e+00
5.939685344696044922e+00
1.710825443267822266e+00
4.181892395019531250e+00
4.408352851867675781e+00
1.822122335433959961e+00
1.463289141654968262e+00
-2.602477669715881348e-01
2.091099023818969727e+00
4.378181457519531250e+00
3.706507921218872070e+00
2.957853555679321289e+00
2.943127155303955078e-01
-2.213140726089477539e+00
-3.738864183425903320e+00
1.431042909622192383e+00
-2.013663768768310547e+00
4.320681989192962646e-01
-3.577678203582763672e-01
-1.192428112030029297e+00
-2.531153440475463867e+00
-1.065502882003784180e+00
-1.013801693916320801e+00
-1.401768088340759277e+00
-2.699793338775634766e+00
-4.816761016845703125e-01
