-1.734107136726379395e-01
1.921884059906005859e+00
-2.737744331359863281e+00
-5.954073071479797363e-01
1.424053311347961426e-02
-2.292310714721679688e+00
-1.630487561225891113e+00
-4.346184253692626953e+00
-2.847179651260375977e+00
1.736789584159851074e+00
-4.101851463317871094e+00
-7.119064331054687500e-01
-3.207271814346313477e+00
-3.987366437911987305e+00
-1.719103455543518066e-01
-5.053633689880371094e+00
-1.054306983947753906e+00
-1.729724287986755371e+00
-2.578669786453247070e+00
-5.497083663940429688e+00
-8.699538230895996094e+00
-6.824366450309753418e-01
1.244918823242187500e+00
-2.488034963607788086e+00
-1.819611549377441406e+00
-2.908034086227416992e+00
-4.153243064880371094e+00
-1.203732609748840332e+00
-3.004005432128906250e+00
-3.662526309490203857e-01
-5.500887393951416016e+00
-9.258028268814086914e-01
-4.581867694854736328e+00
9.684422612190246582e-01
8.012880086898803711e-01
-4.199697971343994141e+00
-4.281597614288330078e+00
-4.268372058868408203e+00
2.443895816802978516e+00
-2.883987426757812500e+00
-7.601333856582641602e-01
-3.610451698303222656e+00
-2.060890674591064453e+00
-1.548032760620117188e+00
-2.602014064788818359e+00
-8.132782578468322754e-01
-2.895111322402954102e+00
-7.343232631683349609e-02
-7.225312590599060059e-01
-3.824387311935424805e+00
1.190063714981079102e+00
6.949173212051391602e-01
-1.804538369178771973e+00
-4.091324329376220703e+00
-9.589914083480834961e-01
-5.494180321693420410e-02
-5.011460185050964355e-01
-7.150273799896240234e+00
1.835095882415771484e-02
-2.908626556396484375e+00
1.778399586677551270e+00
-1.717779755592346191e+00
6.204682588577270508e-02
-6.524617075920104980e-01
-4.002050161361694336e-01
3.329827308654785156e+00
1.081020593643188477e+00
9.686231613159179688e-01
-2.813212573528289795e-01
-1.127230405807495117e+00
-2.424890518188476562e+00
-2.080530643463134766e+00
8.381450772285461426e-01
2.673576116561889648e+00
3.943641185760498047e+00
-1.644164919853210449e-01
1.927907705307006836e+00
2.631833076477050781e+00
1.888805508613586426e+00
9.994221925735473633e-01
-8.630398511886596680e-01
-2.922011375427246094e+00
-5.475363254547119141e+00
-1.274938941001892090e+00
6.406465768814086914e-01
-2.322160243988037109e+00
-4.129367828369140625e+00
-1.383028030395507812e+00
5.280370712280273438e+00
-3.929596841335296631e-01
-9.930965900421142578e-01
-2.958436727523803711e+00
-1.493643403053283691e+00
-1.540945768356323242e+00
-7.101752161979675293e-01
-3.512837886810302734e+00
-1.718100905418395996e+00
-5.139837741851806641e+00
-4.426253795623779297e+00
-2.181937217712402344e+00
-4.328635931015014648e-01
5.639590263366699219e+00
-3.695085048675537109e+00
-1.239704608917236328e+00
-3.804906368255615234e+00
-4.283893585205078125e+00
-2.107660770416259766e+00
4.283339500427246094e+00
2.406101465225219727e+00
3.639139890670776367e+00
-2.856881141662597656e+00
1.653435826301574707e+00
1.422382354736328125e+00
-2.084278821945190430e+00
-5.071115016937255859e+00
3.092418193817138672e+00
-4.507914066314697266e+00
2.971278667449951172e+00
-2.671486616134643555e+00
-6.906953454017639160e-01
-2.094146013259887695e-01
-1.092525482177734375e+00
-2.449021935462951660e-01
-2.446562290191650391e+00
-2.647046089172363281e+00
9.070324897766113281e-02
-1.244502305984497070e+00
-1.135445833206176758e+00
-1.751896858215332031e+00
-3.590032458305358887e-01
2.414592027664184570e+00
-2.236907958984375000e+00
2.643913030624389648e+00
-3.170415163040161133e+00
1.624699831008911133e-01
-3.240592956542968750e+00
-3.958162307739257812e+00
-1.400510311126708984e+00
-1.358810186386108398e+00
-4.426866054534912109e+00
-3.232373714447021484e+00
-1.964520096778869629e+00
-2.231105327606201172e+00
-2.999578475952148438e+00
1.065397977828979492e+00
-3.811796426773071289e+00
-6.872281551361083984e+00
-1.115716934204101562e+00
-1.291656851768493652e+00
-1.062775731086730957e+00
-2.259814739227294922e-01
-4.645474553108215332e-01
-3.693916320800781250e+00
-8.036978244781494141e-01
-3.587578773498535156e+00
-5.094279289245605469e+00
-1.154173851013183594e+00
5.564224720001220703e-01
1.012892723083496094e+00
2.228564262390136719e+00
-1.996502399444580078e+00
-3.569587707519531250e+00
-1.325307369232177734e+00
-7.586139440536499023e-01
-2.164541006088256836e+00
-1.331515192985534668e+00
-5.068570375442504883e-01
1.404657959938049316e+00
5.252052783966064453e+00
2.114653110504150391e+00
4.632104873657226562e+00
1.322016954421997070e+00
2.634702682495117188e+00
3.790578603744506836e+00
-2.621048688888549805e+00
-5.732465386390686035e-01
4.792143106460571289e-01
1.687678813934326172e+00
2.380783319473266602e+00
3.225417733192443848e-01
-2.183872222900390625e+00
1.095298171043395996e+00
2.492500692605972290e-01
7.911502718925476074e-01
-4.649680852890014648e-01
1.515071749687194824e+00
-1.659780263900756836e+00
-1.620775699615478516e+00
6.960295438766479492e-01
-9.195116162300109863e-01
-2.131509304046630859e+00
1.564091801643371582e+00
8.528100252151489258e-01
-1.462836027145385742e+00
-3.797669887542724609e+00
-6.323924660682678223e-02
-7.784283757209777832e-01
1.448254227638244629e+00
-2.033889770507812500e+00
1.822604656219482422e+00
-2.540686845779418945e+00
-3.214447498321533203e+00
-4.372131824493408203e-01
4.903046607971191406e+00
1.039261221885681152e-01
-2.299213409423828125e+00
6.759782433509826660e-01
7.964582443237304688e-01
3.330330252647399902e-01
1.349438667297363281e+00
-7.867932915687561035e-01
6.258140802383422852e-01
1.044493317604064941e+00
3.277024745941162109e+00
-1.153145432472229004e+00
1.981669187545776367e+00
6.537600755691528320e-01
-9.070777893066406250e-02
-3.326768279075622559e-01
-2.292126893997192383e+00
-1.619237303733825684e+00
-1.614416241645812988e-01
2.541214466094970703e+00
-1.032971739768981934e+00
4.754419326782226562e-01
-1.627873182296752930e+00
1.644127845764160156e+00
-2.854503631591796875e+00
3.912369608879089355e-01
-6.197502017021179199e-01
-9.210146069526672363e-01
-3.268118500709533691e-01
-1.555866241455078125e+00
-6.192775368690490723e-01
3.710649609565734863e-01
-1.441751360893249512e+00
9.224373102188110352e-01
2.620169520378112793e-01
1.683084011077880859e+00
-1.566244125366210938e+00
-6.025747656822204590e-01
-8.299871087074279785e-01
2.351434469223022461e+00
7.834178805351257324e-01
-2.731256961822509766e+00
-2.349050283432006836e+00
2.591697692871093750e+00
3.599672794342041016e+00
2.129026889801025391e+00
1.356425166130065918e+00
1.587180376052856445e+00
2.070212364196777344e+00
-2.090504646301269531e+00
2.755923867225646973e-01
-8.477619886398315430e-01
1.859745025634765625e+00
-1.204018354415893555e+00
2.068563938140869141e+00
1.578546524047851562e+00
-1.054637908935546875e+00
-1.908517956733703613e+00
-1.237780570983886719e+00
-3.125699996948242188e+00
-3.789602994918823242e+00
-1.858456611633300781e+00
-1.462754487991333008e+00
-2.483672142028808594e+00
2.203056812286376953e+00
-1.769410848617553711e+00
8.392441272735595703e-01
2.634938359260559082e-01
1.791886329650878906e+00
6.972171068191528320e-01
2.178433537483215332e-02
7.181609869003295898e-01
-3.806002438068389893e-01
-1.077243089675903320e+00
-1.680459976196289062e+00
-2.049124002456665039e+00
1.471088528633117676e+00
-1.139087557792663574e+00
-2.201467275619506836e+00
-1.173264503479003906e+00
8.647337555885314941e-01
-2.689733743667602539e+00
-2.226483345031738281e+00
-1.205166578292846680e+00
-5.627765655517578125e+00
-1.841948032379150391e+00
-3.527525424957275391e+00
-2.307707786560058594e+00
-9.065411686897277832e-01
1.171498537063598633e+00
3.640848398208618164e-01
-2.027447938919067383e+00
-6.953027844429016113e-01
1.789701700210571289e+00
-3.247100114822387695e+00
-2.334517955780029297e+00
-5.972839355468750000e+00
-1.122368335723876953e+00
1.705234289169311523e+00
-1.796800851821899414e+00
-2.197195529937744141e+00
-9.148570299148559570e-01
-1.835984110832214355e+00
-4.160508155822753906e+00
5.421202182769775391e-01
2.735641479492187500e+00
5.461588501930236816e-01
2.508457660675048828e+00
-2.509733438491821289e+00
-3.839881181716918945e+00
-1.790111780166625977e+00
-2.315084695816040039e+00
-3.252169132232666016e+00
-3.006021022796630859e+00
1.662298440933227539e+00
-9.759086370468139648e-01
3.413075447082519531e+00
-3.107243776321411133e-02
-1.048443317413330078e+00
-2.291430950164794922e+00
-1.074509739875793457e+00
-2.968791007995605469e+00
-1.499415636062622070e-01
-2.539189815521240234e+00
7.107470035552978516e-01
-9.948161244392395020e-01
1.367539167404174805e+00
-2.525806188583374023e+00
-1.184332728385925293e+00
-1.671684265136718750e+00
6.489554643630981445e-01
-2.900181293487548828e+00
-6.721943378448486328e+00
-3.498950004577636719e+00
-1.463990449905395508e+00
-2.845009803771972656e+00
4.419143199920654297e+00
3.233486652374267578e+00
1.923570632934570312e+00
2.234868288040161133e+00
-7.302851080894470215e-01
1.131171822547912598e+00
5.193864703178405762e-01
6.588090658187866211e-01
1.619254231452941895e+00
4.379163265228271484e+00
2.412480831146240234e+00
-2.328628301620483398e+00
1.043516516685485840e+00
-1.144686222076416016e+00
-9.540070891380310059e-01
5.353958129882812500e+00
9.358620643615722656e-02
-3.447970390319824219e+00
-7.684350013732910156e-01
1.225390434265136719e-01
-9.311245083808898926e-01
-3.683859586715698242e+00
-5.086085319519042969e+00
-4.779647827148437500e+00
-6.392807364463806152e-01
-5.090074062347412109e+00
-4.951665878295898438e+00
-5.410434246063232422e+00
-5.950428485870361328e+00
-5.162332057952880859e+00
-6.791312694549560547e+00
-4.423777103424072266e+00
-2.798162460327148438e+00
-1.867892503738403320e+00
-3.446728467941284180e+00
-2.534343481063842773e+00
-6.313653469085693359e+00
-4.583924770355224609e+00
-2.948439598083496094e+00
-5.206961154937744141e+00
-5.685192584991455078e+00
-1.479940891265869141e+00
-1.864754915237426758e+00
-2.836529016494750977e+00
-2.124879360198974609e+00
-3.039055347442626953e+00
4.080555438995361328e+00
4.329465866088867188e+00
-1.636820912361145020e+00
-3.720207929611206055e+00
-9.614325165748596191e-01
1.210592031478881836e+00
5.201861858367919922e-01
2.255002498626708984e+00
3.517170190811157227e+00
7.783334255218505859e-01
7.437196373939514160e-01
4.427987575531005859e+00
2.229340076446533203e+00
1.457688212394714355e-02
1.930753707885742188e+00
-3.877000093460083008e+00
-1.566615104675292969e+00
1.673529982566833496e+00
-2.058032751083374023e-01
-2.798378467559814453e-02
3.177190303802490234e+00
-1.511882066726684570e+00
2.791203498840332031e+00
1.543479323387145996e+00
4.554760456085205078e+00
4.547879219055175781e+00
-3.154998421669006348e-01
8.276462554931640625e-03
-6.327346563339233398e-01
-1.353490948677062988e-01
-1.723377704620361328e-01
2.355129420757293701e-01
6.010029315948486328e+00
2.277374267578125000e+00
5.405403614044189453e+00
5.082097053527832031e-01
-1.491863727569580078e-01
-2.022924900054931641e+00
-2.127753019332885742e+00
2.725053548812866211e+00
5.688780784606933594e+00
1.621344685554504395e-01
1.652845501899719238e+00
7.037681937217712402e-01
4.035991668701171875e+00
9.334875345230102539e-01
-3.932102322578430176e-01
1.421980500221252441e+00
7.071587085723876953e+00
2.820777893066406250e+00
6.853270053863525391e+00
1.275332450866699219e+00
1.944773674011230469e+00
-2.364371776580810547e+00
-9.151399135589599609e-02
-6.638866662979125977e-01
1.310526609420776367e+00
1.484502553939819336e+00
2.268060445785522461e+00
2.039880514144897461e+00
1.846162557601928711e+00
1.870108604431152344e+00
5.357336997985839844e+00
5.168991088867187500e-01
2.875525474548339844e+00
2.923717737197875977e+00
1.468544721603393555e+00
8.802995681762695312e-01
-6.226645112037658691e-01
-3.985029697418212891e+00
-2.086863040924072266e+00
-3.861353993415832520e-01
3.484410047531127930e-01
2.049590349197387695e-01
-1.097116231918334961e+00
3.391625881195068359e+00
-5.118920326232910156e+00
3.881631135940551758e+00
2.913315296173095703e+00
-4.324234724044799805e-01
-4.802876114845275879e-01
-3.150628089904785156e+00
-4.973951816558837891e+00
-1.216654777526855469e+00
-2.758743762969970703e+00
3.124987602233886719e+00
-4.617056250572204590e-01
1.340566039085388184e+00
-1.956265807151794434e+00
3.348838806152343750e+00
2.730083703994750977e+00
9.312051534652709961e-01
-3.222122430801391602e+00
1.050194501876831055e+00
-4.489252090454101562e+00
1.242729067802429199e+00
1.423440933227539062e+00
-1.022524476051330566e+00
3.497647762298583984e+00
9.301102161407470703e-01
-1.612674832344055176e+00
1.304336786270141602e+00
2.269336223602294922e+00
-1.471950411796569824e-01
2.480902671813964844e+00
-8.695127964019775391e-01
-2.246012687683105469e-01
-4.417944431304931641e+00
-1.693852096796035767e-01
1.607464551925659180e+00
-2.434972375631332397e-01
2.178970426321029663e-01
7.012735605239868164e-01
3.476558685302734375e+00
-2.362211465835571289e+00
3.171023130416870117e+00
2.468070983886718750e+00
2.590621471405029297e+00
-3.891938924789428711e-01
2.871072292327880859e+00
-1.985114097595214844e+00
3.824377059936523438e-01
-3.160791158676147461e+00
-2.373374462127685547e+00
7.874242067337036133e-01
3.197852611541748047e+00
-9.829117059707641602e-01
-5.513055801391601562e+00
1.629436016082763672e+00
2.072778701782226562e+00
1.519744634628295898e+00
-6.146790087223052979e-02
2.042771339416503906e+00
4.224453926086425781e+00
8.975231647491455078e-01
2.752458095550537109e+00
-2.581567764282226562e+00
2.988219022750854492e+00
-1.673126459121704102e+00
-5.557093620300292969e+00
-1.418673992156982422e+00
-1.044498801231384277e+00
-1.831427454948425293e+00
-2.921655178070068359e-01
2.593387842178344727e+00
3.461792707443237305e+00
-1.210093975067138672e+00
1.305497646331787109e+00
1.731189131736755371e+00
-5.194653987884521484e+00
-7.093257427215576172e+00
1.017831802368164062e+00
5.418526649475097656e+00
1.083148360252380371e+00
1.464351177215576172e+00
2.270198345184326172e+00
-8.214422464370727539e-01
2.757976055145263672e+00
-6.125341653823852539e-01
-3.564149379730224609e+00
3.582985639572143555e+00
-3.374782502651214600e-01
1.732866764068603516e-01
-2.568060874938964844e+00
5.515442371368408203e+00
-8.148327827453613281e+00
-1.613185882568359375e+00
2.117129564285278320e+00
6.697521805763244629e-01
3.950770497322082520e-01
4.541338682174682617e-01
1.824409842491149902e+00
4.580094814300537109e+00
1.481656551361083984e+00
-8.640509247779846191e-01
2.701385736465454102e+00
-1.003484487533569336e+00
5.233790397644042969e+00
-2.129703521728515625e+00
-3.766876697540283203e+00
3.400263547897338867e+00
1.188131570816040039e+00
-3.960448026657104492e+00
2.304064989089965820e+00
2.191255539655685425e-01
2.170782089233398438e+00
-3.096439599990844727e+00
3.965524137020111084e-01
4.325597286224365234e-01
1.345581650733947754e+00
-2.446385174989700317e-01
-1.860825061798095703e+00
-1.246712207794189453e+00
-7.552881240844726562e-01
4.324338734149932861e-01
-7.059105634689331055e-01
5.020943880081176758e-01
-4.705486297607421875e+00
-2.872304677963256836e+00
3.559310436248779297e+00
3.857932806015014648e+00
-9.868004322052001953e-01
6.037563681602478027e-01
1.090134143829345703e+00
2.363687992095947266e+00
-2.638869524002075195e+00
1.134925961494445801e+00
-3.620913505554199219e+00
2.932781577110290527e-01
-5.937439799308776855e-01
-8.597555756568908691e-01
1.968411803245544434e+00
-3.533941745758056641e+00
1.536926746368408203e+00
6.301584839820861816e-01
7.900170087814331055e-01
5.552149415016174316e-01
1.815244674682617188e+00
2.589561939239501953e-01
-2.847115993499755859e+00
-2.299819707870483398e+00
-3.853711843490600586e+00
-1.032463550567626953e+00
5.756877660751342773e-01
-1.552699565887451172e+00
5.650625228881835938e+00
7.913302898406982422e+00
3.894463777542114258e-01
-2.598834037780761719e+00
-1.817754507064819336e-01
-1.893221437931060791e-01
4.310442447662353516e+00
4.696776390075683594e+00
-6.701530218124389648e-01
3.172927141189575195e+00
2.372037410736083984e+00
-2.695623874664306641e+00
-2.233897447586059570e+00
1.452944636344909668e+00
-1.837584733963012695e+00
1.635023474693298340e+00
-3.267017126083374023e+00
-3.976395606994628906e+00
3.180154800415039062e+00
-3.154013156890869141e+00
-1.939235687255859375e+00
-2.889564037322998047e-01
-4.391487836837768555e-01
6.590157151222229004e-01
-7.885956168174743652e-01
-1.351881980895996094e+00
-8.625308275222778320e-01
3.438786983489990234e+00
4.635874748229980469e+00
5.594379901885986328e+00
-3.796923637390136719e+00
3.817751407623291016e+00
-4.231825470924377441e-01
5.254145860671997070e-01
3.151590824127197266e+00
5.185974597930908203e+00
3.195359706878662109e+00
2.782925605773925781e+00
-3.143535137176513672e+00
1.670663952827453613e-01
-1.076427817344665527e+00
1.153473138809204102e+00
7.746216654777526855e-01
-5.647576451301574707e-01
-7.528027296066284180e-01
3.102215766906738281e+00
-8.181704878807067871e-01
-5.101233720779418945e-02
3.479531288146972656e+00
-1.853071212768554688e+00
5.466660022735595703e+00
-3.519976377487182617e+00
6.065154075622558594e-02
2.147994518280029297e+00
2.736453533172607422e+00
-1.827017545700073242e+00
-3.835848808288574219e+00
-1.080004692077636719e+00
1.904469370841979980e+00
1.464729785919189453e+00
-1.015126228332519531e+00
3.602542400360107422e+00
1.587668299674987793e+00
-4.167208671569824219e+00
-2.600057363510131836e+00
5.460757613182067871e-01
-1.272491455078125000e+00
-5.064743757247924805e-01
2.673057556152343750e+00
-2.119028568267822266e-01
2.079879999160766602e+00
-3.247669935226440430e-01
-1.856853961944580078e+00
1.950724720954895020e-01
-1.940681815147399902e+00
-1.821489334106445312e+00
-3.172705888748168945e+00
-8.869622349739074707e-01
1.053321599960327148e+00
-1.547785401344299316e-01
7.738759517669677734e-01
2.290885686874389648e+00
1.140330791473388672e+00
4.254479885101318359e+00
1.458469629287719727e+00
3.269608974456787109e+00
1.929185628890991211e+00
4.287150859832763672e+00
3.119232654571533203e+00
4.404503822326660156e+00
1.234099507331848145e+00
7.945758819580078125e+00
3.544160842895507812e+00
1.068264842033386230e+00
5.011701583862304688e+00
1.230934143066406250e+00
1.023412227630615234e+00
2.232817411422729492e+00
-1.177773237228393555e+00
3.236951828002929688e+00
9.780381619930267334e-02
-5.748010873794555664e-01
1.906204342842102051e+00
7.762897610664367676e-01
8.453390598297119141e-01
-3.863290548324584961e+00
8.050393104553222656e+00
-1.000484824180603027e+00
1.828033566474914551e+00
1.100402101874351501e-01
-2.322072386741638184e-01
2.591953992843627930e+00
-1.419215202331542969e-01
5.499641418457031250e+00
9.017630815505981445e-01
-2.157066106796264648e+00
-6.458404064178466797e+00
6.101985454559326172e+00
2.548402786254882812e+00
1.107253074645996094e+00
2.147773981094360352e+00
3.754022598266601562e+00
-1.585282087326049805e+00
7.045595169067382812e+00
-1.028259515762329102e+00
4.046956062316894531e+00
-4.445701122283935547e+00
-1.428733587265014648e+00
3.773502826690673828e+00
-5.314160585403442383e-01
-1.799763679504394531e+00
-2.132702589035034180e+00
-2.663837909698486328e+00
9.773570895195007324e-01
-2.833096086978912354e-01
2.482820272445678711e+00
2.731725215911865234e+00
2.400312900543212891e+00
3.355423212051391602e-01
2.119908034801483154e-01
7.460865974426269531e-01
-6.675436496734619141e-01
3.205648422241210938e+00
1.671633958816528320e+00
-2.805476665496826172e+00
2.923367261886596680e+00
-6.942641735076904297e-01
1.218566298484802246e+00
4.315601289272308350e-01
2.621169328689575195e+00
-1.091110706329345703e+00
2.299647331237792969e+00
7.266387939453125000e-01
-2.705928802490234375e+00
1.154011487960815430e-02
1.881912499666213989e-01
-6.927100181579589844e+00
2.903789281845092773e+00
1.406895518302917480e+00
5.887500762939453125e+00
3.411743044853210449e-01
2.369132637977600098e-02
4.263602256774902344e+00
-5.125647068023681641e+00
2.893595695495605469e+00
1.257439017295837402e+00
1.471648693084716797e+00
-3.278206110000610352e+00
-7.635264396667480469e-01
6.502104997634887695e-01
-2.847194671630859375e-02
2.943608045578002930e+00
-6.358858346939086914e-01
3.322718143463134766e-01
1.935438513755798340e+00
-6.222997903823852539e-01
-3.521006107330322266e+00
-9.232273101806640625e-01
-3.116718053817749023e+00
2.296998500823974609e+00
-1.280624389648437500e+00
2.374159097671508789e+00
4.444837093353271484e+00
3.707338571548461914e+00
3.663999080657958984e+00
7.751609325408935547e+00
6.359226226806640625e+00
1.466036558151245117e+00
-3.257468938827514648e+00
1.363121509552001953e+00
-4.941175460815429688e+00
3.226178646087646484e+00
4.795441627502441406e+00
1.990148782730102539e+00
-3.160136938095092773e+00
1.066186785697937012e+00
3.658770084381103516e+00
1.663319826126098633e+00
2.470705986022949219e+00
-1.139745473861694336e+00
-1.976463198661804199e+00
-6.165847182273864746e-02
2.670390605926513672e+00
-2.402532100677490234e-01
1.789020776748657227e+00
1.827930450439453125e+00
-6.389715671539306641e-01
1.915162801742553711e-02
3.100539684295654297e+00
1.425313472747802734e+00
-1.778129339218139648e-01
-1.399248600006103516e+00
3.875771522521972656e+00
-6.566882133483886719e-03
1.843968629837036133e+00
8.351694345474243164e-01
1.759038805961608887e+00
-4.652787208557128906e+00
2.065278053283691406e+00
-4.745006561279296875e-03
-1.203667163848876953e+00
-1.460775017738342285e+00
3.233857154846191406e-01
1.215809583663940430e+00
1.399338960647583008e+00
-3.542472362518310547e+00
1.828097939491271973e+00
3.952208518981933594e+00
1.412134170532226562e+00
-1.218214750289916992e+00
4.163102626800537109e+00
4.135569095611572266e+00
3.645164966583251953e+00
1.746177911758422852e+00
9.086476564407348633e-01
-2.274014472961425781e+00
-3.163458108901977539e-01
-1.749895095825195312e+00
-4.293527603149414062e+00
-2.835079908370971680e+00
1.073566794395446777e+00
3.055529594421386719e+00
-6.830920577049255371e-01
4.833052307367324829e-02
2.879828929901123047e+00
2.236396074295043945e-02
-4.616481065750122070e-01
7.947744727134704590e-01
-2.815620422363281250e+00
-6.281086206436157227e-01
-3.163471460342407227e+00
1.052852272987365723e+00
5.824861526489257812e+00
2.292077064514160156e+00
8.626389503479003906e-01
-2.075232267379760742e-01
-1.110617518424987793e+00
4.253727197647094727e-01
9.982368946075439453e-01
1.408103704452514648e+00
-1.472415566444396973e+00
-1.202522635459899902e+00
4.993504524230957031e+00
1.892422318458557129e+00
-2.861320734024047852e+00
1.575946927070617676e+00
2.815898895263671875e+00
-1.607423901557922363e+00
-3.353312253952026367e+00
3.443685293197631836e+00
3.528771162033081055e+00
-1.480772972106933594e+00
7.608634829521179199e-01
2.398690938949584961e+00
2.953252792358398438e-01
-2.881472110748291016e-01
-2.400453090667724609e-01
-7.648987174034118652e-01
5.638155937194824219e-01
8.465211391448974609e-01
4.608197689056396484e+00
-5.207024097442626953e+00
5.136770248413085938e+00
2.394906282424926758e-01
1.143800735473632812e+00
1.359232425689697266e+00
-1.337418317794799805e+00
-5.910320281982421875e-01
2.003685474395751953e+00
5.800700783729553223e-01
5.414743900299072266e+00
-4.839046478271484375e+00
5.336852073669433594e+00
7.270087003707885742e-01
4.271747589111328125e+00
3.811282157897949219e+00
-2.492851018905639648e+00
8.181108236312866211e-01
1.077768087387084961e+00
-4.331311702728271484e+00
2.450916290283203125e+00
3.065661430358886719e+00
6.314406394958496094e+00
6.672932147979736328e+00
-4.142057895660400391e-02
1.371851205825805664e+00
3.690511703491210938e+00
3.034549951553344727e-02
5.489068031311035156e-01
2.986659526824951172e+00
9.925855398178100586e-01
1.784899473190307617e+00
3.663157820701599121e-01
-8.347223997116088867e-01
-4.228922367095947266e+00
1.275902271270751953e+00
-6.643880844116210938e+00
-4.276674270629882812e+00
-3.534964561462402344e+00
3.748670816421508789e-01
-1.700090646743774414e+00
-5.231792449951171875e+00
-1.137802362442016602e+00
-5.044846534729003906e+00
-3.121803760528564453e+00
-5.894808769226074219e+00
-3.672533512115478516e+00
-2.775908946990966797e+00
-3.185304641723632812e+00
-2.993882894515991211e+00
-2.554114580154418945e+00
-6.391075134277343750e+00
-3.742184400558471680e+00
-2.877573013305664062e+00
-2.993242502212524414e+00
-4.048874855041503906e+00
2.304953336715698242e+00
1.122425675392150879e+00
-1.143591403961181641e-01
-2.823385238647460938e+00
1.209284067153930664e+00
-5.326265692710876465e-01
-2.769865036010742188e+00
-2.845638990402221680e+00
-7.422562241554260254e-01
-3.964944124221801758e+00
-5.049389839172363281e+00
-3.572036504745483398e+00
2.240315437316894531e+00
1.751877069473266602e+00
-3.703966140747070312e+00
-4.409516811370849609e+00
-4.444632530212402344e+00
-4.494010448455810547e+00
-6.609668731689453125e+00
-4.533856868743896484e+00
1.389254450798034668e+00
-3.836702585220336914e+00
1.063022017478942871e-02
-2.553826570510864258e+00
5.493003845214843750e+00
5.753542423248291016e+00
2.732587337493896484e+00
7.253623962402343750e+00
4.805659770965576172e+00
6.062650203704833984e+00
3.987905502319335938e+00
5.172721385955810547e+00
8.074337005615234375e+00
3.678584575653076172e+00
2.102622270584106445e+00
1.141891121864318848e+00
5.728138685226440430e-01
7.032227039337158203e+00
5.178557872772216797e+00
3.059881687164306641e+00
-2.763584136962890625e+00
-1.197457790374755859e+00
-4.969237327575683594e+00
1.319932937622070312e+00
-5.754971504211425781e+00
2.400871276855468750e+00
2.008389830589294434e-01
-3.588334083557128906e+00
4.869705438613891602e-01
-1.130553722381591797e+00
-2.456120491027832031e+00
-4.269281864166259766e+00
1.598109006881713867e+00
4.455859065055847168e-01
