-2.241970062255859375e+00
-1.328402400016784668e+00
-1.029761195182800293e+00
-3.729602336883544922e+00
-2.267208337783813477e+00
-3.862472176551818848e-01
-1.579938173294067383e+00
4.982860088348388672e-01
-8.008587360382080078e-02
-3.503251075744628906e+00
-1.758965134620666504e+00
-1.099171161651611328e+00
-3.383498907089233398e+00
-6.107555627822875977e-01
2.700306773185729980e-01
-2.072951793670654297e+00
-5.300421237945556641e+00
2.277987480163574219e+00
-2.905179977416992188e+00
1.113392829895019531e+00
-3.995345115661621094e+00
-5.529198646545410156e+00
-6.355227947235107422e+00
3.458862304687500000e-01
3.046055793762207031e+00
-3.412333250045776367e+00
-3.577874660491943359e+00
-3.434410333633422852e+00
-1.175067543983459473e+00
-4.058435440063476562e+00
-3.324823617935180664e+00
1.093880653381347656e+00
-1.803496599197387695e+00
-2.763250112533569336e+00
9.845001697540283203e-01
-1.767776489257812500e+00
6.170156002044677734e-01
-2.725646972656250000e+00
-1.206583261489868164e+00
2.218867242336273193e-01
-2.286234140396118164e+00
-1.787679791450500488e+00
-1.617820024490356445e+00
-7.669615149497985840e-01
-3.261384487152099609e+00
-1.850144147872924805e+00
-1.224308729171752930e+00
2.016460657119750977e+00
-5.361621379852294922e+00
-7.532870292663574219e+00
-4.288989067077636719e+00
-6.802052259445190430e-01
-1.039858222007751465e+00
8.087336421012878418e-01
-1.800719857215881348e+00
-1.498204827308654785e+00
-3.430275321006774902e-01
-3.058486700057983398e+00
-1.628498315811157227e+00
-1.424406647682189941e+00
-1.136301517486572266e+00
-4.078483104705810547e+00
-1.965450286865234375e+00
-2.610572338104248047e+00
-1.745476484298706055e+00
-2.476991176605224609e+00
-5.476286411285400391e-01
-3.947407484054565430e+00
-3.663734674453735352e+00
5.107752084732055664e-01
-3.489792585372924805e+00
-4.760153293609619141e+00
-2.200276851654052734e+00
-1.408924102783203125e+00
-5.682705044746398926e-01
-2.308948278427124023e+00
-2.639242887496948242e+00
-1.795188546180725098e+00
-5.238930702209472656e+00
-2.795588254928588867e+00
-2.394611358642578125e+00
-3.333445549011230469e+00
-1.449162364006042480e+00
-2.556234121322631836e+00
-3.838580131530761719e+00
-2.463412284851074219e+00
-3.240024805068969727e+00
1.960605144500732422e+00
5.732529640197753906e+00
2.290503263473510742e+00
-1.199494123458862305e+00
-6.629240989685058594e+00
-1.786917448043823242e+00
-2.504864454269409180e+00
-1.356375455856323242e+00
-5.007370948791503906e+00
-6.132606863975524902e-01
-9.597462415695190430e-01
-3.345137596130371094e+00
-4.910931587219238281e+00
-5.098733901977539062e+00
-6.363719940185546875e+00
-4.357062339782714844e+00
-2.794357538223266602e+00
1.262635827064514160e+00
2.054246664047241211e+00
-3.228889465332031250e+00
2.520732641220092773e+00
3.402553200721740723e-01
4.812218546867370605e-01
-1.606223344802856445e+00
-1.752909541130065918e+00
3.065743207931518555e+00
2.236568212509155273e+00
-3.440360069274902344e+00
5.336513519287109375e-01
-4.383982419967651367e-01
4.639574527740478516e+00
-2.722695469856262207e-01
-8.215793967247009277e-01
-3.272621154785156250e+00
-2.317018747329711914e+00
-1.101367592811584473e+00
-2.168732643127441406e+00
4.555367231369018555e-01
1.024442195892333984e+00
1.126361250877380371e+00
-1.614452362060546875e+00
-4.267899990081787109e+00
-2.325065135955810547e-01
-1.910213589668273926e+00
-7.204455137252807617e-01
1.613846540451049805e+00
-3.104818105697631836e+00
-1.770067691802978516e+00
-5.605017662048339844e+00
-3.719329357147216797e+00
-5.120428562164306641e+00
-2.125246047973632812e+00
-2.947136163711547852e+00
1.763080596923828125e+00
-5.585252046585083008e-01
-3.545608758926391602e+00
-3.020748615264892578e+00
1.855221271514892578e+00
-2.312806844711303711e+00
-4.576828479766845703e+00
-6.211362361907958984e+00
-6.887139797210693359e+00
-1.544990897178649902e+00
-6.995031833648681641e+00
5.756046772003173828e+00
2.280198574066162109e+00
4.613463401794433594e+00
8.009874343872070312e+00
5.104204177856445312e+00
3.184479951858520508e+00
2.538787841796875000e+00
3.805940389633178711e+00
-3.420162677764892578e+00
-3.264626741409301758e+00
2.787058353424072266e+00
3.844941139221191406e+00
-8.566116541624069214e-02
1.458481788635253906e+00
2.141294628381729126e-01
-4.065904021263122559e-01
-2.810842037200927734e+00
2.266807794570922852e+00
-2.597291707992553711e+00
-1.243124127388000488e+00
-1.423127412796020508e+00
-3.019636154174804688e+00
-2.337573051452636719e+00
2.695602893829345703e+00
-1.083803892135620117e+00
-1.698456525802612305e+00
-3.977116823196411133e+00
-1.734106302261352539e+00
-2.839521884918212891e+00
-3.080699920654296875e+00
-1.262682795524597168e+00
1.384747624397277832e+00
9.268726706504821777e-01
-1.106379389762878418e+00
3.429452419281005859e+00
9.702714085578918457e-01
3.344313621520996094e+00
-2.731358408927917480e-01
-1.084634423255920410e+00
7.247868180274963379e-01
-3.235899686813354492e+00
3.087638139724731445e+00
2.373579978942871094e+00
-6.663849353790283203e-01
2.429360151290893555e+00
1.491287231445312500e+00
-1.650907516479492188e+00
-5.304046273231506348e-01
-5.373693108558654785e-01
3.928964853286743164e+00
3.995752334594726562e+00
1.952430129051208496e+00
3.198503732681274414e+00
6.447708129882812500e+00
-1.447491645812988281e+00
-2.515071868896484375e+00
3.236526966094970703e+00
4.092665195465087891e+00
-8.063876032829284668e-01
-5.697739124298095703e-01
3.348760604858398438e-01
1.033294081687927246e+00
-4.198708057403564453e+00
-8.832797408103942871e-01
1.938334465026855469e+00
4.194544792175292969e+00
1.987181663513183594e+00
-2.406910061836242676e-01
4.023843288421630859e+00
1.266509294509887695e-03
5.048328638076782227e-02
4.404753208160400391e+00
4.095779895782470703e+00
-4.280773162841796875e+00
-4.178999423980712891e+00
-1.885118782520294189e-01
1.551190733909606934e+00
2.645814657211303711e+00
3.383331775665283203e+00
1.726177453994750977e+00
4.745049178600311279e-01
2.082516908645629883e+00
8.382944464683532715e-01
1.558822393417358398e+00
-1.528567433357238770e+00
-4.815779209136962891e+00
3.466125249862670898e+00
2.449025392532348633e+00
3.469556570053100586e-01
5.475881695747375488e-02
3.024216651916503906e+00
6.830096244812011719e-01
1.738849163055419922e+00
3.594087839126586914e+00
4.385039806365966797e+00
-2.721659421920776367e+00
3.138120651245117188e+00
1.630818128585815430e+00
5.306538581848144531e+00
2.525122165679931641e+00
9.587575197219848633e-01
1.423247337341308594e+00
1.585432529449462891e+00
1.049146175384521484e+01
-1.431159377098083496e+00
8.778990507125854492e-01
4.367465496063232422e+00
1.966162919998168945e+00
3.926391124725341797e+00
5.422915935516357422e+00
2.192674398422241211e+00
2.854008436203002930e+00
4.282669544219970703e+00
4.920014381408691406e+00
5.244536876678466797e+00
2.711968898773193359e+00
-1.084052324295043945e+00
-3.793566703796386719e+00
-2.195183515548706055e+00
-1.525886058807373047e+00
-5.054572582244873047e+00
-1.233410358428955078e+00
-1.410088241100311279e-01
-4.498405456542968750e+00
-4.721493721008300781e+00
-5.086729526519775391e+00
-1.791843891143798828e+00
-6.254792690277099609e+00
-7.152512073516845703e-01
-1.142057180404663086e+00
4.175046920776367188e+00
5.442129135131835938e+00
2.250750064849853516e+00
2.148174762725830078e+00
2.000858306884765625e+00
-2.495053291320800781e+00
3.953961372375488281e+00
-2.447108745574951172e+00
-2.155263423919677734e+00
6.658622026443481445e-01
-5.034312248229980469e+00
6.371865272521972656e+00
-4.262481689453125000e+00
-3.405098438262939453e+00
-2.979196548461914062e+00
-1.038348436355590820e+00
-3.553737640380859375e+00
-6.812541961669921875e+00
-4.020093441009521484e+00
-9.470217823982238770e-01
-2.572846889495849609e+00
-3.394111156463623047e+00
-4.418374061584472656e+00
-2.232536554336547852e+00
-2.231663465499877930e+00
-4.926212310791015625e+00
-1.858659863471984863e+00
-7.372351884841918945e-01
2.416867494583129883e+00
-1.758549571037292480e+00
-3.872839450836181641e+00
-4.239658117294311523e-01
5.469089150428771973e-01
3.352565169334411621e-01
-2.086982131004333496e-02
-2.752963781356811523e+00
-2.062564134597778320e+00
-2.493042469024658203e+00
-2.015343189239501953e+00
-2.182053327560424805e+00
-2.063593149185180664e+00
-2.322846889495849609e+00
7.532116174697875977e-01
-7.902787923812866211e-01
-9.442389607429504395e-01
-3.083610534667968750e-02
-1.766537070274353027e+00
1.319702744483947754e+00
-9.606729149818420410e-01
1.343253135681152344e+00
-1.161981582641601562e+00
1.689721703529357910e+00
3.342864274978637695e+00
-2.582708597183227539e+00
-4.276000499725341797e+00
-5.514742374420166016e+00
-4.860521316528320312e+00
3.571605443954467773e+00
-2.322845220565795898e+00
1.507607936859130859e+00
-5.708333969116210938e+00
-7.080196380615234375e+00
-2.015168190002441406e+00
-4.140051841735839844e+00
-3.798986434936523438e+00
-5.391486644744873047e+00
-5.591136455535888672e+00
-2.406636476516723633e+00
-7.136672019958496094e+00
-6.180531024932861328e+00
-7.370202064514160156e+00
-5.403901100158691406e+00
-4.809343814849853516e+00
-1.766286611557006836e+00
-2.457623720169067383e+00
-1.638271331787109375e+00
-3.845683574676513672e+00
9.230255484580993652e-01
-1.467611074447631836e+00
-3.494435787200927734e+00
8.886035084724426270e-01
-2.758536338806152344e+00
-1.760421872138977051e+00
-2.752592861652374268e-01
5.313499569892883301e-01
-2.456881523132324219e+00
-4.408181667327880859e+00
-1.624194383621215820e+00
-2.531101703643798828e+00
-1.937623500823974609e+00
-1.979144096374511719e+00
-5.119470119476318359e+00
-4.781304359436035156e+00
-3.463660955429077148e+00
-2.511676073074340820e+00
-7.016336917877197266e-01
1.635850548744201660e+00
3.596270084381103516e-01
-8.202584981918334961e-01
-1.904486060142517090e+00
-3.139605998992919922e+00
-8.710687160491943359e-01
2.629444122314453125e+00
1.505708694458007812e-01
-5.844552993774414062e+00
-7.204361915588378906e+00
-2.008000850677490234e+00
-1.099220752716064453e+00
-1.154708862304687500e+00
-3.595948219299316406e+00
-2.003643035888671875e+00
2.420110225677490234e+00
1.838671445846557617e+00
-3.499020338058471680e+00
-7.226771354675292969e+00
-5.679748058319091797e-01
1.826711893081665039e-01
1.903642654418945312e+00
-2.794718742370605469e-02
-5.434396266937255859e-01
-2.517571210861206055e+00
2.557121515274047852e+00
-5.545847415924072266e+00
-4.400663852691650391e+00
1.165112257003784180e+00
9.271618127822875977e-01
-2.357536077499389648e+00
-4.132516860961914062e+00
6.639648675918579102e-01
-1.946724176406860352e+00
1.405253171920776367e+00
2.953166961669921875e+00
-2.401667356491088867e+00
6.651820182800292969e+00
3.234110593795776367e+00
-2.185284376144409180e+00
5.875360012054443359e+00
3.170141220092773438e+00
3.152204751968383789e-01
-2.156981468200683594e+00
-2.605561733245849609e+00
-2.909427404403686523e+00
-2.750731706619262695e+00
8.729308247566223145e-01
-3.116288661956787109e+00
2.185460567474365234e+00
-2.571809768676757812e+00
-7.441006898880004883e-01
1.246963500976562500e+00
-2.949699386954307556e-02
7.143945693969726562e+00
1.733726263046264648e-02
2.650108337402343750e-01
8.842948913574218750e+00
9.813014268875122070e-01
1.821666061878204346e-01
-1.261287569999694824e+00
-4.764106750488281250e+00
1.897532224655151367e+00
8.011979460716247559e-01
1.784056425094604492e+00
-2.866339921951293945e+00
6.588615417480468750e+00
-2.951683044433593750e+00
1.954478979110717773e+00
-7.780456542968750000e-02
3.022836446762084961e+00
7.642092704772949219e-01
-4.403922080993652344e+00
1.294495105743408203e+00
3.871759891510009766e+00
8.684734344482421875e+00
-6.980596184730529785e-01
-1.526429176330566406e+00
2.681146860122680664e+00
-8.136013150215148926e-01
2.103012323379516602e+00
1.929882764816284180e+00
2.622490882873535156e+00
-4.045692920684814453e+00
1.933526992797851562e+00
2.824024677276611328e+00
3.804189682006835938e+00
7.182441711425781250e+00
-3.402465820312500000e+00
-4.872329711914062500e+00
-2.736181020736694336e-02
-2.542650222778320312e+00
2.448714256286621094e+00
3.717507839202880859e+00
-1.226684689521789551e+00
-3.541080474853515625e+00
1.185061693191528320e+00
5.984377384185791016e+00
-1.022800683975219727e+00
7.975875139236450195e-01
-1.031824469566345215e+00
2.541619300842285156e+00
-9.259914159774780273e-01
3.181421756744384766e-02
1.023995876312255859e-01
3.202723741531372070e+00
-8.478689193725585938e-01
-2.836385488510131836e+00
4.676123619079589844e+00
-9.050546884536743164e-01
2.713118553161621094e+00
1.545297622680664062e+00
2.324496746063232422e+00
5.080458521842956543e-01
-2.530637502670288086e+00
3.512165546417236328e+00
2.009044587612152100e-01
-1.616788983345031738e+00
2.120711058378219604e-01
6.566823482513427734e+00
6.886409521102905273e-01
1.717778921127319336e+00
3.143424987792968750e+00
-4.030344009399414062e+00
2.504635334014892578e+00
3.672171592712402344e+00
-4.089208602905273438e+00
4.131739616394042969e+00
9.636217951774597168e-01
6.440993309020996094e+00
1.307073593139648438e+00
1.677189111709594727e+00
-6.679445505142211914e-02
-2.619802236557006836e+00
3.281392157077789307e-01
-1.486287951469421387e+00
-1.307115316390991211e+00
3.094113111495971680e+00
9.154664278030395508e-01
6.262108802795410156e+00
-5.755773067474365234e+00
4.978746891021728516e+00
-5.260444283485412598e-01
4.443780422210693359e+00
6.122441291809082031e-01
-4.932722151279449463e-01
1.842811107635498047e+00
-1.456264138221740723e+00
-1.021272778511047363e+00
5.692635774612426758e-01
1.090125322341918945e+00
3.853371381759643555e+00
8.839140892028808594e+00
3.765656948089599609e-01
1.738644242286682129e+00
3.419833481311798096e-01
8.748968124389648438e+00
-1.659926772117614746e-01
4.487521052360534668e-01
-3.419843196868896484e+00
-2.345155000686645508e+00
-1.774570584297180176e+00
3.573864459991455078e+00
-4.137305259704589844e+00
2.124149322509765625e+00
2.020035743713378906e+00
1.467843294143676758e+00
-2.363646268844604492e+00
9.719349145889282227e-01
1.490135192871093750e-01
-2.066774129867553711e+00
-2.992285251617431641e+00
2.824894428253173828e+00
-4.238741874694824219e+00
-1.482485532760620117e-01
1.237077713012695312e+00
-3.872199535369873047e+00
-1.045196175575256348e+00
-2.599091291427612305e+00
4.883904457092285156e+00
3.384230136871337891e+00
-1.513280391693115234e+00
8.006575703620910645e-01
2.846869230270385742e+00
-1.749117970466613770e+00
1.639284491539001465e+00
-2.471999168395996094e+00
1.236397981643676758e+00
1.727065563201904297e+00
2.493112325668334961e+00
-8.250958919525146484e-01
5.260434627532958984e+00
4.935438930988311768e-02
3.529495954513549805e+00
-5.791476726531982422e+00
5.933005332946777344e+00
-2.688235282897949219e+00
3.667017519474029541e-01
-1.842054128646850586e+00
-5.357306957244873047e+00
1.096453309059143066e+00
4.417738437652587891e+00
3.785563111305236816e-01
-8.334819078445434570e-01
1.303422689437866211e+00
-9.409244060516357422e-01
-1.522760510444641113e+00
6.806662559509277344e+00
4.352905452251434326e-01
-5.350963115692138672e+00
-4.234218597412109375e+00
2.246561050415039062e+00
6.685354232788085938e+00
2.776840686798095703e+00
1.268730258941650391e+01
-2.943893671035766602e-01
1.192623853683471680e+00
2.021911740303039551e-01
-2.938527584075927734e+00
9.352819919586181641e-01
2.796131134033203125e+00
-1.030221104621887207e+00
-2.442767620086669922e-01
-6.722259521484375000e-01
1.003345966339111328e+00
-3.042249441146850586e+00
-7.309517860412597656e-01
-2.401414364576339722e-01
4.970968723297119141e+00
4.571306228637695312e+00
-9.715412259101867676e-01
2.823000907897949219e+00
1.740125775337219238e+00
2.594849586486816406e+00
6.921764373779296875e+00
-2.004862308502197266e+00
1.255287170410156250e+00
5.623852729797363281e+00
6.125821590423583984e+00
4.026236534118652344e+00
1.956637859344482422e+00
2.602928638458251953e+00
4.121116161346435547e+00
4.409335613250732422e+00
-1.064853668212890625e+00
1.892855525016784668e+00
6.397925615310668945e-01
2.061828136444091797e+00
-4.410918235778808594e+00
1.444775581359863281e+00
-4.728860378265380859e+00
-1.548849940299987793e+00
-1.992993593215942383e+00
-8.106669783592224121e-01
7.122011184692382812e-01
3.656239271163940430e+00
6.721385717391967773e-01
-3.613766670227050781e+00
1.210287570953369141e+00
2.359354257583618164e+00
1.601523637771606445e+00
4.933835268020629883e-01
1.045700311660766602e+00
9.574502110481262207e-01
4.017171859741210938e+00
9.009456634521484375e-01
4.885914325714111328e+00
-1.770714759826660156e+00
2.751488924026489258e+00
5.537188053131103516e+00
1.090837836265563965e+00
-2.551902294158935547e+00
-1.787951827049255371e+00
2.474348306655883789e+00
-3.289740800857543945e+00
-1.531283736228942871e+00
-1.792496204376220703e+00
-7.016965746879577637e-01
1.724628090858459473e+00
-6.550534367561340332e-01
-3.575760126113891602e+00
5.130383968353271484e+00
3.806593894958496094e+00
-1.910763263702392578e+00
-3.100615501403808594e+00
-1.416034698486328125e-01
-4.489828109741210938e+00
-5.206617712974548340e-01
1.144345760345458984e+00
4.598391532897949219e+00
2.094439566135406494e-01
-2.088050842285156250e-01
1.925503253936767578e+00
1.285514593124389648e+00
8.218861222267150879e-01
-2.016923904418945312e+00
1.513183593750000000e+00
-3.582572221755981445e+00
-1.354459524154663086e+00
2.696344852447509766e+00
8.065462112426757812e-02
2.180212974548339844e+00
5.967842578887939453e+00
6.531688213348388672e+00
1.463651061058044434e-01
-9.199777841567993164e-01
-2.601587176322937012e-01
3.884196281433105469e-03
-2.058246135711669922e+00
-1.033539056777954102e+00
2.752066373825073242e+00
-5.285496711730957031e-01
1.517126321792602539e+00
-2.216087818145751953e+00
2.628336191177368164e+00
2.488765478134155273e+00
-3.143473386764526367e+00
-3.291031360626220703e+00
-1.410688161849975586e+00
1.095793962478637695e+00
4.514913082122802734e+00
2.685676515102386475e-01
2.541472673416137695e+00
2.496241092681884766e+00
2.634403705596923828e+00
-4.303720474243164062e+00
-1.892998337745666504e+00
4.978998899459838867e-01
-2.948429107666015625e+00
-9.598196744918823242e-01
-5.314913988113403320e-01
2.801225185394287109e-01
4.031001567840576172e+00
2.837573051452636719e+00
1.537155270576477051e+00
-2.551048517227172852e+00
-3.186057806015014648e+00
6.915426731109619141e+00
-5.388804674148559570e-01
-8.039386272430419922e-01
-5.497879505157470703e+00
-3.068472623825073242e+00
-2.333645820617675781e-01
-1.442188620567321777e-01
5.531567096710205078e+00
-1.844876289367675781e+00
1.519713759422302246e+00
-6.619590520858764648e-01
3.060497045516967773e+00
-2.160486459732055664e+00
-1.314800381660461426e+00
1.694794774055480957e+00
1.321695566177368164e+00
-5.451600074768066406e+00
2.014808893203735352e+00
2.361677885055541992e+00
-2.392132043838500977e+00
-1.336840391159057617e+00
5.869133472442626953e+00
-9.594357013702392578e-01
-1.261887550354003906e+00
1.131974458694458008e-01
2.202380448579788208e-03
2.701564550399780273e+00
4.672122001647949219e+00
5.261297225952148438e-01
1.092774629592895508e+00
-3.589508771896362305e+00
-1.960983037948608398e+00
2.881929397583007812e+00
-4.984294772148132324e-01
4.642778873443603516e+00
1.689670205116271973e+00
8.695451736450195312e+00
-8.356708288192749023e-01
2.482256412506103516e+00
2.466339826583862305e+00
2.247791767120361328e+00
-1.200082063674926758e+00
-7.861922979354858398e-01
4.044104814529418945e-01
1.329473972320556641e+00
1.940004348754882812e+00
-3.227981567382812500e+00
3.083641290664672852e+00
-1.196249485015869141e+00
-1.731220841407775879e+00
-1.906518936157226562e+00
9.741564989089965820e-01
-3.305814504623413086e+00
-1.406077742576599121e+00
3.479203462600708008e+00
1.866821527481079102e+00
7.557272434234619141e+00
-8.945300579071044922e-01
1.161252856254577637e+00
2.207863330841064453e+00
2.316083908081054688e+00
-9.316152930259704590e-01
-1.442851066589355469e+00
9.161454439163208008e-02
-7.487086653709411621e-01
-4.726119518280029297e+00
1.539772748947143555e+00
-1.914422869682312012e+00
2.162384271621704102e+00
-1.301290869712829590e+00
1.318337917327880859e+00
5.695201158523559570e-01
7.607285380363464355e-01
6.434147357940673828e+00
3.472553730010986328e+00
1.077964544296264648e+00
1.133369803428649902e+00
2.758799791336059570e+00
1.516325950622558594e+00
3.222915410995483398e+00
3.346368789672851562e+00
-2.995066642761230469e-01
3.457924842834472656e+00
3.612950086593627930e+00
-5.544722080230712891e-01
2.697361946105957031e+00
-2.534096956253051758e+00
2.079192876815795898e+00
-4.904687404632568359e+00
-1.756520271301269531e-01
-3.699130415916442871e-01
5.343796730041503906e+00
5.598996162414550781e+00
-2.290378808975219727e+00
5.918869972229003906e-01
5.908556461334228516e+00
-2.132361173629760742e+00
2.952041864395141602e+00
-1.201848983764648438e+00
8.262934088706970215e-01
-1.255383610725402832e+00
-3.985909938812255859e+00
2.751318216323852539e+00
-6.371490955352783203e+00
4.986704826354980469e+00
9.571039080619812012e-01
-2.653213739395141602e-01
-6.226831436157226562e+00
-2.940286159515380859e+00
3.231574773788452148e+00
6.284425735473632812e+00
-3.005294799804687500e+00
3.072726726531982422e+00
-2.630790948867797852e+00
4.048848628997802734e+00
-3.355310201644897461e+00
-1.319140315055847168e+00
1.549191832542419434e+00
-1.019072651863098145e+00
-4.441204071044921875e+00
7.250573039054870605e-01
3.311204910278320312e-02
-2.598159074783325195e+00
-7.130895853042602539e-01
2.637883186340332031e+00
-3.220249414443969727e+00
9.192518234252929688e+00
5.332339763641357422e+00
4.027801513671875000e+00
2.218328714370727539e+00
3.778668642044067383e-01
6.793606281280517578e-02
3.726241588592529297e+00
-3.659447669982910156e+00
2.991183280944824219e+00
2.798148632049560547e+00
4.957375049591064453e+00
4.018706381320953369e-01
-1.635275483131408691e-01
-3.248995780944824219e+00
4.334762096405029297e+00
2.563646078109741211e+00
-1.869194269180297852e+00
9.234854578971862793e-01
8.661922216415405273e-01
-1.337775886058807373e-01
1.711692214012145996e-01
1.552620768547058105e+00
3.311886072158813477e+00
1.036257624626159668e+00
-5.578377246856689453e+00
2.307420730590820312e+00
-3.012118816375732422e+00
-1.226323962211608887e+00
3.754028558731079102e+00
-4.571963548660278320e-01
3.145806312561035156e+00
-4.906040191650390625e+00
1.455253839492797852e+00
-1.069190144538879395e+00
-3.342701911926269531e+00
-1.226141810417175293e+00
-1.435660600662231445e+00
-6.243794918060302734e+00
-1.855487823486328125e+00
1.449022889137268066e+00
2.074150800704956055e+00
1.617585301399230957e+00
2.824200868606567383e+00
4.018781661987304688e+00
-8.965903520584106445e-01
7.732677459716796875e+00
-2.109875202178955078e+00
3.721534252166748047e+00
-4.860030174255371094e+00
-1.166113317012786865e-01
-5.690780878067016602e-01
-8.354303836822509766e-01
2.263507366180419922e+00
4.735071659088134766e+00
3.363623023033142090e-01
-2.336840867996215820e+00
2.139978408813476562e+00
1.616617441177368164e+00
5.723726272583007812e+00
-2.360925078392028809e-02
1.659005403518676758e+00
-2.753208398818969727e+00
6.130325794219970703e-01
2.730462551116943359e+00
2.097413778305053711e+00
1.186866283416748047e+00
-2.874028682708740234e-01
-1.814787387847900391e+00
-3.480579853057861328e+00
-1.456680774688720703e+00
1.708883285522460938e+00
6.646735191345214844e+00
-2.319398164749145508e+00
-3.184520483016967773e+00
-2.219916105270385742e+00
-3.230843544006347656e+00
-1.016317963600158691e+00
5.017234802246093750e+00
1.762717962265014648e+00
1.502557873725891113e+00
5.018344521522521973e-02
2.475316762924194336e+00
-3.434019088745117188e-01
2.526327610015869141e+00
-7.698495686054229736e-02
1.144659757614135742e+00
-1.978259682655334473e+00
-8.114616870880126953e-01
3.291920423507690430e+00
1.365504622459411621e+00
-1.982747793197631836e+00
-1.325072765350341797e+00
-9.593105912208557129e-01
1.816804051399230957e+00
1.775530815124511719e+00
2.546602487564086914e+00
4.291594028472900391e+00
4.478707790374755859e+00
4.339011192321777344e+00
-4.439681172370910645e-01
-6.543001651763916016e+00
-9.996805787086486816e-01
-4.564363002777099609e+00
1.410455703735351562e+00
4.672540664672851562e+00
1.042528748512268066e-01
-3.203052282333374023e-01
1.016334220767021179e-01
-3.182410597801208496e-01
-1.244650483131408691e-01
-3.024930357933044434e-01
7.282316684722900391e-02
-2.213420391082763672e+00
3.623548150062561035e-01
9.355742931365966797e-01
-1.298488974571228027e+00
1.653379648923873901e-01
-5.483987331390380859e+00
-6.633996367454528809e-01
5.131477117538452148e-02
-2.347859382629394531e+00
1.901685595512390137e-01
-1.765347361564636230e+00
-1.442452430725097656e+00
-2.334658384323120117e+00
-1.171230554580688477e+00
1.783623456954956055e+00
2.970622777938842773e+00
5.499798774719238281e+00
8.520473837852478027e-01
-1.954516768455505371e+00
-7.484519481658935547e-02
-1.245998620986938477e+00
1.207505106925964355e+00
-2.689440965652465820e+00
-1.589291095733642578e+00
-2.540959358215332031e+00
6.994450092315673828e-01
-1.480873823165893555e-01
-2.108513355255126953e+00
-1.164365053176879883e+00
2.421603918075561523e+00
3.269997596740722656e+00
-1.524159759283065796e-01
-2.329788684844970703e+00
7.094677090644836426e-01
-3.704913377761840820e+00
-3.140742063522338867e+00
-2.433427333831787109e+00
-8.414499759674072266e-01
1.645467281341552734e-01
-1.987822949886322021e-01
-1.636876106262207031e+00
-2.395463466644287109e+00
-5.958086013793945312e+00
6.715283989906311035e-01
2.552610039710998535e-01
-1.801187038421630859e+00
-1.040460228919982910e+00
5.554767131805419922e+00
