-3.231422901153564453e+00
2.256664752960205078e+00
-3.605587720870971680e+00
-3.598712921142578125e+00
-4.039182662963867188e+00
-2.920914649963378906e+00
-1.332636356353759766e+00
1.011812329292297363e+00
-9.176003932952880859e-02
-2.043439865112304688e+00
2.397589683532714844e-01
2.937459945678710938e+00
-1.837960720062255859e+00
-5.740165114402770996e-01
6.771593689918518066e-01
-9.702614545822143555e-01
-2.794080257415771484e+00
3.422521114349365234e+00
-1.490610837936401367e-01
2.027073621749877930e+00
-3.085008859634399414e+00
-1.097379922866821289e+00
-1.571308016777038574e+00
-1.039039015769958496e+00
3.281315803527832031e+00
-3.303939580917358398e+00
-4.976577281951904297e+00
-5.794250488281250000e+00
-2.760580778121948242e+00
-4.826823711395263672e+00
-5.865385055541992188e+00
4.238848984241485596e-01
-5.088033199310302734e+00
-3.371308565139770508e+00
-2.444039106369018555e+00
-3.443610906600952148e+00
9.661744534969329834e-02
-3.467842102050781250e+00
-8.939342498779296875e-01
-2.026005506515502930e+00
-1.328774333000183105e+00
-5.022328853607177734e+00
-2.048219442367553711e+00
-5.027986764907836914e-01
-3.200479984283447266e+00
-4.356696605682373047e+00
-1.836127996444702148e+00
1.787055492401123047e+00
-5.867116451263427734e+00
-7.972236156463623047e+00
-2.694890737533569336e+00
1.322661995887756348e+00
-3.259391307830810547e+00
-1.053969621658325195e+00
-4.079155921936035156e+00
-6.395424604415893555e-01
-2.538644552230834961e+00
-5.994189262390136719e+00
-4.745910644531250000e+00
-1.353243708610534668e+00
-5.877710342407226562e+00
-5.355772972106933594e+00
-3.168109655380249023e+00
-4.032131671905517578e+00
2.648743391036987305e-01
-4.197063446044921875e+00
-2.527710199356079102e+00
-3.068867921829223633e+00
-3.806669473648071289e+00
9.949718713760375977e-01
-4.607428073883056641e+00
-3.297785520553588867e+00
-4.572748243808746338e-01
-2.841793894767761230e-01
2.662628650665283203e+00
-1.101048946380615234e+00
-2.854092836380004883e+00
-3.068719506263732910e-01
-5.415698289871215820e-01
-2.422531127929687500e+00
-9.591442942619323730e-01
-1.276629090309143066e+00
-2.421818494796752930e+00
-1.427763581275939941e+00
-1.276145458221435547e+00
-2.128114223480224609e+00
-1.977754473686218262e+00
5.966382980346679688e+00
6.270684242248535156e+00
4.629741668701171875e+00
3.071282625198364258e+00
-4.264687061309814453e+00
2.124412536621093750e+00
-5.364362001419067383e-01
2.674247503280639648e+00
-4.111893653869628906e+00
3.022335529327392578e+00
9.981359243392944336e-01
-3.020464181900024414e+00
-2.597637176513671875e+00
-1.727482080459594727e+00
-4.239918231964111328e+00
-5.966880798339843750e+00
-2.339804887771606445e+00
-2.770060300827026367e+00
-3.110806703567504883e+00
-3.289314270019531250e+00
4.822513103485107422e+00
6.739656925201416016e-01
1.981055498123168945e+00
-8.381241559982299805e-01
-1.104684233665466309e+00
3.109014272689819336e+00
1.214050769805908203e+00
-3.353912591934204102e+00
1.018240332603454590e+00
-3.968339681625366211e+00
6.813662052154541016e+00
-2.336695671081542969e+00
-3.904573202133178711e+00
-4.048048019409179688e+00
-5.279731750488281250e+00
-2.379733800888061523e+00
-5.608644962310791016e+00
-1.822453379631042480e+00
5.677212476730346680e-01
1.054189920425415039e+00
9.205743670463562012e-01
-1.989107728004455566e+00
2.244205236434936523e+00
2.319790601730346680e+00
1.098541617393493652e+00
5.278034687042236328e+00
-1.195652604103088379e+00
2.196753978729248047e+00
-4.054121494293212891e+00
5.775761604309082031e-02
-6.037470817565917969e+00
-4.547773599624633789e-01
-9.784356355667114258e-01
3.206177949905395508e-01
-5.881457328796386719e-01
-4.603318214416503906e+00
-1.813831686973571777e+00
3.830015897750854492e+00
-1.189757347106933594e+00
-2.994773387908935547e+00
-6.753282070159912109e+00
-5.832659244537353516e+00
-1.546953797340393066e+00
-5.850531578063964844e+00
3.480782985687255859e+00
-1.976479291915893555e-01
2.935393095016479492e+00
3.038928031921386719e+00
3.394792318344116211e+00
9.579367637634277344e-01
2.591227054595947266e+00
4.808866500854492188e+00
-2.698149681091308594e+00
-3.082278728485107422e+00
-1.182314872741699219e+00
1.447895288467407227e+00
-1.112190246582031250e+00
7.789650559425354004e-01
-3.171977400779724121e-01
8.492174148559570312e-01
-1.115281581878662109e-01
-1.265004634857177734e+00
-3.008630037307739258e+00
6.921908855438232422e-01
-1.921138048171997070e+00
5.445983409881591797e-01
1.415340781211853027e+00
-1.832509398460388184e+00
-1.170602560043334961e+00
-1.723165988922119141e+00
-1.933016061782836914e+00
-1.035979986190795898e+00
-1.824902415275573730e+00
-1.535434007644653320e+00
1.852604389190673828e+00
1.908336877822875977e+00
1.394876956939697266e+00
-1.763276457786560059e+00
4.847007274627685547e+00
3.657986521720886230e-01
2.758064746856689453e+00
1.871597319841384888e-01
-7.491900920867919922e-01
5.171217322349548340e-01
-8.750442266464233398e-01
2.814164638519287109e+00
7.844520807266235352e-01
-6.026505827903747559e-01
3.257762193679809570e+00
-7.620972394943237305e-01
-3.230949938297271729e-01
-4.366791248321533203e-01
1.073961496353149414e+00
3.351652383804321289e+00
2.530682802200317383e+00
3.521850585937500000e+00
4.161079406738281250e+00
3.437332391738891602e+00
-1.289744377136230469e+00
-1.093877434730529785e+00
2.655873298645019531e+00
2.867281198501586914e+00
8.380055427551269531e-01
-1.141129493713378906e+00
6.651290655136108398e-01
1.981828331947326660e+00
-2.741836309432983398e+00
5.852810740470886230e-01
2.482933521270751953e+00
2.501787185668945312e+00
1.495714426040649414e+00
-1.588799476623535156e+00
1.877591848373413086e+00
-1.487613677978515625e+00
-7.053653001785278320e-01
1.119271874427795410e+00
1.785394787788391113e+00
-3.235628843307495117e+00
-1.139237403869628906e+00
-4.430267810821533203e-01
-6.737317442893981934e-01
1.944595336914062500e+00
3.157169103622436523e+00
-2.813872814178466797e+00
-4.550779461860656738e-01
2.212857007980346680e-01
-1.295053958892822266e+00
1.601692438125610352e+00
-3.209413766860961914e+00
-4.889802455902099609e+00
7.844613790512084961e-01
3.172551155090332031e+00
7.224979996681213379e-01
-1.861578822135925293e+00
1.406111240386962891e+00
-3.538320362567901611e-01
-1.048371791839599609e+00
-1.473868608474731445e+00
4.810798168182373047e+00
-2.247741460800170898e+00
2.382181167602539062e+00
-3.990938663482666016e-01
2.916385173797607422e+00
3.867977261543273926e-01
4.085953235626220703e+00
5.906863808631896973e-01
7.207655310630798340e-01
5.797022342681884766e+00
-5.650851726531982422e-01
1.278465867042541504e+00
1.079969286918640137e+00
-6.330569982528686523e-01
3.034879446029663086e+00
1.423198223114013672e+00
-1.064177393913269043e+00
3.324908614158630371e-01
2.404754638671875000e+00
3.885051012039184570e+00
2.386196851730346680e+00
9.153705835342407227e-01
-8.588773012161254883e-02
-1.898442149162292480e+00
-3.424662828445434570e+00
-2.332669734954833984e+00
-4.921034336090087891e+00
-1.783033728599548340e+00
-2.671014547348022461e+00
-4.368544578552246094e+00
-3.981478691101074219e+00
-5.096997737884521484e+00
-2.523700952529907227e+00
-6.422711849212646484e+00
-4.220160007476806641e+00
-3.739737510681152344e+00
1.150947809219360352e-01
2.463890910148620605e-01
-9.558428525924682617e-01
5.934937000274658203e-01
-8.444977998733520508e-01
-4.646067619323730469e+00
-4.138554573059082031e+00
-6.118241786956787109e+00
-5.019531250000000000e+00
-2.635642766952514648e+00
-6.782434463500976562e+00
1.609740853309631348e+00
-5.249815464019775391e+00
-4.204265117645263672e+00
-4.383657932281494141e+00
6.609484553337097168e-01
-2.721588373184204102e+00
-8.075472831726074219e+00
-3.031308650970458984e+00
-1.326842069625854492e+00
-7.938004732131958008e-01
-1.808127164840698242e+00
-2.139134645462036133e+00
-4.390439987182617188e-01
-3.360510587692260742e+00
-3.651589393615722656e+00
-4.314780235290527344e-04
1.139070987701416016e+00
2.999355077743530273e+00
2.255579710006713867e+00
-1.724651336669921875e+00
-9.499921202659606934e-01
1.345887184143066406e-01
-3.020901679992675781e+00
9.882980585098266602e-02
-2.662161588668823242e+00
-7.199879884719848633e-01
-2.244630157947540283e-01
-6.347703337669372559e-01
-1.424701213836669922e+00
2.985033988952636719e-01
-2.533319711685180664e+00
-5.120441913604736328e-01
2.778043746948242188e-01
1.549310684204101562e-01
1.552944540977478027e+00
-2.931041240692138672e+00
-3.666092753410339355e-01
-3.267807245254516602e+00
1.485911369323730469e+00
-2.720788002014160156e+00
9.113855361938476562e-01
2.947052717208862305e+00
-3.191861867904663086e+00
-5.891161441802978516e+00
-5.710276126861572266e+00
-3.903388500213623047e+00
4.327131271362304688e+00
-1.301258325576782227e+00
6.437120437622070312e-01
-2.102648496627807617e+00
-6.820304393768310547e+00
-4.422901630401611328e+00
-5.404658794403076172e+00
-3.069453954696655273e+00
-1.826980829238891602e+00
-4.650532245635986328e+00
-2.465174913406372070e+00
-4.571874618530273438e+00
-5.949273109436035156e+00
-4.340898990631103516e+00
-6.378580570220947266e+00
-4.143440723419189453e+00
-3.600101470947265625e-01
-2.500424385070800781e+00
-3.110619544982910156e+00
-5.070069313049316406e+00
1.321039676666259766e+00
-8.716701269149780273e-01
-4.601042747497558594e+00
-8.245756030082702637e-01
-2.646229743957519531e+00
-4.764925956726074219e+00
1.867056488990783691e+00
-2.045745253562927246e-01
-3.521715641021728516e+00
-6.155083656311035156e+00
-3.508426904678344727e+00
-2.770343065261840820e+00
-3.824255228042602539e+00
-4.184943675994873047e+00
-5.831043243408203125e+00
-5.590981006622314453e+00
-2.453168869018554688e+00
-2.279955863952636719e+00
6.357080936431884766e-01
3.210595995187759399e-02
-2.548136711120605469e+00
-3.519782304763793945e+00
-4.557831287384033203e+00
-3.582236289978027344e+00
-1.847399115562438965e+00
-2.426355361938476562e+00
-2.413486719131469727e+00
-2.797209739685058594e+00
-2.502599239349365234e+00
-1.756523132324218750e+00
9.708029031753540039e-01
-3.519605636596679688e+00
-5.225351810455322266e+00
-1.995140790939331055e+00
3.350189685821533203e+00
3.015714883804321289e+00
-3.644562244415283203e+00
-2.233179330825805664e+00
1.132763981819152832e+00
-3.925337791442871094e-01
5.985040664672851562e-01
5.894561409950256348e-01
2.985520124435424805e+00
-2.043627262115478516e+00
-2.240103185176849365e-01
-2.298388004302978516e+00
-1.398138761520385742e+00
1.530609965324401855e+00
-1.076332330703735352e+00
-2.621198415756225586e+00
-4.889915943145751953e+00
2.847568035125732422e+00
-2.787540674209594727e+00
2.512637376785278320e+00
1.870407223701477051e+00
-1.160961508750915527e+00
5.332767963409423828e+00
3.524356365203857422e+00
5.316415429115295410e-01
5.877918720245361328e+00
2.153671264648437500e+00
3.527337551116943359e+00
-2.536537408828735352e+00
6.456009745597839355e-01
-3.350409030914306641e+00
-2.538680791854858398e+00
1.689892530441284180e+00
1.963817954063415527e+00
9.000774025917053223e-01
-7.016826868057250977e-01
2.507762014865875244e-01
-1.580010652542114258e-01
-1.941734313964843750e+00
3.044068336486816406e+00
-1.359900951385498047e+00
4.248676776885986328e+00
5.899088859558105469e+00
2.394713401794433594e+00
1.280130743980407715e+00
1.793936729431152344e+00
-4.677586555480957031e+00
2.240430831909179688e+00
-8.506733179092407227e-02
-5.292912721633911133e-01
-1.863723754882812500e+00
9.721894264221191406e+00
-2.897977828979492188e+00
1.444142699241638184e+00
1.083504438400268555e+00
-2.476336479187011719e+00
5.292224884033203125e+00
-1.117580890655517578e+00
-3.209144830703735352e+00
3.037782907485961914e+00
7.170328617095947266e+00
-7.152450680732727051e-01
-2.695295572280883789e+00
1.125630497932434082e+00
-4.652291536331176758e-03
6.284215927124023438e+00
-7.976858019828796387e-01
3.230447530746459961e+00
-2.949012041091918945e+00
1.960890889167785645e+00
7.103176116943359375e-01
3.863784790039062500e+00
2.521228313446044922e+00
1.355985522270202637e+00
-3.990861415863037109e+00
-8.852810859680175781e-01
-1.743290424346923828e+00
-1.608762741088867188e+00
4.753082752227783203e+00
-2.830817103385925293e-01
-1.124281048774719238e+00
1.684773802757263184e+00
4.010489940643310547e+00
-1.121083974838256836e+00
-3.098600387573242188e+00
-7.053565979003906250e-01
3.089528560638427734e+00
-2.149072408676147461e+00
1.240502357482910156e+00
7.688186168670654297e-01
-2.158919274806976318e-01
-1.649728775024414062e+00
-2.687319040298461914e+00
2.347365915775299072e-01
-1.291043519973754883e+00
1.934171199798583984e+00
4.133106231689453125e+00
1.712356686592102051e+00
2.500074386596679688e+00
-8.715096712112426758e-01
-7.146346569061279297e-02
3.063208460807800293e-01
1.498280525207519531e+00
4.065473079681396484e-01
6.955708980560302734e+00
1.711096882820129395e+00
-1.695468187332153320e+00
3.794574022293090820e+00
-4.055276393890380859e+00
2.191288948059082031e+00
8.120174407958984375e-01
-1.376642584800720215e+00
8.795874118804931641e-01
2.276030302047729492e+00
4.115230083465576172e+00
5.736549496650695801e-01
4.823041558265686035e-01
-7.935538887977600098e-01
-7.551422715187072754e-01
-1.822169542312622070e+00
-2.545374631881713867e+00
-4.192643761634826660e-01
1.408832669258117676e+00
3.484172582626342773e+00
8.819419145584106445e-01
-3.195050954818725586e-01
5.438549518585205078e+00
2.364563226699829102e+00
1.236932873725891113e+00
-2.240042209625244141e+00
1.545278191566467285e+00
-1.566642999649047852e+00
1.202075481414794922e+00
-4.270992279052734375e+00
-5.005407333374023438e-01
2.403488397598266602e+00
-2.573243141174316406e+00
5.770281314849853516e+00
2.706489562988281250e+00
2.051155567169189453e-01
-1.001988768577575684e+00
5.174258232116699219e+00
-7.489367127418518066e-01
-8.264197111129760742e-01
-5.838185548782348633e-02
-2.486069917678833008e+00
4.851783812046051025e-01
4.513511061668395996e-01
-4.384591102600097656e+00
1.869614839553833008e+00
4.148254871368408203e+00
1.737699985504150391e+00
-1.207032084465026855e+00
3.445896863937377930e+00
-2.350395679473876953e+00
-2.336423873901367188e+00
-2.584654331207275391e+00
8.501792907714843750e+00
-3.117599964141845703e+00
9.315287470817565918e-01
5.749542236328125000e+00
-2.044932365417480469e+00
-2.299473762512207031e+00
-1.541078329086303711e+00
3.188537120819091797e+00
4.895352840423583984e+00
-2.906993865966796875e+00
7.614448666572570801e-01
3.222229003906250000e+00
-2.333338260650634766e+00
-1.441456973552703857e-01
-1.991665244102478027e+00
-3.698468208312988281e-01
2.073129415512084961e+00
-1.076604843139648438e+00
-1.925392627716064453e+00
1.696805477142333984e+00
-3.229722738265991211e+00
4.505219459533691406e+00
-3.157182931900024414e+00
2.941204786300659180e+00
-3.327046871185302734e+00
1.338057279586791992e+00
-3.963346242904663086e+00
-4.225964069366455078e+00
1.867156744003295898e+00
1.797300577163696289e+00
-6.120194792747497559e-01
-3.970414400100708008e-01
3.150029778480529785e-01
-3.770086288452148438e+00
6.805815696716308594e-01
6.027044296264648438e+00
4.757430076599121094e+00
-3.279201030731201172e+00
-1.278538584709167480e+00
3.494360446929931641e+00
2.788924455642700195e+00
-1.002751737833023071e-01
1.328062629699707031e+01
1.988724946975708008e+00
1.093548893928527832e+00
-1.681941032409667969e+00
-3.315923213958740234e+00
1.227867245674133301e+00
1.228845596313476562e+00
1.344201326370239258e+00
1.275547027587890625e+00
2.394327163696289062e+00
1.930035114288330078e+00
-1.676734089851379395e+00
-1.776119232177734375e+00
9.720825552940368652e-01
5.025725364685058594e+00
6.285417556762695312e+00
1.829714775085449219e-01
3.601510524749755859e+00
5.985944271087646484e-01
7.448518276214599609e+00
5.305607795715332031e+00
-2.083951711654663086e+00
-4.031815528869628906e-01
6.361986637115478516e+00
2.766301393508911133e+00
4.333618164062500000e+00
2.600584506988525391e+00
-3.910380899906158447e-01
6.289528369903564453e+00
3.130715370178222656e+00
4.764752686023712158e-01
-9.763687849044799805e-04
1.729218244552612305e+00
-3.884080052375793457e-01
-2.324298381805419922e+00
-1.561107873916625977e+00
-7.126414299011230469e+00
-2.151364564895629883e+00
-9.996798038482666016e-01
-3.971218585968017578e+00
1.431015253067016602e+00
3.393299102783203125e+00
-1.062388539314270020e+00
-3.076201200485229492e+00
8.228104710578918457e-01
3.514796257019042969e+00
2.586215972900390625e+00
1.576054096221923828e+00
1.486891269683837891e+00
-1.331710100173950195e+00
6.053919196128845215e-01
1.617665290832519531e+00
6.560061931610107422e+00
4.899519681930541992e-01
2.659943819046020508e+00
3.435899496078491211e+00
-1.395024180412292480e+00
-7.968044281005859375e-01
-3.490163803100585938e+00
1.036626338958740234e+00
1.362813711166381836e-01
6.195234060287475586e-01
-2.082112789154052734e+00
-3.056293725967407227e+00
2.362598896026611328e+00
-3.074645757675170898e+00
-5.502917766571044922e-01
3.675608634948730469e+00
3.165340423583984375e-02
-4.036274552345275879e-02
-3.280476570129394531e+00
-1.305698871612548828e+00
-3.736619472503662109e+00
1.655211687088012695e+00
-2.190285921096801758e+00
1.710034847259521484e+00
3.704352140426635742e+00
-6.578768491744995117e-01
-5.720049142837524414e-01
-7.554050683975219727e-01
-4.648604989051818848e-01
-1.792471408843994141e+00
2.003163099288940430e+00
-8.816698193550109863e-01
-4.531826019287109375e+00
1.019676089286804199e+00
4.544391632080078125e-01
2.555656909942626953e+00
6.554565906524658203e+00
3.887615203857421875e+00
1.405448436737060547e+00
1.396015733480453491e-01
-1.040990114212036133e+00
-9.621652960777282715e-01
-4.921752452850341797e+00
-1.247117280960083008e+00
-3.132331132888793945e+00
-5.290336608886718750e-01
1.836001157760620117e+00
-2.268038988113403320e+00
2.934726715087890625e+00
3.072221279144287109e+00
-1.152711391448974609e+00
-2.541966915130615234e+00
1.787079572677612305e-01
4.679888725280761719e+00
4.569650650024414062e+00
-3.311173617839813232e-01
2.752596855163574219e+00
7.147259712219238281e+00
5.860867023468017578e+00
-1.737104654312133789e+00
-4.790440082550048828e+00
-6.133859753608703613e-01
-3.182174444198608398e+00
-1.518881440162658691e+00
-1.608308553695678711e+00
-4.398369789123535156e-02
5.288830280303955078e+00
4.927837848663330078e+00
3.098192691802978516e+00
-2.660061359405517578e+00
5.934329032897949219e-01
5.049558639526367188e+00
-1.114691495895385742e-01
3.561485767364501953e+00
-4.884093761444091797e+00
-3.115921974182128906e+00
1.024211645126342773e+00
-2.503573179244995117e+00
5.723600387573242188e+00
2.305445432662963867e+00
6.022416591644287109e+00
-1.769724965095520020e+00
4.450867176055908203e+00
-1.898723602294921875e+00
-2.025564908981323242e-01
5.663331031799316406e+00
2.109534978866577148e+00
-1.186051964759826660e+00
4.611853122711181641e+00
2.648371934890747070e+00
-3.945784568786621094e-01
-3.523442268371582031e+00
8.428495407104492188e+00
-6.023538112640380859e-02
-1.104234218597412109e+00
-8.557474613189697266e-02
1.668263226747512817e-01
1.340165615081787109e+00
1.845284461975097656e+00
-1.232468724250793457e+00
1.299564123153686523e+00
-6.294986009597778320e-01
-2.194346189498901367e+00
-1.528788805007934570e+00
8.033308982849121094e-01
4.050711631774902344e+00
3.297814846038818359e+00
4.231298923492431641e+00
-4.347849369049072266e+00
1.688415527343750000e+00
2.609687328338623047e+00
-3.319196999073028564e-01
-7.146263718605041504e-01
-7.962037324905395508e-01
-5.782637596130371094e-01
1.953594684600830078e-01
2.266811370849609375e+00
-1.765835762023925781e+00
4.784882068634033203e-01
-5.809350609779357910e-01
-2.558688223361968994e-01
1.542199015617370605e+00
-4.670495986938476562e-01
-3.638851642608642578e+00
1.769816637039184570e+00
3.181998014450073242e+00
2.826453208923339844e+00
2.763695716857910156e+00
1.713791251182556152e+00
1.444389224052429199e+00
1.536892652511596680e-01
-4.620462656021118164e-02
-9.737601876258850098e-01
-1.458911895751953125e+00
-1.688139677047729492e+00
-4.624534547328948975e-01
-2.816728115081787109e+00
-3.217718124389648438e+00
-2.458560943603515625e+00
2.304616212844848633e+00
-3.370598554611206055e-01
3.317470788955688477e+00
-4.473555088043212891e-02
8.695099502801895142e-02
5.380793094635009766e+00
-1.913824081420898438e+00
2.594034194946289062e+00
-1.328295707702636719e+00
-1.482661008834838867e+00
2.158447504043579102e+00
5.618648052215576172e+00
2.757783412933349609e+00
2.330153465270996094e+00
4.850185394287109375e+00
3.942112207412719727e+00
1.431106090545654297e+00
1.889477968215942383e+00
-2.978766918182373047e+00
-3.471530973911285400e-01
-3.935347557067871094e+00
-1.215835809707641602e-01
1.934838056564331055e+00
1.854820966720581055e+00
3.966533660888671875e+00
1.194997072219848633e+00
1.646364092826843262e+00
2.536161899566650391e+00
-2.770898818969726562e+00
2.219356536865234375e+00
-1.603662073612213135e-01
-2.299391269683837891e+00
-3.287590026855468750e+00
2.040988445281982422e+00
5.575356960296630859e+00
-4.541992664337158203e+00
3.884801387786865234e+00
-2.686531782150268555e+00
-1.823864221572875977e+00
-5.371534347534179688e+00
-1.948469042778015137e+00
1.810560226440429688e+00
7.390903472900390625e+00
-4.227239608764648438e+00
4.507503509521484375e+00
-2.977558135986328125e+00
2.164485931396484375e+00
-1.095912575721740723e+00
-9.240978956222534180e-01
-5.994496345520019531e-01
8.979358673095703125e-01
-4.630058765411376953e+00
1.356268525123596191e+00
3.009185791015625000e-01
-7.587139606475830078e-01
1.582578420639038086e+00
-7.310416698455810547e-01
-3.704475879669189453e+00
8.093451499938964844e+00
4.313727378845214844e+00
2.592653512954711914e+00
1.051117658615112305e+00
3.458644866943359375e+00
1.486067056655883789e+00
4.914718151092529297e+00
-2.583420991897583008e+00
1.079145967960357666e-01
1.040314555168151855e+00
3.894975900650024414e+00
3.423234939575195312e+00
4.851815700531005859e+00
-4.929990291595458984e+00
2.560689926147460938e+00
2.741730213165283203e+00
-2.613064765930175781e+00
-1.763903617858886719e+00
1.400794863700866699e+00
-5.121912956237792969e-01
-1.557105064392089844e+00
1.300269842147827148e+00
2.678067922592163086e+00
7.476543784141540527e-01
-3.426001071929931641e+00
-1.482718229293823242e+00
-4.032850742340087891e+00
-2.363911151885986328e+00
6.553687095642089844e+00
1.245806097984313965e+00
3.069392442703247070e+00
-2.407284736633300781e+00
4.172501564025878906e+00
-1.675896048545837402e+00
-2.839223384857177734e+00
-9.240658283233642578e-01
3.481283485889434814e-01
-2.109771251678466797e+00
-2.658520460128784180e+00
5.555449485778808594e+00
2.250221729278564453e+00
-1.987561225891113281e+00
3.971027135848999023e+00
4.060361385345458984e+00
-2.555893182754516602e+00
4.902284622192382812e+00
-8.316693305969238281e-01
2.107171535491943359e+00
-2.153766870498657227e+00
1.091374754905700684e+00
7.289169728755950928e-02
-8.472818136215209961e-02
5.868292331695556641e+00
6.061505317687988281e+00
1.410447716712951660e+00
2.639640569686889648e-01
4.096391797065734863e-01
-9.187549352645874023e-01
5.345366477966308594e+00
2.364925146102905273e+00
2.474632024765014648e+00
-1.554065823554992676e+00
2.546423435211181641e+00
8.501421928405761719e+00
4.236563682556152344e+00
3.537570476531982422e+00
1.310970306396484375e+00
-1.035264968872070312e+00
-1.799208879470825195e+00
-2.273113489151000977e+00
2.922820806503295898e+00
7.886968612670898438e+00
-1.527374505996704102e+00
-1.936625957489013672e+00
-3.894727230072021484e+00
-5.361950397491455078e+00
3.097372531890869141e+00
4.338294029235839844e+00
1.018324613571166992e+00
1.020069003105163574e+00
1.340239048004150391e+00
4.881822109222412109e+00
-1.856362819671630859e+00
3.400983333587646484e+00
7.823696732521057129e-01
1.314466476440429688e+00
-3.469329833984375000e+00
-1.976668000221252441e+00
2.385257720947265625e+00
1.998620867729187012e+00
-2.907325029373168945e-01
1.888490319252014160e-01
-1.853538513183593750e+00
1.190680623054504395e+00
1.750101804733276367e+00
-1.208818852901458740e-01
2.701807022094726562e+00
2.948402881622314453e+00
1.537872672080993652e+00
3.495000302791595459e-01
-7.928238511085510254e-01
-2.711951136589050293e-01
2.738341093063354492e-01
2.276782274246215820e+00
2.467425823211669922e+00
5.605118870735168457e-01
-8.562219142913818359e-02
2.447758436203002930e+00
2.347203969955444336e+00
2.708143234252929688e+00
3.282706975936889648e+00
5.216201305389404297e+00
1.753313183784484863e+00
3.911819934844970703e+00
1.036152720451354980e+00
-2.022544622421264648e+00
3.255563259124755859e+00
-3.178885936737060547e+00
-7.502983808517456055e-01
-1.117006838321685791e-01
-1.570803999900817871e+00
1.348827123641967773e+00
-5.195301771163940430e-01
-1.583538055419921875e+00
-2.832327365875244141e+00
-2.555124521255493164e+00
2.443128824234008789e-01
1.159901022911071777e-01
3.192536354064941406e+00
-2.029179096221923828e+00
-1.765596032142639160e+00
4.245047569274902344e+00
4.810859858989715576e-01
2.793453931808471680e+00
-2.579471826553344727e+00
-1.854078054428100586e+00
-2.230818748474121094e+00
-2.142508268356323242e+00
1.436442732810974121e+00
-1.352254986763000488e+00
1.288898348808288574e+00
5.410881042480468750e-01
1.071743369102478027e-01
1.160194516181945801e+00
4.690733551979064941e-01
1.189679622650146484e+00
-1.434110164642333984e+00
-1.790733098983764648e+00
-8.632462024688720703e-01
9.729350209236145020e-01
-2.461951494216918945e+00
7.934255599975585938e-01
-3.280779719352722168e-01
-3.340464353561401367e+00
-3.264561891555786133e+00
2.293702602386474609e+00
-7.310110330581665039e-01
-2.865204811096191406e+00
-1.213598728179931641e+00
8.645082473754882812e+00
