-2.742518424987792969e+00
1.262553095817565918e+00
-3.515560626983642578e+00
-1.318417310714721680e+00
-1.885909318923950195e+00
-2.223663330078125000e+00
-1.883316874504089355e+00
-3.085020184516906738e-01
7.625020742416381836e-01
-1.034876346588134766e+00
-9.119224548339843750e-02
1.369686841964721680e+00
-3.020421981811523438e+00
-1.042122006416320801e+00
-6.324136853218078613e-01
-2.477642059326171875e+00
-2.412040710449218750e+00
2.369557380676269531e+00
1.107254743576049805e+00
-1.926782131195068359e-01
-3.163616418838500977e+00
-3.402005195617675781e+00
-3.687477588653564453e+00
-4.192148685455322266e+00
-1.482455253601074219e+00
-3.957340121269226074e-01
-2.587568044662475586e+00
-3.643129825592041016e+00
-1.803309082984924316e+00
-3.357764005661010742e+00
-4.196637153625488281e+00
5.312789678573608398e-01
-4.935675144195556641e+00
-3.862677574157714844e+00
-1.081482887268066406e+00
-3.574802637100219727e+00
-7.728682160377502441e-01
-5.897347927093505859e-01
3.267619013786315918e-01
-3.280731201171875000e+00
-1.924431473016738892e-01
-3.685434341430664062e+00
-1.813384532928466797e+00
-1.279178142547607422e+00
-2.793388366699218750e+00
-1.529019832611083984e+00
-2.800119400024414062e+00
1.350558042526245117e+00
-2.258245229721069336e+00
-8.765294075012207031e+00
-4.882159233093261719e+00
6.719218492507934570e-01
5.912305116653442383e-01
1.033702731132507324e+00
-1.571653246879577637e+00
5.415347576141357422e+00
8.447091579437255859e-01
-3.958570718765258789e+00
-1.833387136459350586e+00
7.742990255355834961e-01
-1.176343679428100586e+00
6.422656178474426270e-01
3.114276885986328125e+00
-1.600576639175415039e+00
2.895670890808105469e+00
-1.666924953460693359e+00
3.651847243309020996e-01
-2.380042314529418945e+00
3.970908820629119873e-01
3.863017082214355469e+00
-3.994861125946044922e+00
-2.539268732070922852e+00
-8.341573476791381836e-01
-1.179546266794204712e-01
1.297425746917724609e+00
-1.064242362976074219e+00
-1.467784404754638672e+00
6.173663139343261719e-01
3.714468181133270264e-01
-1.632498502731323242e-01
-2.695341110229492188e+00
-1.820911765098571777e+00
-1.033183097839355469e+00
-6.240733861923217773e-01
1.725267291069030762e+00
-1.187290906906127930e+00
1.175246238708496094e-01
3.414360046386718750e+00
2.974047422409057617e+00
1.972930908203125000e+00
1.235151052474975586e+00
-4.943875312805175781e+00
3.668811917304992676e-02
-2.310046195983886719e+00
-2.545009255409240723e-01
-2.699558496475219727e+00
1.653099179267883301e+00
1.243741869926452637e+00
-3.340276241302490234e+00
-2.590260505676269531e+00
-3.971726417541503906e+00
-2.214802980422973633e+00
-6.163120269775390625e+00
-2.395246624946594238e-01
-1.778782010078430176e+00
-1.991907596588134766e+00
-3.508850574493408203e+00
2.125164270401000977e+00
1.865823388099670410e+00
3.720981836318969727e+00
-2.874300718307495117e+00
1.029548883438110352e+00
-2.262459397315979004e-01
1.091350436210632324e+00
-4.354503154754638672e+00
-1.129269599914550781e-02
-2.362572669982910156e+00
6.007236003875732422e+00
-3.418555259704589844e+00
-4.662606716156005859e+00
-4.483430862426757812e+00
-6.732301712036132812e+00
-5.121726989746093750e+00
-5.261095523834228516e+00
-2.159262180328369141e+00
-2.536216259002685547e+00
-1.379643082618713379e-01
-2.536766290664672852e+00
-3.279102802276611328e+00
-2.363953351974487305e+00
2.203971385955810547e+00
-2.056174755096435547e+00
1.657272815704345703e+00
-1.997266530990600586e+00
2.245959043502807617e-01
-7.434174060821533203e+00
-2.449099779129028320e+00
-5.021469116210937500e+00
-8.310502171516418457e-01
-2.843440294265747070e+00
-1.138918161392211914e+00
-1.281373381614685059e+00
-5.680941104888916016e+00
-4.479119300842285156e+00
-1.835743188858032227e+00
-2.776648044586181641e+00
-3.993041038513183594e+00
-7.285902976989746094e+00
-1.301455974578857422e+00
-7.887061834335327148e-01
-4.333271026611328125e+00
3.433897972106933594e+00
-2.315464615821838379e-01
2.098117113113403320e+00
5.141512751579284668e-01
1.835686564445495605e+00
1.929884433746337891e+00
2.106498003005981445e+00
4.710453510284423828e+00
-1.969774842262268066e+00
-1.898070096969604492e+00
1.850369453430175781e+00
2.101822853088378906e+00
8.392124176025390625e-01
1.267159700393676758e+00
1.263482093811035156e+00
1.295107245445251465e+00
3.949224948883056641e-01
1.416580677032470703e+00
-3.973751783370971680e+00
-6.882203221321105957e-01
2.253509283065795898e+00
2.020648956298828125e+00
1.633486390113830566e+00
-3.397453784942626953e+00
-2.194490909576416016e+00
-2.228075504302978516e+00
-2.358134508132934570e+00
3.755312561988830566e-01
-4.759216606616973877e-01
-1.044026911258697510e-01
3.070082187652587891e+00
9.238411188125610352e-01
1.075784921646118164e+00
-1.238962054252624512e+00
2.855933189392089844e+00
-1.124906897544860840e+00
1.766122877597808838e-02
4.611145257949829102e-01
-6.777265667915344238e-01
7.433044910430908203e-02
4.002745151519775391e-01
1.510713577270507812e+00
1.466506600379943848e+00
-6.132351160049438477e-01
2.425289869308471680e+00
6.984147429466247559e-01
9.090700745582580566e-02
-1.040881395339965820e+00
2.990934848785400391e-01
2.341389894485473633e+00
3.374930858612060547e+00
3.773730099201202393e-01
2.325661182403564453e+00
3.281553030014038086e+00
5.040887594223022461e-01
-1.530400753021240234e+00
2.098945379257202148e+00
1.533998131752014160e+00
-5.877336859703063965e-01
-9.773163795471191406e-01
3.001400470733642578e+00
-6.069945096969604492e-01
-3.069728910923004150e-01
7.946192026138305664e-01
-1.742916822433471680e+00
2.839968681335449219e+00
2.748395919799804688e+00
4.496166110038757324e-01
5.016690492630004883e-02
-2.701669335365295410e-01
-1.194004058837890625e+00
1.309912562370300293e+00
-7.662928104400634766e-02
-4.183943271636962891e+00
6.883727759122848511e-02
3.193760395050048828e+00
1.010364413261413574e+00
1.450377702713012695e+00
3.804542064666748047e+00
-1.418906450271606445e-01
7.028913497924804688e-01
2.665969431400299072e-01
-1.949808716773986816e+00
9.573740363121032715e-01
-1.754702568054199219e+00
-3.942029953002929688e+00
2.498304367065429688e+00
2.100843667984008789e+00
-1.315746784210205078e+00
-1.536851882934570312e+00
3.223559379577636719e+00
-8.183481693267822266e-01
-1.835103273391723633e+00
-1.146129369735717773e+00
3.599033117294311523e+00
-7.821761965751647949e-01
3.569682121276855469e+00
-1.973679423332214355e+00
2.077680110931396484e+00
-8.125284314155578613e-01
2.188688755035400391e+00
1.085836738348007202e-01
1.990143537521362305e+00
4.568957805633544922e+00
-5.477870106697082520e-01
-8.957588672637939453e-01
-1.024339199066162109e+00
-2.649944305419921875e+00
7.870072126388549805e-02
-2.308691740036010742e-01
-3.004253387451171875e+00
3.794537186622619629e-01
1.863594055175781250e-01
2.389589548110961914e+00
2.210858345031738281e+00
1.296401858329772949e+00
7.579010725021362305e-01
-4.346909523010253906e-01
-4.953053474426269531e+00
-3.999122858047485352e+00
-1.300638794898986816e+00
-9.360778331756591797e-01
-2.893194437026977539e+00
-2.391094207763671875e+00
-3.787465333938598633e+00
-7.726898193359375000e+00
-4.115718841552734375e+00
-5.012293815612792969e+00
-3.085968732833862305e+00
-1.076501369476318359e+00
-8.354038000106811523e-02
1.764110326766967773e-01
-1.761644840240478516e+00
1.070266842842102051e+00
-2.829450607299804688e+00
-2.954155445098876953e+00
-4.418880939483642578e+00
-2.405216693878173828e+00
-5.554730415344238281e+00
-1.116256237030029297e+00
-4.745953083038330078e+00
2.281335353851318359e+00
-6.259312152862548828e+00
-3.891497135162353516e+00
-2.573888540267944336e+00
1.185818910598754883e+00
-1.155642509460449219e+00
-5.118277072906494141e+00
-4.737536430358886719e+00
4.062366485595703125e-02
-3.048068284988403320e+00
-1.492483019828796387e+00
-2.156433582305908203e+00
-2.796055793762207031e+00
-3.570003509521484375e+00
-4.964049816131591797e+00
-2.307857036590576172e+00
8.374197483062744141e-01
4.742905497550964355e-01
1.600704193115234375e+00
-1.715320467948913574e+00
-1.572587966918945312e+00
-4.666945934295654297e-01
-1.111038684844970703e+00
-4.758915305137634277e-02
-4.435435295104980469e+00
-3.550025701522827148e+00
1.557599306106567383e+00
1.281387090682983398e+00
-6.771265864372253418e-01
-1.611619353294372559e+00
-2.450432062149047852e+00
-3.139202833175659180e+00
-1.134394407272338867e+00
-2.747602939605712891e+00
-1.584979414939880371e+00
-3.315391778945922852e+00
-4.378019809722900391e+00
-4.441935062408447266e+00
1.109460115432739258e+00
-2.621231079101562500e+00
-6.387439370155334473e-01
4.038189411163330078e+00
-3.054049253463745117e+00
-2.581561803817749023e+00
-3.060718536376953125e+00
-4.627039432525634766e+00
2.318037271499633789e+00
-1.202099800109863281e+00
1.891608238220214844e+00
-1.227007031440734863e+00
-4.311818599700927734e+00
-4.252428531646728516e+00
-2.989801883697509766e+00
-1.606497287750244141e+00
-1.277201175689697266e+00
-3.303608894348144531e+00
-6.787907481193542480e-01
-1.816817760467529297e+00
-3.824802160263061523e+00
-3.072297573089599609e+00
-4.292982101440429688e+00
-6.475436091423034668e-01
-4.690251946449279785e-01
-6.750229001045227051e-01
-2.382524728775024414e+00
-2.474704504013061523e+00
1.843084216117858887e+00
-7.788264751434326172e-02
-1.941897511482238770e+00
-2.599431276321411133e+00
-3.281238079071044922e+00
-1.349720597267150879e+00
1.597182035446166992e+00
-9.523816704750061035e-01
-3.424212455749511719e+00
-7.181333541870117188e+00
-2.992482662200927734e+00
-1.627880215644836426e+00
-5.578822135925292969e+00
-4.839756488800048828e+00
-5.511112689971923828e+00
-7.268899440765380859e+00
-3.071480274200439453e+00
-3.754275798797607422e+00
-1.255950212478637695e+00
1.307845413684844971e-01
-2.307667732238769531e+00
-1.066934108734130859e+00
-4.101394176483154297e+00
-4.400434970855712891e+00
-8.305372595787048340e-01
-7.571144402027130127e-02
-2.631760120391845703e+00
-1.146495938301086426e-01
-1.191409587860107422e+00
3.684206008911132812e-01
2.350658893585205078e+00
-5.630828380584716797e+00
-4.856469154357910156e+00
-3.602641582489013672e+00
4.282789707183837891e+00
9.582929611206054688e-01
-4.782407760620117188e+00
-1.634445428848266602e+00
2.935545444488525391e+00
-2.463714599609375000e+00
7.340085506439208984e+00
1.036200523376464844e+00
5.746496319770812988e-01
-3.442875385284423828e+00
2.880482375621795654e-01
-3.284426689147949219e+00
2.616842985153198242e-01
3.658484458923339844e+00
3.535943329334259033e-01
-4.598275721073150635e-01
-2.699986457824707031e+00
6.523131132125854492e-01
-1.787685990333557129e+00
1.522835135459899902e+00
2.716617584228515625e+00
-1.880507618188858032e-01
2.389935493469238281e+00
1.979262232780456543e-01
-4.772931337356567383e-02
7.223399162292480469e+00
6.494528651237487793e-01
1.375068426132202148e+00
-2.173976659774780273e+00
-5.743188858032226562e-01
2.716892242431640625e+00
-1.718887686729431152e-01
2.673396348953247070e+00
-3.890564441680908203e-01
5.846887230873107910e-01
-3.057150542736053467e-01
-1.840175986289978027e-01
1.247179269790649414e+00
1.117972135543823242e+00
-9.953726530075073242e-01
-3.808748245239257812e+00
2.560923099517822266e+00
4.915443420410156250e+00
1.594232439994812012e+00
-2.174028754234313965e-02
-1.670403718948364258e+00
-1.896153211593627930e+00
2.032289505004882812e-01
-2.804620265960693359e-01
-6.566238403320312500e-02
-1.539610624313354492e+00
8.304673194885253906e+00
-2.601533889770507812e+00
-1.166653871536254883e+00
2.683857440948486328e+00
2.077072143554687500e+00
5.040632247924804688e+00
-1.312658339738845825e-01
-8.764320015907287598e-01
3.488054275512695312e+00
3.001202583312988281e+00
-3.622804164886474609e+00
-1.927483558654785156e+00
2.234173297882080078e+00
6.865983009338378906e-01
2.554847002029418945e+00
1.100955531001091003e-01
1.568948745727539062e+00
-4.176987171173095703e+00
2.139024138450622559e-01
1.526697397232055664e+00
4.227498054504394531e+00
2.377150535583496094e+00
1.068951487541198730e+00
-2.558390378952026367e+00
-7.098850011825561523e-01
-2.928731679916381836e+00
-2.258149385452270508e+00
4.031548976898193359e+00
4.618476033210754395e-01
-2.433843612670898438e+00
3.736650466918945312e+00
1.904865026473999023e+00
-1.028349995613098145e+00
-2.012083292007446289e+00
-1.132973074913024902e+00
2.980682849884033203e+00
-3.510357379913330078e+00
1.021852254867553711e+00
1.093185782432556152e+00
2.459744453430175781e+00
-7.895147800445556641e-01
-7.091778755187988281e+00
3.271797418594360352e+00
-2.942535161972045898e+00
2.583700180053710938e+00
4.289683341979980469e+00
6.717629432678222656e-01
3.044717073440551758e+00
-2.484069585800170898e+00
-4.891296625137329102e-01
3.342806696891784668e-01
-3.162321820855140686e-02
-6.174377799034118652e-01
3.063639879226684570e+00
1.210779786109924316e+00
-1.983614563941955566e-01
1.381868839263916016e+00
-1.448547959327697754e+00
1.497648239135742188e+00
1.236684799194335938e+00
4.741818904876708984e-01
2.440376758575439453e+00
3.081423044204711914e+00
4.991949558258056641e+00
3.812425136566162109e+00
2.635789155960083008e+00
2.770275831222534180e+00
-3.015101909637451172e+00
-3.581426858901977539e+00
-1.332426428794860840e+00
-4.771053791046142578e-02
1.781416058540344238e+00
7.223060607910156250e+00
-4.380739331245422363e-01
-2.432894945144653320e+00
6.179210186004638672e+00
2.672044515609741211e+00
2.542732715606689453e+00
5.050408840179443359e-02
3.541337728500366211e+00
-2.052432775497436523e+00
-4.133139133453369141e+00
-3.167653799057006836e+00
-2.517963945865631104e-01
8.949284553527832031e-01
-2.344154834747314453e+00
1.426472187042236328e+00
3.825228452682495117e+00
-6.107746362686157227e-01
7.315983176231384277e-01
5.374559402465820312e+00
2.257451772689819336e+00
-1.586007833480834961e+00
-1.724465131759643555e+00
-6.974923610687255859e-01
2.062891244888305664e+00
2.705054283142089844e+00
-4.095339298248291016e+00
4.677664339542388916e-01
3.349938392639160156e+00
5.817554950714111328e+00
-2.951823949813842773e+00
4.880053043365478516e+00
-2.090735197067260742e+00
-2.132521152496337891e+00
-2.264130592346191406e+00
8.931455612182617188e+00
-4.251019477844238281e+00
6.540322303771972656e-02
3.256833314895629883e+00
8.630573749542236328e-03
-3.036556720733642578e+00
-9.965090751647949219e-01
3.799082994461059570e+00
1.278310060501098633e+00
-4.269391536712646484e+00
-1.806606769561767578e+00
2.802175521850585938e+00
-2.124655961990356445e+00
6.733456850051879883e-01
-3.477247714996337891e+00
-6.397977471351623535e-01
1.619091987609863281e+00
6.286309957504272461e-01
-1.013960361480712891e+00
-1.775036692619323730e+00
-1.911276459693908691e+00
1.810481190681457520e+00
-3.510236501693725586e+00
3.639843225479125977e+00
-3.077410459518432617e+00
3.355513811111450195e+00
-3.316347837448120117e+00
-1.979665994644165039e+00
4.046332359313964844e+00
-5.072934031486511230e-01
-3.169098854064941406e+00
1.717787861824035645e+00
5.443300604820251465e-01
-8.276525735855102539e-01
2.101881802082061768e-02
8.633317947387695312e+00
2.885000944137573242e+00
-2.279380321502685547e+00
-3.714855670928955078e+00
4.900207042694091797e+00
2.057874679565429688e+00
-2.015534400939941406e+00
8.249814987182617188e+00
1.656661033630371094e+00
1.406653642654418945e+00
-2.305533885955810547e+00
-4.688166141510009766e+00
-4.702067375183105469e-02
1.175407886505126953e+00
3.956328630447387695e-01
1.017383098602294922e+00
4.136321067810058594e+00
3.084363341331481934e-01
-6.838076114654541016e-01
-1.600373148918151855e+00
4.046663641929626465e-01
5.488751411437988281e+00
2.672387838363647461e+00
3.199312686920166016e-01
9.136550426483154297e-01
-9.332437515258789062e-01
4.123785495758056641e+00
6.736337661743164062e+00
-1.986825466156005859e+00
2.356682538986206055e+00
3.691726207733154297e+00
1.291000008583068848e+00
6.341234683990478516e+00
9.586219787597656250e-01
-4.109893143177032471e-01
6.668399333953857422e+00
5.984778881072998047e+00
1.620682775974273682e-01
-9.949111938476562500e-01
2.035786628723144531e+00
5.532590150833129883e-01
-3.998821258544921875e+00
-2.052921772003173828e+00
-3.928363561630249023e+00
-5.029783725738525391e+00
-1.169581174850463867e+00
-6.316651821136474609e+00
3.305379152297973633e+00
4.083612442016601562e+00
-3.780733346939086914e-01
-1.752408504486083984e+00
2.801161050796508789e+00
1.922495245933532715e+00
3.614077568054199219e+00
-1.040630489587783813e-01
3.678755164146423340e-01
1.987515687942504883e-01
7.290951609611511230e-01
-1.121460080146789551e+00
3.896153211593627930e+00
-1.535707473754882812e+00
3.107130527496337891e+00
5.382447242736816406e+00
1.950042605400085449e+00
-5.499330759048461914e-01
-1.759180188179016113e+00
2.298451185226440430e+00
-2.053853869438171387e-01
9.827525615692138672e-01
-9.015869498252868652e-01
-1.887429594993591309e+00
1.265577375888824463e-01
-2.921427488327026367e+00
7.284228205680847168e-01
1.813699007034301758e+00
3.136668205261230469e+00
-1.813308715820312500e+00
-4.058495521545410156e+00
1.976273775100708008e+00
-8.476305603981018066e-01
1.223147392272949219e+00
-1.886304616928100586e+00
1.409132242202758789e+00
1.048624396324157715e+00
7.120400667190551758e-01
1.191883444786071777e+00
4.911541342735290527e-01
7.883355021476745605e-01
-2.776083946228027344e+00
2.957108259201049805e+00
-1.416028738021850586e-01
-3.630821228027343750e+00
-2.626852273941040039e+00
-1.800059199333190918e+00
1.779718518257141113e+00
5.004309654235839844e+00
6.590504646301269531e+00
-6.536654233932495117e-01
1.299749374389648438e+00
-3.008540630340576172e+00
-6.744732260704040527e-01
-2.565791606903076172e+00
8.182615637779235840e-01
-8.863312602043151855e-01
1.047425270080566406e+00
-1.298676848411560059e+00
-1.834589958190917969e+00
3.152025461196899414e+00
2.870659351348876953e+00
-1.791732549667358398e+00
-3.893357753753662109e+00
2.147750377655029297e+00
4.149622917175292969e+00
2.540645837783813477e+00
1.586953520774841309e+00
4.027673602104187012e-01
9.979078292846679688e+00
4.889373302459716797e+00
-1.817422866821289062e+00
-2.720108509063720703e+00
6.102762222290039062e-01
-1.596950054168701172e+00
-6.427640914916992188e-01
1.768064200878143311e-01
5.695887804031372070e-01
2.096657752990722656e+00
4.619908630847930908e-01
3.042820930480957031e+00
-2.666149616241455078e+00
1.986806392669677734e+00
4.162679672241210938e+00
-2.217197895050048828e+00
2.065195560455322266e+00
-4.466901302337646484e+00
-3.205426692962646484e+00
2.197877645492553711e+00
-1.123101234436035156e+00
6.864144802093505859e+00
2.535465240478515625e+00
6.673928737640380859e+00
-4.748157024383544922e+00
2.809357166290283203e+00
-2.638327598571777344e+00
4.282731533050537109e+00
4.566457748413085938e+00
5.169640064239501953e+00
-2.520502328872680664e+00
2.181819438934326172e+00
4.115552902221679688e+00
1.540206432342529297e+00
-2.196563243865966797e+00
8.283819198608398438e+00
-8.083187341690063477e-01
-5.122923851013183594e-02
-1.830458641052246094e-03
3.295979499816894531e+00
-1.319772899150848389e-01
6.374153137207031250e+00
1.014160871505737305e+00
3.412583112716674805e+00
-2.610533237457275391e-01
-1.346298694610595703e+00
-1.401540637016296387e-01
1.825470566749572754e+00
3.762900829315185547e+00
1.471252918243408203e+00
4.876385211944580078e+00
-2.590952157974243164e+00
2.483621835708618164e-01
5.484041571617126465e-01
2.807492911815643311e-01
1.211336135864257812e+00
1.020904421806335449e+00
-1.205392122268676758e+00
-1.905451297760009766e+00
2.186888694763183594e+00
-9.653971195220947266e-01
2.575673341751098633e+00
1.308776140213012695e+00
-2.888623952865600586e+00
4.937231540679931641e-03
1.902789711952209473e+00
-3.457277536392211914e+00
9.978891015052795410e-01
6.326950073242187500e+00
1.837806940078735352e+00
9.319307804107666016e-01
1.305005192756652832e+00
4.748511314392089844e+00
1.228442192077636719e+00
-5.237653851509094238e-01
-1.883718371391296387e+00
-2.247060060501098633e+00
-1.923785686492919922e+00
4.497679233551025391e+00
-4.363569259643554688e+00
-5.461952686309814453e+00
-3.333438932895660400e-01
1.476336479187011719e+00
-2.086492538452148438e+00
-1.838747859001159668e-01
5.956310033798217773e-02
-6.186220645904541016e-01
6.169491767883300781e+00
-1.306157350540161133e+00
1.219345688819885254e+00
-1.789276123046875000e+00
-6.573330760002136230e-01
3.377759218215942383e+00
5.805262088775634766e+00
6.996781826019287109e+00
1.095031857490539551e+00
3.463254690170288086e+00
9.007704257965087891e-01
1.101745486259460449e+00
1.498084545135498047e+00
-1.214516639709472656e+00
-4.892160594463348389e-01
-3.451907157897949219e+00
-3.633904933929443359e+00
6.881438493728637695e-01
4.505334854125976562e+00
2.455827951431274414e+00
2.692743301391601562e+00
7.819069385528564453e+00
1.853758096694946289e+00
-9.635452628135681152e-01
2.365339279174804688e+00
1.365022420883178711e+00
-1.316497325897216797e+00
-3.486640214920043945e+00
3.104334354400634766e+00
4.002131938934326172e+00
-3.619231462478637695e+00
5.230996608734130859e+00
-2.677637577056884766e+00
-7.023445367813110352e-01
-4.667243003845214844e+00
3.776346445083618164e-01
3.202618122100830078e+00
4.509358406066894531e+00
-1.297344326972961426e+00
3.771042585372924805e+00
-5.492289662361145020e-01
2.853977203369140625e+00
-6.486870646476745605e-01
-1.418660163879394531e+00
9.844111204147338867e-01
2.012754201889038086e+00
-3.844309568405151367e+00
-8.763562440872192383e-01
3.957525491714477539e-01
-1.055798768997192383e+00
2.366822957992553711e-01
2.374490737915039062e+00
-4.125489711761474609e+00
2.467722177505493164e+00
2.981501817703247070e+00
-7.487996220588684082e-01
2.290552556514739990e-01
4.504525184631347656e+00
-6.551014184951782227e-01
3.080124139785766602e+00
-1.197508335113525391e+00
2.408829212188720703e+00
4.118849277496337891e+00
4.598360061645507812e+00
2.945143461227416992e+00
3.078624248504638672e+00
-2.678855180740356445e+00
2.179160594940185547e+00
2.395853757858276367e+00
-1.436591625213623047e+00
-6.245141029357910156e-01
2.980612277984619141e+00
1.313396215438842773e+00
-1.143660068511962891e+00
3.687308549880981445e+00
-4.238283634185791016e-01
1.672437191009521484e+00
-2.690660953521728516e+00
3.028346776962280273e+00
-4.729206562042236328e+00
-2.306289196014404297e+00
3.987459182739257812e+00
-1.179971456527709961e+00
1.901280522346496582e+00
-3.912916183471679688e+00
3.074469089508056641e+00
-1.663851022720336914e+00
-3.087021589279174805e+00
1.769169211387634277e+00
2.263833582401275635e-01
-1.350241184234619141e+00
-1.752139210700988770e+00
4.679244518280029297e+00
2.329983234405517578e+00
-2.837872028350830078e+00
4.327008128166198730e-02
4.139654636383056641e+00
1.331131160259246826e-01
7.329710006713867188e+00
-1.195797801017761230e+00
-5.234771966934204102e-01
-1.318358898162841797e+00
-1.413336634635925293e+00
5.630831241607666016e+00
6.675404310226440430e-01
4.266718387603759766e+00
7.717536449432373047e+00
3.382236003875732422e+00
9.751760959625244141e-01
2.408220052719116211e+00
1.421615958213806152e+00
6.251968383789062500e+00
1.923998594284057617e+00
9.494620561599731445e-02
-1.221452951431274414e+00
1.627819299697875977e+00
-8.212609291076660156e-01
2.275746822357177734e+00
2.177213907241821289e+00
1.861527919769287109e+00
7.324854135513305664e-01
-1.053715705871582031e+00
-4.425017237663269043e-01
1.568618774414062500e+00
7.687557697296142578e+00
-7.188030481338500977e-01
-2.872975349426269531e+00
-3.368385791778564453e+00
-3.428678989410400391e+00
3.901065349578857422e+00
4.940165519714355469e+00
-1.908403754234313965e+00
2.826217412948608398e+00
1.662274003028869629e+00
3.542729616165161133e+00
5.517482757568359375e-03
4.715556144714355469e+00
-2.844283580780029297e-01
3.946811854839324951e-01
-3.217801094055175781e+00
4.952982962131500244e-01
2.621379137039184570e+00
8.659124374389648438e-03
-2.689125537872314453e+00
-1.419415354728698730e+00
-3.137661218643188477e+00
6.568064689636230469e-01
1.453990459442138672e+00
-2.778366804122924805e+00
1.939419150352478027e+00
-1.797934293746948242e+00
-2.062523961067199707e-01
-3.381150215864181519e-02
-1.376381397247314453e+00
-1.459585666656494141e+00
-1.513880848884582520e+00
-2.161676287651062012e-01
1.580428361892700195e+00
4.436158537864685059e-01
-2.238094210624694824e-01
-1.757406592369079590e-01
1.803431510925292969e+00
-2.456231355667114258e+00
1.354189157485961914e+00
2.579526185989379883e+00
1.073663830757141113e+00
4.287540912628173828e-01
-7.807951569557189941e-01
7.034822106361389160e-01
1.882970482110977173e-01
-2.938051700592041016e+00
7.116436958312988281e-01
-1.298410654067993164e+00
-1.576659321784973145e+00
6.032559871673583984e-01
-2.690104722976684570e+00
-4.093179225921630859e+00
-5.838088989257812500e+00
-4.712753295898437500e+00
7.777779102325439453e-01
-7.659717202186584473e-01
3.525776386260986328e+00
-1.909023761749267578e+00
3.678452670574188232e-01
5.004786968231201172e+00
3.633285164833068848e-01
2.115389823913574219e+00
-3.695967197418212891e+00
-8.541808128356933594e-01
-3.498353958129882812e+00
-4.402201652526855469e+00
1.203137516975402832e+00
1.629267454147338867e+00
2.007214069366455078e+00
-3.806771636009216309e-01
8.021059036254882812e-01
7.443905472755432129e-01
-2.343729972839355469e+00
3.226474285125732422e+00
-1.600768327713012695e+00
-2.333649158477783203e+00
-4.444159984588623047e+00
-1.693549513816833496e+00
-3.933025836944580078e+00
1.861423134803771973e+00
-7.391341924667358398e-01
-3.112285852432250977e+00
-2.219759702682495117e+00
4.273705959320068359e+00
-1.986211836338043213e-01
-2.247243165969848633e+00
-7.176996469497680664e-01
1.036733055114746094e+01
