3.624785542488098145e-01
1.519308805465698242e+00
-3.397986292839050293e-01
-3.343396186828613281e-01
7.428851723670959473e-02
2.166354656219482422e+00
1.366149783134460449e+00
-8.564258813858032227e-01
-1.697492599487304688e+00
-6.507551074028015137e-01
-1.376810550689697266e+00
-1.883571147918701172e-01
-3.836753845214843750e+00
3.354156911373138428e-01
8.898603916168212891e-02
-3.528431653976440430e+00
-4.226037979125976562e+00
5.604264736175537109e+00
2.332538962364196777e-01
2.810536384582519531e+00
-6.044472694396972656e+00
-4.848544120788574219e+00
-5.753477573394775391e+00
-3.160288333892822266e+00
-2.472115755081176758e+00
-1.691459178924560547e+00
-3.372574329376220703e+00
-4.068530559539794922e+00
1.657282352447509766e+00
-3.131206035614013672e-01
-4.417863368988037109e+00
-2.713267803192138672e-01
-4.542937278747558594e+00
-2.261767148971557617e+00
1.414870500564575195e+00
-3.104036092758178711e+00
-5.522273778915405273e-01
-2.165067195892333984e+00
1.624683737754821777e-01
-2.858755826950073242e+00
-1.968049407005310059e+00
-2.557496786117553711e+00
-1.994423151016235352e+00
-3.797876238822937012e-01
-2.274133205413818359e+00
-6.825391650199890137e-01
-2.036199092864990234e+00
-2.042172908782958984e+00
-3.454961538314819336e+00
-7.727794647216796875e+00
-1.954647302627563477e+00
-7.570448517799377441e-01
-3.674746751785278320e-01
1.565901637077331543e-01
5.249529480934143066e-01
2.066330909729003906e+00
2.762676239013671875e+00
-4.403021335601806641e+00
-2.398848772048950195e+00
-2.342371940612792969e-01
-1.922700405120849609e-01
7.081173658370971680e-01
2.594913244247436523e+00
-9.840819835662841797e-01
1.685068488121032715e+00
1.627447843551635742e+00
2.689330339431762695e+00
9.017118215560913086e-01
1.472164392471313477e+00
2.682142257690429688e+00
-4.423844814300537109e+00
7.663984298706054688e-01
-4.537325203418731689e-01
1.506581664085388184e+00
1.173490524291992188e+00
1.776893377304077148e+00
1.819558382034301758e+00
3.658067226409912109e+00
-5.605998039245605469e-01
-1.680105924606323242e+00
2.849756479263305664e-01
-2.104733467102050781e+00
-1.040886342525482178e-02
-1.581832289695739746e+00
-9.848177433013916016e-02
-5.658873319625854492e-01
-1.790635108947753906e+00
2.309048414230346680e+00
3.149129629135131836e+00
1.202711582183837891e+00
-2.139913320541381836e+00
-5.005434989929199219e+00
-1.818270921707153320e+00
-4.079507827758789062e+00
-1.094920158386230469e+00
-4.282793045043945312e+00
-1.849767267704010010e-01
3.522931337356567383e-01
-2.669515848159790039e+00
-3.218660831451416016e+00
-3.642283916473388672e+00
-3.010007858276367188e+00
-3.421382904052734375e+00
4.197737574577331543e-02
-2.250047922134399414e+00
5.424068570137023926e-01
-1.045683503150939941e+00
6.221653461456298828e+00
2.400451898574829102e+00
3.096552133560180664e+00
-2.448266983032226562e+00
-2.382696628570556641e+00
1.611423492431640625e-02
-4.886455535888671875e-01
-5.067273616790771484e+00
8.087253570556640625e-01
-2.997674465179443359e+00
6.713853836059570312e+00
1.805016994476318359e+00
-1.832172393798828125e+00
-3.012020587921142578e+00
-2.106502532958984375e+00
1.140212059020996094e+00
-1.899558782577514648e+00
1.603544354438781738e+00
1.639937043190002441e+00
8.482979536056518555e-01
-5.672964572906494141e+00
-8.011027336120605469e+00
-3.246400833129882812e+00
-1.161154031753540039e+00
-6.358834505081176758e-01
5.127549767494201660e-01
-3.546088933944702148e+00
-1.552739024162292480e+00
-4.782548427581787109e+00
-3.552838325500488281e+00
-2.186954021453857422e+00
-1.392340183258056641e+00
-3.021655082702636719e+00
1.806915521621704102e+00
-2.049933910369873047e+00
-4.102649211883544922e+00
-6.489827156066894531e+00
-4.093790054321289062e-02
-1.271727800369262695e+00
-2.319388151168823242e+00
-4.158323287963867188e+00
-1.990252017974853516e+00
1.985489130020141602e-01
-4.169957160949707031e+00
4.607435226440429688e+00
-1.302957534790039062e-04
5.146135330200195312e+00
4.826255321502685547e+00
5.845663547515869141e+00
8.734879493713378906e-01
2.369384050369262695e+00
2.696732521057128906e+00
-2.117134809494018555e+00
-1.677923202514648438e+00
-7.998654246330261230e-01
2.558374404907226562e+00
-3.622698545455932617e+00
1.075179696083068848e+00
1.265908718109130859e+00
2.908455133438110352e-01
-1.424631834030151367e+00
-1.341212034225463867e+00
-2.235070705413818359e+00
-1.158436298370361328e+00
5.923748612403869629e-01
2.671316564083099365e-01
-1.005213141441345215e+00
-3.857447504997253418e-01
-1.889097929000854492e+00
1.174171566963195801e+00
-2.932475805282592773e+00
1.719848275184631348e+00
-1.215586423873901367e+00
-7.955814003944396973e-01
3.622488021850585938e+00
2.322077989578247070e+00
2.797118425369262695e+00
-1.454387307167053223e+00
2.866693496704101562e+00
9.359633326530456543e-01
3.175631284713745117e+00
1.510789036750793457e+00
1.231747388839721680e+00
1.311827898025512695e+00
-8.404419422149658203e-01
2.709249258041381836e+00
7.590726613998413086e-01
9.152561426162719727e-01
2.790440082550048828e+00
1.258500814437866211e+00
3.525190949440002441e-01
2.743760943412780762e-01
8.181089162826538086e-01
2.029763221740722656e+00
2.631911039352416992e+00
2.419878005981445312e+00
3.278390407562255859e+00
5.899435520172119141e+00
-1.616606235504150391e+00
-3.907475709915161133e+00
-2.329724431037902832e-01
1.625416874885559082e+00
-1.586326599121093750e+00
-9.354734420776367188e-01
1.560282826423645020e+00
-1.337405085563659668e+00
-4.231795310974121094e+00
-1.880682826042175293e+00
-1.562821388244628906e+00
2.737622261047363281e+00
1.754064559936523438e+00
-2.012233734130859375e+00
1.590700507164001465e+00
-2.804897069931030273e+00
-1.015738487243652344e+00
-1.403310537338256836e+00
1.692336916923522949e+00
-3.177445173263549805e+00
-1.679274559020996094e+00
5.819897651672363281e-01
-8.256231546401977539e-01
4.987367987632751465e-01
1.948193430900573730e+00
1.319142937660217285e+00
7.896707057952880859e-01
-1.016384124755859375e+00
3.663437813520431519e-02
-9.693688750267028809e-01
-3.124765634536743164e+00
-2.581079483032226562e+00
3.123257875442504883e+00
5.698114037513732910e-01
-2.725680828094482422e+00
-1.957664489746093750e+00
2.396805286407470703e+00
1.573027729988098145e+00
-5.253359079360961914e-01
-2.016642093658447266e+00
2.732290267944335938e+00
-2.284791231155395508e+00
8.732045292854309082e-01
1.998583316802978516e+00
4.766824722290039062e+00
1.958022594451904297e+00
2.814801931381225586e+00
2.156874418258666992e+00
9.516389966011047363e-01
4.795874595642089844e+00
-1.861379384994506836e+00
-1.461415171623229980e+00
-2.447597980499267578e-01
-1.300011515617370605e+00
4.588909626007080078e+00
2.244747400283813477e+00
9.465690851211547852e-01
2.401515722274780273e+00
3.683608293533325195e+00
1.691002607345581055e+00
4.247593402862548828e+00
4.028921127319335938e+00
5.943709611892700195e-02
-1.367880105972290039e-01
-2.804998397827148438e+00
-4.052851200103759766e+00
-4.758840084075927734e+00
-1.299190998077392578e+00
-2.435628175735473633e+00
-4.152995109558105469e+00
-3.387585163116455078e+00
-6.372742652893066406e+00
-2.148602724075317383e+00
-2.922877311706542969e+00
-8.011018037796020508e-01
-1.507515430450439453e+00
-5.875430703163146973e-01
6.861639618873596191e-01
2.679057359695434570e+00
2.233027458190917969e+00
-1.419512867927551270e+00
-3.203343868255615234e+00
-2.202109575271606445e+00
-3.048444986343383789e+00
-5.991710662841796875e+00
1.379960179328918457e-01
-6.477572441101074219e+00
2.295722007751464844e+00
-5.318224906921386719e+00
-4.523936271667480469e+00
-2.303683280944824219e+00
-9.215183258056640625e-01
-7.464491128921508789e-01
-5.655991077423095703e+00
-3.780041694641113281e+00
1.282485723495483398e+00
-2.611189126968383789e+00
-4.733936190605163574e-01
-2.234730720520019531e+00
-1.282447695732116699e+00
-1.000759482383728027e+00
-4.353389739990234375e-01
-2.150737524032592773e+00
1.181540012359619141e+00
4.061633110046386719e+00
3.457401275634765625e+00
-3.062308311462402344e+00
-5.120528340339660645e-01
-7.910778522491455078e-01
9.584884047508239746e-01
1.761266589164733887e+00
-3.657368659973144531e+00
-3.975377321243286133e+00
-4.161082208156585693e-01
8.680835366249084473e-01
-1.624682903289794922e+00
-1.020183086395263672e+00
-2.991231203079223633e+00
-1.882621526718139648e+00
-8.014284372329711914e-01
-2.717380046844482422e+00
-2.356917142868041992e+00
-8.088438510894775391e-01
-1.150241136550903320e+00
-1.159271478652954102e+00
2.920297145843505859e+00
-8.301168680191040039e-03
4.046169757843017578e+00
8.020632743835449219e+00
-2.020252943038940430e-01
-5.613535404205322266e+00
-2.507874011993408203e+00
-5.138426780700683594e+00
3.619917154312133789e+00
-1.822628021240234375e+00
3.067842483520507812e+00
-2.838143825531005859e+00
-4.690089225769042969e+00
-4.182282686233520508e-01
-5.955771803855895996e-01
-3.971638202667236328e+00
-2.852756261825561523e+00
-4.574667453765869141e+00
-6.280304789543151855e-01
-5.704663753509521484e+00
-5.336934566497802734e+00
-3.306511878967285156e+00
-4.344393253326416016e+00
-2.301717519760131836e+00
-2.577845573425292969e+00
-4.340830802917480469e+00
9.022546410560607910e-01
-2.453835904598236084e-01
4.269060611724853516e+00
3.704750537872314453e+00
-8.111016154289245605e-01
4.330128192901611328e+00
1.938671112060546875e+00
8.948380351066589355e-01
2.980479001998901367e+00
-1.831157684326171875e+00
-3.127642154693603516e+00
-5.400216579437255859e+00
-6.751501560211181641e-01
-2.969371080398559570e+00
-3.554101228713989258e+00
-2.495509147644042969e+00
-5.107214450836181641e+00
-4.735558509826660156e+00
-2.678873300552368164e+00
2.053730785846710205e-01
-1.591911554336547852e+00
8.183922171592712402e-01
-2.896030902862548828e+00
-3.637598037719726562e+00
-2.776462793350219727e+00
-4.468186378479003906e+00
-2.934454441070556641e+00
2.556715965270996094e+00
-1.497008800506591797e-01
-1.555657386779785156e+00
-4.353057384490966797e+00
5.156832933425903320e-01
3.261210918426513672e-01
-1.408259391784667969e+00
-2.228039503097534180e+00
5.299434661865234375e-01
1.386888623237609863e+00
2.920518159866333008e+00
-1.538563966751098633e+00
-1.056384325027465820e+00
3.856693267822265625e+00
2.877555370330810547e+00
2.539915561676025391e+00
1.989561080932617188e+00
-2.205572366714477539e+00
-2.894327878952026367e+00
2.439415216445922852e+00
-5.952558040618896484e+00
-4.294264793395996094e+00
-3.885932266712188721e-02
4.198413491249084473e-01
-3.532884359359741211e+00
-5.846741199493408203e+00
2.067815065383911133e+00
-2.274588108062744141e+00
2.026861906051635742e+00
1.731657624244689941e+00
-9.972972273826599121e-01
4.025868415832519531e+00
-2.125536203384399414e+00
-1.305176258087158203e+00
5.420923233032226562e+00
2.844232916831970215e-01
2.556368112564086914e+00
-8.396677970886230469e-01
-3.739817380905151367e+00
-6.851685643196105957e-01
-1.400759220123291016e+00
1.569759845733642578e+00
-2.071871757507324219e+00
1.373007059097290039e+00
-4.126293361186981201e-01
-6.182454824447631836e-01
3.799351930618286133e+00
-1.379506468772888184e+00
1.685857653617858887e+00
-3.895539999008178711e+00
1.444676160812377930e+00
5.683968544006347656e+00
2.401569366455078125e+00
-1.338884592056274414e+00
-6.634223461151123047e-01
-6.472163200378417969e-01
1.378208398818969727e-01
-1.823571920394897461e-01
1.578804731369018555e+00
-4.142693996429443359e+00
8.183764457702636719e+00
-3.912278652191162109e+00
3.947227001190185547e-01
1.892978429794311523e+00
5.385554790496826172e+00
-1.471977233886718750e+00
-3.328069210052490234e+00
1.051491737365722656e+00
1.902184486389160156e-01
2.968339204788208008e+00
-2.161343812942504883e+00
-3.561139106750488281e+00
-1.392028570175170898e+00
-4.445534229278564453e+00
3.740912199020385742e+00
-2.310193061828613281e+00
4.797603130340576172e+00
-5.813926219940185547e+00
3.550403118133544922e+00
9.694550037384033203e-01
4.451789855957031250e+00
4.345629692077636719e+00
1.122641801834106445e+00
-1.937235713005065918e+00
-2.849750757217407227e+00
-3.728045225143432617e+00
1.850041270256042480e+00
3.748050212860107422e+00
-2.562131881713867188e+00
-2.852439880371093750e+00
3.765353202819824219e+00
3.350522041320800781e+00
7.656307891011238098e-03
-2.209196329116821289e+00
-2.778643131256103516e+00
1.142086744308471680e+00
-3.885085821151733398e+00
1.054134488105773926e+00
2.505622386932373047e+00
1.243028879165649414e+00
-1.511427879333496094e+00
-5.925857543945312500e+00
4.701975822448730469e+00
4.819518923759460449e-01
3.816762924194335938e+00
2.759716749191284180e+00
-1.170996427536010742e+00
5.082221031188964844e+00
-5.066649913787841797e+00
1.861585378646850586e+00
-6.259848475456237793e-01
-5.480413436889648438e+00
8.176469206809997559e-01
3.502853870391845703e+00
-2.001190185546875000e+00
8.811455368995666504e-01
-6.968623399734497070e-02
-6.199525356292724609e+00
1.145031690597534180e+00
4.478789806365966797e+00
2.001105070114135742e+00
6.932564258575439453e+00
1.158226966857910156e+00
5.688347816467285156e-01
-1.871217608451843262e+00
-5.483564138412475586e-01
-9.244676232337951660e-01
-1.433200836181640625e+00
-3.510208129882812500e+00
-2.673677682876586914e+00
-6.713455915451049805e-02
9.678491353988647461e-01
5.651179313659667969e+00
-3.811830282211303711e-02
-4.300719738006591797e+00
7.755981445312500000e+00
1.915361166000366211e+00
2.633166790008544922e+00
2.790218293666839600e-01
5.604949593544006348e-02
7.790514826774597168e-01
-1.151983261108398438e+00
-4.248489856719970703e+00
9.166659116744995117e-01
3.392151296138763428e-01
-7.514672279357910156e-01
3.448517322540283203e+00
2.288539171218872070e+00
-2.719228744506835938e+00
2.651711404323577881e-01
5.243716239929199219e+00
3.079938411712646484e+00
-1.621359825134277344e+00
-3.991742134094238281e+00
-7.241838574409484863e-01
-2.190803527832031250e+00
2.565460205078125000e+00
-3.023748397827148438e+00
3.233406543731689453e+00
2.967150211334228516e+00
4.167257308959960938e+00
-4.954780936241149902e-01
4.485447883605957031e+00
1.294986605644226074e-01
-3.004693031311035156e+00
-2.548049926757812500e+00
6.400761127471923828e+00
-3.077760696411132812e+00
-1.617162942886352539e+00
6.130356788635253906e+00
-2.259855031967163086e+00
-3.720807313919067383e+00
-3.929360508918762207e-01
4.330149650573730469e+00
2.052440166473388672e+00
-2.500896692276000977e+00
-2.334817409515380859e+00
4.498814105987548828e+00
-3.957917213439941406e+00
9.671770334243774414e-01
-2.030648231506347656e+00
-2.032307624816894531e+00
3.411222219467163086e+00
-1.070454120635986328e+00
-1.672873795032501221e-01
2.044687509536743164e+00
-2.892420291900634766e+00
5.350197792053222656e+00
-4.332942008972167969e+00
6.774526596069335938e+00
-3.707378625869750977e+00
9.753884077072143555e-01
-3.250078916549682617e+00
-2.770727396011352539e+00
-3.028739690780639648e-01
-2.412304282188415527e-02
-1.725887775421142578e+00
-3.207226991653442383e-01
-1.193635702133178711e+00
-3.272102355957031250e+00
-2.982607841491699219e+00
7.674282073974609375e+00
4.302719593048095703e+00
-4.998876094818115234e+00
-3.089931964874267578e+00
6.732029438018798828e+00
3.093770742416381836e+00
2.971042394638061523e-01
1.177781772613525391e+01
-2.411258697509765625e+00
1.441604375839233398e+00
-2.617202043533325195e+00
-5.809066295623779297e+00
1.762805342674255371e+00
1.855914711952209473e+00
6.444878578186035156e-01
3.289369344711303711e-01
3.425629615783691406e+00
1.175067901611328125e+00
-1.716588258743286133e+00
-1.870819211006164551e+00
1.597604155540466309e-02
-1.331169605255126953e+00
4.379525661468505859e+00
-1.195335388183593750e+00
3.466773986816406250e+00
-2.105854749679565430e+00
3.874772787094116211e+00
6.185521602630615234e+00
-3.765910863876342773e+00
-2.482937276363372803e-02
5.515960693359375000e+00
4.644509792327880859e+00
5.150102615356445312e+00
1.122525811195373535e+00
1.327131271362304688e+00
5.905380725860595703e+00
4.096272945404052734e+00
-3.579232692718505859e+00
1.472553849220275879e+00
1.569091796875000000e+00
-1.989631414413452148e+00
-4.213230133056640625e+00
1.661417245864868164e+00
-5.606824398040771484e+00
-3.847783803939819336e+00
-1.294188022613525391e+00
8.583325147628784180e-02
3.966210126876831055e+00
2.951612949371337891e+00
-3.043321371078491211e-01
-1.455463290214538574e+00
-2.019196510314941406e+00
4.925745487213134766e+00
3.798658847808837891e-01
-1.037386775016784668e+00
-4.576019644737243652e-01
-1.234834909439086914e+00
4.282654285430908203e+00
-1.232968807220458984e+00
5.540611743927001953e+00
-2.722025394439697266e+00
1.648375272750854492e+00
1.458212614059448242e+00
3.610441207885742188e+00
-3.537855744361877441e-01
-4.591274738311767578e+00
2.726311206817626953e+00
-1.543332576751708984e+00
-4.164140224456787109e+00
1.282882690429687500e+00
-2.204616546630859375e+00
3.124123096466064453e+00
-2.321688652038574219e+00
-1.831491708755493164e+00
6.369326114654541016e+00
1.629288077354431152e+00
-8.420246839523315430e-01
-5.159376144409179688e+00
-1.324939012527465820e+00
-6.902070999145507812e+00
4.749532341957092285e-01
-1.780953168869018555e+00
2.626590013504028320e+00
-3.075447082519531250e+00
-2.157522201538085938e+00
3.450330972671508789e+00
-1.523933172225952148e+00
-1.323875188827514648e+00
-1.217108488082885742e+00
4.340676367282867432e-01
1.002403259277343750e+00
-2.681000709533691406e+00
1.868637502193450928e-01
-2.014070510864257812e+00
3.426562786102294922e+00
1.777422189712524414e+00
5.982916831970214844e+00
6.830060482025146484e-02
-3.876868486404418945e+00
-1.568228483200073242e+00
-4.177677631378173828e-01
-2.371013641357421875e+00
1.824501276016235352e+00
-2.079844713211059570e+00
4.860665202140808105e-01
2.281614542007446289e+00
-4.995998859405517578e+00
4.511332988739013672e+00
3.209195613861083984e+00
-3.162297606468200684e-01
-4.390223979949951172e+00
-1.037049293518066406e-02
2.749757766723632812e+00
4.829036712646484375e+00
-8.894358873367309570e-01
1.264659285545349121e+00
6.776262283325195312e+00
5.242747783660888672e+00
-2.137765407562255859e+00
-4.917572498321533203e+00
3.383044719696044922e+00
-3.392544746398925781e+00
-1.349259734153747559e+00
1.217159152030944824e+00
-1.350588798522949219e+00
4.069749355316162109e+00
3.545701503753662109e+00
4.141099929809570312e+00
8.847069740295410156e-02
8.812210559844970703e-01
5.414752483367919922e+00
-6.189484596252441406e-01
-5.196454524993896484e-01
-5.024984359741210938e+00
-1.567867398262023926e+00
5.918759107589721680e-01
-5.875046849250793457e-01
4.526335239410400391e+00
3.439602136611938477e+00
3.475338697433471680e+00
-5.012054920196533203e+00
3.983496427536010742e+00
-3.478478431701660156e+00
9.781779050827026367e-01
6.370509624481201172e+00
1.104484319686889648e+00
-4.454053401947021484e+00
2.948919296264648438e+00
8.989920020103454590e-01
-2.792072296142578125e-02
-3.735465526580810547e+00
3.636889457702636719e+00
-5.483497977256774902e-01
-1.535140991210937500e+00
2.457961559295654297e+00
1.882041811943054199e+00
1.016662597656250000e+00
2.255532741546630859e+00
1.030540823936462402e+00
5.079672336578369141e-01
-2.755326747894287109e+00
-1.379196166992187500e+00
2.917978286743164062e+00
5.311716556549072266e+00
4.387114048004150391e+00
3.287405967712402344e+00
2.309553146362304688e+00
-4.727569103240966797e+00
-3.478340804576873779e-02
2.422132045030593872e-01
-3.599325656890869141e+00
3.320208787918090820e-01
2.317817211151123047e+00
-2.856801033020019531e+00
6.839241385459899902e-01
2.304633855819702148e+00
-5.000123977661132812e-01
-5.566307306289672852e-01
-5.075896978378295898e-01
-2.480234384536743164e+00
-1.827664375305175781e+00
-2.304883480072021484e+00
-3.526534318923950195e+00
7.010042667388916016e-02
3.657290220260620117e+00
4.145770072937011719e+00
5.843617439270019531e+00
-3.274740934371948242e+00
2.984872341156005859e+00
2.677623748779296875e+00
4.278991222381591797e+00
-2.181324958801269531e+00
-1.658493041992187500e+00
-5.563226938247680664e-01
9.546816349029541016e-01
-3.729959011077880859e+00
-5.195660114288330078e+00
-2.963636875152587891e+00
7.765580415725708008e-01
-2.815254688262939453e+00
-2.407258987426757812e+00
-1.441903948783874512e+00
3.303475081920623779e-01
5.083784580230712891e+00
8.730382919311523438e-01
1.384530067443847656e+00
-6.447386741638183594e-02
-7.634107470512390137e-01
6.000130653381347656e+00
4.373643398284912109e+00
5.867293357849121094e+00
2.711218118667602539e+00
4.889573574066162109e+00
2.264468193054199219e+00
-9.619083404541015625e-01
4.623260974884033203e+00
-1.885109663009643555e+00
1.800785779953002930e+00
-3.418978691101074219e+00
-2.926574945449829102e+00
-1.962534785270690918e-01
6.839482784271240234e-01
5.851105690002441406e+00
2.716139078140258789e+00
4.708100318908691406e+00
4.313398838043212891e+00
-3.550186872482299805e+00
1.557672142982482910e+00
-1.545698881149291992e+00
3.215694189071655273e+00
-5.646677494049072266e+00
6.874561309814453125e-01
2.328317403793334961e+00
-4.530906200408935547e+00
3.315330505371093750e+00
-1.700023412704467773e+00
-1.752160787582397461e+00
-5.908396244049072266e+00
1.220603227615356445e+00
1.654533386230468750e+00
3.541661739349365234e+00
-2.204796314239501953e+00
3.347732067108154297e+00
-1.601670980453491211e+00
4.297331809997558594e+00
-2.389228105545043945e+00
-2.713251352310180664e+00
1.553775787353515625e+00
-3.530240058898925781e+00
-4.909201622009277344e+00
5.233095884323120117e-01
-2.906448841094970703e+00
1.338755249977111816e+00
4.166381835937500000e+00
1.511500835418701172e+00
-5.029751777648925781e+00
4.224236011505126953e+00
4.753715515136718750e+00
1.565772414207458496e+00
1.896234273910522461e+00
5.378640890121459961e-01
9.060130715370178223e-01
3.647458076477050781e+00
-4.900227546691894531e+00
2.332705259323120117e+00
1.863013386726379395e+00
5.483073711395263672e+00
4.139624595642089844e+00
-5.157464146614074707e-01
-5.729068279266357422e+00
3.884153127670288086e+00
2.055284738540649414e+00
-2.183418273925781250e+00
-2.556720733642578125e+00
-9.267779588699340820e-01
1.415685296058654785e+00
-4.660242557525634766e+00
3.127215147018432617e+00
-1.999049186706542969e+00
-2.574251174926757812e+00
-5.097855091094970703e+00
-7.449663877487182617e-01
-5.086624622344970703e+00
-2.014174938201904297e+00
5.925064086914062500e+00
9.274602532386779785e-01
-2.941884398460388184e-01
-4.896615982055664062e+00
1.544545888900756836e+00
-3.334172487258911133e+00
-3.186397552490234375e+00
-2.070772886276245117e+00
2.146631479263305664e-02
-4.754562377929687500e+00
-3.538440942764282227e+00
3.290547132492065430e+00
-1.015866994857788086e+00
-1.612713336944580078e+00
2.449241161346435547e+00
4.440739631652832031e+00
-1.491727948188781738e+00
7.198554039001464844e+00
-4.098108708858489990e-01
-1.702642798423767090e+00
-3.454521894454956055e+00
5.950825810432434082e-01
3.051707267761230469e+00
-2.189462423324584961e+00
3.813356399536132812e+00
7.283942699432373047e+00
2.636681079864501953e+00
-3.682636022567749023e+00
1.832828760147094727e+00
1.471039652824401855e+00
5.169351577758789062e+00
4.707128047943115234e+00
1.713671207427978516e+00
-1.336669802665710449e+00
8.129089474678039551e-01
3.196467876434326172e+00
2.399642467498779297e+00
2.928012609481811523e+00
2.160180807113647461e+00
1.934413433074951172e+00
-4.795858383178710938e+00
1.615577697753906250e+00
2.788437604904174805e+00
5.716412544250488281e+00
-3.937483549118041992e+00
-1.553987622261047363e+00
-1.571882724761962891e+00
-3.602014541625976562e+00
1.430110454559326172e+00
5.009371757507324219e+00
8.893360495567321777e-01
6.718528866767883301e-01
-1.058707237243652344e+00
4.383980274200439453e+00
4.019699692726135254e-01
2.634853601455688477e+00
-7.056604027748107910e-01
3.769647121429443359e+00
-9.965627193450927734e-01
-7.676864862442016602e-01
-9.829151630401611328e-01
2.474610805511474609e-01
-1.881009101867675781e+00
-7.661242485046386719e-01
6.936960816383361816e-01
2.059056758880615234e-01
1.701380133628845215e+00
-1.378827810287475586e+00
1.383857607841491699e+00
2.795269489288330078e+00
1.176910638809204102e+00
2.551902294158935547e+00
-5.734946727752685547e-01
8.366374373435974121e-01
-5.069172978401184082e-01
-2.039990425109863281e-01
2.693338871002197266e+00
2.150707542896270752e-01
9.600482583045959473e-01
2.395642042160034180e+00
2.430293083190917969e+00
6.062258481979370117e-01
-1.009648561477661133e+00
1.469764709472656250e+00
7.830568552017211914e-01
3.368077278137207031e+00
2.649211645126342773e+00
2.136254549026489258e+00
4.516090750694274902e-01
-2.197912931442260742e+00
-1.671605110168457031e+00
1.642769336700439453e+00
-7.365814447402954102e-01
-1.217740297317504883e+00
-2.160016059875488281e+00
-3.975365638732910156e+00
-3.822980880737304688e+00
-2.552313089370727539e+00
2.570022106170654297e+00
2.272269010543823242e+00
5.354870796203613281e+00
1.550941467285156250e+00
-1.751920819282531738e+00
1.917231678962707520e+00
-3.464632511138916016e+00
3.247719764709472656e+00
-9.357564449310302734e-01
-1.771256208419799805e+00
-4.951364040374755859e+00
-4.591208457946777344e+00
-2.147233247756958008e+00
-3.738067150115966797e+00
-9.630686640739440918e-01
-5.087828636169433594e-02
2.976985692977905273e+00
4.537823677062988281e+00
-3.318198919296264648e+00
2.484792947769165039e+00
-3.665145874023437500e+00
-9.147349596023559570e-01
-2.401858568191528320e+00
-5.227293819189071655e-02
-2.215578556060791016e+00
4.497644901275634766e-01
1.089826345443725586e+00
-3.148819446563720703e+00
-2.900326251983642578e+00
-4.036142826080322266e-01
7.060157060623168945e-01
-5.384762883186340332e-01
-1.313461542129516602e+00
8.845517158508300781e+00
