2.661653161048889160e-01
4.143408775329589844e+00
-2.525646209716796875e+00
8.861426115036010742e-01
-1.258379936218261719e+00
1.380499243736267090e+00
5.267534255981445312e-01
-1.616202712059020996e+00
-1.548138856887817383e+00
-2.983390092849731445e-01
-1.162866353988647461e+00
6.352020502090454102e-01
-3.328384160995483398e-01
2.553828060626983643e-01
4.043006300926208496e-01
-1.437841773033142090e+00
-5.545872449874877930e-01
-9.722929000854492188e-01
-2.192834138870239258e+00
-1.974305152893066406e+00
-3.603574037551879883e+00
-2.412127971649169922e+00
-2.154681205749511719e+00
-2.721034049987792969e+00
-1.744795441627502441e+00
-3.400981426239013672e-01
-4.850496053695678711e-01
-1.267765760421752930e+00
-1.221007823944091797e+00
1.964116811752319336e+00
-3.113985247910022736e-02
2.865117549896240234e+00
-3.383037090301513672e+00
2.709781408309936523e+00
1.691112041473388672e+00
8.536270260810852051e-01
8.915235996246337891e-01
-2.994781732559204102e-02
2.229176521301269531e+00
-1.571016192436218262e+00
5.765277147293090820e-01
-2.520910739898681641e+00
-1.860390901565551758e+00
-1.648900032043457031e+00
-1.746762871742248535e+00
-8.413409590721130371e-01
4.559230804443359375e-01
1.448041200637817383e+00
-1.661010742187500000e+00
-3.664207696914672852e+00
-1.050807237625122070e+00
-2.256934881210327148e+00
-7.237318754196166992e-01
-1.265451312065124512e-01
1.907062530517578125e+00
2.271755933761596680e+00
3.475109577178955078e+00
-3.913814067840576172e+00
8.238006830215454102e-01
9.980275034904479980e-01
3.727355480194091797e+00
2.238734722137451172e+00
1.744232177734375000e+00
-3.754834413528442383e+00
2.026280164718627930e+00
1.188671827316284180e+00
2.319918632507324219e+00
-9.430437088012695312e-01
1.319823622703552246e+00
-1.937795281410217285e+00
-2.587323665618896484e+00
-1.873532295227050781e+00
-4.977805018424987793e-01
7.874293327331542969e-01
1.873706340789794922e+00
1.220523238182067871e+00
2.940782308578491211e+00
3.397236824035644531e+00
-1.293605566024780273e+00
-4.685970783233642578e+00
-2.440971851348876953e+00
-2.241928100585937500e+00
1.198616504669189453e+00
-1.790483713150024414e+00
1.844709992408752441e+00
3.008744716644287109e-01
-6.243330240249633789e-02
8.734548091888427734e-01
4.437800407409667969e+00
4.709472656250000000e-01
1.834299087524414062e+00
-2.162953615188598633e+00
-2.948757112026214600e-01
-3.232825696468353271e-01
1.812176704406738281e+00
4.049282073974609375e-01
5.297239780426025391e+00
-2.293974161148071289e+00
-1.122516989707946777e+00
-2.144853115081787109e+00
-3.094855308532714844e+00
-9.668672084808349609e-01
-3.714687347412109375e+00
1.826883316040039062e+00
-3.203700304031372070e+00
3.293607234954833984e-01
-1.712321877479553223e+00
3.570212841033935547e+00
1.441820263862609863e+00
2.981301069259643555e+00
-2.989164352416992188e+00
1.683170795440673828e-01
-1.771020412445068359e+00
2.406297028064727783e-01
-3.334314823150634766e+00
8.671897649765014648e-02
-2.679843425750732422e+00
2.160150051116943359e+00
-2.480791330337524414e+00
-2.420014858245849609e+00
-5.045200347900390625e+00
-3.283911705017089844e+00
-1.874723076820373535e+00
-4.982230186462402344e+00
-2.715103626251220703e+00
-2.675516128540039062e+00
-2.007019996643066406e+00
-6.123166561126708984e+00
-5.481068611145019531e+00
-2.250824213027954102e+00
-3.546014785766601562e+00
2.855961799621582031e+00
1.322464704513549805e+00
-7.126237452030181885e-02
1.377668380737304688e-01
-3.756284236907958984e+00
-2.130882263183593750e+00
-9.865729808807373047e-01
7.380974292755126953e-01
-3.899839639663696289e+00
-7.821580171585083008e-01
-2.988709926605224609e+00
-2.147928237915039062e+00
-5.375400543212890625e+00
-1.479940891265869141e+00
-1.214133977890014648e+00
-3.578853845596313477e+00
-2.914611816406250000e+00
5.117254257202148438e-01
5.786203145980834961e-01
-3.459361195564270020e-01
-6.626920700073242188e-01
-2.590564489364624023e+00
1.149008393287658691e+00
8.032739162445068359e-02
-1.958613157272338867e+00
5.865995883941650391e-01
-1.122524738311767578e+00
-1.002324104309082031e+00
-4.250226974487304688e+00
-1.083410978317260742e+00
-3.554924964904785156e+00
3.836057782173156738e-01
-1.704668164253234863e+00
1.949696689844131470e-01
-4.514139890670776367e-02
5.097334384918212891e-01
-1.682893991470336914e+00
-2.429953098297119141e+00
-4.113786697387695312e+00
-7.995439171791076660e-01
-6.538411974906921387e-01
-9.159592390060424805e-01
-2.808963775634765625e+00
-5.640169620513916016e+00
5.926870107650756836e-01
-4.510182857513427734e+00
-4.455797672271728516e+00
-2.310860157012939453e+00
-3.453076362609863281e+00
-4.639297485351562500e+00
-6.352795958518981934e-01
1.197517514228820801e+00
1.887638807296752930e+00
7.949364185333251953e-02
5.415391921997070312e-01
-1.125109791755676270e+00
1.214164733886718750e+00
-1.318744778633117676e+00
-1.773815989494323730e+00
2.266981005668640137e-01
7.775330543518066406e-01
1.287675380706787109e+00
-1.989511251449584961e+00
-4.081687331199645996e-01
-2.286736011505126953e+00
-3.089786767959594727e-01
8.013941049575805664e-01
2.682672739028930664e-01
1.780542612075805664e+00
-6.894370317459106445e-01
7.655845582485198975e-02
-4.941225051879882812e-01
-3.516809344291687012e-01
7.649428844451904297e-01
3.355585098266601562e+00
-4.654673635959625244e-01
-2.033673673868179321e-01
8.951282501220703125e-01
-6.254797577857971191e-01
-2.410491228103637695e+00
-1.836835384368896484e+00
-1.718654394149780273e+00
4.274867773056030273e-01
1.669692248106002808e-01
-3.114293217658996582e-01
6.416901350021362305e-01
-4.440277814865112305e-02
9.753682017326354980e-01
1.163499236106872559e+00
-7.558616399765014648e-01
-4.929234981536865234e-01
-2.020181655883789062e+00
-5.994970798492431641e-01
-8.310004472732543945e-01
-1.791743755340576172e+00
2.308103084564208984e+00
-7.999155521392822266e-01
-9.143975377082824707e-01
1.144215226173400879e+00
4.919174611568450928e-01
9.001634120941162109e-01
-7.920835614204406738e-01
-3.935914039611816406e-01
1.732275009155273438e+00
-3.610108375549316406e+00
-3.700323343276977539e+00
1.875510811805725098e-01
-6.650991439819335938e-01
5.282773971557617188e-01
-7.024132013320922852e-01
7.636430263519287109e-01
-2.466439604759216309e-01
-2.025238275527954102e+00
-2.777037382125854492e+00
-4.236277103424072266e+00
-2.494819641113281250e+00
1.660277366638183594e+00
-3.645980119705200195e+00
-2.032830953598022461e+00
-2.962212800979614258e+00
-6.874186992645263672e-01
3.470217585563659668e-01
-1.451483488082885742e+00
-4.441347718238830566e-02
-5.855034589767456055e-01
-1.139769554138183594e+00
-3.354934930801391602e+00
-3.068602323532104492e+00
8.286433815956115723e-01
-1.471288442611694336e+00
-4.139447689056396484e+00
-1.802482366561889648e+00
4.983835518360137939e-01
-1.375098228454589844e+00
1.034398436546325684e+00
-7.306106686592102051e-01
-6.011655926704406738e-01
-2.876911640167236328e+00
-3.566072702407836914e+00
-4.093890666961669922e+00
-3.133924722671508789e+00
-2.035844326019287109e+00
-3.819483995437622070e+00
-4.341933250427246094e+00
-2.658047914505004883e+00
-6.711588859558105469e+00
-2.742453336715698242e+00
-4.483815670013427734e+00
-1.496866464614868164e+00
-5.584533810615539551e-01
-1.575401782989501953e+00
-5.040785074234008789e-01
1.970088720321655273e+00
-1.188638925552368164e+00
-3.414131164550781250e+00
-3.925908565521240234e+00
-3.738229513168334961e+00
-1.782479047775268555e+00
-4.125188350677490234e+00
-1.345499038696289062e+00
-5.938383102416992188e+00
-7.971182465553283691e-02
-3.855983257293701172e+00
-2.739409446716308594e+00
1.551142096519470215e+00
-3.940306425094604492e+00
1.609092354774475098e+00
-5.711803436279296875e+00
-4.878155708312988281e+00
-1.000826120376586914e+00
4.072387218475341797e-01
-1.468429088592529297e+00
-5.652898550033569336e-02
-2.535452365875244141e+00
-1.208096623420715332e+00
-3.617024183273315430e+00
-2.552998065948486328e+00
1.558840274810791016e-01
-2.411994338035583496e-01
1.022748351097106934e+00
-9.421496987342834473e-01
-2.016618728637695312e+00
7.491172552108764648e-01
-2.198687195777893066e-01
-5.915623903274536133e-01
-9.052529931068420410e-01
-4.866412162780761719e+00
-1.520309686660766602e+00
2.783391475677490234e+00
-5.593353509902954102e-01
2.161909818649291992e+00
1.154947400093078613e+00
-1.091848611831665039e-01
-1.935675859451293945e+00
4.614031314849853516e-01
-2.490001201629638672e+00
-3.700123786926269531e+00
-2.221389770507812500e+00
-2.190362453460693359e+00
1.728960037231445312e+00
-1.903167247772216797e+00
1.456745862960815430e-01
5.448122024536132812e+00
2.278811454772949219e+00
-6.867072582244873047e-01
8.628704547882080078e-01
-1.435616910457611084e-01
3.658910512924194336e+00
-2.618884325027465820e+00
-2.167658329010009766e+00
5.038905143737792969e-01
-1.046099543571472168e+00
-5.104501724243164062e+00
-3.618545055389404297e+00
-3.245695829391479492e+00
-1.855092644691467285e+00
-1.724029541015625000e+00
-4.718927383422851562e+00
-7.563782691955566406e+00
-2.294965744018554688e+00
-4.127211570739746094e+00
-4.884635925292968750e+00
-5.572727203369140625e+00
-1.297138094902038574e+00
-8.535013198852539062e-01
-1.165530681610107422e+00
-1.529168933629989624e-01
4.730899930000305176e-01
7.243967652320861816e-01
-2.486991167068481445e+00
3.595331311225891113e-01
-5.848997831344604492e-01
1.703974843025207520e+00
3.395129203796386719e+00
-6.331391334533691406e-01
-3.529660224914550781e+00
-4.579849243164062500e+00
1.312312006950378418e+00
1.004378199577331543e+00
-3.379054784774780273e+00
-3.400528430938720703e+00
-3.265150070190429688e+00
-3.597525835037231445e+00
8.629168868064880371e-01
9.967975616455078125e-01
-7.945293784141540527e-01
3.147303819656372070e+00
6.031866669654846191e-01
1.991307735443115234e+00
1.375430464744567871e+00
-7.545838356018066406e-01
1.011817097663879395e+00
1.597671985626220703e+00
-7.806925773620605469e-01
-9.270637035369873047e-01
-1.340813159942626953e+00
3.323128461837768555e+00
-9.056615829467773438e-01
-1.926042079925537109e+00
-2.287335693836212158e-01
-9.522057175636291504e-01
4.663727283477783203e+00
1.840938806533813477e+00
-5.519091606140136719e+00
2.258213520050048828e+00
1.563909173011779785e+00
1.530896544456481934e+00
3.286813020706176758e+00
-3.833768367767333984e-01
-1.749943137168884277e+00
-3.483643770217895508e+00
6.264193058013916016e-01
-2.924286127090454102e+00
5.066154003143310547e-01
4.272454738616943359e+00
-3.866834640502929688e+00
-1.387502193450927734e+00
-2.978013515472412109e+00
2.038032412528991699e-01
-8.886044025421142578e-01
3.891066789627075195e+00
1.082000017166137695e+00
-2.343563795089721680e+00
3.636075973510742188e+00
2.556927919387817383e+00
-2.470059633255004883e+00
8.207356452941894531e+00
-1.206095337867736816e+00
3.742258548736572266e+00
-2.201139926910400391e+00
-1.047886371612548828e+00
-2.049061775207519531e+00
-6.977350115776062012e-01
7.664190530776977539e-01
1.325069785118103027e+00
8.584968447685241699e-01
1.761669278144836426e+00
-1.717673897743225098e+00
3.818011522293090820e+00
1.181581258773803711e+00
-8.855243027210235596e-02
-3.257120370864868164e+00
5.808359980583190918e-01
7.986745834350585938e-01
2.189113616943359375e+00
3.205573558807373047e-01
1.665060997009277344e+00
-1.390518784523010254e+00
2.239611387252807617e+00
-1.515781879425048828e-01
-7.561714649200439453e-01
-7.448642253875732422e-01
5.555306911468505859e+00
-4.607044219970703125e+00
2.780697345733642578e+00
1.828864574432373047e+00
1.408652544021606445e+00
5.020338535308837891e+00
-4.822182655334472656e-02
4.039865970611572266e+00
-2.231440782546997070e+00
4.055821895599365234e-02
-2.524492740631103516e+00
-1.890177488327026367e+00
2.105240821838378906e+00
-5.329244136810302734e-01
3.183597803115844727e+00
-2.722853422164916992e+00
4.528769969940185547e+00
-3.199862718582153320e+00
4.237087965011596680e-01
2.255863904953002930e+00
3.218542098999023438e+00
1.001830697059631348e+00
1.673622727394104004e+00
9.282243251800537109e-02
-4.475370407104492188e+00
-2.903869390487670898e+00
1.223116040229797363e+00
6.541324257850646973e-01
2.284468859434127808e-01
-2.925795555114746094e+00
4.459037780761718750e+00
1.054511070251464844e+00
1.645457446575164795e-01
4.515694379806518555e-01
-3.667983293533325195e+00
2.104509353637695312e+00
-5.026245594024658203e+00
4.457020759582519531e-02
1.702619910240173340e+00
1.375470876693725586e+00
-7.480606436729431152e-01
-2.872322082519531250e+00
4.297797679901123047e+00
-1.772894382476806641e+00
1.765529274940490723e+00
-5.342504382133483887e-01
-2.931038141250610352e-01
-5.786898136138916016e-01
-6.760925054550170898e-01
-5.762743949890136719e-01
-1.881196022033691406e+00
-1.341089725494384766e+00
-2.563249588012695312e+00
1.609840244054794312e-01
1.641299605369567871e+00
-4.411496222019195557e-02
8.209478855133056641e-01
-1.098742604255676270e+00
1.179360508918762207e+00
8.116568326950073242e-01
-1.594053268432617188e+00
3.996482372283935547e+00
2.441514730453491211e+00
2.837373971939086914e+00
-1.532942056655883789e+00
-1.082172870635986328e+00
-6.939504742622375488e-01
5.724130272865295410e-01
-1.813989162445068359e+00
-3.230883836746215820e+00
-1.584305047988891602e+00
-1.101913452148437500e-01
5.400407314300537109e+00
-6.658633351325988770e-01
-4.643242955207824707e-01
7.458230972290039062e+00
4.417456388473510742e-01
2.204018592834472656e+00
3.643875420093536377e-01
6.585776805877685547e-01
-1.964774131774902344e+00
-2.538325786590576172e+00
1.689528226852416992e-01
7.788763642311096191e-01
-2.367543131113052368e-01
-1.911389231681823730e-01
1.244312286376953125e+00
2.275054931640625000e+00
-4.002272605895996094e+00
-2.169035434722900391e+00
2.276891708374023438e+00
-1.959577083587646484e+00
-7.053834199905395508e-01
-1.171243667602539062e+00
-8.172510862350463867e-01
3.810916423797607422e+00
-1.050469160079956055e+00
-2.618262052536010742e+00
3.642359733581542969e+00
3.396839141845703125e+00
2.413207054138183594e+00
-1.016125530004501343e-01
2.476848602294921875e+00
-9.774996042251586914e-01
-9.376319646835327148e-01
-4.792574882507324219e+00
5.965045928955078125e+00
-2.974689245223999023e+00
1.844600558280944824e+00
6.125427246093750000e+00
-7.505202889442443848e-01
-1.076978921890258789e+00
-6.628183126449584961e-01
3.139953136444091797e+00
2.266602516174316406e+00
-3.249567985534667969e+00
8.042597174644470215e-01
3.435797691345214844e+00
-2.079689502716064453e+00
3.118674039840698242e+00
-2.790978908538818359e+00
-3.719533681869506836e-01
9.491968750953674316e-01
-1.284123420715332031e+00
1.811667919158935547e+00
-2.139096975326538086e+00
1.125614404678344727e+00
3.552908658981323242e+00
-5.579823493957519531e+00
2.635811567306518555e+00
-3.987791299819946289e+00
-1.096974611282348633e+00
-4.166943728923797607e-01
-2.509669780731201172e+00
2.175926208496093750e+00
2.131741046905517578e+00
-7.122966647148132324e-01
-3.086459636688232422e-01
-5.115733146667480469e-01
-2.340292930603027344e-01
-3.307870864868164062e+00
1.814349174499511719e+00
3.254183232784271240e-01
-2.645116806030273438e+00
-1.791923403739929199e+00
4.622172832489013672e+00
5.695581436157226562e-01
7.530033588409423828e-01
4.496248722076416016e+00
3.186682939529418945e+00
2.520052433013916016e+00
-2.473348140716552734e+00
1.686895728111267090e+00
-5.237722396850585938e-02
9.776474833488464355e-01
-1.313495278358459473e+00
3.617551326751708984e+00
3.843624353408813477e+00
2.616904377937316895e-01
-3.793945074081420898e+00
-2.935603141784667969e+00
-1.545414566993713379e+00
3.603531122207641602e+00
1.271358489990234375e+00
-2.063699483871459961e+00
4.535543918609619141e-01
-2.429822385311126709e-01
2.581649541854858398e+00
5.493479251861572266e+00
-3.068456649780273438e+00
2.553004503250122070e+00
3.012209177017211914e+00
1.152176499366760254e+00
3.760641098022460938e+00
2.196130275726318359e+00
3.682739019393920898e+00
7.808825016021728516e+00
7.635527133941650391e+00
-1.332747459411621094e+00
5.764722824096679688e-01
1.540889263153076172e+00
1.025149226188659668e-01
1.018945336341857910e+00
-1.433889150619506836e+00
-4.310689926147460938e+00
-1.644982099533081055e+00
-7.318844795227050781e-01
-3.595906734466552734e+00
4.180235862731933594e+00
1.600253105163574219e+00
-1.439015507698059082e+00
2.167764425277709961e+00
-2.813975334167480469e+00
3.379636526107788086e+00
1.086900472640991211e+00
1.062310338020324707e+00
1.377679109573364258e+00
1.027743816375732422e-01
1.885498642921447754e+00
-2.618215084075927734e+00
1.183375477790832520e+00
-7.433094978332519531e-01
2.324897527694702148e+00
3.419054508209228516e+00
4.314898490905761719e+00
-9.728072881698608398e-01
-3.487702608108520508e-01
-1.477986693382263184e+00
1.051749467849731445e+00
2.737791538238525391e+00
-5.788286328315734863e-01
-3.885162621736526489e-02
1.922459363937377930e+00
-1.088816165924072266e+00
3.490714728832244873e-01
2.589621543884277344e+00
7.444287776947021484e+00
-1.294940948486328125e+00
-2.473944664001464844e+00
4.247257709503173828e+00
-1.337838292121887207e+00
2.717513799667358398e+00
-2.954599380493164062e+00
2.344963312149047852e+00
1.182025790214538574e+00
1.269715905189514160e+00
5.163696765899658203e+00
-3.484937191009521484e+00
-3.419864654541015625e+00
2.328315973281860352e+00
4.220817565917968750e+00
2.474087715148925781e+00
-2.877273082733154297e+00
-1.367312073707580566e+00
4.431743621826171875e-01
-1.099846482276916504e+00
2.382990837097167969e+00
2.058479785919189453e+00
1.240309000015258789e+00
-2.710010528564453125e+00
-8.589072823524475098e-01
-2.561005353927612305e+00
-2.563743591308593750e-01
9.549004435539245605e-01
-1.686588406562805176e+00
5.111345648765563965e-01
2.637009859085083008e+00
-3.305287837982177734e+00
4.289002418518066406e+00
2.313064098358154297e+00
1.383220195770263672e+00
-4.400459229946136475e-01
-2.157452702522277832e-01
9.145573616027832031e+00
9.785122275352478027e-01
-6.008795499801635742e-01
-1.919398188591003418e+00
4.556024551391601562e+00
5.893157005310058594e+00
-4.242311954498291016e+00
-3.684041976928710938e+00
-2.968740701675415039e+00
-2.923909187316894531e+00
-1.700907349586486816e-01
2.617055177688598633e+00
-1.549071788787841797e+00
2.125125408172607422e+00
6.168930053710937500e+00
3.153715133666992188e+00
1.902536153793334961e+00
4.205715060234069824e-01
-1.623697042465209961e+00
-2.628247261047363281e+00
7.075079083442687988e-01
-4.974954128265380859e+00
-1.841082215309143066e+00
1.327848911285400391e+00
-1.825683355331420898e+00
4.771908283233642578e+00
3.325425148010253906e+00
4.715826511383056641e+00
-1.228204488754272461e+00
1.142929077148437500e+00
-4.670723915100097656e+00
6.263211727142333984e+00
2.201866626739501953e+00
-6.561095118522644043e-01
-2.183490514755249023e+00
2.266970157623291016e+00
1.626230716705322266e+00
8.636192083358764648e-01
-2.024844646453857422e+00
4.379658222198486328e+00
-1.442955017089843750e+00
2.929433584213256836e+00
2.127895355224609375e+00
-6.927851587533950806e-03
1.313635587692260742e+00
2.281949281692504883e+00
2.014056444168090820e+00
2.209243774414062500e+00
9.481281638145446777e-01
1.779864907264709473e+00
-7.183675169944763184e-01
6.175673484802246094e+00
1.570978760719299316e+00
4.073465347290039062e+00
3.958909034729003906e+00
-2.132468700408935547e+00
-5.429168939590454102e-01
1.463191032409667969e+00
4.693275690078735352e-01
9.018754959106445312e-01
3.587681055068969727e+00
-3.188932418823242188e+00
-1.255374193191528320e+00
-5.178534388542175293e-01
6.194667816162109375e-01
2.132111787796020508e-02
-9.311495423316955566e-01
-4.492302417755126953e+00
-1.762298822402954102e+00
-3.122333288192749023e-01
-4.028129100799560547e+00
-1.976230978965759277e+00
7.934109568595886230e-01
1.325670003890991211e+00
-4.130788803100585938e+00
-2.797400236129760742e+00
4.039093017578125000e+00
7.846636176109313965e-01
1.466406106948852539e+00
3.081986188888549805e+00
-6.939523220062255859e-01
-1.342587709426879883e+00
-7.239775657653808594e-01
-3.961711525917053223e-01
-5.272957801818847656e+00
-2.162372827529907227e+00
1.739437580108642578e+00
-2.600853919982910156e+00
-1.835389137268066406e+00
4.783142507076263428e-01
-1.420659899711608887e+00
4.478062629699707031e+00
-3.789404869079589844e+00
-1.092984437942504883e+00
-2.843555212020874023e-01
-1.927829980850219727e+00
1.970399320125579834e-01
2.353942394256591797e+00
7.546437740325927734e+00
2.573013544082641602e+00
-4.256657958030700684e-01
2.293449878692626953e+00
-1.436655879020690918e+00
2.031105756759643555e-01
-3.868677854537963867e+00
-1.276336669921875000e+00
-1.217073202133178711e+00
-5.998263955116271973e-01
2.240284830331802368e-01
1.518416404724121094e+00
1.579060792922973633e+00
4.180236339569091797e+00
3.536078453063964844e+00
4.605140686035156250e+00
-2.662524700164794922e+00
-2.346136808395385742e+00
2.075866937637329102e+00
1.726273775100708008e+00
-3.288873434066772461e+00
4.021646499633789062e+00
9.462838172912597656e-01
-1.827593088150024414e+00
1.621879458427429199e+00
3.716502487659454346e-01
-4.589394330978393555e-01
-3.285049676895141602e+00
2.088915824890136719e+00
1.761370658874511719e+00
3.096951007843017578e+00
-1.523140788078308105e+00
3.348787724971771240e-01
-2.035313129425048828e+00
1.630707144737243652e+00
6.966801881790161133e-01
-1.964412927627563477e+00
-6.500725746154785156e-01
2.295258283615112305e+00
-4.893853962421417236e-01
1.145898342132568359e+00
-2.045455455780029297e+00
5.024278163909912109e+00
3.958279609680175781e+00
1.238245844841003418e+00
-1.842765331268310547e+00
1.972879648208618164e+00
-6.201342940330505371e-01
2.077069282531738281e+00
1.696341991424560547e+00
3.708429336547851562e+00
1.853583812713623047e+00
2.565005779266357422e+00
-4.432376027107238770e-01
1.802795648574829102e+00
4.681094169616699219e+00
2.161432027816772461e+00
1.590149044990539551e+00
-1.117293596267700195e+00
-1.349948287010192871e+00
2.370171070098876953e+00
1.580788493156433105e-01
7.499438524246215820e-01
-2.016839981079101562e+00
2.364832878112792969e+00
2.205318450927734375e+00
-4.508198738098144531e+00
2.083152532577514648e+00
-5.379725694656372070e-01
-2.287243366241455078e+00
-2.588557720184326172e+00
2.701485872268676758e+00
-2.412282228469848633e+00
-2.084645271301269531e+00
6.386837005615234375e+00
9.966302514076232910e-01
-8.645136356353759766e-01
-4.863823413848876953e+00
-1.151631474494934082e-01
-5.213806629180908203e-01
-4.484087944030761719e+00
9.076094627380371094e-01
2.083348274230957031e+00
-7.050030231475830078e-01
-2.472705841064453125e+00
8.782249450683593750e+00
-8.837773799896240234e-01
-2.996000528335571289e+00
2.248752355575561523e+00
3.732578754425048828e+00
4.356577992439270020e-01
3.154616832733154297e+00
-2.764021635055541992e+00
-3.538537979125976562e+00
-1.431566476821899414e+00
-7.659468650817871094e-01
3.718459367752075195e+00
1.659610152244567871e+00
4.302760601043701172e+00
3.700529575347900391e+00
-8.391643762588500977e-01
-2.094980239868164062e+00
2.392517566680908203e+00
-4.957238435745239258e-01
2.646160602569580078e+00
1.558794617652893066e+00
1.839563369750976562e+00
-1.873901128768920898e+00
2.875511407852172852e+00
4.695315361022949219e-01
5.117370128631591797e+00
1.011429071426391602e+00
2.775835752487182617e+00
2.819628715515136719e-01
1.570163667201995850e-02
1.433110475540161133e+00
4.764751493930816650e-01
1.827640771865844727e+00
-1.877608299255371094e-01
-2.441702336072921753e-01
-1.004103422164916992e+00
-1.461691856384277344e-01
3.968399465084075928e-01
3.928783416748046875e+00
-7.724215388298034668e-01
1.822940587997436523e+00
-9.254481792449951172e-01
2.790441989898681641e+00
-7.525780200958251953e-01
2.721581220626831055e+00
9.653891623020172119e-02
2.881413698196411133e+00
-2.285487174987792969e+00
3.718835115432739258e-02
-5.259091854095458984e-01
-7.872966527938842773e-01
-5.050591468811035156e+00
3.146041631698608398e-01
-2.340698242187500000e+00
4.442688226699829102e-01
-2.064480304718017578e+00
-5.175074338912963867e-01
9.789916872978210449e-01
1.393137574195861816e+00
5.355607271194458008e-01
6.560381650924682617e-01
1.791000604629516602e+00
-9.452373385429382324e-01
-4.409036040306091309e-01
6.270218491554260254e-01
6.286940574645996094e-01
-5.876094102859497070e-01
-5.850996971130371094e-01
6.780534237623214722e-02
2.338777542114257812e+00
9.892611503601074219e-01
2.466804265975952148e+00
2.442786931991577148e+00
4.418999195098876953e+00
3.231043815612792969e+00
1.371116042137145996e+00
3.844639778137207031e+00
6.199982762336730957e-01
-1.874962329864501953e+00
1.409577608108520508e+00
2.304003477096557617e+00
-1.425917625427246094e+00
1.460300207138061523e+00
-2.471228361129760742e+00
-1.414816021919250488e+00
-2.455471754074096680e+00
-4.095773220062255859e+00
1.330930471420288086e+00
-6.744922995567321777e-01
1.919932842254638672e+00
1.822522878646850586e+00
4.667443037033081055e-01
3.390921592712402344e+00
2.182877779006958008e+00
1.426195621490478516e+00
-2.522416830062866211e+00
2.534930706024169922e-01
6.851862072944641113e-01
-1.776578426361083984e-01
4.124647140502929688e+00
5.108189582824707031e-01
9.533229470252990723e-01
-5.830020308494567871e-01
1.803196668624877930e+00
3.903979301452636719e+00
-7.181435227394104004e-01
7.793456912040710449e-01
6.380341053009033203e-01
2.019357204437255859e+00
1.051133513450622559e+00
1.711517214775085449e+00
-1.743369579315185547e+00
-1.387596130371093750e+00
2.414003610610961914e+00
-2.377106189727783203e+00
-2.009812116622924805e+00
-1.411110877990722656e+00
-9.097177982330322266e-01
1.108893871307373047e+00
3.668161034584045410e-01
6.522455692291259766e+00
