6.592476367950439453e-01
2.864140272140502930e+00
3.157659292221069336e+00
3.206902980804443359e+00
2.129551649093627930e+00
3.740915775299072266e+00
2.709190845489501953e+00
-3.121758937835693359e+00
-2.355869770050048828e+00
4.591550827026367188e-01
-1.157008528709411621e+00
8.520917892456054688e-01
6.578563451766967773e-01
3.194020032882690430e+00
1.997459411621093750e+00
-1.001947402954101562e+00
-4.210993051528930664e-01
3.059163570404052734e+00
1.056507110595703125e+00
1.936812877655029297e+00
-1.842630624771118164e+00
-3.019570589065551758e+00
-5.455400943756103516e+00
-1.772576570510864258e+00
-3.257618427276611328e+00
-4.447488307952880859e+00
-3.247859954833984375e+00
-2.344173192977905273e+00
-2.609709501266479492e+00
3.290466070175170898e-01
-4.032213091850280762e-01
6.263958215713500977e-01
-3.707149267196655273e+00
2.260827541351318359e+00
9.780746698379516602e-01
-3.058160305023193359e+00
-1.570506840944290161e-01
-1.962692022323608398e+00
-8.867776393890380859e-01
-1.668487638235092163e-01
2.439832687377929688e+00
-1.209014534950256348e+00
1.622836351394653320e+00
-2.774779796600341797e-01
-3.127490997314453125e+00
-4.359840393066406250e+00
6.516860127449035645e-01
2.452031135559082031e+00
-9.955931305885314941e-01
-5.178113460540771484e+00
-7.337301969528198242e-01
1.027161240577697754e+00
-6.049283742904663086e-01
-1.785285711288452148e+00
-7.151424884796142578e-01
2.981897830963134766e+00
9.401118159294128418e-01
-3.241058111190795898e+00
1.068179845809936523e+00
1.445164680480957031e+00
-1.092914581298828125e+00
1.143136501312255859e+00
2.746508717536926270e-01
-2.545393705368041992e+00
3.768569707870483398e+00
1.329231619834899902e+00
7.648068070411682129e-01
-2.021734237670898438e+00
-1.289393603801727295e-01
-2.929039478302001953e+00
-8.232364654541015625e-01
-7.531271874904632568e-02
8.274204134941101074e-01
6.946542859077453613e-01
3.326806545257568359e+00
-2.137004137039184570e+00
-8.214279413223266602e-01
3.214031696319580078e+00
-1.757915854454040527e+00
-4.041701793670654297e+00
1.181820631027221680e-01
1.537554621696472168e+00
1.132377147674560547e+00
-2.118381261825561523e+00
5.952036380767822266e-01
-1.314645767211914062e+00
4.082082509994506836e-01
-1.690745234489440918e+00
9.726078510284423828e-01
5.495180487632751465e-01
-1.505830764770507812e+00
-2.301505327224731445e+00
2.654971837997436523e+00
-1.242614388465881348e+00
3.494025230407714844e+00
1.095029473304748535e+00
1.437730431556701660e+00
-1.337836980819702148e+00
-6.662619113922119141e-01
-2.194069385528564453e+00
-4.936177730560302734e+00
-4.199995994567871094e+00
-2.836331844329833984e+00
-1.556124448776245117e+00
8.848053216934204102e-01
4.503752589225769043e-01
-1.133417725563049316e+00
3.971143484115600586e+00
4.303963661193847656e+00
3.255033731460571289e+00
-3.681292772293090820e+00
-1.574415802955627441e+00
1.953235864639282227e+00
1.615183651447296143e-01
-4.596261501312255859e+00
-1.779757976531982422e+00
-2.254786252975463867e+00
3.584775447845458984e+00
2.459558010101318359e+00
2.449929714202880859e-03
-1.756481766700744629e+00
6.289789080619812012e-01
-1.015085577964782715e+00
-1.484449625015258789e+00
1.088200807571411133e-01
-7.697966098785400391e-01
-1.257983446121215820e+00
-3.258213996887207031e+00
-3.523599147796630859e+00
1.468700647354125977e+00
-1.314740180969238281e-01
2.438758850097656250e+00
1.236863374710083008e+00
1.043265700340270996e+00
-5.908915996551513672e-01
-2.866163253784179688e+00
-2.717272281646728516e+00
-2.669050455093383789e+00
1.716705799102783203e+00
-1.895352363586425781e+00
2.396965742111206055e+00
-1.049480438232421875e+00
-2.867236137390136719e-01
-1.107762932777404785e+00
-8.747287988662719727e-01
8.859143257141113281e-01
6.402947306632995605e-01
6.783207654953002930e-01
3.556470394134521484e+00
1.820485711097717285e+00
1.190989732742309570e+00
3.069558143615722656e+00
-2.698054313659667969e-01
-2.567787468433380127e-01
-2.527901887893676758e+00
6.612434387207031250e-01
1.480456590652465820e+00
-3.275212049484252930e+00
3.861386179924011230e-01
-3.061821699142456055e+00
-2.128956794738769531e+00
5.837606787681579590e-01
4.834205150604248047e+00
-3.082227945327758789e+00
3.158933877944946289e+00
-1.027992606163024902e+00
3.025629043579101562e+00
2.363728284835815430e-01
-2.875321388244628906e+00
-1.257704734802246094e+00
-1.987898826599121094e+00
3.678632020950317383e+00
1.136394739151000977e+00
2.642398834228515625e+00
4.791628718376159668e-01
-2.478051662445068359e+00
5.936419963836669922e-01
-4.102804660797119141e+00
2.511366128921508789e+00
1.379007697105407715e+00
6.570684909820556641e-02
3.513370156288146973e-01
-1.049510836601257324e-01
5.460619330406188965e-01
-5.194805860519409180e-01
-1.927116036415100098e+00
-3.140191316604614258e+00
7.017021775245666504e-01
1.121745705604553223e+00
4.572436213493347168e-02
-2.376636743545532227e+00
-1.564373075962066650e-01
1.413865685462951660e-01
-3.325652599334716797e+00
-1.822205424308776855e+00
7.636357545852661133e-01
4.792290925979614258e-01
-3.339761734008789062e+00
-6.558582186698913574e-01
8.522946238517761230e-01
-3.012388706207275391e+00
-4.631692171096801758e-02
1.365212917327880859e+00
1.532373428344726562e+00
-6.327790617942810059e-01
-1.326033830642700195e+00
-4.908136725425720215e-01
7.190163433551788330e-02
2.060572862625122070e+00
1.189574599266052246e-01
1.724837422370910645e-01
1.778584837913513184e+00
-7.033191323280334473e-01
-2.243701696395874023e+00
-3.463084936141967773e+00
1.393863081932067871e+00
-1.204749345779418945e+00
1.694498419761657715e+00
1.289263486862182617e+00
2.711422920227050781e+00
-2.646527051925659180e+00
-3.198885440826416016e+00
-1.462188601493835449e+00
-1.077298998832702637e+00
-3.964855909347534180e+00
-2.109844684600830078e+00
-1.358625650405883789e+00
5.025937557220458984e-01
-5.611392974853515625e+00
-2.401846051216125488e-01
-8.868334293365478516e-01
-5.641612410545349121e-02
7.068930864334106445e-01
-1.348883509635925293e+00
9.312308430671691895e-01
-4.705274105072021484e-02
-1.018299698829650879e+00
2.309670448303222656e+00
1.371069550514221191e+00
-3.338125467300415039e+00
-1.416732549667358398e+00
-1.363860368728637695e+00
-2.477616071701049805e-03
-6.906288862228393555e-02
-2.500293254852294922e+00
8.575954437255859375e-01
-4.105278968811035156e+00
1.696167230606079102e+00
1.581048965454101562e+00
1.817663788795471191e+00
2.917036771774291992e+00
3.351120233535766602e+00
-2.032085895538330078e+00
3.047504663467407227e+00
2.843482494354248047e+00
-2.401570081710815430e+00
-2.441791296005249023e+00
-6.540879607200622559e-01
-2.165349721908569336e+00
-1.060839295387268066e+00
-2.748678922653198242e+00
-1.569049358367919922e+00
-2.559492349624633789e+00
1.012133002281188965e+00
-1.570791482925415039e+00
5.728819966316223145e-01
8.884916305541992188e-01
-1.021193385124206543e+00
-1.616481781005859375e+00
-1.996550798416137695e+00
-2.632206678390502930e+00
-2.856211185455322266e+00
1.914335727691650391e+00
-8.934793472290039062e-01
-3.472459316253662109e+00
-3.451314926147460938e+00
-6.396777153015136719e+00
-2.941950321197509766e+00
-3.012748241424560547e+00
6.774073839187622070e-01
-2.349828481674194336e+00
-7.095800042152404785e-01
-2.615284204483032227e+00
-5.358251333236694336e-01
3.213532865047454834e-01
-5.909771919250488281e-01
-1.700003743171691895e+00
-1.850885868072509766e+00
-1.454032182693481445e+00
-2.066799640655517578e+00
-1.024360179901123047e+00
-3.945101737976074219e+00
-3.942329287528991699e-01
-2.271363258361816406e+00
-3.669137001037597656e+00
-1.787268638610839844e+00
-1.395115256309509277e+00
-4.359258174896240234e+00
-3.264641046524047852e+00
-1.550600171089172363e+00
-1.199208021163940430e+00
-5.375825762748718262e-01
-3.654969692230224609e+00
-1.157446980476379395e+00
-4.526308536529541016e+00
-4.451008319854736328e+00
-2.065772056579589844e+00
2.762733697891235352e-01
-1.077547550201416016e+00
-1.189636945724487305e+00
1.571730852127075195e+00
2.151371002197265625e+00
1.914878964424133301e+00
3.693090200424194336e+00
-2.135572433471679688e-01
4.233564376831054688e+00
-1.005748152732849121e+00
-1.258559703826904297e+00
1.600575566291809082e+00
1.315511703491210938e+00
1.709312200546264648e+00
2.042408227920532227e+00
-2.474689483642578125e-02
1.930917382240295410e+00
1.760055303573608398e+00
9.386928081512451172e-01
-1.434227466583251953e+00
1.292596697807312012e+00
-5.147076845169067383e-01
-1.363720774650573730e+00
1.739976406097412109e+00
-3.548748195171356201e-01
-1.789542198181152344e+00
3.878921985626220703e+00
-6.646442413330078125e-02
-4.140063285827636719e+00
-8.262852430343627930e-01
-3.994361639022827148e+00
1.101870417594909668e+00
8.224964141845703125e-03
1.600184440612792969e+00
-1.161213994026184082e+00
-6.160277366638183594e+00
-5.364799499511718750e+00
-2.898278951644897461e+00
2.102965712547302246e-01
-2.386466741561889648e+00
-5.214575767517089844e+00
-1.324625730514526367e+00
-3.340834140777587891e+00
-2.210659742355346680e+00
-2.709456682205200195e+00
6.896147727966308594e-01
1.332477331161499023e-01
1.849793076515197754e+00
-1.982319116592407227e+00
-1.557908058166503906e+00
-4.209703445434570312e+00
-1.186011195182800293e+00
-1.572496056556701660e+00
-1.827914357185363770e+00
-2.839365005493164062e+00
-3.453065633773803711e+00
2.663674652576446533e-01
1.958513855934143066e+00
5.548329949378967285e-01
-1.669495701789855957e+00
-3.676844596862792969e+00
-3.908288478851318359e-02
-1.248437523841857910e+00
-6.417406797409057617e-01
7.777971029281616211e-01
-2.929181575775146484e+00
-3.023955345153808594e+00
-8.249658942222595215e-01
1.835189580917358398e+00
2.927754878997802734e+00
1.118642464280128479e-01
-1.241043806076049805e+00
1.653243064880371094e+00
-2.761669635772705078e+00
-8.126519918441772461e-01
6.404045224189758301e-02
1.847739100456237793e+00
5.588254928588867188e-01
-1.394996404647827148e+00
-2.168268680572509766e+00
1.563357114791870117e-01
-1.489493966102600098e+00
-4.553534388542175293e-01
-2.462649583816528320e+00
9.633980989456176758e-01
3.039574623107910156e+00
3.753329992294311523e+00
7.723054885864257812e-01
7.101522088050842285e-01
3.594270706176757812e+00
6.424534320831298828e-01
1.640344619750976562e+00
2.123968601226806641e+00
1.337812185287475586e+00
-2.673256874084472656e+00
-1.123234629631042480e+00
-9.448918104171752930e-01
2.666154623031616211e+00
4.950088500976562500e+00
-2.758045673370361328e+00
-1.320921897888183594e+00
-1.934000253677368164e+00
-1.724804341793060303e-01
-1.589323163032531738e+00
5.677210807800292969e+00
-2.536535024642944336e+00
2.351474612951278687e-01
-4.057893157005310059e-01
1.099763154983520508e+00
4.076607525348663330e-01
6.827621459960937500e+00
-4.713298320770263672e+00
9.530763626098632812e-01
-2.373203754425048828e+00
-2.961466312408447266e-01
5.163913965225219727e-01
-1.917969703674316406e+00
-8.558177947998046875e-01
7.153873443603515625e-01
-2.973124265670776367e+00
1.364974737167358398e+00
-3.909808993339538574e-01
1.632698297500610352e+00
1.121396303176879883e+00
1.435687065124511719e+00
-2.907379150390625000e+00
8.692509531974792480e-01
3.369647502899169922e+00
9.357552528381347656e-01
1.506098747253417969e+00
2.039860963821411133e+00
-1.909806489944458008e+00
-1.318227529525756836e+00
-1.300271630287170410e+00
-2.555354833602905273e+00
-2.235969543457031250e+00
7.402260303497314453e+00
-5.203585624694824219e-01
4.130162715911865234e+00
-4.520699977874755859e-01
2.990889787673950195e+00
2.691584110260009766e+00
3.149917721748352051e-01
6.727775335311889648e-01
-1.063667535781860352e+00
1.570138931274414062e+00
-3.399946689605712891e+00
-1.995075941085815430e+00
-1.130792379379272461e+00
-2.204272985458374023e+00
5.149690628051757812e+00
-3.143573522567749023e+00
4.429731845855712891e+00
1.722224056720733643e-01
-1.784652471542358398e-01
2.267862796783447266e+00
1.772799015045166016e+00
-8.764065504074096680e-01
3.923636376857757568e-01
-4.453790187835693359e-02
6.058888435363769531e-01
-1.351713895797729492e+00
-1.247657179832458496e+00
-2.586666941642761230e-01
4.976539313793182373e-02
-3.386823654174804688e+00
2.025588750839233398e-01
3.179067850112915039e+00
1.897222399711608887e-01
1.973538279533386230e+00
-2.396295070648193359e+00
1.518928050994873047e+00
-1.544955849647521973e+00
-7.691390514373779297e-01
-9.841822385787963867e-01
-1.923498272895812988e+00
3.723509311676025391e+00
6.291962862014770508e-01
-5.129507780075073242e-01
-9.679126739501953125e-01
5.560090541839599609e-01
-1.230639934539794922e+00
8.424926400184631348e-01
-3.673386573791503906e-01
-6.657911777496337891e+00
3.004783391952514648e-01
-1.803510427474975586e+00
8.479998707771301270e-01
-3.371553182601928711e+00
-8.298079371452331543e-01
1.786123871803283691e+00
-2.967707812786102295e-01
-1.178628802299499512e-01
-5.209717750549316406e-01
1.975841164588928223e+00
5.975131988525390625e-01
-2.684222698211669922e+00
-1.103913545608520508e+00
6.514018177986145020e-01
2.492470741271972656e+00
-1.250143170356750488e+00
-1.018513679504394531e+00
5.030003190040588379e-01
1.578333377838134766e+00
-2.593273669481277466e-02
-2.172723293304443359e+00
-3.030312776565551758e+00
-1.091219425201416016e+00
2.089319705963134766e+00
5.418924093246459961e-01
-8.213691711425781250e-01
2.093195915222167969e+00
3.134558796882629395e-01
3.022156715393066406e+00
-1.670029282569885254e+00
-1.116198062896728516e+00
1.633906602859497070e+00
-8.466497659683227539e-01
4.070751190185546875e+00
-1.675254106521606445e-01
-1.785810351371765137e+00
-1.470165252685546875e+00
3.724870204925537109e+00
1.140890717506408691e+00
-3.788049697875976562e+00
5.749580450356006622e-03
1.788998246192932129e+00
-4.155277252197265625e+00
-4.066647052764892578e+00
3.965542912483215332e-01
8.658865690231323242e-01
2.731273174285888672e+00
1.538163423538208008e-01
-1.540668249130249023e+00
3.228319644927978516e+00
1.247404813766479492e+00
-2.028245449066162109e+00
-2.479519128799438477e+00
-2.018830180168151855e-02
3.643708825111389160e-01
-2.113255023956298828e+00
-3.921905517578125000e+00
2.734694480895996094e+00
-5.322056770324707031e+00
-5.026378631591796875e-01
5.373633503913879395e-01
-2.647203683853149414e+00
5.324056744575500488e-01
1.425068974494934082e+00
1.018893361091613770e+00
5.492715835571289062e+00
-2.627255916595458984e+00
2.986069321632385254e-01
-7.776892185211181641e-01
-2.626087665557861328e+00
5.543800830841064453e+00
-3.296778678894042969e+00
-1.346993684768676758e+00
7.517991662025451660e-01
-2.666089296340942383e+00
-8.670496940612792969e-01
-1.949269324541091919e-01
3.878539562225341797e+00
-1.181256413459777832e+00
-5.265133857727050781e+00
3.312711715698242188e+00
-4.268746376037597656e+00
-2.040261745452880859e+00
1.851553678512573242e+00
-1.644136905670166016e+00
1.409525871276855469e+00
3.116318941116333008e+00
3.080048561096191406e+00
-1.518588185310363770e+00
2.087751865386962891e+00
2.876159667968750000e+00
-3.621086120605468750e+00
1.404598832130432129e+00
-2.339040994644165039e+00
-3.190627098083496094e+00
-3.123191833496093750e+00
3.592850685119628906e+00
-1.353015422821044922e+00
-5.092685818672180176e-01
4.064352989196777344e+00
-9.020995497703552246e-01
-3.129905939102172852e+00
-1.494600772857666016e+00
1.342693209648132324e+00
-2.704435825347900391e+00
-9.318124055862426758e-01
-2.194289445877075195e+00
1.489061594009399414e+00
2.880072832107543945e+00
8.331820368766784668e-01
3.668634176254272461e+00
3.724342584609985352e-01
4.096639633178710938e+00
2.779114961624145508e+00
4.046189785003662109e+00
-2.257175683975219727e+00
1.730036616325378418e+00
-2.826025485992431641e-01
1.855754613876342773e+00
5.895473957061767578e+00
1.353963375091552734e+00
-2.522751331329345703e+00
4.063206195831298828e+00
6.295847296714782715e-01
3.829144954681396484e+00
-3.783628344535827637e-01
2.830016136169433594e+00
1.790857315063476562e+00
6.873290538787841797e+00
-1.263824343681335449e+00
-3.673171520233154297e+00
-3.552835464477539062e+00
-2.073959350585937500e+00
2.363899946212768555e-01
-3.397124528884887695e+00
-5.474616289138793945e-01
2.487793207168579102e+00
-2.167388200759887695e+00
-1.776782989501953125e+00
1.726488590240478516e+00
9.373493790626525879e-01
2.444798946380615234e-01
5.462185293436050415e-02
-3.697272062301635742e+00
1.545096516609191895e+00
2.004810810089111328e+00
3.912300825119018555e+00
5.008587360382080078e+00
-2.747265100479125977e+00
8.557214736938476562e-01
-1.381135225296020508e+00
4.774938523769378662e-01
-2.462707281112670898e+00
2.795314073562622070e+00
1.398199915885925293e+00
1.743712544441223145e+00
-3.251967430114746094e+00
-1.226776599884033203e+00
-1.707403779029846191e+00
-1.210932731628417969e+00
5.740878582000732422e-01
-2.211897611618041992e+00
1.277270793914794922e+00
3.895852088928222656e+00
2.039066314697265625e+00
-9.942059516906738281e-01
2.219864368438720703e+00
2.010743856430053711e+00
7.592647075653076172e-01
-7.991883158683776855e-01
-1.074322700500488281e+00
4.949238598346710205e-01
1.305371761322021484e+00
-4.685702919960021973e-01
-4.825587272644042969e-01
2.069454908370971680e+00
9.857970476150512695e-01
4.546934127807617188e+00
-1.980014085769653320e+00
7.296910881996154785e-01
2.658574104309082031e+00
1.369432926177978516e+00
-3.262511730194091797e+00
-2.794588565826416016e+00
-4.824677705764770508e-01
-6.548191308975219727e-01
4.218226432800292969e+00
2.638906002044677734e+00
1.504972934722900391e+00
7.987345457077026367e-01
1.814617216587066650e-01
-2.491450905799865723e-01
-2.626527309417724609e+00
6.395893692970275879e-01
-5.599228858947753906e+00
-2.751775264739990234e+00
1.975275754928588867e+00
6.592844724655151367e-01
-3.376090764999389648e+00
4.599826335906982422e+00
9.762021899223327637e-01
4.405480623245239258e-02
2.218455374240875244e-01
-2.332848548889160156e+00
2.290002822875976562e+00
1.257753610610961914e+00
2.487501144409179688e+00
-2.090437650680541992e+00
-7.384005784988403320e-01
6.792638778686523438e+00
-7.468149065971374512e-01
-3.856500148773193359e+00
-6.135901212692260742e-01
-1.030779123306274414e+00
1.193501949310302734e-01
-1.492228269577026367e+00
1.529340982437133789e+00
-8.203856945037841797e-01
-7.181221842765808105e-01
1.252140998840332031e-01
8.369813561439514160e-01
-1.631874561309814453e+00
3.328616619110107422e-01
-2.733954191207885742e+00
5.963851213455200195e-01
-1.965211868286132812e+00
7.679389715194702148e-01
4.943128824234008789e-01
-2.219074010848999023e+00
5.438217163085937500e+00
2.583699703216552734e+00
2.459999084472656250e+00
-3.037736415863037109e-01
1.090304851531982422e+00
-3.869127035140991211e+00
3.917723178863525391e+00
1.463796377182006836e+00
-3.820951461791992188e+00
-3.066516518592834473e-01
-4.206494092941284180e-01
-5.242545008659362793e-01
2.424130439758300781e+00
-1.515362501144409180e+00
2.555952310562133789e+00
1.845501899719238281e+00
2.392715930938720703e+00
-6.179749965667724609e-01
7.132177948951721191e-01
-2.311459064483642578e+00
1.100596427917480469e+00
-1.399963796138763428e-01
2.642047405242919922e+00
-1.186475157737731934e+00
-1.776668071746826172e+00
-2.464922070503234863e-01
5.104938983917236328e+00
1.791430115699768066e+00
6.787912249565124512e-01
5.677075862884521484e+00
3.574434667825698853e-03
1.362438082695007324e+00
-1.118354350328445435e-01
-1.514606833457946777e+00
1.999344587326049805e+00
6.086686849594116211e-01
-1.091586589813232422e+00
1.480958461761474609e+00
-2.456798255443572998e-01
-4.344902992248535156e+00
-1.709347009658813477e+00
-2.546785473823547363e-01
-6.341726779937744141e+00
-1.707418680191040039e+00
-1.707496494054794312e-01
-3.631818294525146484e+00
-8.454339027404785156e+00
2.382832050323486328e+00
-1.143356204032897949e+00
1.796478629112243652e+00
-2.862170696258544922e+00
1.501541018486022949e+00
1.435775637626647949e+00
1.320699453353881836e+00
3.825958728790283203e+00
-2.755260944366455078e+00
-2.043474674224853516e+00
4.051904976367950439e-01
-7.526761889457702637e-01
1.016593694686889648e+00
-7.668572664260864258e-01
3.128054618835449219e+00
-4.069873332977294922e+00
-3.988425254821777344e+00
4.073292255401611328e+00
-2.344986200332641602e+00
-1.651539683341979980e+00
1.017859101295471191e+00
-8.864999413490295410e-01
4.889446496963500977e-01
1.012171268463134766e+00
1.748724222183227539e+00
-7.073982954025268555e-01
4.179324150085449219e+00
5.445503592491149902e-01
1.880896568298339844e+00
9.902654886245727539e-01
-4.068245887756347656e+00
-1.423689842224121094e+00
-1.835458040237426758e+00
2.442108154296875000e+00
-2.663529872894287109e+00
4.452620744705200195e-01
3.363114893436431885e-01
8.697432279586791992e-02
4.529691219329833984e+00
2.717497110366821289e+00
3.108172416687011719e+00
3.204672336578369141e+00
-3.776729106903076172e+00
-9.129892587661743164e-01
2.574384927749633789e+00
1.091569662094116211e+00
3.797876834869384766e-01
6.056150436401367188e+00
9.775701761245727539e-01
-3.704180717468261719e-01
5.588170051574707031e+00
-2.870629429817199707e-01
-2.421991109848022461e+00
-5.652236342430114746e-01
5.964283347129821777e-01
7.386007308959960938e-01
1.270240545272827148e+00
1.382216334342956543e+00
4.811116158962249756e-01
-3.078350067138671875e+00
1.886626005172729492e+00
6.780290603637695312e-01
-1.135520219802856445e+00
3.570864498615264893e-01
1.974999427795410156e+00
-2.055711269378662109e+00
2.288803100585937500e+00
2.316423654556274414e-01
5.355557441711425781e+00
3.348913669586181641e+00
8.987848758697509766e-01
1.774698495864868164e+00
-5.020007491111755371e-01
4.150133132934570312e+00
6.425096511840820312e+00
3.381243467330932617e+00
-3.744004726409912109e+00
-1.306942105293273926e+00
3.339066505432128906e+00
-4.002740859985351562e+00
-2.136076450347900391e+00
-2.295861691236495972e-01
3.769068956375122070e+00
-5.115922689437866211e-01
4.931773543357849121e-01
-1.062882423400878906e+00
2.092012643814086914e+00
1.156962633132934570e+00
1.065110325813293457e+00
-3.338035821914672852e+00
3.983037471771240234e+00
-3.095789849758148193e-01
-2.193844556808471680e+00
1.832616567611694336e+00
5.549296736717224121e-02
-4.767782688140869141e-01
-2.498519420623779297e+00
2.703263759613037109e+00
-2.354939460754394531e+00
7.171634435653686523e-01
3.409677982330322266e+00
-3.315952122211456299e-01
6.180783510208129883e-01
-2.205359935760498047e-02
1.361897468566894531e+00
-4.036151766777038574e-01
-2.563354969024658203e+00
-9.892430305480957031e-01
1.135811209678649902e-01
-6.224654316902160645e-01
-5.110186100006103516e+00
4.959014892578125000e+00
4.883923530578613281e-01
-2.211612164974212646e-01
1.499045610427856445e+00
4.384276866912841797e+00
5.671766400337219238e-01
6.525945186614990234e+00
-2.113699913024902344e+00
-9.705935120582580566e-01
8.008832931518554688e-01
-8.394197225570678711e-01
3.227708816528320312e+00
-4.861043453216552734e+00
-4.698980450630187988e-01
3.903962135314941406e+00
1.370948076248168945e+00
2.172891855239868164e+00
-6.436631083488464355e-01
-2.610869407653808594e+00
2.584516048431396484e+00
-1.273867130279541016e+00
1.799096584320068359e+00
-1.923024058341979980e+00
-1.468523263931274414e+00
-1.107441663742065430e+00
4.542409896850585938e+00
-1.825462579727172852e-01
3.482317686080932617e+00
-7.122983336448669434e-01
2.818167209625244141e+00
-4.873134791851043701e-01
-1.018200159072875977e+00
2.024298906326293945e+00
-7.786136865615844727e-01
1.152309060096740723e+00
-9.965155124664306641e-01
-1.611236572265625000e+00
-6.495461463928222656e-01
3.153200149536132812e+00
-1.096210002899169922e+00
1.540082454681396484e+00
-1.419604778289794922e+00
3.905799865722656250e+00
-1.849746704101562500e-01
-1.608685553073883057e-01
2.027828991413116455e-02
2.955425739288330078e+00
-2.179973602294921875e+00
4.285887777805328369e-01
-1.529368400573730469e+00
4.774006009101867676e-01
-3.803022146224975586e+00
-8.074430227279663086e-01
1.352327466011047363e-01
-2.502430915832519531e+00
-9.282195568084716797e-01
-2.398524761199951172e+00
-4.975445270538330078e-01
8.510357141494750977e-02
5.135892629623413086e-01
-1.219741225242614746e+00
-2.652812480926513672e+00
-2.609245300292968750e+00
-1.376396656036376953e+00
2.954598963260650635e-01
1.303490877151489258e+00
-9.870809316635131836e-01
-1.069013714790344238e+00
1.949119925498962402e+00
-2.803014516830444336e-01
-9.279018640518188477e-02
1.451660275459289551e+00
2.301216363906860352e+00
4.433750152587890625e+00
7.907698750495910645e-01
5.162776708602905273e-01
1.891987800598144531e+00
2.547883272171020508e+00
-8.677150011062622070e-01
9.526444673538208008e-01
1.972542405128479004e-01
-2.647789478302001953e+00
-3.169361352920532227e+00
-3.661095380783081055e+00
-1.485939860343933105e+00
-3.177287817001342773e+00
-4.606472969055175781e+00
-7.035256624221801758e-01
-3.375789403915405273e+00
-1.854926824569702148e+00
-1.224008560180664062e+00
9.773778915405273438e-01
1.363074779510498047e+00
3.965096175670623779e-01
4.588495254516601562e+00
-2.492408603429794312e-01
9.424097537994384766e-01
1.988040566444396973e+00
1.228579759597778320e+00
4.121305465698242188e+00
9.209012985229492188e-01
3.195284366607666016e+00
6.787848472595214844e-01
2.980376720428466797e+00
3.105327606201171875e+00
2.149991035461425781e+00
3.039762496948242188e+00
3.571641445159912109e-01
3.067914962768554688e+00
2.125677347183227539e+00
2.175863742828369141e+00
2.062199711799621582e-01
-4.783664941787719727e-01
3.438169002532958984e+00
-3.261193275451660156e+00
-5.229807853698730469e+00
-2.624846458435058594e+00
-6.516934633255004883e-01
2.150216698646545410e-02
8.331221342086791992e-01
4.110926628112792969e+00
