-1.464773178100585938e+00
-5.226553678512573242e-01
-2.404130935668945312e+00
-3.142292976379394531e+00
-4.134789943695068359e+00
-1.171518564224243164e-01
1.475607275962829590e+00
1.394538521766662598e+00
8.735948801040649414e-01
5.722798347473144531e+00
-2.138111114501953125e+00
-2.525773525238037109e+00
-8.327353000640869141e-01
-1.424184441566467285e+00
2.364714145660400391e-01
-5.573447942733764648e-01
-4.320084095001220703e+00
1.405520081520080566e+00
-1.513962268829345703e+00
-1.004403829574584961e+00
-4.486966609954833984e+00
-3.781366825103759766e+00
-4.932180881500244141e+00
-4.995682716369628906e+00
-4.089127540588378906e+00
-5.208567142486572266e+00
-3.021451950073242188e+00
-1.344309806823730469e+00
-1.566986560821533203e+00
-2.158638238906860352e+00
-5.458288192749023438e+00
-1.885190606117248535e+00
-6.500086307525634766e+00
-2.393221378326416016e+00
-1.110895037651062012e+00
-4.184508323669433594e+00
-1.700465321540832520e+00
-4.835453033447265625e+00
1.668820023536682129e+00
-2.372987508773803711e+00
-2.018411159515380859e+00
-4.812326908111572266e+00
-2.180514812469482422e+00
-3.762358665466308594e+00
-2.029567241668701172e+00
-2.552184462547302246e-01
-3.110688924789428711e+00
-3.226486682891845703e+00
3.459698557853698730e-01
-5.511726737022399902e-01
1.779679656028747559e-01
-1.528527498245239258e+00
-1.258713364601135254e+00
-5.189309120178222656e+00
-2.630548954010009766e+00
3.369979560375213623e-01
7.513587474822998047e-01
-6.022757530212402344e+00
-1.490476131439208984e-01
-2.824598312377929688e+00
2.085000038146972656e+00
3.650408744812011719e+00
5.439354181289672852e-01
-2.859794139862060547e+00
-4.807145595550537109e-01
3.810512423515319824e-01
2.302127599716186523e+00
-2.131088495254516602e+00
1.085495829582214355e+00
-2.024635791778564453e+00
1.223034858703613281e-01
-1.262538552284240723e+00
-2.636214733123779297e+00
1.877817034721374512e+00
2.809384346008300781e+00
-1.793374538421630859e+00
5.731694698333740234e-01
4.824988842010498047e+00
1.579544901847839355e+00
1.476948738098144531e+00
-2.342632055282592773e+00
-4.672779083251953125e+00
-1.642290234565734863e+00
-2.923459291458129883e+00
2.689533233642578125e+00
-3.696073532104492188e+00
2.347390651702880859e-01
-2.478868961334228516e+00
-1.272924184799194336e+00
-3.613425254821777344e+00
-2.608544111251831055e+00
-3.420883417129516602e+00
-1.302861571311950684e-01
-4.842994689941406250e+00
3.317181468009948730e-01
-3.439996242523193359e+00
-3.061848878860473633e-02
-3.216091156005859375e+00
-1.320213913917541504e+00
-3.401772260665893555e+00
-2.794474840164184570e+00
-2.666815757751464844e+00
-6.294994354248046875e+00
-2.828602790832519531e+00
-3.397137224674224854e-01
-4.217649936676025391e+00
-3.543446540832519531e+00
3.953762769699096680e+00
4.089824557304382324e-01
1.358537435531616211e+00
-3.093682527542114258e+00
-3.408443450927734375e+00
-1.331700325012207031e+00
-1.387314319610595703e+00
-5.008582115173339844e+00
-6.086766719818115234e-02
-2.100409030914306641e+00
2.444247007369995117e+00
1.512008666992187500e+00
1.406885981559753418e-01
5.270558595657348633e-02
1.833264827728271484e+00
1.104205727577209473e+00
1.221149563789367676e+00
3.438036441802978516e+00
-1.754178166389465332e+00
-4.075350761413574219e-01
3.914480686187744141e+00
2.320152282714843750e+00
2.987405061721801758e+00
5.172200679779052734e+00
1.561952233314514160e+00
1.605188608169555664e+00
1.646252274513244629e+00
4.722945213317871094e+00
5.480247735977172852e-01
3.888452053070068359e-02
-3.714951515197753906e+00
3.337034225463867188e+00
-2.281600475311279297e+00
-2.212631702423095703e-02
7.792342901229858398e-01
2.470986843109130859e-01
-1.627070903778076172e+00
2.521083354949951172e-01
-5.800436019897460938e+00
-5.412840366363525391e+00
-5.368092060089111328e+00
-4.760394573211669922e+00
-1.535722851753234863e+00
-5.730778217315673828e+00
5.398711204528808594e+00
-5.362413525581359863e-01
7.176455855369567871e-02
1.352570295333862305e+00
-2.070336818695068359e+00
-3.930293321609497070e-01
4.321619033813476562e+00
4.364919185638427734e+00
1.751684069633483887e+00
-2.603641748428344727e-01
1.920561552047729492e+00
4.455145359039306641e+00
1.928862094879150391e+00
5.489987850189208984e+00
1.936474442481994629e+00
4.861709594726562500e+00
5.041991233825683594e+00
5.724980354309082031e+00
2.898394107818603516e+00
5.384729385375976562e+00
4.800905704498291016e+00
5.547148704528808594e+00
6.004671096801757812e+00
2.399560213088989258e+00
3.108149766921997070e-01
4.960504531860351562e+00
3.179201364517211914e+00
2.992123365402221680e+00
-1.149134993553161621e+00
-1.358898401260375977e+00
2.419148206710815430e+00
2.433790206909179688e+00
-3.005468845367431641e-01
1.000540852546691895e+00
-4.991656541824340820e-01
-1.440841078758239746e+00
3.742249011993408203e-01
2.405715942382812500e+00
3.918921351432800293e-01
-9.272277355194091797e-01
-1.212174594402313232e-01
1.304954051971435547e+00
8.166308403015136719e-01
-1.290461182594299316e+00
3.189575970172882080e-01
-1.948565959930419922e+00
6.610624790191650391e-01
-8.402377367019653320e-01
4.280622482299804688e+00
-2.339826583862304688e+00
1.153312444686889648e+00
9.355064034461975098e-01
4.028457641601562500e+00
3.238183498382568359e+00
-1.454940319061279297e+00
8.575626015663146973e-01
1.942289948463439941e+00
5.372682094573974609e+00
2.385876893997192383e+00
4.903699398040771484e+00
4.112355709075927734e+00
3.782966136932373047e+00
2.553499042987823486e-01
1.123914361000061035e+00
3.800071477890014648e+00
2.592077255249023438e+00
2.062188148498535156e+00
-2.000072896480560303e-01
1.208078622817993164e+00
-1.744285941123962402e+00
-5.979329347610473633e-02
5.309629440307617188e+00
1.849756479263305664e+00
-5.406609773635864258e-01
1.371681928634643555e+00
2.393747329711914062e+00
7.169557571411132812e+00
2.669287204742431641e+00
4.250963628292083740e-01
1.840612173080444336e+00
3.985566616058349609e+00
3.225987195968627930e+00
1.038241624832153320e+00
1.838760614395141602e+00
-8.468207716941833496e-01
6.380839943885803223e-01
6.676697254180908203e+00
3.501496076583862305e+00
-7.552659511566162109e-01
2.353786468505859375e+00
2.554711818695068359e+00
5.071941614151000977e-01
8.348247408866882324e-01
-1.569445610046386719e+00
-1.584343791007995605e+00
2.555745601654052734e+00
3.070538759231567383e+00
2.677255153656005859e+00
2.481277704238891602e+00
2.308971405029296875e+00
5.086844921112060547e+00
-1.903573036193847656e+00
5.380868434906005859e+00
3.168978452682495117e+00
-1.839405298233032227e-02
1.528784483671188354e-01
3.455153703689575195e+00
7.006180882453918457e-01
-1.095941543579101562e+00
-1.466938376426696777e+00
-8.815262913703918457e-01
8.396613597869873047e-02
2.953375101089477539e+00
2.797731876373291016e+00
2.228994131088256836e+00
4.596133828163146973e-01
3.400528907775878906e+00
1.115894436836242676e+00
4.425864696502685547e+00
5.062105178833007812e+00
3.685740947723388672e+00
7.193477630615234375e+00
4.600314140319824219e+00
6.069631576538085938e+00
2.060471057891845703e+00
-1.542690753936767578e+00
1.358440876007080078e+00
2.377523899078369141e+00
1.513591766357421875e+00
3.201708793640136719e+00
-8.963986039161682129e-01
1.057594060897827148e+00
-7.624372839927673340e-01
-1.748196721076965332e+00
-1.073184609413146973e+00
4.618176221847534180e-01
-5.732459425926208496e-01
-2.251447677612304688e+00
-3.764677286148071289e+00
-2.790039181709289551e-01
7.011590003967285156e-01
1.309714078903198242e+00
2.005162000656127930e+00
-2.473222732543945312e+00
-1.703914642333984375e+00
-9.333896040916442871e-01
-2.991204500198364258e+00
-3.336488246917724609e+00
-5.975194454193115234e+00
-2.324397087097167969e+00
-1.549268484115600586e+00
-1.131314039230346680e+00
-1.514195442199707031e+00
-9.388076066970825195e-01
-5.475975990295410156e+00
-5.276296138763427734e+00
2.098195552825927734e+00
-9.205276370048522949e-01
9.300008416175842285e-01
2.076766014099121094e+00
-6.716890931129455566e-01
-3.779224157333374023e-01
5.088319182395935059e-01
2.263109207153320312e+00
-9.208222627639770508e-01
-2.298079013824462891e+00
6.254192590713500977e-01
-1.009966731071472168e-01
3.554764986038208008e-01
-7.458513975143432617e-02
-3.417328596115112305e+00
-3.277103662490844727e+00
-5.532221794128417969e-01
-4.622004508972167969e+00
-3.307571172714233398e+00
-4.132942199707031250e+00
-1.989720702171325684e+00
-3.432165145874023438e+00
-1.481817722320556641e+00
6.296149492263793945e-01
1.856899261474609375e-02
1.445972919464111328e-01
1.201685547828674316e+00
-5.798628330230712891e+00
-3.848328351974487305e+00
-2.705968379974365234e+00
-4.800230503082275391e+00
-7.164753675460815430e-01
7.254982471466064453e+00
8.659284591674804688e+00
4.061755657196044922e+00
2.599493980407714844e+00
4.072368621826171875e+00
-2.103651046752929688e+00
5.459292411804199219e+00
2.687395095825195312e+00
-1.149971485137939453e+00
8.389902114868164062e+00
5.728268623352050781e+00
4.242078304290771484e+00
4.639856815338134766e+00
6.078901767730712891e+00
8.976408958435058594e+00
6.014155864715576172e+00
5.652260780334472656e+00
-2.998392105102539062e+00
-1.496559739112854004e+00
-1.230530500411987305e+00
-1.385563969612121582e+00
-1.556071162223815918e+00
-2.713433980941772461e+00
-3.914439916610717773e+00
2.176847904920578003e-01
-3.247348368167877197e-01
-2.866070508956909180e+00
-4.414161682128906250e+00
-6.035311698913574219e+00
-4.383301734924316406e+00
-3.590953826904296875e+00
-4.441389560699462891e+00
-7.104822993278503418e-01
-6.955025672912597656e+00
-5.708549022674560547e+00
-2.245745182037353516e+00
-5.333417415618896484e+00
-1.099469423294067383e+00
-1.674843549728393555e+00
-4.687611579895019531e+00
-5.088533878326416016e+00
-2.332636594772338867e+00
-5.108382225036621094e+00
-4.130524635314941406e+00
-1.226422429084777832e+00
-2.852002620697021484e+00
7.243421673774719238e-01
8.772265911102294922e-01
-1.458791017532348633e+00
-1.987562656402587891e+00
-1.004095792770385742e+00
-4.635613441467285156e+00
-1.151778697967529297e+00
-1.491227149963378906e-01
-1.341246604919433594e+00
-2.800400733947753906e+00
-2.917765676975250244e-01
1.745272278785705566e+00
-1.395603775978088379e+00
-2.258041858673095703e+00
1.118263602256774902e+00
-2.300121068954467773e+00
-2.203956365585327148e+00
6.911599636077880859e-01
-7.224276542663574219e+00
-2.032250642776489258e+00
2.428557872772216797e+00
-1.469975352287292480e+00
1.444490194320678711e+00
-1.528371810913085938e+00
-1.030259370803833008e+00
2.180891036987304688e+00
5.390942573547363281e+00
-1.822416782379150391e-01
-2.066962242126464844e+00
3.894609451293945312e+00
-2.311824560165405273e-01
-1.626429796218872070e+00
7.354255676269531250e+00
-3.499589920043945312e+00
3.225090026855468750e+00
-3.220355987548828125e+00
-2.577810525894165039e+00
-1.387454152107238770e+00
-5.824438333511352539e-01
4.021697998046875000e+00
4.791907310485839844e+00
-2.851297378540039062e+00
2.604385614395141602e+00
3.089048385620117188e+00
3.902613401412963867e+00
-1.538943886756896973e+00
1.228604793548583984e+00
-1.565686583518981934e+00
-5.313998460769653320e-02
8.696305274963378906e+00
1.135342597961425781e+00
3.310462236404418945e+00
-1.727218031883239746e-01
-6.834335327148437500e-01
-1.405257105827331543e+00
-1.735988497734069824e+00
2.227101564407348633e+00
-5.222561359405517578e+00
5.113080978393554688e+00
4.078458547592163086e-01
-9.324402213096618652e-01
1.299136400222778320e+00
4.327994287014007568e-01
-9.681551456451416016e-01
1.360763549804687500e+00
-3.003418684005737305e+00
3.858570456504821777e-01
4.499535083770751953e+00
-2.726684570312500000e+00
-4.931477546691894531e+00
2.411826372146606445e+00
-4.704501032829284668e-01
-4.639786481857299805e-01
7.465010881423950195e-02
4.386700630187988281e+00
-3.666897773742675781e+00
1.056837320327758789e+00
1.595666170120239258e+00
1.859477519989013672e+00
4.252540588378906250e+00
-3.085896372795104980e-01
-3.727898120880126953e+00
-9.727942943572998047e-01
-2.650930404663085938e+00
-8.091966509819030762e-01
1.194917082786560059e+00
-2.024080276489257812e+00
-2.981376171112060547e+00
-3.488833427429199219e+00
7.608750343322753906e+00
-3.583848476409912109e+00
4.103400707244873047e+00
-5.195863723754882812e+00
5.127652645111083984e+00
-5.915729522705078125e+00
-1.329929590225219727e+00
-7.476549148559570312e-01
-1.317075252532958984e+00
1.526278972625732422e+00
-1.884452104568481445e+00
-2.998232126235961914e+00
1.115786314010620117e+00
1.439264535903930664e+00
8.103108406066894531e-01
5.643212318420410156e+00
8.283519744873046875e-02
-6.463795185089111328e+00
2.654009103775024414e+00
8.476824164390563965e-01
-4.292723178863525391e+00
-8.026592731475830078e-01
2.346572875976562500e+00
6.576763391494750977e-01
1.510982513427734375e+00
-2.238334178924560547e+00
1.775657773017883301e+00
-1.831561326980590820e-02
2.813953876495361328e+00
2.412648916244506836e+00
2.295207262039184570e+00
-2.880015611648559570e+00
-1.458494186401367188e+00
-1.237971067428588867e+00
-1.737764120101928711e+00
1.492540597915649414e+00
3.158960580825805664e+00
-4.496763229370117188e+00
-5.867249965667724609e+00
-6.115302443504333496e-01
-2.385920584201812744e-01
3.646952152252197266e+00
1.673559904098510742e+00
2.471399903297424316e-01
1.182630419731140137e+00
3.283808946609497070e+00
1.110442996025085449e+00
-2.454239845275878906e+00
1.777623534202575684e+00
9.198477864265441895e-01
-3.531336307525634766e+00
-4.587458610534667969e+00
-1.202135682106018066e+00
-3.055464506149291992e+00
-3.789226293563842773e+00
1.145291924476623535e+00
2.266687870025634766e+00
1.228701099753379822e-01
2.343776702880859375e+00
1.043857097625732422e+01
-3.100049734115600586e+00
-7.752368450164794922e+00
-3.100531101226806641e+00
3.234368801116943359e+00
-6.977005004882812500e-01
1.085497188568115234e+01
-1.346039056777954102e+00
1.440972328186035156e+00
6.814711093902587891e-01
5.478178858757019043e-01
-1.336738705635070801e+00
-1.116621494293212891e-02
-6.289269447326660156e+00
-1.010882377624511719e+00
-3.507882595062255859e+00
5.923078536987304688e+00
-7.744101047515869141e+00
3.908396959304809570e-01
4.828649520874023438e+00
-6.957917809486389160e-01
-3.623620986938476562e+00
1.843566745519638062e-01
3.199051141738891602e+00
-4.891990423202514648e-01
2.006999254226684570e+00
-9.076398611068725586e-02
4.240919351577758789e-01
-1.856088995933532715e+00
3.807437658309936523e+00
-1.572308421134948730e+00
9.746041297912597656e-01
4.510369300842285156e+00
-1.940893173217773438e+00
-5.183340549468994141e+00
1.554412722587585449e+00
-1.404931306838989258e+00
-3.121910572052001953e+00
-8.106225967407226562e+00
5.345608234405517578e+00
-2.822861909866333008e+00
-8.920207619667053223e-01
5.740068554878234863e-01
-1.367557764053344727e+00
-1.573562383651733398e+00
-6.319078207015991211e-01
7.622628211975097656e+00
-1.005831956863403320e-01
-2.214251041412353516e+00
-2.325316905975341797e+00
-3.549064159393310547e+00
1.223402023315429688e+00
3.054629802703857422e+00
-3.769123554229736328e-01
-2.953104972839355469e+00
3.264322519302368164e+00
2.213644742965698242e+00
-4.325857162475585938e+00
8.488070487976074219e+00
-3.065307617187500000e+00
1.015251636505126953e+00
-2.158446073532104492e+00
1.119507670402526855e+00
-1.084364056587219238e+00
-2.618973731994628906e+00
-4.203546345233917236e-01
4.910695075988769531e+00
-1.560543775558471680e+00
6.214695572853088379e-01
4.463549554347991943e-01
4.578563690185546875e+00
-1.873405098915100098e+00
-2.163080930709838867e+00
-6.895118951797485352e-02
-1.935683012008666992e+00
2.655666351318359375e+00
1.604471504688262939e-01
9.392228126525878906e-01
1.118954277038574219e+01
-1.706135392189025879e+00
-1.704243421554565430e+00
-7.635357975959777832e-01
-2.963903427124023438e+00
1.833382129669189453e+00
1.308934211730957031e+00
-1.014653146266937256e-01
3.604696750640869141e+00
2.787142992019653320e+00
1.634926199913024902e-01
-5.851615667343139648e-01
-4.206982612609863281e+00
-3.040107965469360352e+00
-1.829081058502197266e+00
-3.013712644577026367e+00
-3.439982891082763672e+00
-2.408958911895751953e+00
-1.649902582168579102e+00
-8.985995650291442871e-01
1.619843482971191406e+00
-7.123804092407226562e-01
5.441155433654785156e-01
2.050884962081909180e-01
-5.983701229095458984e+00
4.921218395233154297e+00
2.533431291580200195e+00
2.122090339660644531e+00
2.294755697250366211e+00
-1.013156175613403320e+00
1.870308041572570801e+00
-1.242340087890625000e+00
-1.831774711608886719e+00
-7.050740718841552734e-01
5.520597934722900391e+00
3.532125949859619141e+00
4.078877449035644531e+00
-9.283381700515747070e-01
-2.416933059692382812e+00
2.269504070281982422e-01
1.237405419349670410e+00
-2.607644081115722656e+00
1.619012355804443359e+00
-6.921613812446594238e-01
7.243087887763977051e-01
-2.386785745620727539e+00
-3.844069480895996094e+00
8.111753463745117188e+00
1.919874191284179688e+00
1.442817330360412598e+00
6.136021614074707031e-01
1.329344034194946289e+00
-9.238923192024230957e-01
-4.721862077713012695e-02
-3.555560708045959473e-01
-4.361483573913574219e+00
-4.546445906162261963e-01
8.907502889633178711e-01
6.919888496398925781e+00
-1.790792703628540039e+00
6.784629225730895996e-01
1.666262596845626831e-01
-5.081334590911865234e+00
7.870845794677734375e-01
-7.478927373886108398e-01
3.290527105331420898e+00
-2.751999378204345703e+00
-1.558055043220520020e+00
5.265131592750549316e-02
1.549340248107910156e+00
-2.145267963409423828e+00
-2.148772954940795898e+00
2.591168284416198730e-01
-1.883989453315734863e+00
-3.787113189697265625e+00
-4.036242485046386719e+00
-3.777593135833740234e+00
1.856473207473754883e+00
1.930671930313110352e+00
2.627047777175903320e+00
1.009883761405944824e+00
3.067042350769042969e+00
-9.068772792816162109e-01
-1.675840258598327637e+00
-4.358415007591247559e-01
3.320323705673217773e+00
1.864397287368774414e+00
1.870365023612976074e+00
2.305989712476730347e-02
6.300290584564208984e+00
4.691065788269042969e+00
-3.560835719108581543e-01
7.229129076004028320e-01
1.921146392822265625e+00
-1.751361846923828125e+00
-8.660453557968139648e-01
-4.050971031188964844e+00
-1.422788798809051514e-01
3.040729522705078125e+00
-4.908332824707031250e+00
-5.259274244308471680e-01
-9.838526248931884766e-01
-1.384670734405517578e+00
-5.703537464141845703e+00
-7.108428001403808594e+00
2.271478652954101562e+00
-5.255481243133544922e+00
9.747084975242614746e-02
-1.022267103195190430e+00
-1.945300102233886719e+00
1.114946746826171875e+01
-3.848584890365600586e-01
2.493752956390380859e+00
-4.860525131225585938e+00
-5.762826204299926758e-01
-4.058580875396728516e+00
-1.420906066894531250e+00
2.801711082458496094e+00
-4.383800983428955078e+00
1.696206808090209961e+00
-2.137676477432250977e-01
-6.119320392608642578e-01
-1.302669525146484375e+00
-1.574720859527587891e+00
1.012256717681884766e+01
-1.046592950820922852e+00
1.342612504959106445e-01
-4.690375328063964844e-01
-1.275769829750061035e+00
-4.547058582305908203e+00
8.734245300292968750e+00
-3.379257202148437500e+00
-2.279798984527587891e+00
-6.255400180816650391e+00
-4.266746044158935547e+00
-6.740955710411071777e-01
7.695165872573852539e-01
1.273874163627624512e+00
2.775083303451538086e+00
7.330088138580322266e+00
-3.127195596694946289e+00
-7.582650184631347656e-01
-1.390141844749450684e+00
-3.209168434143066406e+00
4.902896881103515625e-01
3.436282157897949219e+00
4.328421354293823242e-01
-1.341619253158569336e+00
5.592194199562072754e-01
-4.223809719085693359e+00
-8.271998167037963867e-01
3.142168819904327393e-01
-2.040084600448608398e+00
-8.091354966163635254e-01
-1.089198827743530273e+00
-1.846277475357055664e+00
-1.177262663841247559e+00
1.666475646197795868e-02
2.652749300003051758e+00
-1.487645864486694336e+00
-2.618416547775268555e+00
4.481862068176269531e+00
-4.149048924446105957e-01
8.576285839080810547e-02
2.721719741821289062e+00
-2.005096197128295898e+00
-3.070328235626220703e+00
-1.126330018043518066e+00
2.599805593490600586e-01
-3.638212203979492188e+00
-3.629050254821777344e-01
1.637238740921020508e+00
-3.892168521881103516e+00
-4.364963531494140625e+00
2.210106849670410156e-01
3.117140054702758789e+00
-3.742412567138671875e+00
3.260776400566101074e-01
8.781998753547668457e-01
1.748165488243103027e+00
4.484121799468994141e+00
1.479755878448486328e+00
1.184956312179565430e+00
8.179832458496093750e+00
-7.565982639789581299e-02
1.964620828628540039e+00
1.295603275299072266e+00
-2.492510795593261719e+00
1.008974075317382812e+00
-1.188153505325317383e+00
-1.754584550857543945e+00
-2.823134899139404297e+00
-1.201612949371337891e+00
2.835123836994171143e-01
1.301692962646484375e+00
5.529366970062255859e+00
2.248434722423553467e-01
2.260552883148193359e+00
3.303115129470825195e+00
-3.962774515151977539e+00
-2.067944526672363281e+00
-2.062553882598876953e+00
-1.424118518829345703e+00
-4.911873340606689453e-01
2.973073482513427734e+00
1.084972500801086426e+00
-3.996318101882934570e+00
2.043349266052246094e+00
-2.115669846534729004e-01
-2.447565555572509766e+00
-3.203655242919921875e+00
1.335952281951904297e+00
-3.647541522979736328e+00
6.882584095001220703e+00
3.071360111236572266e+00
-2.327308654785156250e+00
-3.755394458770751953e+00
1.611287593841552734e+00
3.582963943481445312e-01
5.130529403686523438e-01
2.835822343826293945e+00
-2.753973484039306641e+00
-5.741662025451660156e+00
-7.189204692840576172e-01
-3.230882644653320312e+00
7.327114343643188477e-01
2.165231466293334961e+00
2.357168197631835938e+00
-2.581695556640625000e+00
2.166048049926757812e+00
3.714215040206909180e+00
-1.154880672693252563e-01
1.541401863098144531e+00
4.152328491210937500e+00
1.619564414024353027e+00
7.189915776252746582e-01
-3.252632379531860352e+00
-1.669408321380615234e+00
-1.062462210655212402e+00
1.449387431144714355e+00
4.120592594146728516e+00
2.660096883773803711e-01
1.889508605003356934e+00
7.512463569641113281e+00
-1.334818005561828613e-01
2.839848995208740234e-01
2.682180643081665039e+00
2.601747035980224609e+00
-3.093427896499633789e+00
-1.833244323730468750e+00
-1.515306591987609863e+00
2.147084712982177734e+00
-2.937394142150878906e+00
-2.083531379699707031e+00
-1.315060853958129883e-01
7.782109975814819336e-01
4.002388715744018555e-01
2.718166112899780273e+00
-3.002454757690429688e+00
1.183770060539245605e+00
1.517605781555175781e-01
1.011912345886230469e+00
8.223389089107513428e-02
-4.256910324096679688e+00
2.759936451911926270e-02
-8.784747719764709473e-01
-1.437480568885803223e+00
-1.995288491249084473e+00
4.677434921264648438e+00
2.925918698310852051e-01
5.561330914497375488e-01
-2.995829582214355469e+00
2.692148685455322266e+00
-7.658198475837707520e-02
5.583640098571777344e+00
-2.449035406112670898e+00
-9.612438678741455078e-01
9.962981939315795898e-01
5.058742761611938477e-01
4.937333106994628906e+00
-1.199994802474975586e+00
-3.091573715209960938e-03
6.939864158630371094e+00
-2.266238331794738770e-01
-2.109529495239257812e+00
9.367936849594116211e-01
-2.983034133911132812e+00
3.256081104278564453e+00
-9.032721519470214844e-01
2.294375896453857422e+00
-3.106311798095703125e+00
5.437937974929809570e-01
-9.511451721191406250e-01
4.857421398162841797e+00
3.512101173400878906e+00
-1.543735980987548828e+00
2.410622835159301758e+00
9.458343386650085449e-01
-4.723404884338378906e+00
1.706970691680908203e+00
9.268623352050781250e+00
2.879878282546997070e+00
6.142013669013977051e-01
-1.216270446777343750e+00
1.564319133758544922e+00
2.581638574600219727e+00
1.714249551296234131e-01
-4.838772118091583252e-01
5.667787790298461914e-01
-3.548187017440795898e+00
5.855952262878417969e+00
2.108722209930419922e+00
-2.154396295547485352e+00
-1.089058518409729004e+00
2.723917365074157715e-01
-3.247395992279052734e+00
-3.277772665023803711e-01
-4.119800567626953125e+00
1.942868232727050781e+00
-5.312501907348632812e+00
-5.924493312835693359e+00
-1.441892147064208984e+00
-3.240880489349365234e+00
-1.297162771224975586e+00
-5.912881374359130859e+00
-3.253766059875488281e+00
-4.195257663726806641e+00
-1.903761982917785645e+00
-3.382545471191406250e+00
-2.454057455062866211e+00
-5.850443363189697266e+00
-3.723761320114135742e+00
-3.868385314941406250e+00
-9.992510080337524414e-01
-5.090351104736328125e+00
1.310489177703857422e-01
-1.177955269813537598e+00
-3.389380455017089844e+00
-2.341662406921386719e+00
1.424256443977355957e+00
-2.305170774459838867e+00
-1.119105577468872070e+00
-3.998157024383544922e+00
-6.548029184341430664e-02
-7.371551394462585449e-01
-5.528183937072753906e+00
-2.354379653930664062e+00
3.930817604064941406e+00
-7.003360986709594727e-01
-2.539470195770263672e+00
-3.650918245315551758e+00
-5.915211200714111328e+00
-3.602544307708740234e+00
-5.850181579589843750e+00
-3.314297199249267578e+00
3.372189044952392578e+00
-5.370951175689697266e+00
7.837162017822265625e-01
2.330533981323242188e+00
2.022442340850830078e+00
8.589889407157897949e-01
-9.656888246536254883e-02
1.558906316757202148e+00
-6.144506931304931641e-01
4.333904266357421875e+00
-1.541459202766418457e+00
2.361267328262329102e+00
2.371099948883056641e+00
1.028112053871154785e+00
-3.770312666893005371e-01
2.016046524047851562e+00
-7.495815753936767578e-01
1.071193695068359375e+00
3.843692064285278320e+00
2.048115491867065430e+00
-1.434337615966796875e+00
-2.245517492294311523e+00
-3.439589738845825195e+00
2.235137224197387695e+00
-4.733975410461425781e+00
1.874338746070861816e+00
1.403430461883544922e+00
-4.040355682373046875e+00
-3.935432195663452148e+00
-1.370311498641967773e+00
-8.136619329452514648e-01
-8.504171371459960938e-01
1.006062030792236328e+00
3.624820232391357422e+00
