-4.880258440971374512e-01
4.294476985931396484e+00
-1.902665615081787109e+00
-6.000376939773559570e-01
1.060314416885375977e+00
-9.502010345458984375e-01
-1.264356732368469238e+00
3.107361316680908203e+00
6.786907196044921875e+00
8.792356252670288086e-01
3.044614791870117188e-01
1.948473691940307617e+00
4.220531284809112549e-01
8.407776355743408203e-01
1.852496147155761719e+00
5.816346406936645508e-01
-1.513895869255065918e+00
1.875214219093322754e+00
2.780287027359008789e+00
1.158536911010742188e+00
2.216413021087646484e+00
3.864061832427978516e+00
1.961112141609191895e+00
2.306855916976928711e-01
-2.005971223115921021e-01
-6.318554878234863281e-01
-1.408213138580322266e+00
-1.524527549743652344e+00
7.320829033851623535e-01
2.634662866592407227e+00
-5.263549327850341797e+00
-4.183622300624847412e-01
-4.893314361572265625e+00
-1.070208311080932617e+00
1.619338631629943848e+00
-2.184075832366943359e+00
-2.645826101303100586e+00
-1.995687246322631836e+00
8.464478850364685059e-01
-5.124670267105102539e-01
-1.964028954505920410e+00
-2.414928197860717773e+00
-6.354790329933166504e-01
-3.673399925231933594e+00
-2.123317241668701172e+00
1.849016189575195312e+00
-2.928781747817993164e+00
-4.194656372070312500e+00
-5.102176070213317871e-01
-1.247701883316040039e+00
3.344511508941650391e+00
-2.676298379898071289e+00
-1.718105077743530273e-01
-4.617202758789062500e+00
-1.341753363609313965e+00
-3.771686792373657227e+00
-1.878446578979492188e+00
-6.972932815551757812e+00
4.412844777107238770e-01
-5.760262012481689453e+00
-1.768486976623535156e+00
1.657266497611999512e+00
1.848651766777038574e-01
-3.490020751953125000e+00
-2.025260448455810547e+00
-2.842192649841308594e+00
1.512347102165222168e+00
-1.203373312950134277e+00
8.251243233680725098e-01
-1.194869041442871094e+00
-1.053218722343444824e+00
2.259872436523437500e+00
2.723956108093261719e-02
3.245422840118408203e-01
1.969380378723144531e+00
-2.703330278396606445e+00
1.901031732559204102e+00
3.907315254211425781e+00
-2.626861095428466797e+00
-1.452282309532165527e+00
4.517684459686279297e+00
2.427728176116943359e+00
7.165505886077880859e-01
-9.948124885559082031e-01
2.641070842742919922e+00
-1.032635807991027832e+00
2.963222503662109375e+00
1.858453750610351562e+00
5.049313545227050781e+00
6.792592048645019531e+00
-1.415102362632751465e+00
-7.148342132568359375e-01
2.133862257003784180e+00
3.602573275566101074e-01
3.152364253997802734e+00
-1.350990414619445801e+00
9.378401041030883789e-01
4.305974245071411133e-01
-4.709818363189697266e-01
-2.231715917587280273e-01
6.117820739746093750e-04
-3.739376783370971680e+00
-3.448793411254882812e+00
1.435115635395050049e-01
1.131848216056823730e+00
-4.254580497741699219e+00
-2.495875954627990723e-01
2.857515811920166016e+00
-2.194500714540481567e-01
4.666370153427124023e-02
-4.322833120822906494e-01
-4.460533142089843750e+00
1.094881296157836914e-01
2.566427886486053467e-01
3.726024627685546875e-01
1.261307835578918457e+00
-2.046027183532714844e+00
3.035812854766845703e+00
-1.531722545623779297e+00
-2.471383810043334961e+00
-2.829216480255126953e+00
-2.355188608169555664e+00
6.727900505065917969e-01
-3.003542423248291016e+00
1.620403766632080078e+00
-1.487886905670166016e+00
1.027424097061157227e+00
2.890775918960571289e+00
-3.554922342300415039e-01
3.374908447265625000e+00
2.978378772735595703e+00
8.184965848922729492e-01
4.001611232757568359e+00
1.334593176841735840e+00
2.854889392852783203e+00
-6.787858605384826660e-01
-2.680010080337524414e+00
1.204931735992431641e-01
2.191632986068725586e+00
-9.917019009590148926e-01
4.113774299621582031e+00
2.725579738616943359e-01
1.185206651687622070e+00
-2.818282842636108398e-01
1.304454326629638672e+00
-2.874583244323730469e+00
-7.528769969940185547e-01
-7.081425189971923828e+00
-2.662273883819580078e+00
-1.391125798225402832e+00
-3.064280748367309570e+00
7.820775508880615234e+00
1.638414263725280762e+00
2.443591594696044922e+00
3.564444065093994141e+00
7.073900222778320312e+00
7.085958957672119141e+00
7.459088325500488281e+00
5.501301288604736328e+00
-1.096241474151611328e+00
1.610784769058227539e+00
3.259394407272338867e+00
6.303209781646728516e+00
1.265657693147659302e-01
4.389663219451904297e+00
-2.291470527648925781e+00
3.136590957641601562e+00
1.698715806007385254e+00
1.376458168029785156e+00
2.835403680801391602e+00
8.215579390525817871e-01
1.180448532104492188e+00
3.767749071121215820e+00
3.075089931488037109e+00
1.081776022911071777e+00
5.925168991088867188e-01
2.986983776092529297e+00
-2.436987161636352539e+00
-4.969626665115356445e-02
-3.234522104263305664e+00
-1.281566739082336426e+00
2.915906429290771484e+00
3.064156770706176758e+00
6.762855648994445801e-01
1.431795835494995117e+00
4.740262985229492188e+00
4.482751846313476562e+00
5.194288730621337891e+00
4.032307624816894531e+00
2.394344091415405273e+00
2.651037693023681641e+00
2.388507843017578125e+00
4.722126960754394531e+00
5.055746555328369141e+00
1.578044652938842773e+00
3.422198772430419922e+00
1.195757508277893066e+00
9.102255105972290039e-01
-1.935384571552276611e-01
5.271582603454589844e+00
2.246434211730957031e+00
6.229274272918701172e+00
3.724999189376831055e+00
6.917120933532714844e+00
7.087103366851806641e+00
-1.403011560440063477e+00
-1.134663343429565430e+00
1.440715670585632324e+00
3.218111276626586914e+00
-1.918949484825134277e-01
-3.154010176658630371e-01
-9.710907936096191406e-03
4.707509517669677734e+00
1.351742506027221680e+00
1.601933479309082031e+00
4.015161514282226562e+00
4.649453639984130859e+00
4.164065361022949219e+00
4.603147983551025391e+00
4.037761211395263672e+00
2.153574526309967041e-01
7.712104916572570801e-01
2.916826725006103516e+00
1.815163850784301758e+00
-2.620648622512817383e+00
-2.032366275787353516e+00
1.319439649581909180e+00
2.127763748168945312e+00
1.994560718536376953e+00
3.488285779953002930e+00
3.160278797149658203e+00
5.852365970611572266e+00
4.907358169555664062e+00
1.308463454246520996e+00
4.006386697292327881e-01
-3.135252892971038818e-01
-1.496727466583251953e+00
3.395775318145751953e+00
3.572261571884155273e+00
1.324244260787963867e+00
4.097414493560791016e+00
1.299537301063537598e+00
6.278538703918457031e-01
-2.460949897766113281e+00
-1.946084022521972656e+00
2.505082845687866211e+00
-7.186808586120605469e-01
3.863099098205566406e+00
3.034331321716308594e+00
3.647477626800537109e+00
2.346271276473999023e+00
4.690958499908447266e+00
2.024998903274536133e+00
4.102259159088134766e+00
3.830607891082763672e+00
2.319182634353637695e+00
-8.320873975753784180e-01
3.951278448104858398e+00
1.095334529876708984e+00
3.631703138351440430e+00
1.208523631095886230e+00
1.148611307144165039e+00
1.422853946685791016e+00
6.732695102691650391e+00
9.286679267883300781e+00
3.670545339584350586e+00
2.415365874767303467e-01
9.548596143722534180e-01
-8.909614682197570801e-01
3.012409687042236328e+00
4.758836746215820312e+00
5.375947475433349609e+00
4.707875728607177734e+00
7.424236536026000977e-01
6.756710052490234375e+00
3.371804952621459961e+00
3.189174234867095947e-01
3.598381042480468750e+00
4.361354351043701172e+00
2.130724191665649414e+00
5.765064716339111328e+00
3.570076704025268555e+00
4.778446674346923828e+00
4.484712600708007812e+00
1.317442655563354492e+00
2.467743396759033203e+00
2.581139087677001953e+00
7.840066552162170410e-01
-9.514108300209045410e-01
-1.221273064613342285e+00
-3.556531071662902832e-01
-2.294291019439697266e+00
4.849683761596679688e+00
-1.681138753890991211e+00
-8.319978713989257812e-01
2.441429615020751953e+00
-7.948598861694335938e-01
-6.481000781059265137e-01
-3.824875831604003906e+00
-1.989204525947570801e+00
-2.192714929580688477e+00
-3.746613025665283203e+00
-3.261146545410156250e+00
-1.423960089683532715e+00
-2.775481700897216797e+00
-3.211327791213989258e+00
-1.510935902595520020e+00
-2.086373805999755859e+00
-8.608426451683044434e-01
3.106925725936889648e+00
1.411296606063842773e+00
-8.339241147041320801e-01
-8.689200878143310547e-01
1.557872295379638672e-01
3.757614135742187500e+00
-8.809128999710083008e-01
-1.814092159271240234e+00
-7.494324445724487305e-01
-1.308048129081726074e+00
-3.060313940048217773e+00
-7.515295982360839844e+00
-9.296517372131347656e-01
-1.413839101791381836e+00
-3.769974708557128906e-01
6.811155080795288086e-01
-2.289288520812988281e+00
-2.125876665115356445e+00
4.761488139629364014e-01
-3.206932783126831055e+00
1.009759068489074707e+00
3.326434850692749023e+00
3.914512872695922852e+00
2.433781623840332031e+00
4.802473068237304688e+00
-3.204408168792724609e+00
-8.028270006179809570e-01
9.172090291976928711e-01
-2.429074525833129883e+00
4.650035858154296875e+00
1.748725414276123047e+00
3.182357311248779297e+00
3.994060754776000977e+00
2.186506271362304688e+00
1.943684697151184082e+00
-1.994156002998352051e+00
2.315312385559082031e+00
-9.564725160598754883e-01
-3.284701824188232422e+00
2.635465860366821289e-01
-2.201690971851348877e-01
1.032262802124023438e+00
-3.348259925842285156e-01
-1.101064920425415039e+00
2.403404712677001953e+00
-3.859651386737823486e-01
-2.976802587509155273e-01
8.969320058822631836e-01
-3.450059890747070312e-01
1.296932458877563477e+00
2.328340530395507812e+00
1.124063968658447266e+00
3.651880741119384766e+00
-1.489959359169006348e-01
-9.646776318550109863e-01
1.828131437301635742e+00
-1.757806777954101562e+00
-4.817128658294677734e+00
-6.183038234710693359e+00
-1.404028654098510742e+00
-4.546153545379638672e+00
-2.509517192840576172e+00
-4.345092177391052246e-01
-6.136673450469970703e+00
-4.302530288696289062e+00
-3.811412453651428223e-01
-2.373524904251098633e+00
2.168149471282958984e+00
-4.761763215065002441e-01
-3.090470135211944580e-01
-3.843940258026123047e+00
-2.793599963188171387e-01
-3.145911693572998047e+00
-2.327273845672607422e+00
2.319862842559814453e+00
-1.242924809455871582e+00
-1.607966899871826172e+00
-3.293588638305664062e+00
3.755001783370971680e+00
-6.070834398269653320e-01
-2.779512882232666016e+00
-4.335405349731445312e+00
2.875892162322998047e+00
-1.520081400871276855e+00
6.382288932800292969e-01
1.593021392822265625e+00
6.607232689857482910e-01
3.560414314270019531e+00
-2.922763586044311523e+00
3.876875936985015869e-01
8.762189745903015137e-01
-7.016420960426330566e-01
-2.459050893783569336e+00
-1.175713896751403809e+00
-6.186594009399414062e+00
-7.345068454742431641e-01
2.091559171676635742e+00
-1.231074452400207520e+00
9.369883537292480469e-01
-8.261260032653808594e+00
1.951692461967468262e+00
3.237618505954742432e-01
6.927845478057861328e+00
5.809558629989624023e-01
-4.406887590885162354e-01
2.416986227035522461e+00
-1.321922063827514648e+00
8.259631395339965820e-01
2.167263031005859375e+00
-4.692734718322753906e+00
6.621482372283935547e-01
1.350980758666992188e+00
-3.468233823776245117e+00
-3.802946329116821289e+00
-3.252008676528930664e+00
2.383545875549316406e+00
1.814178586006164551e+00
-1.511714816093444824e+00
2.285259664058685303e-01
4.441812038421630859e-01
3.481246948242187500e+00
-2.718068122863769531e+00
2.800420999526977539e+00
-5.494909286499023438e+00
-3.641895651817321777e-01
4.215966224670410156e+00
2.387855291366577148e+00
-9.331075549125671387e-01
-1.422368884086608887e+00
-2.693464040756225586e+00
-1.675960302352905273e+00
-1.050139307975769043e+00
2.229293823242187500e+00
-2.661837816238403320e+00
6.351875782012939453e+00
-1.951682329177856445e+00
-2.355737209320068359e+00
3.875972747802734375e+00
-1.955299854278564453e+00
-4.902584552764892578e-01
-2.397495746612548828e+00
5.013933777809143066e-01
-2.311726331710815430e+00
1.471120595932006836e+00
-3.101683378219604492e+00
-1.721912622451782227e+00
2.947179079055786133e-01
2.652652561664581299e-02
1.930102705955505371e+00
4.071269035339355469e-01
2.522750377655029297e+00
-5.369544506072998047e+00
3.622579336166381836e+00
-6.833202838897705078e-01
2.617021322250366211e+00
3.071183204650878906e+00
3.876693248748779297e+00
-3.572240352630615234e+00
-8.963638544082641602e-01
-2.200009822845458984e+00
-4.832680821418762207e-01
1.550690531730651855e+00
-2.853663921356201172e+00
-2.476880073547363281e+00
-3.313448905944824219e+00
3.117603540420532227e+00
-1.560048818588256836e+00
3.341167926788330078e+00
-3.636199235916137695e+00
5.760993480682373047e+00
-4.086905479431152344e+00
2.632306218147277832e-01
8.347198963165283203e-01
-4.553365707397460938e+00
-8.598476648330688477e-01
-6.075416564941406250e+00
-1.907054901123046875e+00
-1.355114698410034180e+00
1.653291702270507812e+00
-1.609326839447021484e+00
2.118169307708740234e+00
1.625499248504638672e+00
-6.046790599822998047e+00
4.889786243438720703e-02
1.301821470260620117e+00
-4.886124134063720703e+00
3.034524321556091309e-01
1.774399876594543457e+00
5.995446443557739258e-01
-1.742100119590759277e-01
-3.543049097061157227e+00
-5.510515570640563965e-01
-4.678565263748168945e-01
9.555615186691284180e-01
-1.053868174552917480e+00
5.598331928253173828e+00
6.093575358390808105e-01
-4.373543739318847656e+00
-8.748292922973632812e-01
-1.743581056594848633e+00
-2.956753730773925781e+00
-2.259910583496093750e+00
-2.545238971710205078e+00
-5.191808700561523438e+00
-2.038392305374145508e+00
1.716729402542114258e+00
-7.064271569252014160e-01
-1.929922938346862793e+00
-4.455764770507812500e+00
4.344440460205078125e+00
1.301992893218994141e+00
9.919552803039550781e-01
5.366454124450683594e-01
5.434691905975341797e-01
1.553028821945190430e+00
-2.259558677673339844e+00
-6.196798801422119141e+00
-1.562280178070068359e+00
-3.480119466781616211e+00
-5.116019248962402344e+00
1.646733522415161133e+00
1.719094991683959961e+00
-3.688377737998962402e-01
4.353370070457458496e-01
4.576545715332031250e+00
-8.284425139427185059e-01
-6.302431583404541016e+00
-3.226475238800048828e+00
1.658692598342895508e+00
-1.208397746086120605e+00
9.808546066284179688e+00
-2.918457984924316406e+00
5.173635482788085938e-01
-3.426851034164428711e-01
-2.410222530364990234e+00
-2.558013200759887695e+00
1.112479209899902344e+00
-5.063416481018066406e+00
-3.454362392425537109e+00
-4.217380046844482422e+00
6.919945716857910156e+00
-6.343881130218505859e+00
-1.931175708770751953e+00
8.186554908752441406e+00
8.100361824035644531e-01
-5.294796943664550781e+00
1.427175402641296387e+00
8.661566734313964844e+00
6.672109365463256836e-01
-3.004442930221557617e+00
1.787366151809692383e+00
-8.634243011474609375e-01
-4.587905406951904297e+00
5.691080093383789062e-01
-1.685604691505432129e+00
1.873815059661865234e+00
1.917921543121337891e+00
-5.150658130645751953e+00
-3.117591381072998047e+00
9.913967847824096680e-01
-1.546472191810607910e+00
-1.804558515548706055e+00
-8.646959304809570312e+00
3.277865171432495117e+00
-3.413275241851806641e+00
-8.234655261039733887e-01
9.424822926521301270e-01
-7.862045764923095703e-01
-1.400831222534179688e+00
1.651063680648803711e+00
-1.287144422531127930e+00
-3.155264258384704590e-01
-1.599307656288146973e+00
-1.343437075614929199e+00
-3.808400869369506836e+00
-3.483793735504150391e-01
-5.349096655845642090e-01
-1.878997564315795898e+00
-1.686530947685241699e+00
4.296160221099853516e+00
9.191493391990661621e-01
-3.255593776702880859e+00
6.579462051391601562e+00
-5.584526062011718750e+00
-1.180482864379882812e+00
-2.661847829818725586e+00
-4.040534019470214844e+00
-1.826509237289428711e-01
-3.458625793457031250e+00
-1.937852144241333008e+00
-4.645040035247802734e-01
-2.885946035385131836e+00
1.558871030807495117e+00
1.889447271823883057e-01
-1.089223742485046387e+00
-3.872104167938232422e+00
-7.398962974548339844e-01
1.024340152740478516e+00
-1.941769123077392578e+00
4.116418838500976562e+00
-1.408017992973327637e+00
1.935330629348754883e+00
8.468373298645019531e+00
-2.038399696350097656e+00
-2.869324922561645508e+00
2.934536457061767578e+00
-2.521117210388183594e+00
5.886014699935913086e-01
1.375504732131958008e+00
4.189864099025726318e-01
2.610769987106323242e+00
1.951271295547485352e+00
4.032061994075775146e-01
1.074981093406677246e-01
-2.287014961242675781e+00
-4.675756454467773438e+00
-3.315190315246582031e+00
7.079774737358093262e-01
-2.064908504486083984e+00
-3.052014350891113281e+00
-2.597510576248168945e+00
5.050727725028991699e-01
4.523706138134002686e-01
-3.089123725891113281e+00
-9.108256101608276367e-01
-4.374286174774169922e+00
-2.640656471252441406e+00
1.985246539115905762e+00
2.080466747283935547e+00
-1.592710852622985840e+00
3.596565127372741699e-01
-2.539394855499267578e+00
-1.612287998199462891e+00
-1.920507073402404785e+00
3.220431804656982422e+00
-8.306555747985839844e-01
1.082630157470703125e+00
3.764033317565917969e-03
9.009712934494018555e-01
-1.422849297523498535e+00
-2.556421279907226562e+00
-2.891251564025878906e+00
2.515364170074462891e+00
-6.688579916954040527e-02
2.296129703521728516e+00
-2.486736774444580078e+00
2.161206245422363281e+00
-1.047878265380859375e+00
-9.307820200920104980e-01
1.447437405586242676e+00
2.266612768173217773e+00
6.470499038696289062e-01
-3.764143705368041992e+00
-3.966259360313415527e-01
-2.135304689407348633e+00
8.396962881088256836e-01
1.066837072372436523e+00
1.890008449554443359e-01
-1.637583851814270020e+00
-8.038891553878784180e-01
6.290853977203369141e+00
3.041023612022399902e-01
-4.173758029937744141e-01
4.456137716770172119e-01
-4.230966567993164062e+00
-8.885416388511657715e-01
-1.316516697406768799e-01
-3.063360214233398438e+00
-2.576761245727539062e+00
-7.010663747787475586e-01
-3.794518113136291504e-02
2.654784679412841797e+00
-2.498800754547119141e-01
-3.150969982147216797e+00
-1.044346809387207031e+00
-1.991574883460998535e+00
-1.847922801971435547e+00
-4.656950950622558594e+00
-1.831878304481506348e+00
9.161424040794372559e-01
2.270516157150268555e+00
-2.573068618774414062e+00
-7.752765417098999023e-01
1.391539573669433594e-01
-3.192650079727172852e+00
-6.782614231109619141e+00
3.347138881683349609e+00
1.512801527976989746e+00
1.796750783920288086e+00
-5.459731817245483398e-01
1.231715559959411621e+00
6.949751377105712891e+00
2.148310184478759766e+00
-1.034979224205017090e-01
-1.463631033897399902e+00
2.156256675720214844e+00
-1.850777626037597656e+00
-2.224159717559814453e+00
-4.128680229187011719e+00
-2.350249528884887695e+00
2.873407840728759766e+00
1.510130405426025391e+00
-1.355415225028991699e+00
-2.606222629547119141e-01
-3.116992115974426270e-01
-5.253211021423339844e+00
-3.467369079589843750e+00
1.934124708175659180e+00
-2.944588661193847656e+00
-6.324792861938476562e+00
-1.578509807586669922e-02
-2.482392072677612305e+00
5.921198368072509766e+00
-1.317545175552368164e+00
2.064653873443603516e+00
-3.770241737365722656e+00
3.282889604568481445e+00
-7.610255241394042969e+00
-3.202020168304443359e+00
2.808274745941162109e+00
-5.036768913269042969e+00
-2.804717779159545898e+00
1.699780941009521484e+00
-1.475530147552490234e+00
-1.842075109481811523e+00
-2.355645418167114258e+00
5.219728946685791016e+00
-1.261731147766113281e+00
-7.332645058631896973e-01
7.846624851226806641e-01
-2.536399841308593750e+00
-4.953872680664062500e+00
7.254401683807373047e+00
2.198830842971801758e-01
-1.491402626037597656e+00
-2.774698734283447266e+00
-6.775162220001220703e+00
-5.824808478355407715e-01
-1.050178885459899902e+00
-6.613945960998535156e-02
2.019703865051269531e+00
7.042672157287597656e+00
-1.020550966262817383e+00
-4.692703485488891602e-02
7.756014466285705566e-01
-5.521513938903808594e+00
2.262659072875976562e+00
4.760054647922515869e-01
1.527444720268249512e+00
-3.840943336486816406e+00
-2.028540074825286865e-01
-2.279624938964843750e+00
2.123349189758300781e+00
-2.081835031509399414e+00
-1.430602073669433594e+00
-9.456506371498107910e-01
-1.493317365646362305e+00
-1.588286876678466797e+00
-6.124142646789550781e+00
1.561947584152221680e+00
5.441675186157226562e-01
6.830859780311584473e-01
-3.297900915145874023e+00
1.351107120513916016e+00
2.373094558715820312e+00
-1.673073172569274902e-01
4.953779697418212891e+00
-2.670919895172119141e+00
-1.499802350997924805e+00
-1.183511912822723389e-01
-5.079150795936584473e-01
-6.146141529083251953e+00
-1.747040152549743652e+00
2.548851370811462402e-01
-2.168834686279296875e+00
-6.810421943664550781e-01
-1.904705166816711426e+00
-3.725719451904296875e-01
1.597056388854980469e+00
6.004564285278320312e+00
7.867237925529479980e-01
-9.147117733955383301e-01
4.789878129959106445e-01
3.714405536651611328e+00
2.003005445003509521e-01
9.953052520751953125e+00
-3.573201894760131836e-01
3.707875251770019531e+00
1.465623140335083008e+00
-4.016542911529541016e+00
1.948743343353271484e+00
-9.144901037216186523e-01
-1.266721934080123901e-01
-3.489388942718505859e+00
-3.173181056976318359e+00
-2.867630004882812500e+00
-1.244506835937500000e+00
2.498723745346069336e+00
-9.538198709487915039e-01
6.534109115600585938e-01
4.655536174774169922e+00
-3.853892803192138672e+00
-6.560252308845520020e-01
-1.072658061981201172e+00
-3.616896629333496094e+00
-4.529388427734375000e+00
2.671375989913940430e+00
-2.236316919326782227e+00
-1.157300472259521484e+00
-3.321053981781005859e-01
-5.679036974906921387e-01
-3.579079627990722656e+00
-6.041677951812744141e+00
7.753574252128601074e-01
-3.847415924072265625e+00
7.785983085632324219e+00
1.656550168991088867e+00
-3.381792783737182617e+00
5.271828174591064453e-02
-1.716605424880981445e-01
1.697050571441650391e+00
-3.704089820384979248e-01
5.156242370605468750e+00
-2.137954235076904297e+00
-6.124554157257080078e+00
1.395200252532958984e+00
-1.925473809242248535e+00
2.056278228759765625e+00
4.306101322174072266e+00
-2.034779548645019531e+00
-3.130552053451538086e+00
1.175967216491699219e+00
1.280615925788879395e-01
1.166301846504211426e+00
6.999087333679199219e-01
1.377480745315551758e+00
-1.212933063507080078e-01
-2.292243242263793945e+00
-6.556899070739746094e+00
-4.273856163024902344e+00
1.159257769584655762e+00
2.202453374862670898e+00
2.829983234405517578e+00
1.402457356452941895e+00
-9.635336399078369141e-01
5.300354480743408203e+00
1.537687063217163086e+00
-6.384516239166259766e+00
-8.752374649047851562e-01
3.070027351379394531e+00
-8.332641124725341797e-01
-1.376253366470336914e-02
2.119487762451171875e+00
-2.668707132339477539e+00
-1.998834609985351562e+00
-3.187231063842773438e+00
1.720384120941162109e+00
-5.630094408988952637e-01
-3.516012668609619141e+00
4.316230773925781250e+00
-1.357515573501586914e+00
-1.486355185508728027e+00
-2.811896085739135742e+00
-1.424819827079772949e-01
-1.590264797210693359e+00
-4.130395889282226562e+00
-7.048696279525756836e-01
1.858020782470703125e+00
-3.489677429199218750e+00
-3.758710145950317383e+00
4.075894355773925781e+00
7.846573591232299805e-01
-2.167043209075927734e+00
-6.428434252738952637e-01
3.621547937393188477e+00
-5.819554328918457031e-01
3.325457334518432617e+00
-1.474221229553222656e+00
-8.173482418060302734e-01
-2.919197797775268555e+00
-1.047482728958129883e+00
1.357976317405700684e+00
-5.893054008483886719e+00
4.080664157867431641e+00
4.945547580718994141e+00
1.703641891479492188e+00
-1.009754538536071777e+00
1.516340017318725586e+00
-4.185072183609008789e-01
8.494244217872619629e-01
-5.988402366638183594e-01
-1.890072345733642578e+00
-1.816957235336303711e+00
-1.603592395782470703e+00
-2.130785465240478516e+00
6.416224479675292969e+00
2.486193180084228516e-02
3.106920719146728516e+00
-1.651350498199462891e+00
7.199548482894897461e-01
-3.121712446212768555e+00
-1.312923431396484375e+00
6.959640979766845703e+00
-8.791196346282958984e-01
4.650200903415679932e-02
-3.184441089630126953e+00
-6.529450416564941406e-02
1.454318284988403320e+00
1.562222838401794434e+00
-2.374814987182617188e+00
-1.073261499404907227e-01
-4.960992813110351562e+00
3.385049343109130859e+00
1.025483012199401855e+00
-2.198396444320678711e+00
-1.299864530563354492e+00
-1.075376987457275391e+00
-2.459384918212890625e+00
-9.004633426666259766e-01
-4.188055515289306641e+00
5.097595453262329102e-01
-4.951984405517578125e+00
-2.909140825271606445e+00
-1.325009584426879883e+00
-3.365957736968994141e+00
-5.153423309326171875e+00
-5.588392734527587891e+00
-2.110873699188232422e+00
-1.458003640174865723e+00
-2.442747592926025391e+00
-4.194343566894531250e+00
-2.670377254486083984e+00
-6.692335605621337891e+00
-2.763376712799072266e+00
-3.566503524780273438e+00
-3.628372192382812500e+00
-4.135323047637939453e+00
-1.933648586273193359e+00
1.199522018432617188e+00
-4.315680027008056641e+00
-1.820761561393737793e-01
2.533112525939941406e+00
-2.982672214508056641e+00
-2.584966659545898438e+00
-2.018087863922119141e+00
3.879322409629821777e-01
-6.787559390068054199e-01
-8.135697364807128906e+00
-3.108147144317626953e+00
-8.098084926605224609e-01
-5.074538230895996094e+00
-4.094930648803710938e+00
-5.653014659881591797e+00
-5.354722499847412109e+00
-1.730232715606689453e+00
-4.274930953979492188e+00
-4.941824913024902344e+00
3.669640064239501953e+00
-2.453996896743774414e+00
3.407014369964599609e+00
-1.380914926528930664e+00
-5.705246925354003906e-01
3.666909694671630859e+00
-1.523635387420654297e+00
1.236135244369506836e+00
3.400099277496337891e-02
-9.217257499694824219e-01
-4.220963954925537109e+00
-2.497510671615600586e+00
-1.652580022811889648e+00
-7.576929330825805664e-01
9.262211322784423828e-01
1.417622804641723633e+00
2.135276794433593750e+00
8.335038423538208008e-01
6.552883386611938477e-01
5.552045345306396484e+00
-4.777326583862304688e-01
-2.457053184509277344e+00
-3.226642131805419922e+00
-3.915866911411285400e-01
-4.169215679168701172e+00
3.007359027862548828e+00
4.235931396484375000e+00
-7.838073372840881348e-01
-3.307815313339233398e+00
-3.216654062271118164e-01
1.056526184082031250e+00
5.114201903343200684e-01
-9.930688142776489258e-02
7.469135284423828125e+00
