-3.700433731079101562e+00
1.757183820009231567e-01
-1.930596828460693359e+00
-2.804213285446166992e+00
-1.428027868270874023e+00
1.116163134574890137e+00
2.779375314712524414e+00
1.171611309051513672e+01
8.815689086914062500e+00
5.580297470092773438e+00
-1.703869581222534180e+00
-1.406299233436584473e+00
5.844038724899291992e-01
-2.766301155090332031e+00
2.583854198455810547e+00
1.915599822998046875e+00
-2.267174720764160156e+00
4.155683040618896484e+00
9.206964373588562012e-01
-1.090083241462707520e+00
-1.129841566085815430e+00
4.773103237152099609e+00
3.418473720550537109e+00
4.043990612030029297e+00
2.189621925354003906e+00
-8.545473217964172363e-02
3.175168633460998535e-01
-6.436142921447753906e-01
-6.124801635742187500e-01
-2.228814601898193359e+00
-2.062733650207519531e+00
2.789054393768310547e+00
7.660388946533203125e-01
1.939052939414978027e-01
1.964716911315917969e+00
-1.319682717323303223e+00
-1.078648328781127930e+00
-3.087125539779663086e+00
3.560066699981689453e+00
4.989525794982910156e+00
1.148345589637756348e+00
8.393593430519104004e-01
7.241674900054931641e+00
3.886571645736694336e+00
1.925198554992675781e+00
1.182196736335754395e+00
2.154414415359497070e+00
2.252020597457885742e+00
1.066953897476196289e+00
-2.159409284591674805e+00
-1.110933303833007812e+00
-1.098608493804931641e+00
-3.232894897460937500e+00
-1.160150527954101562e+00
2.863826036453247070e+00
-2.040845155715942383e+00
1.168720126152038574e-01
-5.112811565399169922e+00
9.573127031326293945e-01
-2.757934570312500000e+00
7.228062152862548828e-01
1.357191085815429688e+00
2.302759885787963867e+00
-1.147868990898132324e+00
1.712373375892639160e+00
7.895277738571166992e-01
3.074875593185424805e+00
1.917601585388183594e+00
1.930928826332092285e+00
-6.328332424163818359e-02
-3.018613100051879883e+00
2.634320497512817383e+00
-4.445139884948730469e+00
7.179873585700988770e-01
9.568575620651245117e-01
-5.156073093414306641e+00
2.728576958179473877e-01
-1.168172001838684082e+00
3.309753656387329102e+00
5.347492098808288574e-01
5.576585769653320312e+00
-8.151437640190124512e-01
3.482101678848266602e+00
3.571286678314208984e+00
4.670159339904785156e+00
1.750266909599304199e+00
4.005228042602539062e+00
1.558862209320068359e+00
6.562005996704101562e+00
2.713888883590698242e-02
1.009165287017822266e+00
-1.037648200988769531e+00
3.426119327545166016e+00
2.395779371261596680e+00
-8.790348172187805176e-01
-3.748427391052246094e+00
1.717386841773986816e+00
2.656843662261962891e-01
8.597564697265625000e-02
1.048554658889770508e+00
1.183074116706848145e+00
-1.928224563598632812e+00
-3.763251781463623047e+00
-1.153175830841064453e+00
-3.091665506362915039e+00
-4.451165199279785156e+00
-2.524630069732666016e+00
5.564158439636230469e+00
4.698231220245361328e-01
1.503958940505981445e+00
1.754902362823486328e+00
-9.845658540725708008e-01
1.903729677200317383e+00
-1.164359569549560547e+00
-2.549548387527465820e+00
2.803162574768066406e+00
-1.984574198722839355e+00
4.498465538024902344e+00
1.472379922866821289e+00
2.884891748428344727e+00
-1.132001280784606934e-01
-2.153192996978759766e+00
-1.300691723823547363e+00
-5.056459903717041016e+00
1.151524782180786133e-01
1.002631425857543945e+00
-1.807701110839843750e+00
3.721980094909667969e+00
2.613308429718017578e+00
2.673454284667968750e+00
2.821543216705322266e-01
3.931227207183837891e+00
3.418413162231445312e+00
2.565588712692260742e+00
5.974073886871337891e+00
-8.332504034042358398e-01
8.176502227783203125e+00
1.309864997863769531e+00
4.789539337158203125e+00
-2.467500567436218262e-01
1.397861242294311523e+00
3.849337577819824219e+00
-6.992889642715454102e-01
1.090950727462768555e+00
5.836852073669433594e+00
-9.886982440948486328e-01
-6.214457750320434570e-02
-1.809549093246459961e+00
-2.751954317092895508e+00
-2.933320522308349609e+00
-7.170909047126770020e-01
4.172397136688232422e+00
-1.968884825706481934e+00
1.310879111289978027e+00
1.317276716232299805e+00
-1.273071169853210449e+00
1.095784544944763184e+00
2.366106033325195312e+00
3.431558132171630859e+00
2.789690732955932617e+00
-8.888248205184936523e-01
-2.586032748222351074e-01
2.963157653808593750e+00
5.656171441078186035e-01
1.672426223754882812e+00
3.014169216156005859e+00
1.326953172683715820e-01
3.003138303756713867e-01
2.156854152679443359e+00
-1.071359395980834961e+00
-6.369234323501586914e-01
1.683195590972900391e+00
5.302373170852661133e-01
6.030624389648437500e+00
1.368854284286499023e+00
-2.306665897369384766e+00
3.780907154083251953e+00
-9.222221374511718750e-02
2.573503494262695312e+00
-2.298832178115844727e+00
-1.862825512886047363e+00
1.049294233322143555e+00
-2.677527070045471191e-01
-6.321851611137390137e-01
8.007288575172424316e-01
4.845034599304199219e+00
1.211934447288513184e+00
3.044390439987182617e+00
4.935694932937622070e-01
9.231705665588378906e-01
9.371638298034667969e-03
9.741837978363037109e-01
-1.956805706024169922e+00
-5.163649320602416992e-01
-2.820397615432739258e+00
4.988622367382049561e-01
7.111698389053344727e-01
-1.614901781082153320e+00
-1.539381623268127441e+00
1.930252313613891602e+00
8.443146944046020508e-02
1.530185699462890625e+00
1.794834136962890625e-01
3.018789529800415039e+00
1.123560667037963867e+00
1.668605566024780273e+00
6.437583565711975098e-01
5.809249877929687500e-01
2.208936452865600586e+00
-3.642314672470092773e-02
4.288166761398315430e-01
5.048480987548828125e+00
1.589133977890014648e+00
3.049325942993164062e-01
7.469732165336608887e-01
1.933184862136840820e+00
1.997645020484924316e+00
-5.993731021881103516e-01
4.081927537918090820e-01
-1.766345500946044922e+00
-3.442407131195068359e+00
-3.910615444183349609e+00
1.521063685417175293e+00
1.081943988800048828e+00
-1.142437934875488281e+00
-1.606576919555664062e+00
-1.605627298355102539e+00
1.725128531455993652e+00
-1.275751113891601562e+00
3.268146753311157227e+00
1.190099477767944336e+00
3.114285230636596680e+00
2.723720312118530273e+00
-2.439939975738525391e+00
4.941014289855957031e+00
-1.198746562004089355e-01
2.561327457427978516e+00
7.291470527648925781e+00
2.508450508117675781e+00
4.073607921600341797e-01
1.998411417007446289e+00
8.064339160919189453e-01
1.769512891769409180e-03
-7.144828438758850098e-01
1.448932886123657227e+00
-8.634141683578491211e-01
-1.592813611030578613e+00
-5.899144411087036133e-01
2.789309978485107422e+00
3.719556331634521484e+00
1.688365221023559570e+00
9.125310182571411133e-01
-2.465517282485961914e+00
4.786670207977294922e-03
1.343693733215332031e+00
-1.139391422271728516e+00
-9.098994731903076172e-01
1.587910890579223633e+00
9.965189099311828613e-01
9.647963643074035645e-01
1.848440885543823242e+00
2.599422931671142578e-01
3.392850637435913086e+00
1.635735273361206055e+00
2.934844791889190674e-01
9.932885169982910156e-01
-3.188068568706512451e-01
7.749376296997070312e-01
2.519116401672363281e+00
1.123158097267150879e+00
5.309339165687561035e-01
-9.087156057357788086e-01
4.835922241210937500e+00
2.893128156661987305e+00
2.622707366943359375e+00
-9.827059507369995117e-01
-1.038324713706970215e+00
-6.819145679473876953e-01
3.142959475517272949e-01
2.890002131462097168e-01
3.951670646667480469e+00
3.327277660369873047e+00
4.718731045722961426e-01
3.242321014404296875e-01
-2.603227376937866211e+00
2.455944061279296875e+00
-2.435192584991455078e+00
-2.557960987091064453e+00
1.640177249908447266e+00
-2.551662445068359375e+00
-1.187793374061584473e+00
1.020344376564025879e+00
1.201707959175109863e+00
2.783536911010742188e+00
-5.781489372253417969e+00
-5.815555095672607422e+00
-3.871165513992309570e+00
-2.956233024597167969e+00
-9.194816350936889648e-01
-9.198373556137084961e-01
4.654563665390014648e-01
-1.026280879974365234e+00
-4.070214033126831055e-01
-5.526482462882995605e-01
-1.119889974594116211e+00
3.949272632598876953e-02
-1.500223636627197266e+00
1.441678524017333984e+00
2.355666160583496094e+00
6.934570670127868652e-01
1.886025667190551758e+00
-4.271542727947235107e-01
1.031257361173629761e-01
-4.565786361694335938e+00
2.067621350288391113e-01
5.504994392395019531e-01
1.216689586639404297e+00
1.471038579940795898e+00
1.821286797523498535e+00
2.114631652832031250e+00
1.708388090133666992e+00
1.390024900436401367e+00
-2.214919090270996094e+00
-5.466673374176025391e-01
-9.548519849777221680e-01
6.698637008666992188e-01
-1.691925048828125000e+00
9.469379186630249023e-01
-2.215391546487808228e-01
-1.870684623718261719e+00
3.518229246139526367e+00
1.405835509300231934e+00
-7.066560983657836914e-01
-7.343019545078277588e-02
-5.044144630432128906e+00
-1.726794004440307617e+00
-1.710473656654357910e+00
-4.377526283264160156e+00
1.021767854690551758e+00
6.617348670959472656e+00
6.648539066314697266e+00
3.153472423553466797e+00
1.542551994323730469e+00
4.427459239959716797e+00
4.147526025772094727e-01
2.589436769485473633e+00
3.739841938018798828e+00
1.172667741775512695e+00
4.747845649719238281e+00
4.618021965026855469e+00
3.264248132705688477e+00
1.438172936439514160e+00
7.187111377716064453e-01
3.698982715606689453e+00
6.287949562072753906e+00
2.736257076263427734e+00
-6.412360072135925293e-01
-4.950824975967407227e-01
9.790185689926147461e-01
1.359791159629821777e+00
-1.003785803914070129e-01
-1.338321924209594727e+00
-2.063988208770751953e+00
2.953217983245849609e+00
-2.344907045364379883e+00
-2.906095027923583984e+00
-4.123345851898193359e+00
-2.733417987823486328e+00
-4.924120426177978516e+00
-3.793058395385742188e+00
-4.985248565673828125e+00
3.097928762435913086e-01
-2.040971994400024414e+00
-3.137746095657348633e+00
-2.559420824050903320e+00
-4.995991706848144531e+00
-9.741303920745849609e-01
-3.439087152481079102e+00
-6.807652950286865234e+00
-6.550075531005859375e+00
-2.285542011260986328e+00
-3.373600006103515625e+00
-1.939779400825500488e+00
-1.937237381935119629e+00
-1.316978335380554199e+00
1.480384349822998047e+00
7.848397493362426758e-01
-2.156239986419677734e+00
-4.994561195373535156e+00
-1.816191196441650391e+00
-2.889320373535156250e+00
2.231423258781433105e-01
7.410506010055541992e-01
1.120894670486450195e+00
-4.124028205871582031e+00
-3.709389209747314453e+00
2.451042175292968750e+00
1.064739108085632324e+00
-2.371819734573364258e+00
-6.298464536666870117e-01
-1.672657608985900879e+00
-2.058972597122192383e+00
-1.247993350028991699e+00
-3.873703002929687500e+00
-4.070208549499511719e+00
2.080374717712402344e+00
-2.226457118988037109e+00
-8.295841217041015625e-01
-3.779284954071044922e+00
2.231307476758956909e-01
-1.194865107536315918e+00
2.581311702728271484e+00
7.664801478385925293e-01
-4.094727516174316406e+00
4.850825786590576172e+00
-1.316830158233642578e+00
-7.584738135337829590e-01
3.664967536926269531e+00
-2.983166217803955078e+00
4.760546684265136719e+00
-1.861718416213989258e+00
-8.629615306854248047e-01
-2.883055210113525391e+00
1.786099195480346680e+00
3.079111576080322266e+00
4.843982696533203125e+00
-3.294430255889892578e+00
1.863345384597778320e+00
2.600051403045654297e+00
2.583418369293212891e+00
-1.518377065658569336e+00
-1.766373217105865479e-02
-4.007430076599121094e+00
9.530374407768249512e-02
7.554694175720214844e+00
-1.900499105453491211e+00
-5.579050183296203613e-01
4.202967286109924316e-01
-3.230010509490966797e+00
2.283751964569091797e-02
2.340503215789794922e+00
1.543268680572509766e+00
2.462694346904754639e-01
6.426697731018066406e+00
-8.564803004264831543e-01
-1.949675679206848145e-01
2.088886260986328125e+00
-7.019937038421630859e-01
3.098289072513580322e-01
-6.427197456359863281e-01
-1.053399085998535156e+00
-9.573437571525573730e-01
3.929543018341064453e+00
-1.144756317138671875e+00
-3.782304763793945312e+00
-7.723293304443359375e-01
-4.717325210571289062e+00
-7.154560089111328125e-01
2.690900564193725586e-01
1.716743230819702148e+00
6.461630463600158691e-01
-3.297167301177978516e+00
1.653890013694763184e+00
3.323451042175292969e+00
4.199814796447753906e-02
-2.018830060958862305e+00
-4.862707614898681641e+00
-2.065504312515258789e+00
-2.236140727996826172e+00
-1.282620191574096680e+00
3.210904121398925781e+00
-2.677560806274414062e+00
-2.520432770252227783e-01
-1.971637845039367676e+00
-1.909821987152099609e+00
-1.754411607980728149e-01
-4.958301782608032227e-01
-4.455599784851074219e+00
5.405300140380859375e+00
-1.059395194053649902e+00
-1.683572530746459961e-01
1.098872780799865723e+00
-2.734531164169311523e+00
-6.253278255462646484e-02
-4.368858337402343750e+00
-1.095422387123107910e+00
-9.319664239883422852e-01
8.042668104171752930e-01
1.530721664428710938e+00
2.921537160873413086e+00
-2.408695697784423828e+00
-5.302547454833984375e+00
-5.522042512893676758e-02
-9.798303246498107910e-02
-2.732879400253295898e+00
2.589706182479858398e-01
5.512565135955810547e+00
-1.350096702575683594e+00
3.029461503028869629e-01
-2.691145658493041992e+00
4.644079208374023438e-01
2.684217095375061035e-01
2.300948381423950195e+00
3.193640708923339844e-02
3.269298791885375977e+00
5.798166394233703613e-01
-1.766767978668212891e+00
-1.452236056327819824e+00
-7.006024718284606934e-01
-3.114897251129150391e+00
2.372628211975097656e+00
-4.411269664764404297e+00
-5.488774299621582031e+00
1.591439843177795410e-01
2.983188867568969727e+00
4.876642227172851562e+00
-1.430414676666259766e+00
-6.982489228248596191e-01
-5.207226872444152832e-01
3.306291103363037109e+00
1.720282196998596191e+00
-3.854099273681640625e+00
-1.282475590705871582e+00
8.207798004150390625e-03
-4.191060066223144531e+00
-2.714902639389038086e+00
-3.961437463760375977e+00
-2.565665245056152344e+00
-2.316799879074096680e+00
2.535874605178833008e+00
4.594053030014038086e-01
-1.640873312950134277e+00
-1.580074787139892578e+00
4.805897235870361328e+00
-3.241207599639892578e+00
-2.343422412872314453e+00
-2.123733997344970703e+00
4.540228366851806641e+00
-1.294824957847595215e+00
9.946676254272460938e+00
-2.193979740142822266e+00
-8.307975530624389648e-01
-2.885950565338134766e+00
-7.400183677673339844e-01
-4.124104976654052734e+00
2.148877143859863281e+00
-3.686321735382080078e+00
-1.906466960906982422e+00
-3.979149818420410156e+00
6.010138511657714844e+00
-6.728189945220947266e+00
-7.451766729354858398e-01
3.855181455612182617e+00
-9.825468659400939941e-01
-1.844231128692626953e+00
-2.027261972427368164e+00
1.987456917762756348e+00
6.404769420623779297e-02
-1.884825944900512695e+00
1.127796649932861328e+00
-5.121046304702758789e-01
-2.297827005386352539e+00
3.608386993408203125e+00
-2.010031700134277344e+00
-3.619090318679809570e+00
6.452340483665466309e-01
-1.867681860923767090e+00
-2.580438613891601562e+00
1.242372274398803711e+00
-2.291476249694824219e+00
6.879925727844238281e-01
-1.227232933044433594e+00
4.304146289825439453e+00
-3.434474706649780273e+00
-2.563611745834350586e+00
-4.174523353576660156e+00
-3.039690971374511719e+00
-3.402855396270751953e+00
1.780489683151245117e+00
1.082063913345336914e+00
-2.993668079376220703e+00
-1.211748719215393066e+00
-3.219301700592041016e+00
-1.629100680351257324e+00
1.658294558525085449e+00
2.456199884414672852e+00
-4.257600307464599609e+00
-4.166528224945068359e+00
2.190535068511962891e+00
-7.224502563476562500e-01
-4.760233402252197266e+00
9.048144340515136719e+00
-4.542891502380371094e+00
1.862744569778442383e+00
-5.814626216888427734e-01
-9.573017358779907227e-01
-1.193316578865051270e+00
-2.898320555686950684e-01
-1.241627216339111328e+00
-2.963910102844238281e-01
8.003960847854614258e-01
-1.371596097946166992e+00
-3.222228527069091797e+00
1.702412962913513184e+00
-1.171569347381591797e+00
-1.770789980888366699e+00
-1.541242837905883789e+00
-2.626599311828613281e+00
2.466881990432739258e+00
-5.720366835594177246e-01
3.842515707015991211e+00
3.487210988998413086e+00
1.214871406555175781e-01
-1.897216081619262695e+00
9.309863448143005371e-01
-6.962553262710571289e-01
3.125417232513427734e+00
-1.444562435150146484e+00
-1.152928113937377930e+00
1.683940649032592773e+00
2.187317609786987305e-02
-2.236454010009765625e+00
-1.988113045692443848e+00
-3.888582706451416016e+00
-2.898193120956420898e+00
-1.226682305335998535e+00
3.802654743194580078e+00
-3.827576398849487305e+00
7.405937314033508301e-01
-7.093298435211181641e-01
-1.040807723999023438e+00
-2.523732662200927734e+00
-1.552784681320190430e+00
-8.873745203018188477e-01
-2.127697706222534180e+00
-4.192278385162353516e+00
4.051819324493408203e+00
5.474661350250244141e+00
2.735420703887939453e+00
3.658798933029174805e+00
-3.776776492595672607e-01
-1.987487673759460449e+00
-5.144012451171875000e+00
1.700692653656005859e+00
5.968684554100036621e-01
9.833984971046447754e-01
8.036230206489562988e-01
-1.644895434379577637e+00
-1.556261658668518066e+00
2.161437749862670898e+00
-3.576532840728759766e+00
-6.620814800262451172e-01
-2.500606536865234375e+00
3.307590484619140625e+00
-1.226153731346130371e+00
-1.969243407249450684e+00
-2.358587741851806641e+00
-3.479719400405883789e+00
4.753647327423095703e+00
-2.061079144477844238e-01
6.101663112640380859e-01
-1.852422595024108887e+00
-9.997147917747497559e-01
-1.804123759269714355e+00
-2.990700960159301758e+00
-1.676774024963378906e+00
9.833225011825561523e-01
-1.670008540153503418e+00
-1.901163816452026367e+00
-2.164036035537719727e-01
-4.620840251445770264e-01
-2.362344413995742798e-01
-2.093008279800415039e+00
-4.036117076873779297e+00
-2.817307710647583008e-01
-2.211094856262207031e+00
5.506126880645751953e-01
1.835360050201416016e+00
-2.890400409698486328e+00
1.584773063659667969e+00
3.255193710327148438e+00
-3.456247806549072266e+00
-2.849234819412231445e+00
-3.636883497238159180e+00
-1.569854497909545898e+00
-4.458068370819091797e+00
-2.300042629241943359e+00
-2.265481710433959961e+00
-1.101182460784912109e+00
-7.884299755096435547e-02
2.937175035476684570e+00
-5.714246630668640137e-01
3.920953273773193359e+00
8.276841044425964355e-01
-1.955997347831726074e+00
4.365414142608642578e+00
1.647964715957641602e+00
5.075191259384155273e-01
-8.063822984695434570e-03
-1.421244978904724121e+00
2.862616062164306641e+00
5.997102260589599609e+00
-1.779983758926391602e+00
9.025516510009765625e-01
5.028719425201416016e+00
-3.498036146163940430e+00
-3.197939872741699219e+00
-1.859025359153747559e+00
-2.142226219177246094e+00
5.005366325378417969e+00
1.056325137615203857e-01
2.152662038803100586e+00
-3.257996320724487305e+00
-1.643643379211425781e+00
-1.625878572463989258e+00
-1.747148513793945312e+00
4.278083801269531250e+00
-1.585282444953918457e+00
1.022473871707916260e-01
1.946969509124755859e+00
-1.892339587211608887e-01
5.411715030670166016e+00
-3.812056779861450195e-01
-9.985250234603881836e-02
-3.525849342346191406e+00
1.580814719200134277e+00
-3.913854598999023438e+00
-1.979487538337707520e+00
5.146560668945312500e+00
-4.367325305938720703e+00
2.285046577453613281e+00
7.097733020782470703e-02
5.935496091842651367e-01
4.493448138236999512e-01
-4.133834838867187500e+00
5.165349483489990234e+00
-3.532578706741333008e+00
-2.243232131004333496e-01
-1.370287060737609863e+00
-6.432517766952514648e-01
-3.510881423950195312e+00
2.211132049560546875e+00
-3.546395063400268555e+00
-1.649760723114013672e+00
-5.172157287597656250e+00
-3.869421243667602539e+00
1.773181915283203125e+00
-1.105542421340942383e+00
3.155379295349121094e+00
1.873725414276123047e+00
9.280563592910766602e-01
-1.960419297218322754e+00
-1.416562676429748535e+00
2.802584171295166016e+00
-1.431783199310302734e+00
8.988997936248779297e-01
1.272942781448364258e+00
1.660093069076538086e-01
-4.361424922943115234e+00
-1.040290236473083496e+00
-1.056351184844970703e+00
4.669414758682250977e-01
-2.869873523712158203e+00
-5.125602722167968750e+00
-5.053290843963623047e+00
4.036353230476379395e-01
-4.336242675781250000e+00
2.634850740432739258e+00
-7.978767156600952148e-02
2.969871520996093750e+00
3.531446456909179688e+00
1.029450297355651855e-01
1.847976803779602051e+00
-9.123097062110900879e-01
3.825718641281127930e+00
8.349602222442626953e-01
-2.684264421463012695e+00
-6.182808876037597656e+00
2.092561125755310059e-01
2.676699161529541016e-01
-2.804980754852294922e+00
-1.310658454895019531e+00
-2.233945727348327637e-01
1.206842184066772461e+00
6.706187725067138672e-01
-3.384648799896240234e+00
3.979837298393249512e-01
-5.810984373092651367e-01
-8.407742381095886230e-01
-8.953254818916320801e-01
7.643589973449707031e-01
1.513273000717163086e+00
3.491157293319702148e+00
2.362799644470214844e+00
4.142932891845703125e+00
2.935397386550903320e+00
3.909231185913085938e+00
6.199234724044799805e-01
-3.664223670959472656e+00
1.033614873886108398e-01
-1.509390354156494141e+00
-6.497421264648437500e-01
-1.310089826583862305e+00
2.375060558319091797e+00
-5.617477893829345703e-01
-2.639038324356079102e+00
2.533661365509033203e+00
2.863384962081909180e+00
6.481643199920654297e+00
1.608363389968872070e+00
-5.945823788642883301e-01
-1.079996109008789062e+00
-1.420071363449096680e+00
-1.629816532135009766e+00
-9.549571871757507324e-01
-1.895304918289184570e-01
-1.168981075286865234e+00
-3.626639127731323242e+00
-1.098062157630920410e+00
-1.253708362579345703e+00
-4.312299728393554688e+00
-2.834217309951782227e+00
-1.473184108734130859e+00
-1.373918056488037109e+00
3.595007419586181641e+00
-1.028219103813171387e+00
-8.173615932464599609e-01
-4.455439090728759766e+00
-6.156984567642211914e-01
-1.949916839599609375e+00
-1.731928586959838867e+00
7.072297334671020508e-01
-1.417751550674438477e+00
-3.245872020721435547e+00
-2.827902317047119141e+00
-5.394166707992553711e-01
4.018812179565429688e-01
1.791777253150939941e+00
-7.639176845550537109e-01
-3.654913663864135742e+00
5.633160114288330078e+00
7.871502637863159180e-02
-1.035545617341995239e-01
2.676407814025878906e+00
4.774678230285644531e+00
1.091516971588134766e+00
-2.562843561172485352e-01
-2.780650138854980469e+00
-3.832413673400878906e+00
2.553673505783081055e+00
2.569218635559082031e+00
1.613326907157897949e+00
-1.838699102401733398e+00
2.340574562549591064e-01
9.429396390914916992e-01
-1.560763716697692871e-01
1.447327136993408203e-01
1.747514009475708008e+00
-6.748988628387451172e-01
-8.414984941482543945e-01
-3.001248836517333984e+00
1.373387098312377930e+00
1.306495070457458496e+00
-9.641894102096557617e-01
6.789019107818603516e-01
-1.489214181900024414e+00
-1.924539327621459961e+00
1.541807651519775391e-01
3.225401401519775391e+00
-1.203806281089782715e+00
1.128229498863220215e+00
-3.672580003738403320e+00
-4.495775103569030762e-01
-8.571562170982360840e-01
-2.413009405136108398e+00
-2.010474920272827148e+00
-1.422498703002929688e+00
-3.674164295196533203e+00
-7.978447079658508301e-01
5.601877212524414062e+00
-4.828679561614990234e-01
-2.823092699050903320e+00
-2.876038789749145508e+00
2.251485586166381836e+00
-5.616664886474609375e-01
5.373737335205078125e+00
-3.701609969139099121e-01
-3.498193264007568359e+00
-7.043217420578002930e-01
-1.146745443344116211e+00
1.625293850898742676e+00
-1.102433323860168457e+00
3.003780364990234375e+00
4.153508186340332031e+00
-1.708025574684143066e+00
-1.875230073928833008e+00
-3.292853236198425293e-01
-8.481534719467163086e-01
3.610994815826416016e+00
2.589507818222045898e+00
1.827776432037353516e+00
4.553128778934478760e-02
7.825242280960083008e-01
-1.694277286529541016e+00
3.609781503677368164e+00
2.773562669754028320e-01
-3.045410394668579102e+00
2.374052524566650391e+00
-5.100328445434570312e+00
-4.197288513183593750e+00
-1.216905117034912109e+00
4.111350536346435547e+00
2.608539342880249023e+00
2.539835214614868164e+00
-3.779166221618652344e+00
-1.316323399543762207e+00
5.039543628692626953e+00
3.951767206192016602e+00
1.791817665100097656e+00
1.611527681350708008e+00
-4.163412094116210938e+00
3.324309825897216797e+00
3.023627281188964844e+00
-9.540102481842041016e-01
-2.994124412536621094e+00
-2.982927083969116211e+00
-7.914920330047607422e+00
-3.298909902572631836e+00
-2.328581333160400391e+00
2.216732501983642578e+00
-3.597652196884155273e+00
-3.344509840011596680e+00
-1.826848745346069336e+00
-2.470483303070068359e+00
-3.201102018356323242e+00
-7.554371833801269531e+00
-4.803274631500244141e+00
-3.443368434906005859e+00
-2.180794239044189453e+00
-3.369581222534179688e+00
-4.047518968582153320e-01
-3.932568073272705078e+00
-4.823206901550292969e+00
-5.350300788879394531e+00
-4.324313163757324219e+00
-2.224586963653564453e+00
-2.587336301803588867e+00
-5.421735644340515137e-01
-7.986908555030822754e-01
-1.871395349502563477e+00
6.167184114456176758e-01
-2.397488832473754883e+00
9.984445571899414062e-01
-3.491384983062744141e+00
-1.236497163772583008e+00
-2.252770423889160156e+00
-4.980855464935302734e+00
9.325109720230102539e-01
1.359189867973327637e+00
-1.878500223159790039e+00
-1.994746804237365723e+00
-9.130926728248596191e-01
-4.286206245422363281e+00
-3.780937433242797852e+00
-3.659492015838623047e+00
-2.410449266433715820e+00
5.957351922988891602e-01
-3.599651098251342773e+00
2.116011857986450195e+00
-4.397292733192443848e-01
1.737327814102172852e+00
1.351158022880554199e+00
2.052450180053710938e+00
3.605723142623901367e+00
-4.551097750663757324e-01
1.439289331436157227e+00
-1.174162268638610840e+00
4.586535453796386719e+00
2.692839384078979492e+00
-2.714720249176025391e+00
2.201470613479614258e+00
2.258252620697021484e+00
1.839853286743164062e+00
2.185166358947753906e+00
-1.959163546562194824e-01
-1.687560081481933594e-01
-1.547508478164672852e+00
-5.073795318603515625e-01
-2.082576036453247070e+00
-1.151445150375366211e+00
-4.945762157440185547e+00
6.918721795082092285e-01
-6.816691160202026367e-02
-1.518844723701477051e+00
-1.960944771766662598e+00
-2.091946125030517578e+00
-1.179257512092590332e+00
-5.105007171630859375e+00
-2.234944701194763184e-01
3.669048309326171875e+00
