-5.797174453735351562e+00
-4.576102793216705322e-01
9.019266963005065918e-01
-4.805576801300048828e-01
1.722199797630310059e+00
4.103431701660156250e-01
2.168270349502563477e+00
3.559461832046508789e-01
-2.206468105316162109e+00
-3.789256811141967773e-01
-3.716129302978515625e+00
-2.832468032836914062e+00
-2.788629531860351562e+00
-2.258770465850830078e+00
5.840812325477600098e-01
-3.569968938827514648e+00
-4.046757698059082031e+00
-1.200358390808105469e+00
-1.154388546943664551e+00
-5.557226657867431641e+00
-7.348096370697021484e+00
-7.021682858467102051e-01
-2.335681438446044922e+00
-6.439157128334045410e-01
-1.824661970138549805e+00
-5.494239330291748047e-01
2.078596651554107666e-01
-2.211897134780883789e+00
5.761603713035583496e-01
-2.929676532745361328e+00
-5.516044139862060547e+00
-2.336619377136230469e+00
-9.479230880737304688e+00
-4.935559272766113281e+00
-3.326117277145385742e+00
-4.934702396392822266e+00
-1.083451747894287109e+00
-2.069803714752197266e+00
-2.709541469812393188e-02
-1.204959511756896973e+00
-5.873910784721374512e-01
9.132971763610839844e-01
-1.046220064163208008e+00
-2.362730979919433594e+00
4.307858467102050781e+00
2.322558641433715820e+00
4.618273377418518066e-01
-2.073118448257446289e+00
1.872383952140808105e-01
-3.799901962280273438e+00
2.743519783020019531e+00
-2.934798717498779297e+00
-2.181766033172607422e+00
-4.937695503234863281e+00
-3.413334846496582031e+00
-1.747271895408630371e+00
-4.286960601806640625e+00
-4.185308933258056641e+00
-1.285074472427368164e+00
-8.413883447647094727e-01
-3.347507715225219727e+00
-5.864009857177734375e-01
-1.985816001892089844e+00
-3.574911594390869141e+00
-1.819568395614624023e+00
1.694588363170623779e-01
-2.678186893463134766e+00
-4.550539970397949219e+00
-4.593235015869140625e+00
-2.663590908050537109e+00
-5.614587783813476562e+00
-2.045437812805175781e+00
-1.860784530639648438e+00
-3.218738734722137451e-01
1.465797662734985352e+00
-5.706746131181716919e-02
2.525073051452636719e+00
2.259898185729980469e-02
-4.935038566589355469e+00
-1.047883152961730957e+00
-3.596098423004150391e+00
-3.669395446777343750e+00
-2.741961479187011719e+00
-4.250473022460937500e+00
-1.023959398269653320e+00
-4.412521839141845703e+00
-2.041826844215393066e-01
-2.077382087707519531e+00
3.148607492446899414e+00
1.294000387191772461e+00
-4.275131225585937500e-02
-1.586299657821655273e+00
2.169266939163208008e+00
-9.997023344039916992e-01
-3.563946008682250977e+00
-2.176079750061035156e+00
3.480464935302734375e+00
-6.371207714080810547e+00
-5.208474636077880859e+00
-5.911258697509765625e+00
-4.878602981567382812e+00
1.812705278396606445e+00
-4.135941505432128906e+00
4.038950800895690918e-02
-4.388288021087646484e+00
-2.826941967010498047e+00
-7.225726842880249023e-01
-1.113233923912048340e+00
-3.991524696350097656e+00
-5.684976100921630859e+00
-4.184775352478027344e+00
1.077203035354614258e+00
-1.742601633071899414e+00
-3.001941680908203125e+00
-1.992107033729553223e+00
-4.321490287780761719e+00
-6.387562274932861328e+00
-2.138402938842773438e+00
-5.870682239532470703e+00
-6.519891738891601562e+00
-6.407405853271484375e+00
-4.844442844390869141e+00
-2.263108491897583008e+00
-3.322518348693847656e+00
-1.061525464057922363e+00
-3.079280853271484375e+00
-2.781430959701538086e+00
-7.912411689758300781e-01
-1.396083116531372070e+00
-1.654839515686035156e+00
-2.109118938446044922e+00
-1.748480916023254395e+00
-1.126409173011779785e-01
-2.820326089859008789e+00
-2.529428958892822266e+00
-2.037680149078369141e-01
-3.945647716522216797e+00
-4.848416805267333984e+00
-4.476561069488525391e+00
-5.947788238525390625e+00
-2.065423727035522461e+00
-5.456169605255126953e+00
-4.940320491790771484e+00
-4.476227283477783203e+00
-1.367519736289978027e+00
-2.381652355194091797e+00
-4.859188556671142578e+00
-3.720908641815185547e+00
-1.353318452835083008e+00
2.022240757942199707e-01
-1.640605688095092773e+00
-8.887889385223388672e-01
-8.699897527694702148e-01
-6.247066855430603027e-01
1.516227722167968750e+00
2.710889816284179688e+00
2.308275222778320312e+00
1.152551412582397461e+00
-2.222293138504028320e+00
-3.369252383708953857e-01
2.625047683715820312e+00
-8.838115334510803223e-01
8.171583414077758789e-01
-5.840694308280944824e-01
1.111451268196105957e+00
9.264150857925415039e-01
1.662044405937194824e+00
1.251956105232238770e+00
-2.325518727302551270e-01
1.298239231109619141e+00
2.128188133239746094e+00
-8.495387434959411621e-01
1.008721470832824707e+00
1.728542566299438477e+00
-4.523218631744384766e+00
1.794071197509765625e-01
6.664668321609497070e-01
-2.296435117721557617e+00
2.865547537803649902e-01
-3.875537157058715820e+00
-8.273631095886230469e+00
-3.760055303573608398e-01
-1.106903076171875000e+00
2.258979082107543945e+00
-1.044131278991699219e+00
6.936216950416564941e-01
-5.738019347190856934e-01
-1.056440174579620361e-01
1.278536796569824219e+00
8.706744313240051270e-01
5.605230927467346191e-01
1.247904419898986816e+00
-8.711282610893249512e-01
1.037108898162841797e+00
-7.604565620422363281e-01
-1.524449110031127930e+00
-5.467618942260742188e+00
1.533720254898071289e+00
-9.312211871147155762e-01
2.238372802734375000e+00
-3.577634394168853760e-01
8.480266332626342773e-01
1.675070047378540039e+00
1.003256559371948242e+00
1.639606475830078125e+00
-2.331286668777465820e-01
2.752631902694702148e-01
2.228230476379394531e+00
1.111374497413635254e+00
6.627267599105834961e-01
1.832068204879760742e+00
2.172779798507690430e+00
1.010065197944641113e+00
3.031820297241210938e+00
2.923728227615356445e+00
3.275785207748413086e+00
1.977449297904968262e+00
-1.184864640235900879e-01
-3.823750615119934082e-01
6.865607500076293945e-01
4.320873320102691650e-01
1.327190399169921875e+00
4.205030918121337891e+00
-1.157731890678405762e+00
5.025690793991088867e-01
-3.972121000289916992e+00
1.460258960723876953e+00
-6.378704309463500977e-01
1.153146266937255859e+00
2.891157150268554688e+00
6.922182440757751465e-02
6.045953035354614258e-01
3.723969161510467529e-01
4.352604389190673828e+00
-1.534111499786376953e+00
-3.999773740768432617e+00
-6.486701965332031250e-01
8.672878742218017578e-01
2.733141779899597168e-01
8.235747814178466797e-01
1.151230335235595703e+00
-2.006473064422607422e+00
-1.242022871971130371e+00
-4.071389734745025635e-01
-1.253017902374267578e+00
-3.261511087417602539e+00
3.865545749664306641e+00
3.469850063323974609e+00
-1.309429407119750977e+00
-7.504899501800537109e-01
-3.967644691467285156e+00
3.072707891464233398e+00
-1.358619689941406250e+00
8.867455124855041504e-01
-1.754289865493774414e-02
1.172673463821411133e+00
-1.887198835611343384e-01
9.761231541633605957e-01
-8.065488338470458984e-01
-9.572461247444152832e-01
-2.877037048339843750e+00
-3.712378501892089844e+00
-4.226663589477539062e+00
-3.111266195774078369e-01
2.175619125366210938e+00
5.690998584032058716e-02
-2.032293796539306641e+00
2.783237695693969727e-01
-1.513029336929321289e+00
-1.139909625053405762e+00
-1.226969480514526367e+00
-2.136959314346313477e+00
5.677968636155128479e-02
-2.183254957199096680e+00
-2.354773044586181641e+00
9.757299423217773438e-01
-2.394143104553222656e+00
-3.901055455207824707e-01
-4.409738063812255859e+00
-3.465329170227050781e+00
-2.530227184295654297e+00
-5.460045933723449707e-01
4.133193016052246094e+00
1.185056924819946289e+00
-1.189926862716674805e+00
-1.365659832954406738e-01
-3.884622573852539062e+00
-3.378477334976196289e+00
6.541286110877990723e-01
-1.390758872032165527e+00
1.501303434371948242e+00
-3.033943176269531250e+00
1.649601340293884277e+00
-9.295107722282409668e-01
4.973022937774658203e-01
3.073315382003784180e+00
6.901217103004455566e-01
-1.605186104774475098e+00
-3.424167871475219727e+00
-5.624742031097412109e+00
-2.785116195678710938e+00
-1.035950422286987305e+00
-1.732581377029418945e+00
-3.802930116653442383e+00
-4.157049655914306641e+00
-6.155060291290283203e+00
-3.443087816238403320e+00
-3.672232151031494141e+00
-1.574723839759826660e+00
-5.563856363296508789e-01
1.879661798477172852e+00
-3.771286964416503906e+00
-3.597046136856079102e+00
2.926182746887207031e+00
1.742068290710449219e+00
2.773473262786865234e+00
-2.447810649871826172e+00
-2.674257993698120117e+00
1.876133322715759277e+00
2.354116439819335938e+00
-5.850716590881347656e+00
-1.880585432052612305e+00
-9.384553432464599609e-01
2.802344560623168945e-01
-4.068187713623046875e+00
-2.394351482391357422e+00
-5.463717937469482422e+00
-2.385198831558227539e+00
-5.715862274169921875e+00
-2.906869649887084961e+00
-2.369735002517700195e+00
-2.522470235824584961e+00
1.419739365577697754e+00
1.449571013450622559e+00
-1.679442882537841797e+00
-4.099305629730224609e+00
-2.624956130981445312e+00
-9.167947769165039062e-01
2.887630462646484375e-01
5.834367275238037109e+00
3.179902553558349609e+00
1.611806273460388184e+00
-1.153865575790405273e+00
-2.638770103454589844e+00
-3.039933681488037109e+00
1.960187196731567383e+00
1.037501931190490723e+00
-3.120810508728027344e+00
4.813545942306518555e-01
-3.669752836227416992e+00
-2.467370271682739258e+00
-3.945110797882080078e+00
-3.715344190597534180e+00
-2.322236776351928711e+00
2.534882545471191406e+00
2.526971340179443359e+00
-1.937205553054809570e+00
-3.184312105178833008e+00
1.154496550559997559e+00
-2.183575153350830078e+00
-3.960191965103149414e+00
2.007158517837524414e+00
-2.654031753540039062e+00
-3.817329168319702148e+00
7.840046882629394531e-01
-2.394323050975799561e-01
-2.795118808746337891e+00
-5.326098918914794922e+00
-6.153002977371215820e-01
-1.517650485038757324e+00
-3.967250108718872070e+00
-4.200541019439697266e+00
-3.914621591567993164e+00
-3.725968599319458008e+00
-1.710347175598144531e+00
-3.950357675552368164e+00
3.342056274414062500e-01
-9.203487038612365723e-01
-2.164597511291503906e-01
-2.035990715026855469e+00
-7.954639196395874023e-01
-1.358820796012878418e+00
-4.358275413513183594e+00
-1.581642329692840576e-01
-2.304294824600219727e+00
1.479702472686767578e+00
2.296147823333740234e+00
1.457028627395629883e+00
3.946090936660766602e-01
-1.429579496383666992e+00
-8.973305225372314453e-01
-1.636090040206909180e+00
-7.020190954208374023e-01
-1.671493530273437500e+00
-1.686983704566955566e+00
4.245265126228332520e-01
2.655736923217773438e+00
-3.927481174468994141e+00
4.425041675567626953e+00
2.929614067077636719e+00
-8.936236500740051270e-01
2.814505100250244141e+00
3.758725881576538086e+00
-2.197578191757202148e+00
4.750810623168945312e+00
2.633209466934204102e+00
-3.907582461833953857e-01
9.839701652526855469e-01
-2.534044027328491211e+00
2.082752943038940430e+00
1.194674491882324219e+00
7.564540386199951172e+00
4.700545310974121094e+00
2.029622793197631836e+00
1.498282194137573242e+00
2.783425331115722656e+00
2.285448789596557617e+00
3.291537523269653320e+00
-1.395293474197387695e-01
2.039036750793457031e+00
2.565295457839965820e+00
-9.423630237579345703e-01
4.042017757892608643e-01
-1.850510120391845703e+00
7.882431983947753906e+00
2.667348384857177734e+00
1.492244958877563477e+00
4.827276706695556641e+00
-1.506608843803405762e+00
3.253520488739013672e+00
-2.704623937606811523e+00
3.037107944488525391e+00
1.343724846839904785e+00
1.275163412094116211e+00
3.983354091644287109e+00
4.429059982299804688e+00
3.025441408157348633e+00
-1.395768165588378906e+00
-3.240087628364562988e-02
-1.539021730422973633e+00
2.776476144790649414e-01
6.185948848724365234e-01
-2.345937967300415039e+00
3.565986156463623047e+00
-6.827986240386962891e-01
-2.110510349273681641e+00
5.007688045501708984e+00
1.502425909042358398e+00
5.566008687019348145e-01
-5.244840383529663086e-01
4.185640811920166016e-01
-1.175545692443847656e+00
1.765616416931152344e+00
-5.171914696693420410e-01
2.188179016113281250e+00
-2.393733024597167969e+00
4.799606323242187500e+00
3.575274705886840820e+00
1.415645122528076172e+00
2.587051630020141602e+00
-2.418933629989624023e+00
-6.439329385757446289e-01
5.546826839447021484e+00
3.388346672058105469e+00
2.778400897979736328e+00
-1.152183175086975098e+00
-6.675866842269897461e-01
1.138574719429016113e+00
8.898921608924865723e-01
5.129591226577758789e-01
-7.334505319595336914e-01
2.563125133514404297e+00
-6.889408826828002930e-01
-5.093287944793701172e+00
3.097904205322265625e+00
6.557354331016540527e-01
6.508995532989501953e+00
-1.833021283149719238e+00
9.765713691711425781e+00
-5.586825370788574219e+00
1.800145626068115234e+00
3.525830268859863281e+00
2.375847339630126953e+00
5.603479146957397461e-01
-5.861861705780029297e-01
-1.340691924095153809e+00
2.846540808677673340e-01
-2.020453453063964844e+00
-5.134246945381164551e-01
4.275199890136718750e+00
-6.010764241218566895e-01
-2.642628908157348633e+00
5.729139804840087891e+00
-8.991358280181884766e-01
3.169848203659057617e+00
-1.027190685272216797e+00
2.917165994644165039e+00
5.979785919189453125e-01
9.043123126029968262e-01
1.480238676071166992e+00
5.904164910316467285e-01
3.672728061676025391e+00
2.818111896514892578e+00
5.871453285217285156e-01
5.313395977020263672e+00
6.773399114608764648e-01
-2.992756843566894531e+00
-2.940978109836578369e-02
7.348196506500244141e-01
4.418398380279541016e+00
1.772944927215576172e+00
-3.670817613601684570e+00
-6.857387542724609375e+00
-1.965685367584228516e+00
1.210219979286193848e+00
-3.990216851234436035e-01
2.216567516326904297e+00
3.040497779846191406e+00
3.808651447296142578e+00
5.463136196136474609e+00
5.940482616424560547e+00
-8.962570428848266602e-01
-7.287055253982543945e-01
3.561241865158081055e+00
-4.387978553771972656e+00
-1.059309482574462891e+00
4.725764751434326172e+00
9.523166418075561523e-01
-3.171393156051635742e+00
1.252012610435485840e+00
6.711690902709960938e+00
1.427162289619445801e+00
7.640679478645324707e-01
5.999829292297363281e+00
-1.624771833419799805e+00
-7.272303581237792969e+00
1.177054405212402344e+00
2.149869203567504883e-01
-8.918440341949462891e-01
5.667256355285644531e+00
4.610669612884521484e-02
9.476143121719360352e-01
5.046646595001220703e+00
-1.999009966850280762e+00
-2.530821323394775391e+00
3.024196386337280273e+00
1.815810441970825195e+00
1.438205003738403320e+00
-2.694870471954345703e+00
9.015583038330078125e+00
-3.609616041183471680e+00
-5.827044010162353516e+00
4.814695358276367188e+00
2.429271697998046875e+00
-3.212701559066772461e+00
2.882304906845092773e+00
4.408664703369140625e+00
1.733597993850708008e+00
3.042736291885375977e+00
3.014156103134155273e+00
1.535720825195312500e+00
-3.621083498001098633e-02
2.341482400894165039e+00
2.736913204193115234e+00
2.135823011398315430e+00
4.304110527038574219e+00
-2.839796304702758789e+00
-5.067873001098632812e+00
2.455730676651000977e+00
1.304513067007064819e-01
-5.694360136985778809e-01
-3.313326120376586914e+00
1.132962107658386230e+00
-1.224418401718139648e+00
-2.600853204727172852e+00
4.175637960433959961e-01
7.279300689697265625e-01
1.535871148109436035e+00
5.877606868743896484e-01
1.839388012886047363e-01
8.596260547637939453e-01
-3.748495280742645264e-01
4.517213344573974609e+00
-3.509440898895263672e+00
1.219896078109741211e+00
3.567602396011352539e+00
2.083635330200195312e+00
-1.557158827781677246e+00
4.251951217651367188e+00
-3.747389912605285645e-01
-2.389671802520751953e+00
5.860738277435302734e+00
-1.555952310562133789e+00
4.529252350330352783e-01
-1.520385742187500000e+00
-7.028303146362304688e-01
2.660781145095825195e-01
2.748495340347290039e-01
7.788195610046386719e-01
2.051813840866088867e+00
-1.187559366226196289e-01
1.075387477874755859e+00
3.300021648406982422e+00
5.484271049499511719e-02
-5.756754875183105469e+00
8.912746310234069824e-01
3.419971227645874023e+00
-3.542273283004760742e+00
3.559747219085693359e+00
-1.986258745193481445e+00
5.287314653396606445e-01
8.429641723632812500e+00
2.448277711868286133e+00
2.371534109115600586e+00
-3.752447664737701416e-02
-1.674625396728515625e+00
2.582479476928710938e+00
5.480455875396728516e+00
1.074316859245300293e+00
4.293950557708740234e+00
4.695783138275146484e+00
-5.512077361345291138e-02
-1.508046865463256836e+00
-1.067968606948852539e-01
1.294415235519409180e+00
-8.689690828323364258e-01
-2.223318815231323242e-01
-1.142004847526550293e+00
2.290334701538085938e+00
-1.323280096054077148e+00
-1.275384426116943359e-01
1.745357751846313477e+00
-2.810267210006713867e-01
-3.642449378967285156e-01
-2.922600507736206055e-01
-8.821236491203308105e-01
6.994214534759521484e+00
3.084934234619140625e+00
2.473077625036239624e-01
1.728111743927001953e+00
-3.541965723037719727e+00
5.452497303485870361e-02
3.385253667831420898e+00
-1.412630319595336914e+00
2.201493263244628906e+00
4.629612445831298828e+00
1.273383378982543945e+00
3.904785156250000000e+00
-8.583723306655883789e-01
-2.024333953857421875e+00
-1.377643704414367676e+00
6.206799030303955078e+00
9.762724637985229492e-01
6.034448742866516113e-01
-6.972202062606811523e-01
7.164688587188720703e+00
8.130941390991210938e-01
1.117611885070800781e+00
2.935418128967285156e+00
3.366200923919677734e+00
1.622018337249755859e+00
-3.380206584930419922e+00
6.227525234222412109e+00
1.991798281669616699e+00
2.659723758697509766e+00
-1.025645494461059570e+00
3.048060536384582520e-01
1.105097889900207520e+00
2.604815006256103516e+00
6.958398342132568359e+00
-2.163871288299560547e+00
4.109918117523193359e+00
7.305024862289428711e-01
1.282338023185729980e+00
-2.280409932136535645e-01
2.396833181381225586e+00
4.045292735099792480e-02
-2.174729824066162109e+00
4.495060443878173828e-01
-2.107008457183837891e+00
-4.494462013244628906e-01
2.838269472122192383e-01
-1.975656747817993164e+00
1.622942209243774414e+00
-9.980291724205017090e-01
-6.479645371437072754e-01
-1.403538465499877930e+00
2.551951408386230469e-01
4.987968444824218750e+00
1.130454540252685547e+00
2.626505136489868164e+00
1.487280249595642090e+00
4.484386444091796875e+00
-3.196569442749023438e+00
-4.008035957813262939e-01
4.531671047210693359e+00
2.802184581756591797e+00
1.745204925537109375e+00
3.508928120136260986e-01
3.040192127227783203e+00
3.020100593566894531e+00
2.507579803466796875e+00
4.308029174804687500e+00
1.066831111907958984e+00
6.128257274627685547e+00
6.946228742599487305e-01
2.225266218185424805e+00
2.476402521133422852e+00
6.088762879371643066e-01
7.462168693542480469e+00
-5.095140457153320312e+00
-2.285277843475341797e+00
-2.074655771255493164e+00
9.810560941696166992e-01
-8.014580011367797852e-01
-6.554843902587890625e+00
5.096939086914062500e+00
-5.596855878829956055e-01
1.689048767089843750e+00
-4.373460292816162109e+00
-3.098564863204956055e+00
7.096470832824707031e+00
3.169044494628906250e+00
1.478673219680786133e-01
2.396074771881103516e+00
6.234514117240905762e-01
-5.272736072540283203e+00
3.172203302383422852e-01
2.289793491363525391e+00
-2.185719728469848633e+00
1.850740671157836914e+00
8.184540271759033203e-02
-2.112250804901123047e+00
-2.749106884002685547e-01
-3.655487298965454102e-02
4.253943920135498047e+00
3.572728633880615234e+00
2.660503387451171875e+00
2.126066923141479492e+00
1.748217225074768066e+00
-1.838852643966674805e+00
7.382753849029541016e+00
2.224039554595947266e+00
2.870361089706420898e+00
1.179368853569030762e+00
-4.441404342651367188e+00
5.178362131118774414e-02
1.420639514923095703e+00
5.368214607238769531e+00
1.882503986358642578e+00
6.658834457397460938e+00
2.878954887390136719e+00
5.766236305236816406e+00
4.342378377914428711e-01
-7.256451845169067383e-01
-2.958376169204711914e+00
2.945431947708129883e+00
1.631996750831604004e+00
-2.964135408401489258e+00
6.259643435478210449e-01
-6.730540990829467773e-01
4.658557176589965820e-01
4.935250282287597656e+00
6.536391377449035645e-01
4.662595748901367188e+00
-1.319408178329467773e+00
-1.029627084732055664e+00
-5.274589061737060547e-01
8.551174402236938477e-01
3.552366733551025391e+00
-2.284046888351440430e+00
-9.715912342071533203e-01
2.272202014923095703e+00
-3.274449825286865234e+00
-1.323606252670288086e+00
5.171535968780517578e+00
-6.902830600738525391e-01
2.718936681747436523e+00
1.422386646270751953e+00
2.258620738983154297e+00
-7.751971483230590820e-01
5.315948009490966797e+00
1.521577239036560059e+00
2.460393905639648438e-01
-2.489713668823242188e+00
-4.547750473022460938e+00
1.370994329452514648e+00
2.113055229187011719e+00
4.513216495513916016e+00
2.910147905349731445e-01
6.237313270568847656e+00
3.131098985671997070e+00
1.721418142318725586e+00
-4.485070705413818359e+00
6.974330425262451172e+00
4.698319435119628906e+00
3.428068757057189941e-01
9.604150056838989258e-01
2.191778182983398438e+00
1.471263885498046875e+00
-1.409958839416503906e+00
-2.288857936859130859e+00
-5.631427764892578125e+00
-2.237665176391601562e+00
-3.162127256393432617e+00
1.314662456512451172e+00
5.311391353607177734e+00
-8.250069618225097656e-01
3.061332464218139648e+00
1.453120946884155273e+00
-4.159469604492187500e+00
-2.645994424819946289e+00
5.036974549293518066e-01
-1.710449934005737305e+00
-1.832459211349487305e+00
2.853940010070800781e+00
8.114793300628662109e-01
-1.090437889099121094e+00
-3.313920021057128906e+00
2.834726572036743164e+00
-3.607584238052368164e-01
-2.499936223030090332e-01
2.682274818420410156e+00
-2.529358625411987305e+00
5.726201057434082031e+00
1.820538520812988281e+00
-2.896823585033416748e-01
-4.762362003326416016e+00
2.380481958389282227e+00
3.452509880065917969e+00
2.301831245422363281e+00
2.150543928146362305e+00
1.173443555831909180e+00
-4.590946435928344727e-02
1.644911170005798340e+00
-2.623634338378906250e+00
6.000720024108886719e+00
6.297491550445556641e+00
-5.519844293594360352e-01
3.981556892395019531e-01
4.831855773925781250e+00
2.421647787094116211e+00
2.464700937271118164e+00
1.374814748764038086e+00
2.352848052978515625e+00
5.161362886428833008e-01
1.114400148391723633e+00
-1.583259820938110352e+00
-1.020050287246704102e+00
9.665635824203491211e-01
1.230430901050567627e-01
2.381590843200683594e+00
3.542648315429687500e+00
-1.519405841827392578e+00
5.410793304443359375e+00
-1.248722791671752930e+00
-2.860635757446289062e+00
-2.250063419342041016e+00
2.315505027770996094e+00
-1.467043161392211914e-02
-2.446361184120178223e-01
-1.562881708145141602e+00
2.218749046325683594e+00
-2.828369140625000000e-01
-1.694443941116333008e+00
4.635585308074951172e+00
2.719863891601562500e+00
7.065439224243164062e-01
2.694068908691406250e+00
-1.384675204753875732e-01
-1.809816509485244751e-01
-7.230837941169738770e-01
-7.515218853950500488e-01
1.381965160369873047e+00
7.903578281402587891e-01
1.443777799606323242e+00
-5.960670113563537598e-01
9.892420768737792969e-01
-4.377994537353515625e+00
6.467835426330566406e+00
2.420707941055297852e+00
1.109987616539001465e+00
1.789933919906616211e+00
1.660253763198852539e+00
-1.881538629531860352e+00
7.541608810424804688e-01
1.777303457260131836e+00
-1.523299217224121094e-01
2.230178833007812500e+00
-5.278088450431823730e-01
5.517875671386718750e+00
-5.705909729003906250e+00
4.038843631744384766e+00
8.196476936340332031e+00
1.035523056983947754e+00
3.060500383377075195e+00
8.318117856979370117e-01
2.027428150177001953e+00
1.050245761871337891e-02
-3.608111858367919922e+00
-1.154454052448272705e-01
-4.186886787414550781e+00
9.598699212074279785e-01
-2.543299198150634766e+00
3.949443340301513672e+00
8.619904518127441406e-03
-9.260928630828857422e-01
1.751859664916992188e+00
2.717073917388916016e+00
-3.452333211898803711e+00
1.115931272506713867e-01
2.209723472595214844e+00
4.090315818786621094e+00
3.896929025650024414e+00
-3.083191394805908203e+00
1.860087633132934570e+00
3.593202352523803711e+00
5.405255317687988281e+00
2.640002250671386719e+00
3.636855602264404297e+00
-1.371988058090209961e+00
4.367333889007568359e+00
6.764861106872558594e+00
-4.424744129180908203e+00
-2.255171775817871094e+00
-1.295152187347412109e+00
-4.295118808746337891e+00
-4.240021705627441406e+00
-2.442661285400390625e+00
2.617972850799560547e+00
-4.235613346099853516e+00
-4.928739547729492188e+00
3.738086819648742676e-01
-5.651724338531494141e+00
-1.422464549541473389e-01
-6.000637531280517578e+00
-1.406387448310852051e+00
-1.240424036979675293e+00
-1.905508875846862793e+00
-3.506519079208374023e+00
-5.524620056152343750e+00
-5.640382289886474609e+00
-3.455877780914306641e+00
-3.489736080169677734e+00
-2.798427343368530273e+00
-3.222676753997802734e+00
-2.307736873626708984e-02
-4.074010848999023438e+00
-2.844603776931762695e+00
-8.368267416954040527e-01
1.505288124084472656e+00
-1.986171483993530273e+00
-2.374814987182617188e+00
9.456829726696014404e-02
1.101696729660034180e+00
-5.615515708923339844e-01
-2.048597574234008789e+00
-4.771557807922363281e+00
4.241718053817749023e-01
-3.300715446472167969e+00
-2.196697711944580078e+00
-3.409413576126098633e+00
-5.635824680328369141e+00
-1.726315855979919434e+00
-4.617621421813964844e+00
-2.150245428085327148e+00
3.291707038879394531e+00
-2.340198993682861328e+00
1.801527976989746094e+00
-5.111733675003051758e-01
7.408660650253295898e-02
3.216725349426269531e+00
1.183199882507324219e-01
3.977047204971313477e-01
-1.593408703804016113e+00
1.233528971672058105e+00
-1.104390501976013184e+00
-2.022902965545654297e-01
2.052752494812011719e+00
5.629503726959228516e-02
-4.238240122795104980e-01
9.459424018859863281e-01
1.477899789810180664e+00
2.663870334625244141e+00
1.301979422569274902e-01
1.455605030059814453e+00
-2.826055526733398438e+00
-1.634155511856079102e+00
-4.744138717651367188e+00
-3.165159463882446289e+00
-7.429578304290771484e+00
-7.819061279296875000e-01
-2.823022365570068359e+00
-3.757085084915161133e+00
-8.133913040161132812e+00
-3.126553773880004883e+00
-4.062417507171630859e+00
-5.050825595855712891e+00
-2.099466800689697266e+00
5.144541740417480469e+00
