-5.543029308319091797e-02
-1.831699371337890625e+00
-1.213660836219787598e+00
-4.830030202865600586e-01
1.120129585266113281e+00
-1.372391581535339355e-01
9.844979047775268555e-01
-1.647071838378906250e-01
-1.055689454078674316e+00
4.015875339508056641e+00
-2.469538688659667969e+00
-2.089786052703857422e+00
-1.595690846443176270e-02
-7.441844940185546875e-01
3.920764923095703125e+00
-1.092682957649230957e+00
-2.013847351074218750e+00
2.369048118591308594e+00
1.512522459030151367e+00
-2.066268444061279297e+00
-9.663443565368652344e-01
1.341193556785583496e+00
8.221102952957153320e-01
2.347570180892944336e+00
-1.272142648696899414e+00
-1.466441512107849121e+00
1.568243741989135742e+00
-1.752941757440567017e-01
-7.633532285690307617e-01
-8.639365434646606445e-01
-1.444262027740478516e+00
1.666716337203979492e-01
-1.408944606781005859e+00
-3.376568555831909180e-01
2.121643543243408203e+00
-2.122991085052490234e+00
-4.057772755622863770e-01
-4.630660057067871094e+00
3.964960575103759766e-01
3.457431316375732422e+00
8.854890465736389160e-01
1.435673832893371582e+00
4.295194149017333984e+00
-5.951361060142517090e-01
1.108301281929016113e+00
1.760603904724121094e+00
2.266654491424560547e+00
2.270386934280395508e+00
2.914944171905517578e+00
1.584026575088500977e+00
2.680669784545898438e+00
-2.425240755081176758e+00
-2.462261915206909180e-01
-4.500597476959228516e+00
-1.461582303047180176e+00
-1.097719907760620117e+00
-1.170872926712036133e+00
-2.329165935516357422e+00
2.105884075164794922e+00
-1.391455292701721191e+00
5.467373132705688477e-02
3.509892940521240234e+00
1.274723529815673828e+00
2.747418284416198730e-01
1.342222213745117188e+00
1.957376956939697266e+00
2.522570371627807617e+00
-9.921545982360839844e-01
-8.229383230209350586e-01
-1.628912210464477539e+00
-6.402779817581176758e-01
2.754563570022583008e+00
-6.454006433486938477e-01
2.024614095687866211e+00
2.857345581054687500e+00
-1.232881426811218262e+00
4.605394363403320312e+00
4.316589832305908203e+00
1.385062336921691895e+00
-8.465836048126220703e-01
7.501701116561889648e-01
-1.272606372833251953e+00
-7.977113127708435059e-03
-1.942037105560302734e+00
5.036800861358642578e+00
3.078663349151611328e-01
1.594906330108642578e+00
-9.111831188201904297e-01
2.086512804031372070e+00
-2.782847404479980469e+00
-1.666551589965820312e+00
-3.259637355804443359e-01
3.293870449066162109e+00
-1.783701419830322266e+00
3.287314772605895996e-01
-1.341521143913269043e+00
1.494622826576232910e+00
-1.348278164863586426e+00
7.410478591918945312e-02
-6.936291456222534180e-01
-2.236922264099121094e+00
-1.761029243469238281e+00
-3.954664707183837891e+00
1.426722288131713867e+00
2.026923418045043945e+00
3.049254417419433594e-01
-1.319800376892089844e+00
-2.780707180500030518e-02
-6.846976280212402344e-02
-8.089201450347900391e-01
-3.006680250167846680e+00
1.759558916091918945e-01
-2.418784618377685547e+00
-1.667176365852355957e+00
-2.841099977493286133e+00
-1.168983221054077148e+00
-2.238879680633544922e+00
-1.106943607330322266e+00
7.566538453102111816e-01
2.682746887207031250e+00
3.303074240684509277e-01
2.486238479614257812e+00
2.326798677444458008e+00
5.177582502365112305e-01
1.740627884864807129e+00
-1.188522458076477051e+00
-1.784480690956115723e+00
1.386724472045898438e+00
3.207618236541748047e+00
1.393136978149414062e+00
-1.673772096633911133e+00
4.613100051879882812e+00
2.916180610656738281e+00
2.739916086196899414e+00
2.226891517639160156e+00
2.295088768005371094e+00
2.496536731719970703e+00
1.814392328262329102e+00
4.857099056243896484e+00
1.850268244743347168e-01
2.788985967636108398e-01
2.679001092910766602e-01
5.524563789367675781e-02
1.038167953491210938e+00
1.712457895278930664e+00
-6.716589927673339844e-01
8.418682217597961426e-01
-1.238019764423370361e-01
-9.866197109222412109e-01
-1.134824872016906738e+00
-3.527873158454895020e-01
-3.939585685729980469e-01
-2.871345520019531250e+00
-1.830174803733825684e+00
-9.493038654327392578e-01
-1.812810182571411133e+00
-3.304505348205566406e-02
2.077897787094116211e-01
-9.304299950599670410e-02
1.404438734054565430e+00
1.919469356536865234e+00
6.531642377376556396e-02
-6.170374751091003418e-01
2.940342426300048828e-01
1.378573179244995117e+00
-8.895146846771240234e-01
-5.073264837265014648e-01
-1.490502476692199707e+00
-1.250979900360107422e-01
2.028793811798095703e+00
2.382971048355102539e+00
2.565934419631958008e+00
2.903611183166503906e+00
1.830589890480041504e+00
7.074241638183593750e-01
-2.011722564697265625e+00
1.810005545616149902e+00
2.103330135345458984e+00
2.206263542175292969e+00
-2.065943002700805664e+00
-4.425199508666992188e+00
7.829104661941528320e-01
1.164233803749084473e+00
-1.377231478691101074e+00
-1.833195328712463379e+00
-1.198761343955993652e+00
-2.848619222640991211e+00
-9.674976468086242676e-01
1.191430449485778809e+00
-4.030167460441589355e-01
-2.999334812164306641e+00
-4.483872354030609131e-01
-3.296461701393127441e-02
-9.450703263282775879e-01
-3.284636259078979492e+00
1.166028618812561035e+00
-1.781434178352355957e+00
4.657209515571594238e-01
-8.262390494346618652e-01
5.436501502990722656e-01
-2.602021455764770508e+00
-5.994895100593566895e-01
-1.854144096374511719e+00
-1.476429939270019531e+00
4.670097231864929199e-01
-1.163265228271484375e+00
-2.925315797328948975e-01
-1.406197994947433472e-01
1.331963419914245605e+00
5.667399764060974121e-01
3.417070388793945312e+00
3.542082309722900391e+00
-3.581963479518890381e-01
5.891224741935729980e-01
4.931702017784118652e-01
-1.217222571372985840e+00
-4.575855135917663574e-01
1.079208374023437500e+00
-7.106056809425354004e-01
-1.004291892051696777e+00
-2.249496221542358398e+00
3.711797595024108887e-01
1.622385382652282715e-01
-4.817843437194824219e-03
-1.518689393997192383e+00
-1.278380870819091797e+00
2.775169014930725098e-01
8.264416456222534180e-02
-1.085730910301208496e+00
-2.389600872993469238e-01
1.669956207275390625e+00
4.642750918865203857e-01
1.836668550968170166e-01
-7.944682836532592773e-01
-1.604810953140258789e+00
-2.573782682418823242e+00
-1.994198858737945557e-01
1.730321884155273438e+00
-6.135129928588867188e-01
-2.285667657852172852e+00
1.288047671318054199e+00
-1.542044162750244141e+00
-1.246465802192687988e+00
-7.097737789154052734e-01
-1.397350668907165527e+00
-1.567463636398315430e+00
1.936219453811645508e+00
-1.319061875343322754e+00
1.141633391380310059e+00
8.756479024887084961e-01
-7.032054662704467773e-02
2.970533847808837891e+00
-1.913973927497863770e+00
2.408684968948364258e+00
2.073646783828735352e+00
1.800210475921630859e-01
-7.758240699768066406e-01
8.730741739273071289e-01
-1.830991268157958984e+00
-2.850543260574340820e+00
-2.580151796340942383e+00
-2.000302553176879883e+00
-1.390240073204040527e+00
8.528114557266235352e-01
4.216824769973754883e-01
6.712703108787536621e-01
-4.638000965118408203e+00
-4.055659770965576172e-01
-5.548353195190429688e-01
2.435488224029541016e+00
6.737217903137207031e-01
1.898663043975830078e+00
3.601060390472412109e+00
6.390949487686157227e-01
1.466195225715637207e+00
3.545229434967041016e+00
1.713206648826599121e+00
4.068444967269897461e-01
-2.870589494705200195e-02
1.335917234420776367e+00
1.771610498428344727e+00
2.321728169918060303e-01
8.762925267219543457e-01
1.017651557922363281e+00
-6.300459504127502441e-01
7.429310679435729980e-02
1.755779623985290527e+00
7.527553290128707886e-02
1.196986436843872070e-01
-3.433521389961242676e-01
-5.573210716247558594e-01
4.944763183593750000e-01
1.298436641693115234e+00
3.256290435791015625e+00
-4.367242455482482910e-01
3.752342164516448975e-01
3.228535056114196777e-01
-1.499614715576171875e+00
6.209803223609924316e-01
-1.140251755714416504e+00
1.325812816619873047e+00
-4.045987725257873535e-01
8.085013628005981445e-01
3.975250720977783203e+00
-4.261301159858703613e-01
-8.685200214385986328e-01
-1.403229832649230957e+00
4.072678089141845703e+00
4.436258077621459961e-01
1.952967047691345215e-01
3.643001079559326172e+00
2.769367218017578125e+00
7.584106326103210449e-01
2.433761119842529297e+00
2.715662956237792969e+00
3.103578090667724609e+00
-6.287014484405517578e-02
6.826999187469482422e-01
2.141461372375488281e+00
3.716668844223022461e+00
3.529770135879516602e+00
-2.470598220825195312e+00
-1.175278425216674805e+00
-6.358249783515930176e-01
-2.137973546981811523e+00
-2.344565391540527344e+00
-4.716363430023193359e+00
8.927396535873413086e-01
-2.214825153350830078e+00
1.926316507160663605e-02
2.508588314056396484e+00
3.015931367874145508e+00
1.886673808097839355e+00
-1.545063853263854980e+00
-1.300053715705871582e+00
-2.868114113807678223e-01
7.329839468002319336e-01
-2.262747049331665039e+00
-2.029211759567260742e+00
2.986608743667602539e+00
3.700671672821044922e+00
1.357876300811767578e+00
1.147351026535034180e+00
2.254539966583251953e+00
6.824314594268798828e-01
3.258594751358032227e+00
3.214082717895507812e+00
-1.663005352020263672e-01
2.269899368286132812e+00
3.002604007720947266e+00
2.859612464904785156e+00
1.332931160926818848e+00
2.593748569488525391e+00
3.623156547546386719e+00
5.540934085845947266e+00
3.532124042510986328e+00
-1.602401733398437500e-01
1.194747090339660645e+00
-1.191549181938171387e+00
-1.426740288734436035e+00
1.469434857368469238e+00
1.451598882675170898e+00
-1.030770659446716309e+00
-2.208753585815429688e+00
-1.424262523651123047e+00
7.056204676628112793e-01
1.416803598403930664e-01
-7.649744153022766113e-01
-9.216721057891845703e-01
6.238336563110351562e-01
-9.708116054534912109e-01
-1.680546998977661133e-02
7.103765010833740234e-01
-3.084073960781097412e-01
5.214504599571228027e-01
-1.965572535991668701e-01
4.149471521377563477e-01
1.075109243392944336e+00
-1.201956152915954590e+00
-1.292707681655883789e+00
1.132514834403991699e+00
-1.059707641601562500e+00
-6.956585049629211426e-01
2.747509956359863281e+00
-1.846579194068908691e+00
-1.777518391609191895e-01
-8.708555698394775391e-01
-3.549960136413574219e+00
-3.225185871124267578e+00
2.596191763877868652e-01
-2.517102658748626709e-01
1.582950353622436523e+00
-2.566135644912719727e+00
-1.873288273811340332e+00
1.484091281890869141e-01
1.424618959426879883e+00
-1.384998559951782227e-01
-1.050546050071716309e+00
-3.248831987380981445e+00
7.486746311187744141e-01
-2.419328451156616211e+00
-4.027444839477539062e+00
-3.538055658340454102e+00
-3.311168909072875977e+00
-3.244230747222900391e-01
7.128262519836425781e-01
-7.568770051002502441e-01
1.365086436271667480e-02
-1.532460093498229980e+00
-8.149483203887939453e-01
1.833238124847412109e+00
3.637331247329711914e+00
3.627583384513854980e-01
-7.461304068565368652e-01
3.473005771636962891e+00
-4.120446443557739258e-01
-8.562422394752502441e-01
5.762895345687866211e-01
-8.073481321334838867e-01
5.285081863403320312e-01
-2.696908712387084961e+00
8.970165252685546875e-02
-1.874014139175415039e+00
9.642769694328308105e-01
1.511375188827514648e+00
2.092576503753662109e+00
-1.949120998382568359e+00
1.818573713302612305e+00
1.195996046066284180e+00
7.826544046401977539e-01
-2.291182518005371094e+00
4.189454913139343262e-01
-1.536893129348754883e+00
-3.218770623207092285e-01
6.527509689331054688e+00
9.247511625289916992e-02
2.174206018447875977e+00
6.604692339897155762e-01
-1.624704360961914062e+00
-3.893194675445556641e+00
1.516793251037597656e+00
-5.791099071502685547e-01
-5.229738354682922363e-01
2.845122814178466797e+00
2.875047922134399414e+00
1.119681596755981445e+00
1.137330174446105957e+00
1.548062324523925781e+00
-1.753847122192382812e+00
-1.626808404922485352e+00
-5.438866615295410156e-01
-1.173952102661132812e+00
1.424330353736877441e+00
-1.521818637847900391e+00
-3.224705219268798828e+00
-5.452826023101806641e-01
-4.940740466117858887e-01
-1.331604480743408203e+00
2.144977092742919922e+00
7.182911634445190430e-01
4.620004296302795410e-01
-2.281917810440063477e+00
3.459558248519897461e+00
9.759819507598876953e-02
-5.428837537765502930e-01
-3.575797379016876221e-01
-4.327454566955566406e+00
-2.510262966156005859e+00
4.370486736297607422e-02
-1.328459262847900391e+00
-1.215346217155456543e+00
1.203465908765792847e-01
-1.821797966957092285e+00
-3.070540904998779297e+00
4.579904079437255859e+00
-1.503200292587280273e+00
2.713855266571044922e+00
-2.079025030136108398e+00
3.097880363464355469e+00
-3.302319526672363281e+00
-1.365247488021850586e+00
1.390426397323608398e+00
-2.482103824615478516e+00
2.098588228225708008e+00
-3.618001341819763184e-01
-2.947663784027099609e+00
-2.284382343292236328e+00
1.797340154647827148e+00
3.275597572326660156e+00
4.637471199035644531e+00
-1.271431207656860352e+00
-4.004516601562500000e+00
-8.079791069030761719e-01
-1.728077411651611328e+00
-1.476821422576904297e+00
-1.791877985000610352e+00
-4.670657813549041748e-01
-3.030097484588623047e-01
2.487217187881469727e+00
-1.303886413574218750e+00
5.661061286926269531e+00
9.276650547981262207e-01
-9.361374378204345703e-02
-5.680187940597534180e-01
4.860028624534606934e-01
1.995511800050735474e-01
-3.022773742675781250e+00
1.365524977445602417e-01
-7.953614592552185059e-01
-2.954924106597900391e+00
2.511877536773681641e+00
-1.426869511604309082e+00
-1.491428494453430176e+00
-4.629175066947937012e-01
-1.090140223503112793e+00
-1.801314949989318848e-01
-1.118505120277404785e+00
3.560175180435180664e+00
-1.659391283988952637e+00
1.264660477638244629e+00
1.427409291267395020e+00
-3.220920324325561523e+00
-1.892085790634155273e+00
2.148372411727905273e+00
-4.420663833618164062e+00
-2.005549430847167969e+00
-8.310941457748413086e-01
2.343991398811340332e-02
-2.441947937011718750e+00
1.654679179191589355e+00
1.814734935760498047e+00
-2.417287588119506836e+00
8.892881274223327637e-01
9.983170509338378906e+00
-6.061244964599609375e+00
-5.180951595306396484e+00
-1.943192958831787109e+00
2.964337348937988281e+00
-1.925217747688293457e+00
8.102805137634277344e+00
1.675486564636230469e-02
1.289087235927581787e-01
-8.278921842575073242e-01
-8.894182443618774414e-01
-5.262778401374816895e-01
-1.620222449302673340e+00
-3.313216686248779297e+00
-2.743698120117187500e+00
-2.145338058471679688e+00
3.746376037597656250e+00
-5.522343635559082031e+00
5.318837761878967285e-01
8.567569255828857422e-01
-1.710240364074707031e+00
-1.348729491233825684e+00
-5.106257796287536621e-01
2.383439779281616211e+00
6.399826407432556152e-01
1.807813405990600586e+00
4.524776935577392578e+00
-3.374291181564331055e+00
-6.385904550552368164e-01
5.975747585296630859e+00
-6.795668601989746094e-02
-5.400341749191284180e-01
8.441928029060363770e-01
-5.133914947509765625e+00
-2.688146114349365234e+00
5.340856313705444336e-01
-2.516041994094848633e-01
-2.393937349319458008e+00
-3.068381786346435547e+00
1.106351494789123535e+00
-2.155501246452331543e-01
-2.098689794540405273e+00
-4.712636470794677734e-01
-2.229598760604858398e+00
-3.654093265533447266e+00
-5.908186435699462891e-01
-2.369208335876464844e-01
-1.066745638847351074e+00
-3.902587413787841797e+00
-4.145982265472412109e-01
-1.143107175827026367e+00
-5.158052444458007812e-01
2.597840547561645508e+00
1.378510236740112305e+00
1.728671073913574219e+00
2.509151458740234375e+00
2.008243560791015625e+00
-1.248686909675598145e+00
6.010069370269775391e+00
-4.309171676635742188e+00
-1.242872238159179688e+00
-3.931009769439697266e-01
2.540390968322753906e+00
6.798360347747802734e-01
-7.447092533111572266e-01
-9.110391736030578613e-01
1.278429865837097168e+00
1.105603456497192383e+00
2.082172036170959473e-01
-1.723225712776184082e+00
2.837893486022949219e+00
-1.765953063964843750e+00
-5.007569789886474609e-01
6.433009505271911621e-01
-3.806999683380126953e+00
3.894578933715820312e+00
4.434817731380462646e-01
-8.624017238616943359e-01
8.056034088134765625e+00
-5.132307410240173340e-01
2.163191080093383789e+00
1.297948956489562988e-01
-3.084292650222778320e+00
6.239428043365478516e+00
-6.391940712928771973e-01
1.110420227050781250e+00
1.939541220664978027e+00
5.090266466140747070e-01
6.012106537818908691e-01
-1.759073972702026367e+00
-2.413622140884399414e+00
-2.714187622070312500e+00
-9.522792696952819824e-01
-6.836546659469604492e-01
-4.049732685089111328e+00
9.561114907264709473e-01
-1.478779077529907227e+00
-8.615439534187316895e-01
2.030095100402832031e+00
-5.520143508911132812e-01
-3.222500801086425781e+00
8.074874877929687500e-01
-3.414915323257446289e+00
3.743781805038452148e+00
1.751773715019226074e+00
5.668942332267761230e-01
1.217566251754760742e+00
-1.207800149917602539e+00
-2.833231449127197266e+00
-3.095220804214477539e+00
-1.820741653442382812e+00
-1.567197799682617188e+00
3.511104345321655273e+00
4.513377666473388672e+00
1.625434041023254395e+00
-1.030561685562133789e+00
2.491254806518554688e+00
-1.497458815574645996e+00
-3.946391344070434570e-01
-1.627100110054016113e+00
2.342598438262939453e+00
4.037015736103057861e-01
1.828046202659606934e+00
1.015696406364440918e+00
8.374622464179992676e-01
5.160973072052001953e+00
-1.634077787399291992e+00
2.876691222190856934e-01
-1.767928481101989746e+00
2.682943940162658691e-01
1.730585694313049316e+00
2.577686011791229248e-01
1.537170171737670898e+00
-1.302016377449035645e+00
-9.245618581771850586e-01
8.498586416244506836e-01
4.205138206481933594e+00
3.744131326675415039e-02
3.332424640655517578e+00
5.706129670143127441e-01
-4.170781612396240234e+00
4.269720315933227539e-01
1.569998264312744141e-02
-2.628609836101531982e-01
-3.441873788833618164e-01
-2.299045085906982422e+00
-1.247474670410156250e+00
7.138526439666748047e-01
-5.255453586578369141e-01
1.177159309387207031e+00
1.633122563362121582e-01
-3.956696510314941406e+00
-2.824432849884033203e+00
-3.470799684524536133e+00
-5.684523582458496094e+00
-3.891716003417968750e-01
-2.517957687377929688e+00
2.153401136398315430e+00
-8.495861291885375977e-01
2.374060392379760742e+00
-1.006828904151916504e+00
1.514342427253723145e-02
1.987641215324401855e+00
2.729799032211303711e+00
-8.433595895767211914e-01
4.275802075862884521e-01
-6.496075391769409180e-01
6.358764648437500000e+00
3.428523778915405273e+00
-4.750128984451293945e-01
1.892861485481262207e+00
1.645828247070312500e+00
1.242128014564514160e-01
9.472587108612060547e-01
-2.895864963531494141e+00
6.911973953247070312e-01
3.739290714263916016e+00
-4.099988460540771484e+00
-3.728001117706298828e-01
-2.972401142120361328e+00
-3.233242750167846680e+00
-4.169829368591308594e+00
-4.661514282226562500e+00
2.083022117614746094e+00
-5.246132850646972656e+00
-3.373571336269378662e-01
-3.047023773193359375e+00
-1.307961702346801758e+00
6.089114189147949219e+00
-4.048139572143554688e+00
-3.456725120544433594e+00
-3.924712657928466797e+00
-1.339038968086242676e+00
-2.004014253616333008e+00
-2.805847167968750000e+00
-4.923542737960815430e-01
-4.571599960327148438e+00
5.750449657440185547e+00
5.133317708969116211e-01
-3.455849885940551758e-01
4.837817549705505371e-01
-1.519017457962036133e+00
5.526017189025878906e+00
-2.569289684295654297e+00
1.789484024047851562e+00
1.427301049232482910e+00
3.689458593726158142e-02
3.092458546161651611e-01
5.938125133514404297e+00
-3.119441986083984375e+00
-8.334856033325195312e-01
-1.005674958229064941e+00
-4.306075572967529297e+00
-3.071183562278747559e-01
-1.816571235656738281e+00
2.306905508041381836e+00
2.097138881683349609e+00
7.158780097961425781e+00
-6.601354479789733887e-01
-3.386713504791259766e+00
-2.902923226356506348e-01
-2.724552631378173828e+00
1.461082220077514648e+00
4.777728557586669922e+00
8.464914560317993164e-01
-2.712152004241943359e+00
-2.665466308593750000e+00
-2.652326822280883789e+00
-1.516047716140747070e-01
-1.083733797073364258e+00
-1.423405528068542480e+00
6.456836462020874023e-01
6.126473546028137207e-01
-2.366552591323852539e+00
-2.016966342926025391e+00
-3.313607692718505859e+00
6.367183327674865723e-01
-1.337941408157348633e+00
-2.716762542724609375e+00
2.266112089157104492e+00
-1.645694375038146973e-01
-1.411486387252807617e+00
2.804839372634887695e+00
7.766895294189453125e-01
-8.150391578674316406e-01
-4.534803330898284912e-01
7.793473005294799805e-01
-1.147743463516235352e+00
-1.939933538436889648e+00
8.752148151397705078e-01
-3.644655704498291016e+00
-1.608510613441467285e-01
-8.146156072616577148e-01
1.060467720031738281e+00
-1.910179376602172852e+00
-8.544319868087768555e-02
1.817456722259521484e+00
-2.632774114608764648e-01
3.101521968841552734e+00
3.298417806625366211e+00
-1.014003276824951172e+00
4.339021205902099609e+00
9.554212093353271484e-01
-7.094848752021789551e-01
1.335532188415527344e+00
-3.995969772338867188e+00
7.761067152023315430e-01
-2.623875856399536133e+00
-8.825874328613281250e-01
-2.423516511917114258e-01
-1.459782242774963379e+00
1.031832218170166016e+00
-2.813728809356689453e+00
1.409044265747070312e+00
1.382610797882080078e+00
1.469005107879638672e+00
4.946026206016540527e-01
-3.229624271392822266e+00
-1.381380677223205566e+00
-1.412895679473876953e+00
-1.602378368377685547e+00
-2.538027763366699219e-01
3.554689884185791016e-02
2.565696239471435547e-01
-3.252531528472900391e+00
-8.796449899673461914e-01
-1.613989591598510742e+00
-1.286013722419738770e+00
-2.229453086853027344e+00
-1.152864098548889160e-02
-1.879366874694824219e+00
5.716385364532470703e+00
7.290665149688720703e+00
-2.451476097106933594e+00
-2.185793876647949219e+00
-3.727253675460815430e-01
-3.537479639053344727e-01
1.432349324226379395e+00
-6.862384080886840820e-02
-2.176245450973510742e-01
-1.840705275535583496e-01
-1.617854714393615723e+00
-9.060733914375305176e-01
-1.475575685501098633e+00
2.700974941253662109e-01
1.840979099273681641e+00
6.411150097846984863e-01
3.368626594543457031e+00
2.372593402862548828e+00
3.081688404083251953e+00
2.281248807907104492e+00
1.158092260360717773e+00
1.157397508621215820e+00
-4.052039384841918945e-01
-5.323674678802490234e-01
-3.272487401962280273e+00
-1.099980473518371582e+00
-1.321373581886291504e+00
-2.260673791170120239e-01
-1.324490070343017578e+00
4.575472354888916016e+00
1.759080290794372559e+00
-4.171997904777526855e-01
1.777824044227600098e+00
9.343419671058654785e-01
1.649392247200012207e+00
-3.236501932144165039e+00
-4.779207229614257812e+00
-1.335364460945129395e+00
-1.575151920318603516e+00
-1.456465125083923340e-01
1.700131297111511230e-01
-3.746668815612792969e+00
1.553846597671508789e+00
-1.097259283065795898e+00
2.728224754333496094e+00
-3.265647888183593750e+00
5.130156278610229492e-01
7.725675106048583984e-01
1.204830765724182129e+00
9.704093337059020996e-01
-2.873824596405029297e+00
-6.715698242187500000e-01
-1.018282890319824219e+00
-7.133402824401855469e-01
-2.971411943435668945e+00
1.428710460662841797e+00
1.686415672302246094e-01
-2.456762075424194336e+00
1.149412512779235840e+00
2.190150737762451172e+00
-5.040513277053833008e-01
4.903743743896484375e+00
-3.545727968215942383e+00
-1.024986147880554199e+00
-1.191589713096618652e+00
-1.813429355621337891e+00
2.178427457809448242e+00
-1.605763196945190430e+00
-9.203984141349792480e-01
2.540619134902954102e+00
-3.763979673385620117e-01
1.113294005393981934e+00
4.796824455261230469e-01
-1.947214484214782715e+00
3.989619731903076172e+00
1.132934093475341797e-01
4.838364720344543457e-01
-3.711374521255493164e+00
1.905693531036376953e+00
-3.062875747680664062e+00
4.150143623352050781e+00
4.763788580894470215e-01
-2.422580242156982422e+00
2.650251865386962891e+00
2.151823043823242188e+00
-4.071811676025390625e+00
-1.419479250907897949e-01
4.642998695373535156e+00
4.768680572509765625e+00
3.567915678024291992e+00
-6.589652895927429199e-01
7.832079529762268066e-01
2.530387163162231445e+00
1.519432067871093750e+00
1.176974534988403320e+00
1.612015247344970703e+00
-3.722357273101806641e+00
2.216989278793334961e+00
3.020756244659423828e-01
-2.463056325912475586e+00
-3.671077728271484375e+00
-9.899628758430480957e-01
-4.696829319000244141e+00
-2.448596954345703125e+00
-3.159872531890869141e+00
3.609549999237060547e-01
-3.631100416183471680e+00
-6.358879566192626953e+00
-2.278082132339477539e+00
-5.441959381103515625e+00
-1.954703569412231445e+00
-4.759647846221923828e+00
-1.590872406959533691e+00
-1.138247251510620117e+00
-2.069144725799560547e+00
-2.177519083023071289e+00
-3.079739332199096680e+00
-6.250996589660644531e+00
-3.075859785079956055e+00
-1.823411464691162109e+00
-8.236345648765563965e-02
-2.760174751281738281e+00
-7.434530258178710938e-01
-1.800723910331726074e+00
-4.188697338104248047e+00
-2.253732442855834961e+00
-1.087579011917114258e+00
-6.174252510070800781e+00
-1.374143719673156738e+00
-2.831300973892211914e+00
-1.083067893981933594e+00
-3.170206785202026367e+00
-5.975293636322021484e+00
-3.074903964996337891e+00
1.959573388099670410e+00
-2.209201753139495850e-01
-2.421047687530517578e+00
-4.042723178863525391e+00
-2.910525321960449219e+00
6.518257781863212585e-03
-1.729851245880126953e+00
-1.061147093772888184e+00
4.137032508850097656e+00
-4.871696472167968750e+00
-1.528633356094360352e+00
-2.791687726974487305e+00
3.862387657165527344e+00
-1.645774483680725098e+00
3.720463991165161133e+00
2.467288017272949219e+00
2.672719478607177734e+00
4.522451877593994141e+00
1.635120630264282227e+00
2.574404001235961914e+00
2.514616966247558594e+00
3.622019767761230469e+00
2.734120368957519531e+00
1.027893304824829102e+00
-5.213291645050048828e-01
2.792492866516113281e+00
1.890901088714599609e+00
2.004140853881835938e+00
-1.431680083274841309e+00
-3.586590290069580078e-02
-2.269281387329101562e+00
-8.267699927091598511e-02
-4.140249252319335938e+00
6.620357036590576172e-01
-4.871339797973632812e-01
-2.357129812240600586e+00
-1.010759830474853516e+00
-3.160074949264526367e+00
-1.793441653251647949e+00
-2.047149658203125000e+00
1.704047679901123047e+00
3.225401639938354492e-01
