-3.590911388397216797e+00
1.916869997978210449e+00
-1.091026306152343750e+00
1.635423779487609863e+00
1.288258433341979980e+00
-1.089310884475708008e+00
2.841741800308227539e+00
7.961599826812744141e+00
2.704976081848144531e+00
4.565905094146728516e+00
-2.844985008239746094e+00
-1.622343778610229492e+00
-2.896673679351806641e+00
-5.037077903747558594e+00
1.092636823654174805e+00
-1.194153904914855957e+00
-5.659210681915283203e-02
3.350365161895751953e+00
-8.713721036911010742e-01
-5.279171943664550781e+00
-4.716048717498779297e+00
-2.075219631195068359e+00
-3.042421340942382812e-01
-3.531065225601196289e+00
-1.793937802314758301e+00
-1.054175198078155518e-01
-3.482660293579101562e+00
-2.726871013641357422e+00
-2.982979297637939453e+00
-5.013195037841796875e+00
-2.593413114547729492e+00
1.671011447906494141e+00
-2.504189968109130859e+00
-1.289347887039184570e+00
2.041627168655395508e+00
-4.861726760864257812e+00
-3.469670772552490234e+00
-3.509113311767578125e+00
3.767797350883483887e-01
-1.198080897331237793e+00
-8.345382809638977051e-01
-3.994272708892822266e+00
4.553697109222412109e+00
-1.389632225036621094e+00
-1.499704241752624512e+00
-7.009774446487426758e-03
-1.278492212295532227e-01
-1.704795122146606445e+00
-2.416960477828979492e+00
-7.605184316635131836e-01
-1.260437726974487305e+00
-3.241776943206787109e+00
-5.039035797119140625e+00
-2.356443405151367188e+00
5.120003223419189453e-02
-1.135562419891357422e+00
-1.300975561141967773e+00
-6.915781497955322266e+00
-2.675573825836181641e+00
-3.221829414367675781e+00
-6.698274612426757812e-02
-3.420568704605102539e-01
9.809997081756591797e-01
-4.254626750946044922e+00
-1.508571624755859375e+00
1.310025751590728760e-01
-6.918458938598632812e-01
-2.758292913436889648e+00
-1.887590050697326660e+00
-4.079461574554443359e+00
-6.106992721557617188e+00
-1.042710304260253906e+00
-2.710448503494262695e+00
-2.198858022689819336e+00
6.445977687835693359e-01
-3.112740278244018555e+00
-2.454382181167602539e+00
-3.501964569091796875e+00
-7.893077135086059570e-01
-4.462324619293212891e+00
2.568762302398681641e+00
-2.122641086578369141e+00
1.776532769203186035e+00
2.619304180145263672e+00
8.191918373107910156e+00
-1.345049619674682617e+00
2.871156930923461914e+00
2.399072051048278809e-01
5.775721549987792969e+00
-6.967617869377136230e-01
2.348742723464965820e+00
-2.023530006408691406e+00
3.092647314071655273e+00
2.514975786209106445e+00
2.136919975280761719e+00
-1.677400708198547363e+00
8.636673688888549805e-01
1.114514470100402832e+00
7.124114036560058594e-01
7.076592445373535156e-01
1.504559874534606934e+00
-2.391808986663818359e+00
-5.066491127014160156e+00
-5.489029288291931152e-01
5.454937458038330078e+00
-1.643558263778686523e+00
-1.669273376464843750e-01
1.348670840263366699e+00
-1.041626453399658203e+00
3.581128716468811035e-01
-1.765769481658935547e+00
-1.021563887596130371e+00
1.316754817962646484e+00
1.258256435394287109e+00
-2.295519351959228516e+00
3.970618247985839844e-01
-5.167638301849365234e+00
7.930485010147094727e-01
5.460172891616821289e-02
-1.788182973861694336e+00
-2.671977519989013672e+00
-2.723289966583251953e+00
-2.004378795623779297e+00
-4.088199615478515625e+00
-1.161033511161804199e-01
-1.024427771568298340e+00
-4.173400878906250000e+00
1.369377851486206055e+00
9.860078096389770508e-01
3.257116675376892090e-01
-9.589201807975769043e-01
1.926354050636291504e+00
1.560404300689697266e+00
-1.254922866821289062e+00
4.549325466156005859e+00
-1.640076279640197754e+00
6.326457023620605469e+00
-5.251550674438476562e-01
3.576077938079833984e+00
-2.271896362304687500e+00
-2.030353546142578125e+00
1.339008450508117676e+00
-2.412828445434570312e+00
-1.085215568542480469e+00
6.037403345108032227e-01
6.414370536804199219e-01
-3.051484346389770508e+00
-3.218598127365112305e+00
-1.969040870666503906e+00
-9.282689094543457031e-01
-2.794007062911987305e+00
1.059963703155517578e+00
-5.720763206481933594e+00
-2.863526582717895508e+00
-3.601895570755004883e+00
-4.022930145263671875e+00
-2.543756484985351562e+00
2.682235956192016602e+00
4.399228096008300781e+00
2.202212572097778320e+00
1.689418077468872070e+00
-1.956163883209228516e+00
2.831422388553619385e-01
-1.276142954826354980e+00
3.388399362564086914e+00
3.059223294258117676e-01
9.115841388702392578e-01
1.917163729667663574e+00
3.024680376052856445e+00
2.830764770507812500e+00
3.105426788330078125e+00
1.653679609298706055e+00
4.896584510803222656e+00
8.036374092102050781e+00
7.744457721710205078e-01
-3.819875955581665039e+00
4.209914207458496094e+00
5.828731536865234375e+00
4.360611438751220703e+00
-5.086140155792236328e+00
-2.992533922195434570e+00
3.830677986145019531e+00
-1.812598943710327148e+00
2.616125106811523438e+00
5.007774829864501953e-01
4.523194789886474609e+00
-2.415447235107421875e-01
1.904091119766235352e+00
3.696763992309570312e+00
3.158211112022399902e-01
6.218016743659973145e-01
2.115430355072021484e+00
-7.813155651092529297e-03
4.961487054824829102e-01
-4.432617187500000000e+00
-1.075622200965881348e+00
3.049326419830322266e+00
3.799444913864135742e+00
1.728934168815612793e+00
4.538772106170654297e+00
-3.049185276031494141e+00
2.418360948562622070e+00
-2.152480483055114746e-01
4.049649715423583984e+00
-2.737290620803833008e+00
2.000747203826904297e+00
2.467974185943603516e+00
7.833451628684997559e-01
-5.096448659896850586e-01
1.082973480224609375e+00
5.559483051300048828e+00
4.896407127380371094e+00
2.705268621444702148e+00
2.774568080902099609e+00
3.403127193450927734e+00
2.378538370132446289e+00
-1.847353219985961914e+00
2.386811673641204834e-01
-1.088196754455566406e+00
-1.669579029083251953e+00
-5.515447616577148438e+00
2.099407672882080078e+00
1.144907593727111816e+00
-2.440160274505615234e+00
8.913087844848632812e-01
6.239592432975769043e-01
2.164210081100463867e-01
2.934474229812622070e+00
6.069561839103698730e-01
3.782670497894287109e+00
1.818733692169189453e+00
4.725006103515625000e+00
7.137186527252197266e-01
-5.147698521614074707e-01
3.311495542526245117e+00
-1.136958599090576172e-02
6.172679901123046875e+00
6.271842002868652344e+00
3.400945901870727539e+00
-2.697037458419799805e-01
4.011771678924560547e+00
7.301715612411499023e-01
-1.769246459007263184e+00
-3.895042181015014648e+00
-3.766451597213745117e+00
-2.158560514450073242e+00
-1.496094465255737305e-02
-1.777575254440307617e+00
2.529784679412841797e+00
3.762452602386474609e+00
1.579102993011474609e+00
1.986325144767761230e+00
-2.216758728027343750e+00
5.089391231536865234e+00
-4.065904617309570312e+00
-7.827095985412597656e-01
-2.956494569778442383e+00
-5.537571907043457031e-01
-1.303833127021789551e-01
-4.167909145355224609e+00
-3.860171079635620117e+00
-4.695510864257812500e+00
-1.846136569976806641e+00
1.038268446922302246e+00
4.568883419036865234e+00
-1.054769039154052734e+00
-7.355630397796630859e-02
1.786693930625915527e+00
1.008982539176940918e+00
2.685259819030761719e+00
2.170841097831726074e-01
1.565280437469482422e+00
5.478481769561767578e+00
1.923541069030761719e+00
3.723737478256225586e+00
-7.229402065277099609e-01
-1.351734995841979980e+00
7.420204877853393555e-01
1.059909224510192871e+00
-2.156109571456909180e+00
4.703560352325439453e+00
2.763508796691894531e+00
8.903568983078002930e-02
-1.813131093978881836e+00
-1.434137344360351562e+00
2.168915271759033203e+00
-4.701437056064605713e-01
-2.721701145172119141e+00
1.393213868141174316e-01
-3.757348299026489258e+00
-2.321030616760253906e+00
-3.645398616790771484e+00
3.520460426807403564e-01
3.848189115524291992e-01
-7.115798592567443848e-01
-5.084736347198486328e-01
-1.647317409515380859e+00
-5.797945261001586914e-01
-3.317134857177734375e+00
-3.165946483612060547e+00
6.673433780670166016e-01
-2.049361467361450195e+00
-1.753372430801391602e+00
-1.555076837539672852e+00
-2.039957284927368164e+00
-2.588722229003906250e+00
-5.142945289611816406e+00
-5.697210431098937988e-01
1.490345716476440430e+00
1.321932554244995117e+00
2.176525592803955078e+00
-1.397587060928344727e+00
-1.965429902076721191e+00
-3.736849069595336914e+00
-4.582718014717102051e-01
-1.648725152015686035e+00
-1.584940195083618164e+00
-3.548030138015747070e+00
-7.246112823486328125e-01
-1.488322019577026367e-01
-2.736049652099609375e+00
2.553675174713134766e-01
-1.182126998901367188e+00
-9.678257703781127930e-01
-1.514965415000915527e+00
-2.673765420913696289e-01
-5.017071247100830078e+00
3.010235548019409180e+00
-4.171308517456054688e+00
-1.529059648513793945e+00
2.473197221755981445e+00
8.070663213729858398e-01
-1.206882476806640625e+00
-5.194628238677978516e-01
-5.352149486541748047e+00
-2.912232637405395508e+00
-2.423392295837402344e+00
-3.014909744262695312e+00
-9.080623388290405273e-01
6.569131851196289062e+00
4.532771587371826172e+00
1.635699748992919922e+00
7.048680186271667480e-01
-7.507311105728149414e-01
5.807505846023559570e-01
4.502960681915283203e+00
3.326617002487182617e+00
1.525926709175109863e+00
2.357950687408447266e+00
2.906082153320312500e+00
-6.625311374664306641e-01
3.568061828613281250e+00
1.112836360931396484e+00
9.679933786392211914e-01
6.533957958221435547e+00
6.123029232025146484e+00
-7.000316977500915527e-01
-1.551110625267028809e+00
-1.223699569702148438e+00
3.829534649848937988e-01
-2.897349119186401367e+00
-3.114884853363037109e+00
-4.132029533386230469e+00
-8.351587653160095215e-01
-3.506784439086914062e+00
-5.102695941925048828e+00
-3.429030895233154297e+00
-6.630472183227539062e+00
-6.164785861968994141e+00
-3.992358684539794922e+00
-4.325642108917236328e+00
-1.352588176727294922e+00
-3.335003852844238281e+00
-6.832880020141601562e+00
-2.463462352752685547e+00
-4.284039020538330078e+00
-1.200297951698303223e+00
-5.376615047454833984e+00
-7.570622920989990234e+00
-9.175780296325683594e+00
-4.339974880218505859e+00
-3.628524780273437500e+00
-3.686319112777709961e+00
1.187734246253967285e+00
-5.214906930923461914e-01
4.310796260833740234e+00
2.243591547012329102e-01
-2.914143562316894531e+00
-2.097827911376953125e+00
-1.187086582183837891e+00
-1.317764282226562500e+00
2.579433202743530273e+00
7.319418191909790039e-01
1.331038236618041992e+00
-7.180601954460144043e-01
-3.313128352165222168e-01
3.058091163635253906e+00
6.816239356994628906e-01
-4.736426174640655518e-01
1.719990134239196777e+00
-2.467618882656097412e-02
-3.266202926635742188e+00
7.677440643310546875e-01
-5.671417236328125000e+00
-4.099528312683105469e+00
7.113670706748962402e-01
3.956940770149230957e-01
1.167454957962036133e+00
-4.202587604522705078e+00
1.790304064750671387e+00
-2.111234426498413086e+00
5.321145534515380859e+00
1.608932256698608398e+00
2.090342760086059570e+00
4.416839599609375000e+00
-2.551891326904296875e+00
7.313362360000610352e-01
3.255748033523559570e+00
1.202843070030212402e+00
1.116591095924377441e+00
2.984346151351928711e+00
2.129498958587646484e+00
-1.830653905868530273e+00
-4.147848486900329590e-01
2.745549440383911133e+00
3.731609821319580078e+00
-4.683691859245300293e-01
8.311456441879272461e-01
2.833404541015625000e+00
1.398926258087158203e+00
-6.766849756240844727e-01
-1.235544562339782715e+00
-1.438158273696899414e+00
-3.024289011955261230e-01
5.887367248535156250e+00
-3.447104096412658691e-01
2.907258272171020508e+00
1.838496923446655273e+00
-1.831437110900878906e+00
-1.070680022239685059e+00
1.805277109146118164e+00
-2.561705708503723145e-01
-3.965857028961181641e+00
2.667140960693359375e+00
1.268716573715209961e+00
3.217637538909912109e-01
9.344433546066284180e-01
1.482671022415161133e+00
1.483294844627380371e+00
-1.659339308738708496e+00
4.164197444915771484e+00
1.754816532135009766e+00
2.648353576660156250e+00
-2.594439983367919922e-01
-4.048473834991455078e+00
-1.350709915161132812e+00
-1.485199928283691406e+00
1.309584498405456543e+00
4.253903925418853760e-01
4.970434188842773438e+00
6.685580015182495117e-01
-6.713143587112426758e-01
1.099304556846618652e+00
2.573363065719604492e+00
-1.611577391624450684e+00
-1.143108248710632324e+00
-3.851830482482910156e+00
2.437834739685058594e+00
-5.157048702239990234e-01
-1.485818386077880859e+00
-3.521165251731872559e-01
-5.763207077980041504e-01
1.713585019111633301e+00
-3.351295948028564453e+00
4.981279373168945312e+00
-7.884942293167114258e-01
1.398657202720642090e+00
-4.771492958068847656e+00
4.043280601501464844e+00
-3.026546001434326172e+00
5.778198242187500000e-01
-5.333551168441772461e-01
-4.212630748748779297e+00
2.687937736511230469e+00
-5.306309700012207031e+00
-1.529885053634643555e+00
2.376383304595947266e+00
2.933709621429443359e-01
2.321206569671630859e+00
9.911617040634155273e-01
2.191279411315917969e+00
-3.722670078277587891e+00
-1.587640285491943359e+00
-1.654851913452148438e+00
-6.730651259422302246e-01
-3.952110409736633301e-01
7.280698299407958984e+00
3.814671516418457031e+00
-1.037315607070922852e+00
-1.834153175354003906e+00
1.399362325668334961e+00
4.855765342712402344e+00
1.467118740081787109e+00
2.431001663208007812e+00
1.633063793182373047e+00
4.373418331146240234e+00
-3.200303554534912109e+00
1.430817842483520508e+00
-1.349820613861083984e+00
-9.140709042549133301e-01
-7.254427671432495117e-02
-3.397844552993774414e+00
-4.802508831024169922e+00
2.126725435256958008e+00
3.500269651412963867e+00
2.489343881607055664e+00
-1.134783148765563965e+00
3.661512732505798340e-01
1.486737608909606934e+00
1.836183786392211914e+00
2.765275955200195312e+00
-8.898234367370605469e-01
-1.096059679985046387e+00
2.325283765792846680e+00
-2.607368946075439453e+00
-2.890514612197875977e+00
-3.634181261062622070e+00
-1.816463828086853027e+00
-2.157160997390747070e+00
-1.213423013687133789e-01
4.695498466491699219e+00
1.996259212493896484e+00
-3.050714015960693359e+00
6.250419139862060547e+00
-2.115122795104980469e+00
-3.863027811050415039e+00
-2.116074800491333008e+00
4.244092941284179688e+00
-2.000362157821655273e+00
6.426461219787597656e+00
-2.243983507156372070e+00
-1.839148640632629395e+00
1.500263690948486328e+00
6.621754169464111328e-02
-3.182924509048461914e+00
7.312158346176147461e-01
-1.472977638244628906e+00
-1.094525814056396484e+00
-2.589879035949707031e+00
5.257221221923828125e+00
-8.543331146240234375e+00
-1.562133073806762695e+00
6.818902015686035156e+00
9.286808967590332031e-01
-2.309651374816894531e+00
-2.448422193527221680e+00
2.597115278244018555e+00
6.945056915283203125e-01
2.486706495285034180e+00
-2.997252345085144043e-01
1.529442667961120605e-01
-2.850645780563354492e-01
6.031957626342773438e+00
-1.919540286064147949e+00
-1.895759344100952148e+00
2.561599016189575195e+00
-1.478803455829620361e-01
-2.465870618820190430e+00
3.527442693710327148e+00
-2.759621381759643555e+00
2.895383596420288086e+00
-1.421923875808715820e+00
3.304507017135620117e+00
-1.529556274414062500e+00
-4.099493503570556641e+00
-2.327329635620117188e+00
-2.752245903015136719e+00
-1.106448888778686523e+00
7.253092765808105469e+00
-1.049037694931030273e+00
1.928116083145141602e-01
-2.759807109832763672e+00
-3.868599414825439453e+00
-1.743266820907592773e+00
1.485783457756042480e+00
5.494686126708984375e+00
-1.815680980682373047e+00
-2.401831150054931641e-01
3.906994581222534180e+00
-7.526737451553344727e-02
-4.989441394805908203e+00
7.745082378387451172e+00
-5.040354728698730469e+00
8.368223905563354492e-01
-2.168383896350860596e-01
1.420843005180358887e+00
1.399751186370849609e+00
7.329272627830505371e-01
-9.361841082572937012e-01
-1.994015693664550781e+00
8.222835659980773926e-01
3.444517135620117188e+00
-4.318468093872070312e+00
2.111146926879882812e+00
3.390476107597351074e-03
8.015292286872863770e-01
1.296061515808105469e+00
-3.222224712371826172e+00
2.943499326705932617e+00
-3.315306663513183594e+00
6.138179302215576172e+00
7.840994834899902344e+00
-4.245501160621643066e-01
-7.107402086257934570e-01
1.042255592346191406e+01
-5.114582180976867676e-02
4.716890335083007812e+00
2.640329122543334961e+00
-2.169880628585815430e+00
3.583610057830810547e+00
-3.310453891754150391e-02
7.401929497718811035e-01
-1.473545789718627930e+00
-1.806322097778320312e+00
-3.647054910659790039e+00
-3.274540901184082031e+00
2.050565481185913086e-01
-4.458705425262451172e+00
-1.990538358688354492e+00
-1.143303871154785156e+00
6.952329874038696289e-01
1.972049713134765625e+00
-2.259280204772949219e+00
-1.795484423637390137e+00
-3.012442827224731445e+00
-2.623818159103393555e+00
4.950376033782958984e+00
6.342428207397460938e+00
7.768125534057617188e+00
7.967618942260742188e+00
-2.105396032333374023e+00
-4.542881846427917480e-01
-1.478869557380676270e+00
2.975795984268188477e+00
1.759669780731201172e-01
5.668570041656494141e+00
1.733563661575317383e+00
5.620509386062622070e-01
2.162001132965087891e+00
-1.181107401847839355e+00
-1.157297730445861816e+00
9.577676057815551758e-01
-2.528140544891357422e-01
2.939552068710327148e+00
-9.333876520395278931e-02
-1.782095432281494141e-01
-1.509364724159240723e+00
-1.985468387603759766e+00
5.422589302062988281e+00
-7.910156846046447754e-01
1.626973867416381836e+00
-2.318269729614257812e+00
-2.687276124954223633e+00
-1.161415100097656250e+00
4.760714769363403320e-01
2.282530546188354492e+00
-1.199317097663879395e+00
2.075876474380493164e+00
-3.601366996765136719e+00
8.952679634094238281e-01
5.076037406921386719e+00
3.040727674961090088e-01
-7.536758184432983398e-01
-5.943158149719238281e+00
-1.312778711318969727e+00
-3.004488706588745117e+00
3.703602254390716553e-01
5.456480979919433594e-01
-5.799566507339477539e-01
2.182794809341430664e+00
1.551190018653869629e-01
-2.913787364959716797e+00
-1.375955343246459961e-01
5.547169446945190430e-01
1.316030383110046387e+00
-2.993762731552124023e+00
-4.339090347290039062e+00
-3.701808929443359375e+00
-1.288641095161437988e-01
4.212389945983886719e+00
3.449428796768188477e+00
1.248257398605346680e+00
3.254392385482788086e+00
2.109938621520996094e+00
-4.389404773712158203e+00
5.414274692535400391e+00
5.243847846984863281e+00
1.931771755218505859e+00
-1.763792037963867188e-01
2.604226589202880859e+00
4.224420547485351562e+00
3.418361663818359375e+00
-3.694453716278076172e+00
1.998397111892700195e-01
1.749286890029907227e+00
-5.584716796875000000e-01
-3.006897449493408203e+00
3.774404227733612061e-01
-2.133728563785552979e-01
3.671217918395996094e+00
-3.612671196460723877e-01
2.451650619506835938e+00
-7.139695167541503906e+00
-3.641757249832153320e+00
-2.022259473800659180e+00
-4.043253898620605469e+00
5.575431346893310547e+00
-4.416100025177001953e+00
-1.257034540176391602e+00
-3.057098090648651123e-01
-2.906801462173461914e+00
8.275079727172851562e+00
-2.003632068634033203e+00
4.380286693572998047e+00
-5.240118503570556641e+00
2.219423294067382812e+00
-7.289241313934326172e+00
-3.243893623352050781e+00
3.121487617492675781e+00
-6.054262638092041016e+00
3.837435007095336914e+00
3.440924167633056641e+00
1.670242071151733398e+00
1.854680299758911133e+00
-1.982040882110595703e+00
9.420410156250000000e+00
-4.992708206176757812e+00
2.609250783920288086e+00
-8.002741336822509766e-01
-5.598101019859313965e-01
6.353111267089843750e-01
5.246103286743164062e+00
-1.607043981552124023e+00
4.717441797256469727e-01
-1.548461794853210449e+00
-4.556711196899414062e+00
4.891131520271301270e-01
2.343273401260375977e+00
4.384915351867675781e+00
3.549883067607879639e-01
7.026554107666015625e+00
5.857509374618530273e-01
6.766391992568969727e-01
1.233887076377868652e+00
-4.067517280578613281e+00
-1.874058485031127930e+00
2.341584444046020508e+00
-2.883284568786621094e+00
2.285415172576904297e+00
3.029573202133178711e+00
5.608704686164855957e-01
-1.785481929779052734e+00
-1.644792556762695312e+00
8.881409168243408203e-01
2.797053456306457520e-01
-3.002554893493652344e+00
-6.145708084106445312e+00
3.332864761352539062e+00
2.495176315307617188e+00
3.617933750152587891e+00
2.902991294860839844e+00
2.022240638732910156e+00
2.213290214538574219e+00
-2.456140518188476562e-02
1.360587358474731445e+00
5.329581737518310547e+00
8.802900463342666626e-02
-3.560766458511352539e+00
2.089173793792724609e+00
-9.952917695045471191e-01
-4.760972976684570312e+00
-1.773802042007446289e+00
1.890307545661926270e+00
-6.823371648788452148e-01
7.942728996276855469e-01
-1.576139807701110840e+00
2.815036296844482422e+00
3.435505867004394531e+00
2.687177062034606934e-01
1.682950973510742188e+00
-3.011831998825073242e+00
2.565580010414123535e-01
4.537899494171142578e+00
-1.480163574218750000e+00
9.850053787231445312e+00
6.663732528686523438e+00
1.081832647323608398e+00
1.489795684814453125e+00
-4.026053428649902344e+00
2.161549329757690430e+00
5.456419587135314941e-01
2.237696886062622070e+00
4.959877490997314453e+00
2.107381105422973633e+00
1.270549058914184570e+00
-4.592359662055969238e-01
4.336831569671630859e+00
-3.360675334930419922e+00
2.015135288238525391e+00
-2.066911220550537109e+00
-4.334093093872070312e+00
-2.411761045455932617e+00
-4.206140041351318359e+00
-2.492037534713745117e+00
-1.290962576866149902e+00
-1.772372364997863770e+00
1.954939842224121094e+00
-6.356379389762878418e-01
-4.797574877738952637e-01
-1.361932754516601562e-01
-3.018260002136230469e+00
-3.538370370864868164e+00
-6.608295440673828125e-02
-1.376385927200317383e+00
6.728303909301757812e+00
-2.928743362426757812e-01
-1.486314177513122559e+00
-2.625393629074096680e+00
8.587558865547180176e-01
5.284566879272460938e-01
2.527585625648498535e-02
3.469932079315185547e+00
-7.875752449035644531e-01
-3.706491708755493164e+00
1.108115673065185547e+00
-3.768313884735107422e+00
1.557617783546447754e+00
1.848490476608276367e+00
2.088723659515380859e+00
-6.491943001747131348e-01
4.199637889862060547e+00
1.700678348541259766e+00
2.860403299331665039e+00
5.911590576171875000e+00
2.855331897735595703e+00
-2.818828821182250977e-01
-4.784407019615173340e-01
-3.974340677261352539e+00
-5.111053943634033203e+00
4.114387035369873047e+00
2.465869426727294922e+00
5.294872283935546875e+00
-8.716295361518859863e-01
-2.753032207489013672e+00
4.172006607055664062e+00
1.567248582839965820e+00
-1.494803667068481445e+00
-3.261551260948181152e-01
-1.417118430137634277e+00
3.583898246288299561e-01
-2.056837081909179688e-01
4.924196600914001465e-01
1.673187375068664551e+00
1.547888755798339844e+00
2.572125911712646484e+00
1.389937162399291992e+00
3.716380596160888672e-01
-3.554059505462646484e+00
3.660878419876098633e+00
2.398393154144287109e+00
2.236918687820434570e+00
-3.570249795913696289e+00
1.372795224189758301e+00
-3.595075845718383789e+00
-3.937281370162963867e+00
1.496293902397155762e+00
1.088759660720825195e+00
8.802665472030639648e-01
-5.341103076934814453e+00
4.348032951354980469e+00
1.915207386016845703e+00
-3.863319635391235352e+00
-1.436330795288085938e+00
5.126694679260253906e+00
-2.606301069259643555e+00
2.520431041717529297e+00
-3.457487225532531738e-01
2.731605529785156250e+00
-2.680607557296752930e+00
1.958138108253479004e+00
2.527386903762817383e+00
-3.120881080627441406e+00
5.391164302825927734e+00
2.641429901123046875e+00
3.592738151550292969e+00
2.856739759445190430e-01
3.496179580688476562e+00
-2.561029434204101562e+00
4.148673057556152344e+00
4.013258457183837891e+00
-6.360474228858947754e-01
-8.003921508789062500e-01
1.794734239578247070e+00
1.107187271118164062e-01
7.744308471679687500e+00
2.737166404724121094e+00
3.398675680160522461e+00
4.775969028472900391e+00
-1.074347019195556641e+00
-2.083942890167236328e+00
-6.138585209846496582e-01
4.519022941589355469e+00
4.241749763488769531e+00
-3.740935027599334717e-02
-3.898738861083984375e+00
8.922008872032165527e-01
5.268506050109863281e+00
3.353529214859008789e+00
2.951956748962402344e+00
1.019086360931396484e+00
-4.674480915069580078e+00
5.121157646179199219e+00
5.461782813072204590e-01
-3.471275806427001953e+00
-3.711015701293945312e+00
-1.298495292663574219e+00
-6.731594085693359375e+00
-5.530142307281494141e+00
-3.695246219635009766e+00
-1.303402066230773926e+00
-5.412884235382080078e+00
-5.183928489685058594e+00
-2.016741752624511719e+00
-4.896218299865722656e+00
-6.355189323425292969e+00
-8.946619033813476562e+00
-5.180172443389892578e+00
-4.536557674407958984e+00
-3.267629146575927734e+00
-5.838737487792968750e+00
-5.011655330657958984e+00
-7.458780765533447266e+00
-6.852147579193115234e+00
-7.689179897308349609e+00
-5.272723197937011719e+00
-3.609049797058105469e+00
-1.832653760910034180e+00
-3.577808856964111328e+00
-4.648231506347656250e+00
-3.863052129745483398e+00
-9.919080734252929688e-01
-5.352107882499694824e-01
-7.073130607604980469e-01
-2.188005685806274414e+00
-1.979251384735107422e+00
-3.360760211944580078e+00
-8.114226341247558594e+00
-2.701986312866210938e+00
1.952963948249816895e+00
-3.632500410079956055e+00
-2.750358104705810547e+00
-1.778134346008300781e+00
-4.227937221527099609e+00
-4.784204483032226562e+00
-7.837572097778320312e+00
-4.198627471923828125e+00
3.954854488372802734e+00
-5.498697280883789062e+00
3.579762578010559082e-01
-3.875429153442382812e+00
5.550258755683898926e-01
4.959684848785400391e+00
1.971601247787475586e+00
3.245963811874389648e+00
1.190620422363281250e+00
3.573755741119384766e+00
-2.478857994079589844e+00
1.752185225486755371e+00
-1.475977897644042969e-02
-1.235167384147644043e+00
1.741138577461242676e+00
6.486976146697998047e-01
6.262408733367919922e+00
6.753431797027587891e+00
1.842060804367065430e+00
-1.911244630813598633e+00
-1.123785734176635742e+00
-2.846711874008178711e+00
-2.937313556671142578e+00
1.609817028045654297e+00
-6.164041042327880859e+00
-2.222109794616699219e+00
-3.271135568618774414e+00
-2.236527442932128906e+00
-3.530832529067993164e+00
-1.698546409606933594e+00
-5.126819610595703125e+00
-6.773601055145263672e+00
-1.752767682075500488e+00
6.163573265075683594e+00
