2.592364311218261719e+00
2.611874818801879883e+00
-2.342419624328613281e-01
7.159916162490844727e-01
3.565394639968872070e+00
-8.904754519462585449e-01
3.416129589080810547e+00
2.513259649276733398e-01
-1.189351558685302734e+00
3.406735420227050781e+00
-5.012411117553710938e+00
-2.745013475418090820e+00
-2.676229476928710938e+00
-3.180566787719726562e+00
-9.542658329010009766e-01
-4.208189964294433594e+00
-4.462047100067138672e+00
-1.094755411148071289e+00
-1.992545127868652344e+00
-3.848264694213867188e+00
-6.930777549743652344e+00
-1.227942705154418945e+00
-1.649232745170593262e+00
-2.884425640106201172e+00
-2.368598461151123047e+00
-2.281855344772338867e+00
1.369179189205169678e-01
-1.596668958663940430e+00
-5.884413123130798340e-01
6.937408447265625000e-01
-3.481468677520751953e+00
1.823629379272460938e+00
-4.071239471435546875e+00
3.928884863853454590e-01
1.593647837638854980e+00
-9.241852760314941406e-01
8.743612766265869141e-01
-7.501654624938964844e-01
1.191334009170532227e+00
-1.702045321464538574e+00
-1.031058549880981445e+00
-4.133983135223388672e+00
-4.779914617538452148e-01
-2.592752218246459961e+00
-2.463686943054199219e+00
3.266991376876831055e-01
-8.640942573547363281e-01
4.807704389095306396e-01
6.420330405235290527e-01
-2.165806531906127930e+00
5.650036931037902832e-01
-3.002067804336547852e-01
-1.003000617027282715e+00
-3.500385046005249023e+00
-2.172347068786621094e+00
1.421169042587280273e+00
-1.191616535186767578e+00
-5.424269199371337891e+00
9.932565689086914062e-02
-3.106971740722656250e+00
-1.022102594375610352e+00
3.123342514038085938e+00
2.308280229568481445e+00
-2.311793088912963867e+00
1.219240665435791016e+00
1.428617238998413086e+00
-4.941033124923706055e-01
-1.305008172988891602e+00
-3.007712662220001221e-01
-1.830569148063659668e+00
-1.807428836822509766e+00
2.721189856529235840e-01
-9.121282696723937988e-01
1.922247767448425293e+00
2.669837951660156250e+00
-2.400515079498291016e-01
2.613921403884887695e+00
3.688426017761230469e+00
2.085484504699707031e+00
-2.089194774627685547e+00
-2.837085723876953125e+00
-4.026555538177490234e+00
-2.939597606658935547e+00
-3.562083721160888672e+00
2.605489253997802734e+00
-5.848729133605957031e+00
-1.026038885116577148e+00
-2.296463489532470703e+00
-6.501967310905456543e-01
4.884828925132751465e-01
-3.425755262374877930e+00
-3.644304275512695312e+00
5.777431726455688477e-01
-1.203158855438232422e+00
-1.825539588928222656e+00
-5.456151008605957031e+00
7.426340579986572266e-01
-2.657680749893188477e+00
-2.096276998519897461e+00
-1.477436065673828125e+00
-5.945056676864624023e-01
-7.469928860664367676e-01
-5.734433650970458984e+00
-2.056576251983642578e+00
-1.288383841514587402e+00
-4.444633007049560547e+00
-9.908981919288635254e-01
2.589614152908325195e+00
4.130569458007812500e+00
3.334708929061889648e+00
-1.978943109512329102e+00
-1.432522416114807129e+00
1.538033008575439453e+00
9.124802350997924805e-01
-3.793899536132812500e+00
2.078103065490722656e+00
-7.770511507987976074e-01
1.163508653640747070e+00
-5.226460099220275879e-01
1.410960912704467773e+00
2.416223287582397461e-01
4.548168778419494629e-01
8.695325851440429688e-01
-7.923680543899536133e-01
7.571392059326171875e-01
3.727062225341796875e+00
1.275698304176330566e+00
9.415944218635559082e-01
4.920599460601806641e-01
1.861173629760742188e+00
1.648207426071166992e+00
-1.555812120437622070e+00
2.721173524856567383e+00
-2.344541072845458984e+00
9.893511533737182617e-01
-2.754904270172119141e+00
-3.900347232818603516e+00
-4.091379642486572266e+00
1.588606834411621094e-01
-3.134553670883178711e+00
-2.934814453125000000e+00
-2.490192413330078125e+00
-3.289597034454345703e+00
-2.653026342391967773e+00
8.142948150634765625e-01
-3.347615003585815430e+00
-3.462944984436035156e+00
-2.807263135910034180e+00
-2.069953680038452148e+00
1.513829827308654785e+00
-8.523418307304382324e-01
6.457726001739501953e+00
-3.545351028442382812e+00
1.648511767387390137e+00
-1.842208147048950195e+00
-1.867120385169982910e+00
-9.432600736618041992e-01
2.589338541030883789e+00
4.887097835540771484e+00
-3.190144896507263184e-02
-1.033429980278015137e+00
-1.842494487762451172e+00
2.505379199981689453e+00
4.249088764190673828e-01
4.203895568847656250e+00
8.356258869171142578e-01
3.622894763946533203e+00
4.759038686752319336e-01
3.108076095581054688e+00
-1.397820711135864258e+00
1.717500805854797363e+00
4.087671279907226562e+00
2.306580305099487305e+00
6.294208526611328125e+00
2.068895578384399414e+00
-9.121140837669372559e-01
1.015034079551696777e+00
3.265778124332427979e-01
1.268706321716308594e+00
1.046427845954895020e+00
-1.968806385993957520e-01
3.501103162765502930e+00
2.060901641845703125e+00
-2.793779373168945312e-01
2.907032370567321777e-01
5.939173698425292969e-01
-1.297473788261413574e+00
2.675841093063354492e+00
1.591692924499511719e+00
1.913266539573669434e+00
-4.852248132228851318e-01
3.427074551582336426e-01
3.083515167236328125e+00
1.863407492637634277e+00
-1.259940266609191895e+00
1.645094156265258789e+00
-9.944629073143005371e-01
1.527378559112548828e+00
-1.781056642532348633e+00
4.718924999237060547e+00
4.749418199062347412e-01
4.034574031829833984e+00
-8.816245794296264648e-01
3.174608945846557617e+00
1.428160905838012695e+00
-1.395209074020385742e+00
2.281638860702514648e+00
-5.187902972102165222e-02
2.951852560043334961e+00
2.008170604705810547e+00
4.020272254943847656e+00
4.379085540771484375e+00
1.011752724647521973e+00
5.135679841041564941e-01
5.061739683151245117e-01
-4.067098498344421387e-01
1.348601460456848145e+00
1.620159149169921875e+00
-2.104351043701171875e+00
-8.149600028991699219e-01
-2.497387647628784180e+00
3.080816864967346191e-01
2.156980037689208984e+00
2.487697601318359375e+00
3.204964399337768555e-01
-2.784441709518432617e-01
3.164096355438232422e+00
2.341825723648071289e+00
8.333398699760437012e-01
3.376072645187377930e+00
-1.015127003192901611e-01
1.088175058364868164e+00
2.543072700500488281e+00
8.617001026868820190e-02
2.765523672103881836e+00
4.429030418395996094e-02
2.273778438568115234e+00
7.697508811950683594e+00
1.611191153526306152e+00
-2.219108104705810547e+00
1.294090151786804199e+00
-3.179030418395996094e-01
1.177544236183166504e+00
-2.480526566505432129e-01
-7.916640639305114746e-01
2.311391592025756836e+00
1.037173390388488770e+00
2.027916193008422852e+00
2.954617023468017578e+00
5.131540298461914062e-01
1.226299524307250977e+00
2.932001590728759766e+00
-3.029964864253997803e-02
6.023440837860107422e+00
3.523670911788940430e+00
-7.703763246536254883e-01
-2.041552811861038208e-01
1.524737119674682617e+00
1.349136114120483398e+00
1.783233642578125000e+00
-5.223723649978637695e-01
-3.788047730922698975e-01
-6.772392392158508301e-01
1.533645153045654297e+00
3.006067276000976562e+00
3.537208318710327148e+00
1.689836740493774414e+00
3.051759719848632812e+00
2.826520204544067383e-01
1.782966732978820801e+00
2.200262784957885742e+00
1.561053752899169922e+00
4.257863521575927734e+00
1.760080337524414062e+00
1.819653987884521484e+00
1.462426483631134033e-01
-1.694949507713317871e+00
1.000613570213317871e+00
1.636368870735168457e+00
1.741122484207153320e+00
7.830679416656494141e-01
-1.377465724945068359e+00
3.324789404869079590e-01
-1.165415525436401367e+00
1.589807868003845215e-02
-2.144690513610839844e+00
-2.065392017364501953e+00
-3.348385095596313477e+00
-9.150428771972656250e-01
-3.217576026916503906e+00
-2.072497844696044922e+00
-7.158043980598449707e-01
4.959220588207244873e-01
-4.006773829460144043e-01
-2.203514575958251953e+00
1.012977957725524902e-01
3.090258240699768066e-01
-2.595493078231811523e+00
-2.623054504394531250e+00
-3.565567970275878906e+00
-3.209742546081542969e+00
-1.509421169757843018e-01
-6.403341293334960938e-01
-2.368292808532714844e+00
-1.327342987060546875e+00
-4.274251461029052734e+00
-1.282951712608337402e+00
1.894738793373107910e+00
-3.047538995742797852e-01
6.466593146324157715e-01
8.027904629707336426e-01
-1.383026838302612305e+00
-2.031861066818237305e+00
-5.814669132232666016e-01
1.828105926513671875e+00
-1.001454353332519531e+00
-1.490995883941650391e+00
5.278406143188476562e-01
4.978812336921691895e-01
3.076783418655395508e+00
-3.740118443965911865e-01
-7.835751771926879883e-01
-4.015815258026123047e+00
-1.423403024673461914e+00
-1.849227666854858398e+00
-3.251906156539916992e+00
-3.624475002288818359e+00
-6.526641845703125000e-01
5.396756529808044434e-01
-1.842025667428970337e-01
4.975071549415588379e-01
2.723877906799316406e+00
9.172985553741455078e-01
6.103945970535278320e-01
-3.507541894912719727e+00
-3.987649440765380859e+00
-2.445847988128662109e+00
-3.800438404083251953e+00
-1.422849416732788086e+00
4.958476066589355469e+00
3.034187555313110352e+00
2.909861803054809570e+00
1.291709899902343750e+00
1.699905753135681152e+00
-9.687812328338623047e-01
2.258510828018188477e+00
1.046982288360595703e+00
-3.227399826049804688e+00
2.209587574005126953e+00
4.904253184795379639e-01
2.018642902374267578e+00
8.675271272659301758e-01
8.261108398437500000e-02
1.992907643318176270e+00
1.867011904716491699e+00
3.614992618560791016e+00
-4.052298069000244141e-01
3.319029808044433594e-01
8.063135743141174316e-01
-2.004433125257492065e-01
-5.201171636581420898e-01
-1.444416999816894531e+00
-2.913400888442993164e+00
7.082316279411315918e-01
-7.966408133506774902e-02
-6.656572818756103516e-01
-3.403584957122802734e+00
-3.334817886352539062e+00
-7.512727379798889160e-01
-2.126513242721557617e+00
-3.130174636840820312e+00
-3.563865661621093750e+00
-3.254520893096923828e+00
-5.823561191558837891e+00
-2.730098962783813477e+00
-3.726464509963989258e+00
-1.173186182975769043e+00
-2.794322967529296875e+00
2.088874578475952148e-02
-9.098886251449584961e-01
-1.853238463401794434e+00
-1.147493720054626465e+00
-2.107221126556396484e+00
-7.817838191986083984e-01
-9.851682782173156738e-01
1.565095424652099609e+00
1.123886108398437500e+00
-9.340858459472656250e-02
-3.014003038406372070e-01
-9.460278153419494629e-01
3.717778027057647705e-01
2.872907161712646484e+00
2.466742515563964844e+00
4.378566741943359375e+00
1.502000808715820312e+00
3.192796945571899414e+00
5.739626884460449219e+00
2.259152412414550781e+00
-5.050504207611083984e+00
-2.365321636199951172e+00
-2.835775613784790039e+00
-3.085052967071533203e+00
-1.782685995101928711e+00
-4.287690162658691406e+00
1.191852092742919922e-01
7.456203937530517578e+00
-1.422873854637145996e+00
-8.820916414260864258e-01
-1.243554592132568359e+00
4.889424324035644531e+00
1.697193622589111328e+00
3.352881669998168945e+00
-2.338148117065429688e+00
1.042483091354370117e+00
2.201761007308959961e+00
-1.221832752227783203e+00
9.087036848068237305e-01
5.487800598144531250e+00
2.299843788146972656e+00
7.793982982635498047e+00
-9.098355174064636230e-01
-3.906697034835815430e-01
3.694777488708496094e+00
-1.012081861495971680e+00
2.263797044754028320e+00
4.951624274253845215e-01
2.553606629371643066e-01
4.560230076313018799e-01
1.127685666084289551e+00
3.947787761688232422e+00
-1.709158301353454590e+00
-3.928182125091552734e+00
-2.927964925765991211e-01
5.197224617004394531e-01
1.287994861602783203e+00
1.199457168579101562e+00
-6.649726629257202148e-02
1.128107070922851562e+00
-1.290611982345581055e+00
-1.623754262924194336e+00
-1.410949826240539551e+00
2.017915964126586914e+00
-1.231480121612548828e+00
4.634601593017578125e+00
7.047426700592041016e-01
9.160249829292297363e-01
8.671510219573974609e-01
2.455429077148437500e+00
-8.411965370178222656e-01
-8.246197104454040527e-01
1.749169230461120605e-01
2.816962301731109619e-01
-1.683454036712646484e+00
-1.218994140625000000e+00
-5.278139114379882812e+00
-7.529373168945312500e-01
-5.258662104606628418e-01
1.437383174896240234e+00
-1.748991489410400391e+00
1.501663684844970703e+00
-1.004549622535705566e+00
-1.002023339271545410e+00
2.974109649658203125e+00
3.249403476715087891e+00
2.500298738479614258e+00
-4.405050575733184814e-01
-4.497305870056152344e+00
-2.454189777374267578e+00
-2.419465303421020508e+00
-1.638985157012939453e+00
2.624274253845214844e+00
-1.300728172063827515e-01
-2.451554298400878906e+00
1.016989350318908691e+00
2.821832180023193359e+00
-3.089303016662597656e+00
2.497267723083496094e+00
-1.706802546977996826e-01
1.398279547691345215e+00
-5.735108852386474609e+00
-7.975962162017822266e-01
1.485216021537780762e-01
-1.780768036842346191e+00
3.677058696746826172e+00
1.420497417449951172e+00
-1.688314557075500488e+00
1.827454566955566406e+00
3.824437618255615234e+00
-9.684723019599914551e-01
1.567560195922851562e+00
1.476847529411315918e-01
-2.333523273468017578e+00
-1.107903003692626953e+00
-9.196040630340576172e-01
-1.621137857437133789e+00
-1.658409953117370605e+00
3.264437437057495117e+00
3.464810848236083984e+00
1.378131151199340820e+00
-1.941132068634033203e+00
-1.255234628915786743e-01
-1.257824599742889404e-01
2.379075527191162109e+00
-6.401228308677673340e-01
2.743791639804840088e-01
-3.898955821990966797e+00
-2.831182956695556641e+00
-9.079343080520629883e-01
-2.717826843261718750e+00
1.402587413787841797e+00
2.656319856643676758e+00
-3.994064807891845703e+00
-4.010528564453125000e+00
1.180056810379028320e+00
1.838055014610290527e+00
1.546525001525878906e+00
-4.414711475372314453e+00
9.412333369255065918e-01
2.006710529327392578e+00
1.367834329605102539e+00
1.111560583114624023e+00
-5.251490116119384766e+00
-1.160883605480194092e-01
1.706401467323303223e+00
-2.833206176757812500e+00
-3.348500013351440430e+00
-1.756996750831604004e+00
-5.477217197418212891e+00
-5.379504203796386719e+00
1.572533965110778809e+00
3.431464672088623047e+00
2.628154277801513672e+00
-1.954822659492492676e+00
2.677276611328125000e+00
-3.072516679763793945e+00
-6.319421768188476562e+00
-1.979744672775268555e+00
1.978019714355468750e+00
1.936075806617736816e+00
5.691342353820800781e+00
2.111714363098144531e+00
1.845712661743164062e+00
4.035011291503906250e+00
-5.936338901519775391e-01
-2.068644285202026367e+00
1.764378905296325684e+00
-3.163754701614379883e+00
-2.403273820877075195e+00
-3.863523960113525391e+00
5.913248062133789062e+00
-8.371866226196289062e+00
-2.575472354888916016e+00
3.449173688888549805e+00
-1.881286859512329102e+00
3.598005771636962891e-01
6.376616954803466797e-01
3.794322013854980469e+00
2.287384510040283203e+00
1.032203435897827148e+00
-4.542889595031738281e-01
3.194309949874877930e+00
-1.525874257087707520e+00
7.203963756561279297e+00
-6.221250295639038086e-01
-2.981094360351562500e+00
1.243875265121459961e+00
-2.272490501403808594e+00
-3.938764333724975586e+00
-1.254643797874450684e+00
4.972296357154846191e-01
5.594400167465209961e-01
-6.738133907318115234e+00
5.893298387527465820e-01
-4.831039428710937500e+00
3.909068703651428223e-01
-1.753628969192504883e+00
-4.605468511581420898e-01
-7.675842642784118652e-01
-4.109432697296142578e+00
5.624443292617797852e-01
-4.070321559906005859e+00
-2.510310888290405273e+00
-1.657492518424987793e+00
-2.170233011245727539e+00
1.832176208496093750e+00
1.141194820404052734e+00
3.164196610450744629e-01
-3.151668548583984375e+00
1.805923461914062500e+00
-3.136906623840332031e-01
-2.717613458633422852e+00
8.901143074035644531e+00
-6.907411217689514160e-01
-4.273494482040405273e-01
-4.860879898071289062e+00
-7.425299882888793945e-01
-3.267856240272521973e-01
8.304692506790161133e-01
-2.421851158142089844e+00
3.406936407089233398e+00
2.908828735351562500e+00
2.017876505851745605e-01
1.225001215934753418e+00
-2.067174911499023438e-01
-2.260835409164428711e+00
1.873035311698913574e+00
-1.238064289093017578e+00
-2.956995248794555664e+00
2.225764751434326172e+00
7.683558464050292969e-01
7.897811532020568848e-01
1.182897186279296875e+01
-2.114098787307739258e+00
-2.532519578933715820e+00
-1.325473189353942871e+00
1.023819684982299805e+00
5.420878410339355469e+00
1.631041765213012695e+00
-7.580170631408691406e-01
-3.026990294456481934e-01
1.403764247894287109e+00
-3.864433467388153076e-01
-2.560703516006469727e+00
-1.339298725128173828e+00
-4.948187828063964844e+00
-1.754305601119995117e+00
-1.169605255126953125e+00
-4.536609172821044922e+00
-2.932515740394592285e-01
-1.342759609222412109e+00
-2.276864051818847656e+00
1.080977916717529297e+00
1.212108135223388672e-01
-2.399795055389404297e-01
-2.478027582168579102e+00
-1.347265958786010742e+00
2.723418474197387695e+00
4.792339205741882324e-01
3.676250696182250977e+00
3.348107576370239258e+00
-9.940578937530517578e-01
8.269318342208862305e-01
-2.825978517532348633e+00
1.544135689735412598e+00
-1.188284635543823242e+00
3.681711435317993164e+00
3.827061653137207031e+00
1.246494412422180176e+00
-1.499803900718688965e+00
2.185505330562591553e-01
2.583953440189361572e-01
1.844115495681762695e+00
-1.336699247360229492e+00
-2.115577459335327148e-02
-3.710040330886840820e+00
4.037945747375488281e+00
-1.111384272575378418e+00
4.391333103179931641e+00
5.478698253631591797e+00
-1.023646354675292969e+00
-3.107331991195678711e+00
-2.395322084426879883e+00
8.677030205726623535e-01
-3.136932551860809326e-01
-1.137172698974609375e+00
-1.251947641372680664e+00
-2.238001346588134766e+00
-4.986970126628875732e-01
4.481920719146728516e+00
3.651392936706542969e+00
-1.230217099189758301e+00
1.558296799659729004e+00
-1.948816061019897461e+00
-5.152209758758544922e+00
3.608838915824890137e-01
-1.198900222778320312e+00
2.617934703826904297e+00
-1.465719103813171387e+00
-1.887743115425109863e+00
-4.167855739593505859e+00
3.021167278289794922e+00
-3.993556499481201172e+00
-1.575617313385009766e+00
3.445131778717041016e-01
-1.986306786537170410e+00
-3.744235336780548096e-01
-8.038471937179565430e-01
-4.144975662231445312e+00
1.631239414215087891e+00
-9.593336582183837891e-01
3.673653602600097656e-01
2.411133527755737305e+00
1.821706771850585938e+00
2.697607874870300293e-01
-4.658915996551513672e-01
1.560472249984741211e+00
5.289823055267333984e+00
7.454197406768798828e-01
-2.133333981037139893e-01
1.373239755630493164e+00
5.639130592346191406e+00
5.599766731262207031e+00
2.624861478805541992e+00
-1.292063117027282715e+00
3.062962055206298828e+00
-3.428508520126342773e+00
-3.591525077819824219e+00
-3.364427566528320312e+00
-1.213127374649047852e+00
5.938344478607177734e+00
-2.551584005355834961e+00
-2.447521686553955078e+00
4.856117963790893555e-01
-1.852839946746826172e+00
-4.187371730804443359e+00
-4.147349357604980469e+00
1.293040513992309570e-01
-5.402411937713623047e+00
-1.150340437889099121e+00
-3.517305850982666016e-01
3.449722528457641602e-01
7.042993068695068359e+00
4.271007776260375977e-01
4.271856307983398438e+00
-1.233148217201232910e+00
-2.722885370254516602e+00
-2.500517606735229492e+00
1.930781245231628418e+00
3.955803394317626953e+00
-5.336264133453369141e+00
1.564722776412963867e+00
2.015423774719238281e+00
-1.722227334976196289e+00
7.141100764274597168e-01
-3.781044483184814453e+00
7.049732685089111328e+00
-1.421245336532592773e+00
-3.938394188880920410e-01
-3.112804889678955078e+00
-3.436882495880126953e+00
-2.758146762847900391e+00
7.195498943328857422e+00
-3.958807468414306641e+00
-3.091450214385986328e+00
2.438119173049926758e+00
-3.711292505264282227e+00
7.677673697471618652e-01
-2.164340317249298096e-01
1.780012369155883789e+00
2.087624549865722656e+00
6.239618778228759766e+00
-1.223583221435546875e+00
1.396011471748352051e+00
-2.578584909439086914e+00
-2.006573438644409180e+00
1.159655451774597168e+00
1.539038538932800293e+00
-2.954463005065917969e+00
-1.724008321762084961e-01
-5.990285426378250122e-02
-5.582969665527343750e+00
5.311920046806335449e-01
-2.501961946487426758e+00
3.860530555248260498e-01
1.312736988067626953e+00
-1.322855055332183838e-02
-4.099452972412109375e+00
6.223202943801879883e-01
2.847224950790405273e+00
2.257216453552246094e+00
1.510637640953063965e+00
-4.135592937469482422e+00
5.331927776336669922e+00
-2.130565643310546875e+00
5.767859220504760742e-01
3.021462678909301758e+00
-2.764498233795166016e+00
-5.846387147903442383e-01
-3.997029066085815430e+00
-6.590442657470703125e-01
-1.710764169692993164e+00
3.018654286861419678e-01
-2.561408996582031250e+00
1.685191631317138672e+00
1.386361479759216309e+00
-2.110020637512207031e+00
-1.694672346115112305e+00
-4.351185858249664307e-01
2.715780496597290039e+00
4.162472486495971680e-01
-2.641119956970214844e+00
1.295753002166748047e+00
5.089760303497314453e+00
1.396685838699340820e-03
4.159676551818847656e+00
4.650559425354003906e+00
3.173053026199340820e+00
-8.099806308746337891e-02
-2.416723012924194336e+00
-8.323724269866943359e-01
-2.160948753356933594e+00
7.464376926422119141e+00
-1.971413135528564453e+00
-1.955599188804626465e+00
-3.440229415893554688e+00
2.035824298858642578e+00
4.335355758666992188e+00
1.897354722023010254e-01
2.393776178359985352e+00
1.814178943634033203e+00
-5.217932224273681641e+00
-1.428210139274597168e+00
9.487674832344055176e-01
1.957025527954101562e+00
1.666949987411499023e-01
2.840218067169189453e+00
4.860185146331787109e+00
-2.642000436782836914e+00
1.619311094284057617e+00
5.105211734771728516e+00
-1.616196632385253906e+00
-3.998382568359375000e+00
5.441413521766662598e-01
1.315148591995239258e+00
1.743067979812622070e+00
-6.526958942413330078e-02
-4.624545574188232422e-02
-4.018331050872802734e+00
3.880669593811035156e+00
1.542727470397949219e+00
-2.023703098297119141e+00
-1.030651688575744629e+00
2.731022834777832031e-01
-2.274407863616943359e+00
2.548297643661499023e-01
-2.163760662078857422e-01
3.551738262176513672e+00
4.092922687530517578e+00
2.251718044281005859e+00
-4.665484428405761719e-01
2.938457727432250977e+00
3.510822772979736328e+00
4.825318813323974609e+00
-1.849724650382995605e-01
8.709573745727539062e-01
4.069828033447265625e+00
-1.833907604217529297e+00
-5.184433460235595703e-01
-5.133527755737304688e+00
-4.434482157230377197e-01
1.732804298400878906e+00
1.925279617309570312e+00
1.433349847793579102e+00
-1.476056337356567383e+00
4.161866188049316406e+00
1.745423555374145508e+00
-5.461738109588623047e-01
1.297012567520141602e+00
3.229432106018066406e-01
-4.866491794586181641e+00
-4.666032195091247559e-01
-1.552853584289550781e+00
2.479759454727172852e+00
2.968548238277435303e-01
-1.155283570289611816e+00
4.841917991638183594e+00
-1.771101355552673340e+00
-9.552117586135864258e-01
8.551663756370544434e-01
-2.002463340759277344e+00
-1.128796935081481934e-01
1.704414606094360352e+00
1.586999893188476562e+00
-2.427574843168258667e-01
-3.619029045104980469e+00
2.799396514892578125e+00
1.193481206893920898e+00
-2.579524993896484375e+00
-5.385972023010253906e+00
5.486252784729003906e+00
3.125206232070922852e+00
-5.681917190551757812e+00
1.059904098510742188e+00
9.080356359481811523e-02
-3.562642037868499756e-01
3.045334339141845703e+00
-1.932902574539184570e+00
-1.681701421737670898e+00
-4.975802600383758545e-01
1.092889904975891113e+00
8.664092063903808594e+00
-4.448079586029052734e+00
4.718515872955322266e+00
4.001799583435058594e+00
-4.182597398757934570e-01
6.054874658584594727e-01
-3.697097063064575195e+00
-2.083270072937011719e+00
2.312299728393554688e+00
-3.797237396240234375e+00
2.530854225158691406e+00
-5.252549171447753906e+00
4.092786788940429688e+00
-2.042135000228881836e+00
4.383929729461669922e+00
-2.651994705200195312e+00
-9.684092998504638672e-01
-1.823595046997070312e+00
2.638974666595458984e+00
-2.850243330001831055e+00
1.759046316146850586e+00
4.318179130554199219e+00
2.360913157463073730e-01
4.935405254364013672e+00
2.083323001861572266e-01
-4.707525968551635742e-01
3.481480479240417480e-01
2.676015138626098633e+00
2.272519826889038086e+00
2.066571235656738281e+00
-1.902691006660461426e+00
3.661893844604492188e+00
5.022287368774414062e-04
-2.992031812667846680e+00
-3.636784076690673828e+00
4.893764257431030273e-01
-3.367403984069824219e+00
-2.558268070220947266e+00
-3.485224246978759766e+00
2.495006561279296875e+00
-4.635222434997558594e+00
-4.371397972106933594e+00
1.611849665641784668e-01
-3.623813152313232422e+00
-2.056828975677490234e+00
-4.633807182312011719e+00
-4.601168155670166016e+00
-2.162798643112182617e+00
-2.898171424865722656e+00
-3.282086610794067383e+00
-4.036808013916015625e-01
-6.134854316711425781e+00
-3.028885364532470703e+00
-1.418830633163452148e+00
-2.065045833587646484e+00
-2.287183284759521484e+00
-2.475560665130615234e+00
1.574419617652893066e+00
-4.122028946876525879e-01
-3.265465021133422852e+00
-1.247238159179687500e+00
-1.242486953735351562e+00
1.439599752426147461e+00
-2.857012271881103516e+00
-2.403091669082641602e+00
4.295358061790466309e-02
-3.568772554397583008e+00
-3.957768201828002930e+00
1.955615878105163574e+00
4.249610900878906250e-01
-2.502175807952880859e+00
-4.476315021514892578e+00
-5.854614734649658203e+00
-4.035923957824707031e+00
-5.193098068237304688e+00
-5.237527370452880859e+00
1.099659204483032227e+00
-3.972244024276733398e+00
-7.121204733848571777e-01
-3.629553079605102539e+00
2.263529300689697266e+00
3.500657081604003906e+00
9.368247985839843750e-01
7.222258090972900391e+00
7.655320167541503906e-01
2.760703086853027344e+00
-7.686601877212524414e-01
1.689172506332397461e+00
3.741389274597167969e+00
4.101383686065673828e-01
3.844195604324340820e-01
4.348383426666259766e+00
-5.284804105758666992e-01
7.166439056396484375e+00
-2.453175187110900879e-01
9.721357822418212891e-01
-1.929018735885620117e+00
-6.230627298355102539e-01
-2.212320327758789062e+00
-3.180567502975463867e+00
-6.685434341430664062e+00
2.141475677490234375e+00
1.674208045005798340e-01
-3.804649114608764648e+00
-2.557523488998413086e+00
-1.304221510887145996e+00
-3.435573101043701172e+00
-2.648560047149658203e+00
3.465634882450103760e-01
4.516463756561279297e+00
