-2.315553665161132812e+00
-1.293649554252624512e+00
-2.809091806411743164e-01
1.915971875190734863e+00
-8.393634557723999023e-01
1.993501543998718262e+00
3.462080001831054688e+00
4.613988876342773438e+00
8.852444887161254883e-01
3.358002901077270508e-01
-2.842856884002685547e+00
-2.194699764251708984e+00
-6.895021915435791016e+00
-3.139589309692382812e+00
-5.566147565841674805e-01
-1.944855690002441406e+00
-5.237022399902343750e+00
4.400488376617431641e+00
6.653699278831481934e-01
-2.792906284332275391e+00
-4.690515518188476562e+00
-1.029366254806518555e+00
-5.838209629058837891e+00
-1.989359140396118164e+00
-3.077237606048583984e+00
-7.187707424163818359e-01
4.165132641792297363e-01
-1.526657223701477051e+00
2.937715351581573486e-01
-1.518389344215393066e+00
-4.788706779479980469e+00
-2.976269006729125977e+00
-5.902992248535156250e+00
1.097540616989135742e+00
2.885061979293823242e+00
-4.173890590667724609e+00
1.989235430955886841e-01
-1.896689176559448242e+00
1.390598654747009277e+00
2.027102112770080566e-01
-5.254407227039337158e-02
-1.254808545112609863e+00
2.399220168590545654e-01
-3.788283169269561768e-01
3.022571206092834473e-01
1.018252253532409668e+00
-2.007779479026794434e-01
7.525343894958496094e-01
-3.688597679138183594e-01
4.579548835754394531e+00
3.846783936023712158e-01
3.078242778778076172e+00
4.419997930526733398e-01
-1.845574140548706055e+00
1.116939306259155273e+00
1.645970642566680908e-01
2.185898780822753906e+00
-3.603199720382690430e+00
6.321584582328796387e-01
3.713257312774658203e-01
1.105924963951110840e+00
3.434406757354736328e+00
3.775082111358642578e+00
-1.128358125686645508e+00
8.730483055114746094e-01
2.904694080352783203e+00
1.145706653594970703e+00
-1.374430894851684570e+00
-1.143260121345520020e+00
-2.948591232299804688e+00
-6.537166595458984375e+00
2.911689996719360352e+00
-5.543650150299072266e+00
-1.319551095366477966e-02
-1.750301122665405273e+00
-3.836055040359497070e+00
1.852437555789947510e-01
1.407524228096008301e+00
-8.385607004165649414e-01
-3.723101139068603516e+00
-1.306770563125610352e+00
-4.074612140655517578e+00
-3.965181827545166016e+00
-1.933102130889892578e+00
1.801263213157653809e+00
3.336486220359802246e-01
-3.410122632980346680e+00
-2.539806067943572998e-01
-1.253232002258300781e+00
-3.889175891876220703e+00
-3.443253517150878906e+00
-4.105093002319335938e+00
-1.733794927597045898e+00
-4.817823410034179688e+00
-4.739900112152099609e+00
-2.852284431457519531e+00
6.887226104736328125e-01
-2.280647754669189453e+00
9.514739513397216797e-01
-1.662469148635864258e+00
3.911501169204711914e-01
-9.352582693099975586e-01
-5.770812988281250000e+00
1.170723676681518555e+00
-1.621302723884582520e+00
-3.766025781631469727e+00
-2.162792682647705078e+00
-8.770135641098022461e-01
-5.858425498008728027e-01
-2.232164621353149414e+00
-1.153982162475585938e+00
-1.928407788276672363e+00
5.401699542999267578e-01
-1.264594554901123047e+00
1.141913175582885742e+00
1.475537657737731934e+00
-4.126405715942382812e+00
-8.744481801986694336e-01
-1.987635374069213867e+00
-1.262996435165405273e+00
-2.413350582122802734e+00
1.058245420455932617e+00
3.381462097167968750e+00
1.804413795471191406e-01
3.192749023437500000e+00
-2.269446611404418945e+00
-4.392846107482910156e+00
2.892136573791503906e-01
-4.662903547286987305e-01
-9.484949111938476562e-01
-2.303776979446411133e+00
3.352208137512207031e+00
-2.484158277511596680e+00
-1.645653367042541504e+00
-1.827442646026611328e-01
-3.753934383392333984e+00
2.682782173156738281e+00
-1.527017116546630859e+00
1.055602788925170898e+00
3.926824927330017090e-01
-2.379795074462890625e+00
7.628273963928222656e-02
-2.066712141036987305e+00
1.366681098937988281e+00
-4.559376239776611328e-01
3.231287002563476562e-02
1.964582800865173340e-01
8.006402254104614258e-01
-1.486568450927734375e-01
-6.065018773078918457e-01
2.252212285995483398e+00
7.259210586547851562e+00
1.922592282295227051e+00
1.406740397214889526e-02
-5.669133663177490234e-01
-1.168170809745788574e+00
-4.266704022884368896e-01
2.804179191589355469e+00
7.228388786315917969e+00
4.703828811645507812e+00
2.739131689071655273e+00
2.595075368881225586e+00
2.531008005142211914e+00
7.001668930053710938e+00
5.643040180206298828e+00
7.529067516326904297e+00
3.693130016326904297e+00
4.814892292022705078e+00
6.054632186889648438e+00
4.506386756896972656e+00
7.760345458984375000e+00
6.261241912841796875e+00
7.429965972900390625e+00
1.110707950592041016e+01
2.126030921936035156e+00
-4.418767690658569336e-01
6.310536384582519531e+00
9.088989257812500000e+00
5.375874042510986328e+00
4.186456203460693359e+00
4.463215827941894531e+00
4.150154113769531250e+00
5.459730148315429688e+00
4.084490776062011719e+00
5.985317707061767578e+00
2.465745925903320312e+00
7.203462719917297363e-01
1.196533441543579102e+00
3.928089618682861328e+00
3.077100515365600586e+00
1.865002155303955078e+00
8.817111253738403320e-01
3.920039653778076172e+00
5.321938991546630859e+00
-7.529761791229248047e-01
3.477985620498657227e+00
3.584625244140625000e+00
5.679047584533691406e+00
3.137440681457519531e+00
8.598667144775390625e+00
8.932673931121826172e-01
9.874050021171569824e-01
8.116860389709472656e-01
6.140770912170410156e+00
-8.570011258125305176e-01
7.861997604370117188e+00
6.519896507263183594e+00
3.274459123611450195e+00
6.414815902709960938e+00
3.362056255340576172e+00
9.330988883972167969e+00
7.534563541412353516e+00
4.461664676666259766e+00
4.825244903564453125e+00
7.379295349121093750e+00
3.001978635787963867e+00
3.266818523406982422e+00
1.092508316040039062e+00
3.100303888320922852e+00
3.516369581222534180e+00
3.122682332992553711e+00
2.224904537200927734e+00
3.776559829711914062e+00
4.080421924591064453e+00
6.448387145996093750e+00
5.525837898254394531e+00
3.480120897293090820e+00
8.705415725708007812e+00
2.801954507827758789e+00
1.901991009712219238e+00
6.069934844970703125e+00
5.019705772399902344e+00
4.537712097167968750e+00
2.288344621658325195e+00
6.517442703247070312e+00
3.556033372879028320e+00
8.976533889770507812e+00
9.795864105224609375e+00
8.019371986389160156e+00
4.698729038238525391e+00
8.440923690795898438e+00
5.713653087615966797e+00
2.795554637908935547e+00
9.600769877433776855e-01
2.680939912796020508e+00
2.429274082183837891e+00
8.496188163757324219e+00
3.050989508628845215e-01
2.100029706954956055e+00
-2.493875175714492798e-01
3.899021387100219727e+00
7.311200141906738281e+00
3.408335924148559570e+00
1.199948215484619141e+01
3.111198186874389648e+00
2.559909820556640625e+00
3.204964876174926758e+00
2.872768640518188477e+00
2.003526210784912109e+00
-1.492835283279418945e-01
-3.591721653938293457e-01
-1.220175027847290039e+00
4.433739185333251953e+00
4.325593948364257812e+00
6.662172317504882812e+00
2.416924715042114258e+00
2.150518417358398438e+00
6.455605506896972656e+00
7.438690185546875000e+00
1.031060934066772461e+00
3.410689592361450195e+00
1.572282791137695312e+00
5.570119380950927734e+00
8.215789794921875000e+00
6.612085342407226562e+00
5.330773353576660156e+00
-5.487480163574218750e-01
4.187047004699707031e+00
2.779889106750488281e+00
8.320636749267578125e-01
4.655387878417968750e+00
-1.032857894897460938e+00
1.768311977386474609e+00
-2.049477338790893555e+00
-9.020195007324218750e-01
2.445919513702392578e+00
-8.776111602783203125e-01
-1.366679072380065918e+00
-7.768481969833374023e-01
-4.277101039886474609e+00
2.242027997970581055e+00
-2.233144283294677734e+00
-2.296670436859130859e+00
2.961155652999877930e+00
-2.833966255187988281e+00
-1.253925085067749023e+00
-7.899544835090637207e-01
-3.088109731674194336e+00
-1.750460267066955566e+00
-4.646785259246826172e+00
-5.225252151489257812e+00
-4.996138572692871094e+00
-1.650974035263061523e+00
3.478659391403198242e-01
-6.166022300720214844e+00
-6.958446025848388672e+00
-4.233584403991699219e+00
-1.876022219657897949e+00
-7.944068908691406250e+00
-4.494499206542968750e+00
-4.758246898651123047e+00
-5.072264671325683594e-01
7.429306209087371826e-02
-3.554371118545532227e+00
-5.370428085327148438e+00
-4.653145313262939453e+00
-5.597081661224365234e+00
-5.653971672058105469e+00
-6.157531261444091797e+00
-1.435564398765563965e+00
-3.577243566513061523e+00
-2.182085752487182617e+00
-5.169136524200439453e+00
-3.678380489349365234e+00
-3.665614366531372070e+00
-5.431926727294921875e+00
-6.986933231353759766e+00
4.142066955566406250e+00
-2.132431030273437500e+00
8.504132628440856934e-01
-1.467259407043457031e+00
3.372649848461151123e-01
-6.817844510078430176e-01
-5.804235860705375671e-02
-2.826245784759521484e+00
-3.846141099929809570e+00
-4.221446514129638672e+00
-5.385442256927490234e+00
1.040430426597595215e+00
9.029051780700683594e+00
4.284688949584960938e+00
3.380678415298461914e+00
7.102943062782287598e-01
3.048957824707031250e+00
2.285806894302368164e+00
6.852885723114013672e+00
4.490771770477294922e+00
-2.031697273254394531e+00
7.896489143371582031e+00
8.193580627441406250e+00
7.152192115783691406e+00
5.131158828735351562e+00
8.032331466674804688e+00
8.231331825256347656e+00
5.194057941436767578e+00
7.388295173645019531e+00
6.593430638313293457e-01
-2.733431100845336914e+00
-8.904793262481689453e-01
-7.768364548683166504e-01
1.164023995399475098e+00
-7.182167768478393555e-01
-2.144142866134643555e+00
3.231029033660888672e+00
3.085314035415649414e-01
-4.381502628326416016e+00
-4.291451930999755859e+00
-3.041997909545898438e+00
-5.423708915710449219e+00
-7.925672531127929688e-01
-4.273681640625000000e+00
-4.251764297485351562e+00
-2.920851230621337891e+00
-5.787954807281494141e+00
-1.336783766746520996e+00
-4.229162216186523438e+00
-3.331405639648437500e+00
-4.258959770202636719e+00
-4.919560432434082031e+00
-4.686819553375244141e+00
-5.812067031860351562e+00
-3.815083980560302734e+00
-5.797712802886962891e+00
-4.003595829010009766e+00
-4.903629302978515625e+00
4.135765433311462402e-01
2.069966316223144531e+00
-5.028148651123046875e+00
-4.725505828857421875e+00
-8.617897629737854004e-01
1.400173187255859375e+00
-1.296777009963989258e+00
-2.427495002746582031e+00
1.842424869537353516e-01
7.811422348022460938e-01
3.896031975746154785e-01
7.119437456130981445e-01
-2.116668701171875000e+00
-3.564113378524780273e+00
2.367157459259033203e+00
-1.871938705444335938e-01
-2.683731913566589355e-01
-3.525086045265197754e-01
-5.930974006652832031e+00
1.105483055114746094e+00
-1.030765056610107422e+00
-4.617400646209716797e+00
-2.070276498794555664e+00
-3.270786285400390625e+00
-3.886788368225097656e+00
-2.305864334106445312e+00
9.002458572387695312e+00
-2.982128858566284180e+00
2.862679004669189453e+00
4.667782306671142578e+00
1.662148833274841309e-01
3.659868538379669189e-01
4.674868583679199219e+00
-1.832631945610046387e+00
2.061669588088989258e+00
-1.806135535240173340e+00
-1.236469984054565430e+00
-2.045955896377563477e+00
-8.878641724586486816e-01
-1.114763498306274414e+00
2.811728239059448242e+00
-2.740827560424804688e+00
4.086324572563171387e-01
1.980170607566833496e+00
3.094786882400512695e+00
-4.941615760326385498e-01
4.258288741111755371e-01
-7.264231443405151367e-01
2.031220197677612305e+00
5.334112167358398438e+00
9.078784584999084473e-01
9.990268945693969727e-02
-2.971257925033569336e+00
-4.106096267700195312e+00
1.418278217315673828e-01
-1.780674815177917480e+00
-2.061185359954833984e+00
-4.217577934265136719e+00
4.603309154510498047e+00
6.943969726562500000e-01
6.719863414764404297e-01
-8.841322660446166992e-01
-1.820116281509399414e+00
-1.804660320281982422e+00
-3.272870540618896484e+00
-1.087388753890991211e+00
-1.475683748722076416e-01
2.609023332595825195e+00
-4.114215373992919922e+00
6.017754077911376953e-01
-1.012896537780761719e+00
1.034592270851135254e+00
3.152103662490844727e+00
-3.182045698165893555e+00
5.567136764526367188e+00
-3.015955924987792969e+00
1.801546335220336914e+00
-1.597436904907226562e+00
4.423891901969909668e-01
-1.487624645233154297e-02
2.399480581283569336e+00
-1.608107924461364746e+00
8.726292848587036133e-02
-2.132639884948730469e+00
-2.103712797164916992e+00
6.249083876609802246e-01
2.636364102363586426e-01
-2.603589057922363281e+00
2.577291727066040039e+00
3.502855539321899414e+00
-5.534504413604736328e+00
4.703572273254394531e+00
-5.989017486572265625e-01
4.258432388305664062e-01
-2.162118911743164062e+00
-5.464979648590087891e+00
-2.760591506958007812e+00
-3.207856893539428711e+00
2.445266008377075195e+00
-3.909814357757568359e-01
-1.537365198135375977e+00
2.171234369277954102e+00
-2.146997451782226562e+00
5.870563387870788574e-01
-1.275924205780029297e+00
2.013135671615600586e+00
-3.459218263626098633e+00
-3.937764167785644531e-01
-2.520330429077148438e+00
2.424403652548789978e-02
-2.089381217956542969e+00
5.408547401428222656e+00
1.301225781440734863e+00
-4.945518970489501953e-01
8.162504434585571289e-01
-1.334260225296020508e+00
8.948378562927246094e-01
4.095365524291992188e+00
-9.254655838012695312e-01
-3.491082906723022461e+00
-4.433073997497558594e+00
-2.730583190917968750e+00
-1.962114572525024414e+00
-7.629286646842956543e-01
1.243310570716857910e+00
2.101879358291625977e+00
-4.565597057342529297e+00
-1.709041237831115723e+00
-1.997641921043395996e-01
4.163728654384613037e-02
4.332229137420654297e+00
1.083130121231079102e+00
-5.410242676734924316e-01
2.374510765075683594e+00
-8.566361069679260254e-01
1.799327015876770020e+00
-6.222171306610107422e+00
2.228693664073944092e-01
2.733925104141235352e+00
-2.799974679946899414e-01
-1.517779827117919922e+00
-4.037580013275146484e+00
-4.496537685394287109e+00
-2.741655349731445312e+00
3.382936954498291016e+00
-2.769066095352172852e+00
1.044547200202941895e+00
2.177191734313964844e+00
7.419220209121704102e-01
-4.861505031585693359e+00
-6.745076179504394531e-01
-4.772745132446289062e+00
3.210106372833251953e+00
6.887527704238891602e-01
4.012250900268554688e+00
-2.882495880126953125e+00
-5.872552990913391113e-01
8.363416790962219238e-01
-1.245714187622070312e+00
-1.888738721609115601e-01
-1.278640508651733398e+00
2.013378381729125977e+00
-2.504479408264160156e+00
-4.058393955230712891e+00
4.056258678436279297e+00
-8.488895416259765625e+00
-3.135631561279296875e+00
4.841373443603515625e+00
-1.755892276763916016e+00
-6.943324089050292969e+00
-2.003135204315185547e+00
-2.343490362167358398e+00
8.999077081680297852e-01
2.154891967773437500e+00
1.363913774490356445e+00
2.249759435653686523e+00
-1.539704084396362305e+00
1.045192837715148926e+00
-4.686064720153808594e+00
-3.591738462448120117e+00
-3.354048490524291992e+00
-1.244268178939819336e+00
-1.428369164466857910e+00
-2.156350016593933105e-02
1.020992159843444824e+00
-2.087305068969726562e+00
-5.943835735321044922e+00
-1.729163408279418945e+00
-8.344660401344299316e-01
-1.255308866500854492e+00
-3.522343397140502930e+00
-2.569564580917358398e+00
-1.741411805152893066e+00
3.310647964477539062e+00
6.634703159332275391e+00
-7.503445148468017578e-01
-1.132939696311950684e+00
8.226314187049865723e-01
-3.706762790679931641e+00
-2.973784208297729492e-01
2.337844371795654297e+00
-4.173018336296081543e-01
-9.871256351470947266e-02
1.430344700813293457e+00
-4.478700160980224609e-01
-3.494188308715820312e+00
6.800024509429931641e+00
-2.876680135726928711e+00
-1.783361434936523438e-01
-2.004278302192687988e-01
2.179251194000244141e+00
1.087756037712097168e+00
3.788646221160888672e+00
-4.777390480041503906e+00
-2.624209880828857422e+00
-1.634429693222045898e-01
7.835665345191955566e-01
-1.832399964332580566e+00
3.354659557342529297e+00
-4.891195774078369141e+00
-2.344208478927612305e+00
-3.557245135307312012e-01
-2.063768625259399414e+00
4.026716232299804688e+00
1.983074069023132324e+00
1.769538402557373047e+00
5.450315952301025391e+00
-3.927908897399902344e+00
-2.791458368301391602e+00
2.804327726364135742e+00
2.688853979110717773e+00
5.599763393402099609e-01
-2.610177278518676758e+00
-8.054816722869873047e-01
-9.474983215332031250e-01
-1.342575430870056152e+00
1.525554299354553223e+00
-5.540403366088867188e+00
-2.728573560714721680e+00
-1.319869995117187500e+00
-2.642471313476562500e+00
-2.774109363555908203e+00
-2.165866613388061523e+00
-2.001160383224487305e+00
-2.824341297149658203e+00
8.352389931678771973e-01
-2.134251594543457031e+00
-5.974319934844970703e+00
-2.891683578491210938e+00
-3.095714330673217773e+00
-1.739920854568481445e+00
3.589126110076904297e+00
-1.129269599914550781e-02
8.476341247558593750e+00
6.604069232940673828e+00
-1.636361598968505859e+00
5.933701992034912109e-01
-2.646115064620971680e+00
1.241738915443420410e+00
-3.112714767456054688e+00
2.494298934936523438e+00
2.907176017761230469e+00
1.951383471488952637e+00
-5.028120517730712891e+00
-2.081570029258728027e-01
-1.182496190071105957e+00
-2.099558591842651367e+00
2.431505918502807617e-02
-8.180860877037048340e-01
-2.236509561538696289e+00
5.296555995941162109e+00
-2.995959758758544922e+00
-2.856953859329223633e+00
2.199380397796630859e+00
-1.762179136276245117e+00
-2.017900705337524414e+00
-1.596264719963073730e+00
-8.610146641731262207e-01
-2.181909799575805664e+00
-4.580036640167236328e+00
9.665589928627014160e-01
-9.984183311462402344e-01
5.282070636749267578e-01
-7.711396813392639160e-01
1.006723761558532715e+00
-5.999272465705871582e-01
8.544356226921081543e-01
6.169905066490173340e-01
-3.016428709030151367e+00
-1.474672555923461914e+00
-2.732494831085205078e+00
7.956923007965087891e+00
-3.648998737335205078e+00
2.753864526748657227e+00
1.020023107528686523e+00
1.165836095809936523e+00
-1.959028959274291992e+00
-4.785408973693847656e+00
2.117465019226074219e+00
1.778663039207458496e+00
-1.491635799407958984e+00
-4.242598533630371094e+00
-2.622119665145874023e+00
-2.776700019836425781e+00
4.426451683044433594e+00
3.550773859024047852e+00
-5.157457664608955383e-03
2.552339553833007812e+00
-1.806756734848022461e+00
-3.488955020904541016e+00
6.298645734786987305e-01
1.204552650451660156e+00
4.534350872039794922e+00
2.710823059082031250e+00
-1.713869452476501465e+00
5.036381483078002930e-01
2.203011989593505859e+00
-3.406826257705688477e-01
2.603932619094848633e+00
1.467890501022338867e+00
-6.274693012237548828e-01
1.497328281402587891e-02
-5.040751934051513672e+00
8.045942783355712891e-01
2.427638053894042969e+00
-3.351498842239379883e+00
-4.761859416961669922e+00
-4.868280410766601562e+00
-1.664132356643676758e+00
-6.989932537078857422e+00
-2.026367187500000000e+00
2.307085514068603516e+00
-5.107055664062500000e+00
-1.597129940986633301e+00
9.425994753837585449e-01
-3.330877065658569336e+00
7.649576187133789062e+00
2.256903648376464844e-01
4.295933723449707031e+00
-4.539898872375488281e+00
-2.666524887084960938e+00
-8.753085732460021973e-01
1.550974965095520020e+00
2.348095178604125977e-01
-5.242940425872802734e+00
2.344501733779907227e+00
-9.138733148574829102e-01
-1.573973655700683594e+00
-1.736877679824829102e+00
-2.338179349899291992e+00
5.830085277557373047e+00
-1.772507429122924805e+00
7.994511127471923828e-01
-6.174513339996337891e+00
-9.973290562629699707e-02
-1.819322586059570312e+00
2.235365390777587891e+00
-5.959900856018066406e+00
-4.844875812530517578e+00
-5.206981182098388672e+00
-5.827730178833007812e+00
-2.256479740142822266e+00
4.750634133815765381e-01
1.752022385597229004e+00
2.147814035415649414e-01
8.150357246398925781e+00
2.023424863815307617e+00
-1.030135273933410645e+00
4.093866944313049316e-01
-4.445284843444824219e+00
-8.102555274963378906e-01
1.131784319877624512e+00
-5.074520111083984375e-01
-1.780599355697631836e+00
-5.597702413797378540e-02
-3.797103881835937500e+00
-1.832631111145019531e+00
9.933460950851440430e-01
4.945372045040130615e-01
2.565872430801391602e+00
1.543093204498291016e+00
-2.348576307296752930e+00
1.300734996795654297e+00
7.344905734062194824e-01
3.016217708587646484e+00
3.007278203964233398e+00
-1.680875897407531738e+00
3.403316974639892578e+00
-3.022875308990478516e+00
7.222475051879882812e+00
4.657917022705078125e+00
-1.431028127670288086e+00
7.559403777122497559e-01
-3.045833110809326172e+00
-3.660433292388916016e+00
-3.383996248245239258e+00
-7.005845308303833008e-01
-2.322522163391113281e+00
-4.120897293090820312e+00
-4.232944011688232422e+00
-1.216637492179870605e+00
7.272253632545471191e-01
1.006770014762878418e+00
3.192929506301879883e+00
-3.901181817054748535e-01
5.803817510604858398e-01
4.182912826538085938e+00
-1.281601428985595703e+00
2.520803213119506836e+00
1.578265428543090820e+00
3.988875627517700195e+00
-1.151171803474426270e+00
1.974212884902954102e+00
-3.817711353302001953e+00
-7.495005130767822266e-01
-1.528696060180664062e+00
3.794136047363281250e+00
-1.893359303474426270e+00
-2.946972608566284180e+00
-3.081527948379516602e+00
1.425680398941040039e+00
6.441969394683837891e+00
1.142695903778076172e+00
1.617064356803894043e+00
3.370559215545654297e-01
-3.055641174316406250e+00
-2.522900104522705078e+00
-5.647432804107666016e-02
1.312913894653320312e+00
-2.354503393173217773e+00
-2.366298198699951172e+00
7.140021920204162598e-01
-7.443909049034118652e-01
-1.368769764900207520e+00
-2.311467409133911133e+00
-3.851399898529052734e+00
-8.798871040344238281e-01
-7.581301331520080566e-01
3.204066276550292969e+00
6.025696754455566406e+00
2.141790866851806641e+00
-8.639578223228454590e-01
-3.495416641235351562e+00
-1.177117466926574707e+00
-7.527598142623901367e-01
4.900365471839904785e-01
3.228374004364013672e+00
-1.613365888595581055e+00
-5.678722858428955078e+00
-1.492628455162048340e+00
1.182928919792175293e+00
2.420985221862792969e+00
7.284401655197143555e-01
2.510706901550292969e+00
-1.646097421646118164e+00
-9.180390238761901855e-01
2.580382347106933594e+00
4.303526401519775391e+00
1.213572263717651367e+00
-3.027455568313598633e+00
-1.864309191703796387e+00
-4.181263923645019531e+00
-3.114609718322753906e+00
-3.574547290802001953e+00
1.411161661148071289e+00
-1.069379806518554688e+00
-1.038591027259826660e+00
-1.131480336189270020e-01
-7.949451208114624023e-01
1.906418561935424805e+00
-3.221891164779663086e+00
-2.056670665740966797e+00
1.146729230880737305e+00
1.928799986839294434e+00
-3.452840805053710938e+00
-7.023034691810607910e-01
-2.946852445602416992e+00
3.695874691009521484e+00
-2.182601928710937500e+00
3.989619016647338867e-01
1.302449941635131836e+00
-2.236066102981567383e+00
-2.840347766876220703e+00
2.962496042251586914e+00
1.387212395668029785e+00
1.966709017753601074e+00
-3.264365434646606445e+00
-2.429378032684326172e+00
-2.422832727432250977e+00
-5.600753784179687500e+00
9.372606277465820312e-01
-7.721409201622009277e-01
-1.506755352020263672e+00
-9.794187545776367188e-01
1.182721495628356934e+00
-1.445302963256835938e-01
-1.508330345153808594e+00
-2.357509374618530273e+00
-1.560910463333129883e+00
-1.890781879425048828e+00
5.922060966491699219e+00
-2.150375366210937500e+00
-2.066855430603027344e+00
-8.465483188629150391e-01
-1.428649425506591797e+00
3.955583810806274414e+00
-3.724618434906005859e+00
-3.571596741676330566e-01
2.601636648178100586e+00
-1.091098785400390625e-01
1.536738991737365723e+00
-1.850483894348144531e+00
-4.997699260711669922e+00
-7.112598419189453125e-02
-3.407171010971069336e+00
-3.049246072769165039e+00
-6.229960441589355469e+00
-2.743099927902221680e-01
7.854125499725341797e-01
-3.462121248245239258e+00
-1.559364438056945801e+00
-2.010258436203002930e+00
-1.442126750946044922e+00
2.315275192260742188e+00
-2.263940334320068359e+00
2.091548681259155273e+00
2.337410449981689453e+00
4.172949790954589844e+00
3.707948625087738037e-01
-4.629865646362304688e+00
1.004257917404174805e+00
-1.218220829963684082e+00
3.363304615020751953e+00
-2.003502368927001953e+00
-2.305256366729736328e+00
-7.094474315643310547e+00
2.661265373229980469e+00
-8.850008249282836914e-01
-3.551965057849884033e-01
9.506617784500122070e-01
1.741647481918334961e+00
-1.691028714179992676e+00
-7.230808734893798828e-01
-1.183726906776428223e+00
6.315827369689941406e-02
-1.230609416961669922e+00
-1.912102699279785156e+00
-6.620422005653381348e-01
-5.156554222106933594e+00
-3.165691852569580078e+00
-2.983435869216918945e+00
-3.143290996551513672e+00
-2.158264160156250000e+00
-2.276925086975097656e+00
-3.104265689849853516e+00
-2.098114967346191406e+00
-5.750455379486083984e+00
-2.040693759918212891e+00
-1.564077138900756836e+00
-3.283269643783569336e+00
-1.718890309333801270e+00
-4.981583118438720703e+00
-4.884580135345458984e+00
-2.844542026519775391e+00
-3.110340833663940430e+00
-1.141875982284545898e+00
-1.050536155700683594e+00
-2.083342075347900391e+00
-2.107772827148437500e+00
2.580407142639160156e+00
-2.827548980712890625e+00
-2.307384967803955078e+00
-2.843723058700561523e+00
3.920714855194091797e+00
2.428769111633300781e+00
5.770689249038696289e-01
-2.022200107574462891e+00
-1.660064697265625000e+00
-2.832608699798583984e+00
-3.110991477966308594e+00
-3.136864662170410156e+00
-1.874642372131347656e-01
-8.011708259582519531e+00
-6.462384700775146484e+00
-4.448814988136291504e-01
5.935337066650390625e+00
-2.266721725463867188e-01
-4.316130280494689941e-01
-1.056671380996704102e+00
-2.182463884353637695e+00
4.346992969512939453e-01
-4.904448986053466797e-01
3.887466192245483398e+00
5.265873908996582031e+00
-3.210263252258300781e-01
1.667048454284667969e+00
2.198682546615600586e+00
-1.442212104797363281e+00
2.121571540832519531e+00
3.486136198043823242e+00
-2.688306093215942383e+00
1.629525899887084961e+00
1.891634941101074219e+00
-2.714122295379638672e+00
-4.380936622619628906e+00
-4.177439212799072266e+00
-3.490788936614990234e+00
-3.993880033493041992e+00
-4.123208045959472656e+00
-4.437363147735595703e+00
-5.266500949859619141e+00
-4.791395187377929688e+00
-6.573839664459228516e+00
-9.393212795257568359e-01
4.996443390846252441e-01
