-9.208528995513916016e-01
-4.161164909601211548e-02
-3.193717598915100098e-01
3.323448896408081055e-01
-4.716230034828186035e-01
-1.925498008728027344e+00
2.600796520709991455e-01
1.538857102394104004e+00
-1.159033775329589844e+00
9.803286790847778320e-01
-3.668447256088256836e+00
-2.636728763580322266e+00
-1.797481179237365723e+00
-4.081082820892333984e+00
-4.040369689464569092e-01
-1.123344302177429199e+00
-4.326018810272216797e+00
5.534374713897705078e-02
-2.212947607040405273e+00
-2.961512088775634766e+00
-4.203778266906738281e+00
-8.085239529609680176e-01
-2.856659412384033203e+00
-2.879494667053222656e+00
-1.346216201782226562e+00
-2.981926441192626953e+00
5.793064832687377930e-01
1.539397954940795898e+00
-1.145481348037719727e+00
-3.582262039184570312e+00
-3.501938819885253906e+00
-1.874521851539611816e+00
-4.835460186004638672e+00
-1.256286144256591797e+00
1.973790884017944336e+00
-2.587865829467773438e+00
3.273809552192687988e-01
-2.563277244567871094e+00
4.098143100738525391e+00
2.524399042129516602e+00
6.747937798500061035e-01
2.177679777145385742e+00
2.553688287734985352e+00
1.338067293167114258e+00
3.180244922637939453e+00
2.417581558227539062e+00
2.743314743041992188e+00
1.748505592346191406e+00
2.429508686065673828e+00
3.549230337142944336e+00
2.715544462203979492e+00
1.325994729995727539e-01
1.977205634117126465e+00
-1.487604618072509766e+00
3.667012214660644531e+00
1.666045904159545898e+00
3.362726688385009766e+00
-2.793854713439941406e+00
3.393437623977661133e+00
-6.764909029006958008e-01
3.060101509094238281e+00
3.002124786376953125e+00
1.816322565078735352e+00
-2.093842253088951111e-02
1.828486442565917969e+00
3.429031610488891602e+00
2.163214921951293945e+00
9.036605358123779297e-01
2.380189180374145508e+00
-5.326431989669799805e-01
-3.611881732940673828e+00
-4.932442307472229004e-01
-5.062609672546386719e+00
-1.444950222969055176e+00
-2.032156288623809814e-01
-4.104612350463867188e+00
8.597615361213684082e-02
5.872594118118286133e-01
3.042473495006561279e-01
-2.666702866554260254e-02
-1.841054201126098633e+00
-3.149767398834228516e+00
-4.117141067981719971e-01
-1.386509895324707031e+00
1.553943037986755371e+00
-1.496605753898620605e+00
1.349337816238403320e+00
-4.037508010864257812e+00
4.300038814544677734e-01
-4.159224510192871094e+00
-4.323565959930419922e-01
-1.667055130004882812e+00
1.981432735919952393e-01
-6.459877490997314453e+00
-4.679802656173706055e-01
-2.069640636444091797e+00
-1.477158308029174805e+00
-3.241259813308715820e+00
1.609935760498046875e-01
-2.783480167388916016e+00
-2.597279071807861328e+00
-3.642117977142333984e-02
-4.458992004394531250e+00
-1.689064025878906250e+00
-2.009936809539794922e+00
-4.008128166198730469e+00
-1.627541422843933105e+00
-1.514891624450683594e+00
1.562185883522033691e+00
-7.208254337310791016e-01
7.476941943168640137e-01
-3.460062980651855469e+00
-1.024610519409179688e+00
6.888246536254882812e-01
-2.795263767242431641e+00
-4.154822826385498047e-01
-7.397986054420471191e-01
4.212745428085327148e-01
-2.584768056869506836e+00
8.453621864318847656e-01
-8.128672242164611816e-01
-3.232747077941894531e+00
-1.732796192169189453e+00
-2.920791625976562500e+00
5.422395467758178711e-02
-2.269148111343383789e+00
-4.303882598876953125e+00
-2.698243260383605957e-01
-3.533480167388916016e-01
6.112131476402282715e-01
-1.242029428482055664e+00
-1.099235534667968750e+00
-1.346470475196838379e+00
-1.824737668037414551e+00
1.427108407020568848e+00
-1.947036147117614746e+00
-8.983099460601806641e-02
-3.119513273239135742e+00
1.385467290878295898e+00
-1.061336517333984375e+00
-2.216363191604614258e+00
-2.853178977966308594e-01
-9.640043377876281738e-01
-2.485087633132934570e+00
-6.446235179901123047e-01
-2.366767883300781250e+00
-1.815229654312133789e+00
-3.589864373207092285e-01
-1.838649868965148926e+00
-9.535880088806152344e-01
-2.121333360671997070e+00
3.515968322753906250e+00
1.241126894950866699e+00
2.403491437435150146e-01
1.717056035995483398e+00
-5.534629821777343750e-01
1.543463230133056641e+00
3.073665142059326172e+00
3.444745063781738281e+00
3.697208404541015625e+00
-6.541880369186401367e-01
6.751347184181213379e-01
2.052617073059082031e+00
2.893918037414550781e+00
3.458697080612182617e+00
3.073086261749267578e+00
2.685122013092041016e+00
1.629569888114929199e+00
5.020558357238769531e+00
1.975966215133666992e+00
4.181647777557373047e+00
3.799252986907958984e+00
1.663251638412475586e+00
7.228999614715576172e+00
1.451990127563476562e+00
1.129805803298950195e+00
4.086554050445556641e+00
4.459164619445800781e+00
5.068903446197509766e+00
-7.890782952308654785e-01
7.849727869033813477e-01
4.101974487304687500e+00
4.330195426940917969e+00
-4.208016395568847656e-02
5.007306098937988281e+00
1.422296166419982910e+00
1.087968707084655762e+00
1.388036012649536133e+00
4.220865726470947266e+00
4.958942532539367676e-01
-8.262344598770141602e-01
1.579220175743103027e+00
4.506431818008422852e-01
1.304826974868774414e+00
1.959487795829772949e-01
-2.042812705039978027e-01
-2.550961971282958984e-01
3.217799425125122070e+00
2.411378860473632812e+00
7.419058680534362793e-01
1.193486452102661133e+00
3.008542299270629883e+00
3.889786899089813232e-01
1.523828029632568359e+00
3.219365358352661133e+00
2.847149610519409180e+00
4.130441188812255859e+00
1.857524156570434570e+00
2.960262775421142578e+00
2.753034353256225586e+00
5.279120445251464844e+00
7.267894744873046875e+00
1.903526186943054199e+00
3.669897556304931641e+00
3.154241800308227539e+00
2.768064498901367188e+00
2.079058647155761719e+00
-8.803987503051757812e-02
1.102653026580810547e+00
7.231211662292480469e-02
-4.232608675956726074e-01
1.400961160659790039e+00
2.836933135986328125e+00
3.907495975494384766e+00
6.492332220077514648e-01
3.238125562667846680e+00
1.340867280960083008e-01
5.764182567596435547e+00
2.029865026473999023e+00
3.969582557678222656e+00
1.965539455413818359e+00
2.412256717681884766e+00
3.142073869705200195e+00
2.299853414297103882e-02
4.209792613983154297e+00
4.969355463981628418e-01
3.236244916915893555e+00
6.428798675537109375e+00
4.180308818817138672e+00
-2.528388500213623047e-01
2.114814519882202148e+00
2.707274436950683594e+00
-1.417160928249359131e-01
2.094584107398986816e-01
2.996050119400024414e+00
-6.154658794403076172e-01
1.057928442955017090e+00
7.154894471168518066e-01
3.138030052185058594e+00
2.231703996658325195e+00
2.093081235885620117e+00
1.827709317207336426e+00
1.403679966926574707e+00
3.439523458480834961e+00
2.649605274200439453e+00
1.978551149368286133e+00
6.573705077171325684e-01
3.521187543869018555e+00
1.171909809112548828e+00
-9.334814548492431641e-01
2.125231504440307617e+00
-2.176649272441864014e-01
2.381099939346313477e+00
2.852977752685546875e+00
1.409907341003417969e+00
1.378572583198547363e+00
1.246357560157775879e+00
2.433640003204345703e+00
2.192813396453857422e+00
3.666614770889282227e+00
2.750679016113281250e+00
2.639648675918579102e+00
4.907158374786376953e+00
4.642304420471191406e+00
4.665650367736816406e+00
1.060969352722167969e+00
-1.238590478897094727e+00
1.997286558151245117e+00
4.031466245651245117e-01
1.700967311859130859e+00
4.192080020904541016e+00
4.906650781631469727e-01
1.135080814361572266e+00
-1.035101771354675293e+00
-1.553524374961853027e+00
4.650419950485229492e-01
-5.937083959579467773e-01
-5.364628434181213379e-01
2.513539791107177734e-01
-2.458769559860229492e+00
6.814061403274536133e-01
-5.988729596138000488e-01
1.391545891761779785e+00
2.994677305221557617e+00
-1.931887507438659668e+00
-3.795530796051025391e+00
-1.175814390182495117e+00
-2.073535680770874023e+00
1.554261565208435059e+00
-3.931888580322265625e+00
-1.852016448974609375e+00
-3.528326511383056641e+00
-2.250299692153930664e+00
2.896684408187866211e-01
-5.013721466064453125e+00
-7.253551483154296875e+00
-5.931057453155517578e+00
-2.994901657104492188e+00
-2.678656339645385742e+00
-3.106424570083618164e+00
-8.683322668075561523e-01
1.437562346458435059e+00
-5.591377615928649902e-01
-2.098337411880493164e+00
-1.724138736724853516e+00
-3.344083786010742188e+00
-6.050551414489746094e+00
-3.606871366500854492e+00
-3.225594997406005859e+00
-8.960538506507873535e-01
-2.003662824630737305e+00
-1.746991872787475586e+00
-4.134229660034179688e+00
-1.769843101501464844e-01
-2.451524972915649414e+00
-3.977728605270385742e+00
-5.627647399902343750e+00
2.563613653182983398e+00
7.506115734577178955e-02
-1.271479606628417969e+00
-2.663575410842895508e-01
1.132193088531494141e+00
-1.479344248771667480e+00
-1.279148697853088379e+00
-4.151740074157714844e+00
-2.387263059616088867e+00
6.946223974227905273e-02
-3.103738546371459961e+00
-6.074904799461364746e-01
5.915647029876708984e+00
7.387733459472656250e+00
1.740100979804992676e+00
1.413523197174072266e+00
2.601930141448974609e+00
3.680707812309265137e-01
4.999530315399169922e+00
2.460922002792358398e+00
-1.738847255706787109e+00
3.146468639373779297e+00
2.365297317504882812e+00
2.199192762374877930e+00
1.861474871635437012e+00
2.195851802825927734e+00
3.342763900756835938e+00
5.192306041717529297e+00
5.138324260711669922e+00
8.918270468711853027e-01
8.362811803817749023e-01
4.819360971450805664e-01
8.592703342437744141e-01
3.292115926742553711e+00
5.269951820373535156e-01
-2.723504543304443359e+00
-1.184996724128723145e+00
-2.308600187301635742e+00
4.010674357414245605e-01
-2.774905204772949219e+00
-4.456975460052490234e+00
-5.074265480041503906e+00
-1.332961440086364746e+00
-2.763598442077636719e+00
-3.380017280578613281e-01
-2.209312200546264648e+00
-3.775870561599731445e+00
-1.590522050857543945e+00
-3.181949853897094727e+00
1.020847439765930176e+00
-2.739905834197998047e+00
-2.778633594512939453e+00
-3.985722541809082031e+00
-2.034286022186279297e+00
-2.371902942657470703e+00
-3.455388307571411133e+00
-3.101701259613037109e+00
-4.285484313964843750e+00
3.720670342445373535e-01
4.426091909408569336e-01
-3.181461811065673828e+00
-3.043732166290283203e+00
-2.589745521545410156e-01
-1.588320732116699219e+00
-2.870864152908325195e+00
-9.699231982231140137e-01
1.307600498199462891e+00
-3.912172794342041016e+00
-9.297356605529785156e-01
1.840088963508605957e+00
4.657894372940063477e-01
-3.281922340393066406e+00
1.214404940605163574e+00
-1.921074271202087402e+00
1.406918525695800781e+00
1.206297039985656738e+00
-5.587571620941162109e+00
-2.963542938232421875e-01
1.453135728836059570e+00
-1.738327741622924805e+00
-8.571546077728271484e-01
-1.405543088912963867e-01
-3.419099152088165283e-01
-1.118841409683227539e+00
4.851730346679687500e+00
3.984300494194030762e-01
1.684973761439323425e-02
6.228438377380371094e+00
-3.078718185424804688e-01
-2.474567174911499023e+00
3.487880945205688477e+00
-4.241509914398193359e+00
2.372236728668212891e+00
-2.543761491775512695e+00
-3.644701242446899414e+00
-1.239494800567626953e+00
1.614716649055480957e-01
3.320612430572509766e+00
4.874841690063476562e+00
-2.418666362762451172e+00
3.775909423828125000e+00
2.784479141235351562e+00
2.831125259399414062e+00
-5.496442914009094238e-01
1.467033386230468750e+00
-2.766354084014892578e+00
2.732848167419433594e+00
6.951493263244628906e+00
-1.778416872024536133e+00
4.591177403926849365e-01
1.376795530319213867e+00
-7.109310030937194824e-01
1.315193176269531250e+00
7.964503765106201172e-02
3.766934871673583984e-01
-2.050451755523681641e+00
6.437329769134521484e+00
-1.153694033622741699e+00
1.387668848037719727e+00
-7.174314260482788086e-01
1.010919928550720215e+00
-1.071533203125000000e+00
-1.604846835136413574e+00
-2.483448505401611328e+00
2.365588188171386719e+00
4.721711635589599609e+00
7.473639249801635742e-01
-1.131336927413940430e+00
8.450393080711364746e-01
-9.315298199653625488e-01
3.471155881881713867e+00
1.035140633583068848e+00
3.273559570312500000e+00
-1.833362281322479248e-01
1.945261240005493164e+00
5.820103883743286133e-01
2.824865579605102539e-01
3.339080333709716797e+00
1.207695826888084412e-01
-3.685722827911376953e+00
-4.103025913238525391e+00
-2.113914728164672852e+00
-1.838470578193664551e+00
-1.891013979911804199e+00
-8.790188431739807129e-01
-2.434058189392089844e+00
-1.819270253181457520e+00
5.205591678619384766e+00
-1.602571606636047363e+00
1.470903515815734863e+00
-1.596819043159484863e+00
1.270622134208679199e+00
-6.638480424880981445e-01
-6.654274463653564453e-01
4.779916107654571533e-01
-2.376280069351196289e+00
4.237389087677001953e+00
-1.175919651985168457e+00
-2.481105089187622070e+00
-1.086923360824584961e+00
-1.462909817695617676e+00
-1.216287612915039062e-01
1.911083459854125977e+00
1.918130874633789062e+00
-5.364747047424316406e+00
1.127392888069152832e+00
-8.368079662322998047e-01
-2.943748235702514648e+00
-1.890983819961547852e+00
5.667394161224365234e+00
2.362198829650878906e-01
2.048002243041992188e+00
-1.992836475372314453e+00
2.211896657943725586e+00
3.306423664093017578e+00
3.099156618118286133e+00
5.892632603645324707e-01
1.878847599029541016e+00
-8.894534111022949219e-01
-7.338268756866455078e-01
-3.025435209274291992e+00
-1.077713727951049805e+00
2.068945646286010742e+00
2.990889787673950195e+00
-4.113208770751953125e+00
-5.386238098144531250e+00
-1.258131742477416992e+00
-7.160351276397705078e-01
4.730193614959716797e+00
-8.592591285705566406e-01
1.063526153564453125e+00
-1.096449732780456543e+00
3.158512830734252930e+00
4.214704036712646484e-03
-1.800969243049621582e+00
-1.049860715866088867e+00
5.934970378875732422e-01
-6.763892173767089844e-01
-9.607853889465332031e-01
-1.580184578895568848e+00
-3.217792510986328125e+00
-4.820282936096191406e+00
1.660056471824645996e+00
8.758996725082397461e-01
1.354047536849975586e+00
2.508120298385620117e+00
9.888905525207519531e+00
-4.319921493530273438e+00
-3.761796951293945312e+00
-2.559663295745849609e+00
4.320170402526855469e+00
-4.313790500164031982e-01
8.386571884155273438e+00
6.538784503936767578e-02
1.131523966789245605e+00
-2.136298656463623047e+00
1.102697372436523438e+00
-1.873263955116271973e+00
-1.682018160820007324e+00
-8.427451252937316895e-01
-1.365043640136718750e+00
-1.718468546867370605e+00
5.531179904937744141e+00
-5.396235466003417969e+00
-2.301634550094604492e+00
3.355853796005249023e+00
-6.831055283546447754e-01
-2.246481895446777344e+00
-1.001208543777465820e+00
9.327393174171447754e-01
1.234486818313598633e+00
9.731601476669311523e-01
3.027754068374633789e+00
-8.894001245498657227e-01
-9.833034276962280273e-01
1.699153542518615723e+00
-3.012297153472900391e+00
-3.509192228317260742e+00
-3.582945466041564941e-01
-2.975067377090454102e+00
-4.111604690551757812e+00
5.810861587524414062e-01
-1.492692470550537109e+00
-1.635671257972717285e+00
-3.654264926910400391e+00
5.578392744064331055e-01
-3.888173818588256836e+00
-2.083885669708251953e+00
-2.630292892456054688e+00
-2.768680095672607422e+00
-3.118808031082153320e+00
-4.599691629409790039e-01
1.862008333206176758e+00
-2.552366852760314941e-01
-2.387346506118774414e+00
-6.403846740722656250e-01
-4.291399002075195312e+00
1.313637256622314453e+00
2.543864965438842773e+00
8.841615915298461914e-02
-9.394898414611816406e-01
3.113537788391113281e+00
-2.782011270523071289e+00
-8.193756937980651855e-01
7.876440048217773438e+00
-1.499644279479980469e+00
-5.926364660263061523e-02
-6.747778654098510742e-01
2.216832160949707031e+00
3.490881025791168213e-01
1.579512238502502441e+00
-3.340060710906982422e+00
2.394717693328857422e+00
-2.219998359680175781e+00
3.834353089332580566e-01
-3.036426067352294922e+00
4.603244304656982422e+00
-4.135581493377685547e+00
-3.008963465690612793e-01
-1.651360511779785156e+00
-2.068459033966064453e+00
1.434437513351440430e+00
1.841575980186462402e+00
9.927967786788940430e-01
8.442236900329589844e+00
-1.602843761444091797e+00
-3.262019157409667969e-01
2.681601047515869141e-01
-1.711734056472778320e+00
3.367298603057861328e+00
-2.077321052551269531e+00
-2.109090089797973633e+00
1.348099589347839355e+00
5.920538902282714844e-01
1.312866926193237305e+00
-2.960874557495117188e+00
-2.992538213729858398e+00
-4.601858854293823242e-01
-1.988965034484863281e+00
-2.935426473617553711e+00
-3.504451274871826172e+00
-7.184125185012817383e-01
-1.926115751266479492e+00
-1.790488481521606445e+00
-2.381019592285156250e+00
-3.995189666748046875e+00
-1.493011355400085449e+00
-1.795636117458343506e-01
-4.013568878173828125e+00
5.398803710937500000e+00
1.921287536621093750e+00
4.582229137420654297e+00
4.593392848968505859e+00
1.506239652633666992e+00
-8.112214803695678711e-01
-2.918340921401977539e+00
1.510500550270080566e+00
-3.806400775909423828e+00
4.036647796630859375e+00
4.091497421264648438e+00
1.119658708572387695e+00
-2.726701259613037109e+00
2.506453037261962891e+00
-1.420968055725097656e+00
-1.289855003356933594e+00
-6.371227502822875977e-01
2.112916231155395508e+00
7.723219394683837891e-01
2.048415660858154297e+00
9.095547199249267578e-01
-1.930347442626953125e+00
7.207098007202148438e+00
3.060128092765808105e-01
-8.791807293891906738e-02
-1.204636812210083008e+00
1.014919400215148926e+00
-1.567627191543579102e-01
-1.997990131378173828e+00
-6.298559904098510742e-01
-8.729442358016967773e-01
1.495622694492340088e-01
3.277342319488525391e-01
2.659246325492858887e-01
-2.680896997451782227e+00
1.864625960588455200e-01
9.252656102180480957e-01
-6.000752925872802734e+00
-5.371326923370361328e+00
-4.178486824035644531e+00
1.777554869651794434e+00
2.276473045349121094e-01
1.587678194046020508e-01
1.096569895744323730e-01
1.025406360626220703e+00
-2.236857891082763672e+00
-1.157737970352172852e+00
-3.459157705307006836e+00
-2.273714542388916016e+00
-1.473728537559509277e+00
-1.367169260978698730e+00
-3.140822172164916992e+00
-1.874724388122558594e+00
1.695541381835937500e+00
3.252427816390991211e+00
-1.319676637649536133e+00
2.909373760223388672e+00
-1.639550924301147461e-01
-4.406870901584625244e-01
2.542757987976074219e-01
2.727758407592773438e+00
-6.260632872581481934e-01
1.152492761611938477e+00
2.585092484951019287e-01
3.346428632736206055e+00
3.677247047424316406e+00
-1.587023496627807617e+00
5.879662513732910156e+00
1.601429879665374756e-01
-3.903890252113342285e-01
-1.095044612884521484e-02
-2.872561693191528320e+00
1.073741674423217773e+00
4.115365505218505859e+00
-1.634444952011108398e+00
-3.919087648391723633e-01
-2.995259761810302734e+00
-1.879558086395263672e+00
-4.653793334960937500e+00
-3.052248954772949219e+00
2.934232234954833984e+00
-4.173956394195556641e+00
-1.006269335746765137e+00
-1.559795439243316650e-02
-3.901022195816040039e+00
9.397615432739257812e+00
-2.778281688690185547e+00
2.720994472503662109e+00
-2.517132282257080078e+00
7.538738250732421875e-01
-2.962710142135620117e+00
3.569995164871215820e-01
1.800018548965454102e+00
-4.970783233642578125e+00
6.204785346984863281e+00
-1.944558739662170410e+00
-3.921357691287994385e-01
1.192947864532470703e+00
-1.739883184432983398e+00
9.072858810424804688e+00
-3.364744663238525391e+00
8.484573364257812500e-01
-1.869758009910583496e+00
6.632882952690124512e-01
-2.953242540359497070e+00
7.130522727966308594e+00
-4.377671241760253906e+00
-9.904737472534179688e-01
-3.696507692337036133e+00
-7.100980758666992188e+00
1.053484439849853516e+00
-6.215775012969970703e-01
5.113654136657714844e+00
-1.267977356910705566e-01
5.990271091461181641e+00
-2.058815658092498779e-01
-2.729961395263671875e+00
-3.189466953277587891e+00
-1.986611366271972656e+00
5.445208549499511719e-01
3.442094564437866211e+00
-1.029426813125610352e+00
-3.324320793151855469e+00
-1.358306765556335449e+00
-2.356676816940307617e+00
-1.704003334045410156e+00
-5.515295267105102539e-02
-2.408491373062133789e+00
-1.434642791748046875e+00
2.484694719314575195e+00
-4.170619010925292969e+00
-2.187037467956542969e+00
2.931917905807495117e+00
3.408349752426147461e-01
7.789760828018188477e-02
-3.605297803878784180e+00
-3.171882629394531250e-01
-1.167899847030639648e+00
2.593877792358398438e+00
5.102250576019287109e+00
-2.297829627990722656e+00
4.559250771999359131e-01
-2.367265939712524414e+00
-2.340888977050781250e+00
-3.208074331283569336e+00
4.290593564510345459e-01
-6.792141199111938477e-01
-5.033920764923095703e+00
-1.783642053604125977e+00
1.350473165512084961e+00
1.134303092956542969e+00
9.655193090438842773e-01
4.944890737533569336e-02
-4.059129357337951660e-01
3.274466991424560547e-01
3.667678117752075195e+00
1.720630645751953125e+00
1.381044149398803711e+00
2.054325103759765625e+00
-3.380570411682128906e-01
3.880886077880859375e+00
5.342806577682495117e-01
-1.766366481781005859e+00
-2.087709665298461914e+00
1.058794260025024414e+00
7.163478136062622070e-01
-2.025541305541992188e+00
-1.716845035552978516e+00
-1.251098155975341797e+00
2.522731065750122070e+00
7.463752746582031250e+00
1.537413001060485840e+00
5.521191120147705078e+00
1.647225022315979004e-01
-1.997796535491943359e+00
-2.594341039657592773e+00
-2.525412797927856445e+00
-7.898361086845397949e-01
-4.694013595581054688e-01
-1.001889348030090332e+00
-5.419727563858032227e-01
-3.240819454193115234e+00
-1.507396936416625977e+00
-3.321526288986206055e+00
-2.158915758132934570e+00
-1.321257352828979492e+00
1.066667556762695312e+00
-7.704603672027587891e-01
8.661064147949218750e+00
3.656345844268798828e+00
-3.443661928176879883e+00
-4.244194984436035156e+00
-9.107877016067504883e-01
-6.038466691970825195e-01
-7.005960941314697266e-01
1.908708810806274414e+00
5.771206617355346680e-01
-2.384049892425537109e+00
-1.994576454162597656e-01
-1.108504056930541992e+00
3.277689695358276367e+00
3.113137722015380859e+00
-4.140655994415283203e-01
-2.879002809524536133e+00
2.133859395980834961e+00
2.606355428695678711e+00
4.755849361419677734e+00
3.055239439010620117e+00
1.166412353515625000e+00
-1.364265561103820801e+00
-1.393586874008178711e+00
-2.289422035217285156e+00
-1.341259002685546875e+00
-2.853565216064453125e-01
5.361740589141845703e-01
2.391149282455444336e+00
-1.100899934768676758e+00
3.478586912155151367e+00
7.406954765319824219e-01
9.093725681304931641e-01
1.409490704536437988e+00
2.014445304870605469e+00
3.024462223052978516e+00
-1.619011640548706055e+00
-1.929677248001098633e+00
-2.098122119903564453e+00
-1.097056865692138672e-01
-1.392169356346130371e+00
7.578921318054199219e-02
-5.433621406555175781e-01
-7.969661951065063477e-01
-9.907941818237304688e-01
3.993964910507202148e+00
-1.212280631065368652e+00
4.200483262538909912e-01
-5.958315134048461914e-01
1.544208288192749023e+00
-6.839979290962219238e-01
-2.414284229278564453e+00
-1.455726146697998047e+00
-2.479311704635620117e+00
-3.640821218490600586e+00
-1.523445606231689453e+00
2.049517631530761719e+00
-6.252573728561401367e-01
-1.343351960182189941e+00
-2.842401742935180664e+00
2.130217075347900391e+00
-2.492218315601348877e-01
5.283154010772705078e+00
-1.182986974716186523e+00
1.421914100646972656e-01
-2.233988940715789795e-01
-3.539868116378784180e+00
3.446409940719604492e+00
-3.973036766052246094e+00
3.057976961135864258e+00
6.377857685089111328e+00
-8.192406892776489258e-01
4.613706171512603760e-01
-2.176441192626953125e+00
-3.708495616912841797e+00
4.813771247863769531e+00
-3.223938703536987305e+00
-8.643745183944702148e-01
-3.861697673797607422e+00
-2.652778387069702148e+00
-3.485291004180908203e-01
8.988682031631469727e-01
-1.616212964057922363e+00
1.937519192695617676e+00
8.758489489555358887e-01
-3.329967260360717773e-01
-5.615097999572753906e+00
1.181002378463745117e+00
1.032545471191406250e+01
5.280720710754394531e+00
2.264587163925170898e+00
-2.040118694305419922e+00
2.249882221221923828e+00
3.282033920288085938e+00
1.582325220108032227e+00
-6.191606074571609497e-02
8.527026176452636719e-01
-4.751215457916259766e+00
4.057239532470703125e+00
-5.616724491119384766e-01
-1.103895187377929688e+00
-2.443582564592361450e-01
-1.548933267593383789e+00
-4.724988937377929688e+00
-7.812950611114501953e-01
-4.294911861419677734e+00
-9.300571680068969727e-01
-5.978757739067077637e-01
-5.781147956848144531e+00
-3.040485382080078125e+00
-2.147693634033203125e+00
-3.727299451828002930e+00
-4.703923225402832031e+00
-3.056622505187988281e+00
-4.605641365051269531e+00
-1.507163405418395996e+00
-1.561609864234924316e+00
-3.101109027862548828e+00
-4.656081199645996094e+00
-3.214483022689819336e+00
-3.887917041778564453e+00
-2.009286165237426758e+00
-3.792934894561767578e+00
-1.166172027587890625e+00
-2.542498826980590820e+00
-4.597343921661376953e+00
-3.523121595382690430e+00
-1.408397674560546875e+00
-5.236206531524658203e+00
-3.033455848693847656e+00
-1.978114604949951172e+00
-1.789161443710327148e+00
-2.603805541992187500e+00
-4.353459358215332031e+00
-1.472081899642944336e+00
3.154857635498046875e+00
-1.274753212928771973e+00
-2.153872013092041016e+00
-2.294023752212524414e+00
-3.252284526824951172e-01
-3.893226146697998047e+00
-2.701277971267700195e+00
-1.852289915084838867e+00
-1.789082288742065430e-01
-5.755988121032714844e+00
-1.118971347808837891e+00
-1.126725912094116211e+00
4.764815807342529297e+00
6.236229538917541504e-01
4.268442630767822266e+00
1.893122196197509766e+00
-4.610257148742675781e-01
2.686126708984375000e+00
1.230095148086547852e+00
3.391712188720703125e+00
4.127339839935302734e+00
2.966355323791503906e+00
1.433539271354675293e+00
3.295236825942993164e+00
-1.400817036628723145e-01
1.173548817634582520e+00
1.049021124839782715e+00
1.622678041458129883e+00
-1.669924497604370117e+00
-2.111994743347167969e+00
-3.327450037002563477e+00
-2.925423622131347656e+00
-4.378364562988281250e+00
-6.550775170326232910e-01
2.963717579841613770e-01
-4.170516014099121094e+00
-2.831455469131469727e+00
-2.856214046478271484e+00
-3.373342037200927734e+00
-4.710331439971923828e+00
-9.872826337814331055e-01
2.025724649429321289e-01
