2.786607146263122559e-01
1.589693307876586914e+00
-3.716902494430541992e+00
-9.265448451042175293e-01
-3.792646527290344238e-01
4.570446610450744629e-01
1.628519415855407715e+00
2.244873046875000000e-01
-7.860876917839050293e-01
5.378602743148803711e-01
-3.407081842422485352e+00
-2.347176790237426758e+00
-3.918013572692871094e+00
-3.409448146820068359e+00
7.013251185417175293e-01
-2.644884109497070312e+00
-6.249200820922851562e+00
-1.525782346725463867e+00
-1.303531885147094727e+00
-4.984894752502441406e+00
-6.390318870544433594e+00
-1.103933930397033691e+00
-2.475850880146026611e-01
-1.575509190559387207e+00
-1.355483293533325195e+00
-2.110422134399414062e+00
1.291176319122314453e+00
-2.561913728713989258e-01
2.835856437683105469e+00
3.552935123443603516e-01
-3.820189952850341797e+00
-8.765100240707397461e-01
-6.385196208953857422e+00
-4.235455393791198730e-01
1.222413778305053711e+00
-1.170316338539123535e+00
-2.541367769241333008e+00
-2.783008813858032227e+00
3.997819900512695312e+00
-3.536864757537841797e+00
-2.154899120330810547e+00
-3.100767374038696289e+00
-1.551575183868408203e+00
-5.482603549957275391e+00
-3.425580263137817383e-01
2.275965213775634766e+00
-1.737217664718627930e+00
-2.127721309661865234e+00
7.721568942070007324e-01
-1.431950092315673828e+00
5.158508419990539551e-01
1.414982438087463379e+00
9.293222427368164062e-01
-1.256026029586791992e+00
2.934724688529968262e-01
1.571106433868408203e+00
-1.929252147674560547e+00
-6.656285762786865234e+00
1.966591358184814453e+00
-4.919981956481933594e+00
2.243671894073486328e+00
3.853225231170654297e+00
3.804702758789062500e+00
-1.474096536636352539e+00
1.713115334510803223e+00
2.426962614059448242e+00
-3.341571986675262451e-01
-7.229113578796386719e-01
2.307373136281967163e-01
8.802419900894165039e-02
-3.661303997039794922e+00
-1.070511937141418457e+00
-3.577849149703979492e+00
-4.596257209777832031e-01
1.583449363708496094e+00
-2.846425056457519531e+00
2.116474628448486328e+00
3.980737686157226562e+00
-6.456772089004516602e-01
4.001612663269042969e-01
-1.303084611892700195e+00
-3.487596035003662109e+00
-2.123435974121093750e+00
-2.878824949264526367e+00
3.013205051422119141e+00
-4.000391960144042969e+00
-4.123165607452392578e-01
9.004149436950683594e-01
1.044978976249694824e+00
1.490261077880859375e+00
-8.206170797348022461e-02
-3.991163969039916992e+00
-5.438416004180908203e-01
-3.675013303756713867e+00
-1.282461404800415039e+00
-3.693824291229248047e+00
2.113338947296142578e+00
-2.111540794372558594e+00
-2.153225660324096680e+00
-3.210197210311889648e+00
-1.308932662010192871e+00
3.495398759841918945e+00
-5.019729614257812500e+00
-7.273527979850769043e-01
-5.059537887573242188e-01
-5.759172439575195312e+00
1.907338023185729980e+00
4.545744419097900391e+00
1.778603434562683105e+00
3.420057058334350586e+00
2.332696318626403809e-01
-3.109591007232666016e-01
-2.188495874404907227e+00
-7.610858678817749023e-01
-2.182827234268188477e+00
7.723081111907958984e-01
8.219445347785949707e-01
1.483230829238891602e+00
-9.380826354026794434e-01
-1.722391366958618164e+00
1.226322650909423828e-01
-1.284977912902832031e+00
-5.315279364585876465e-01
-7.592000961303710938e-01
1.688199758529663086e+00
-2.524508953094482422e+00
-4.292922019958496094e-01
-1.374587297439575195e+00
-2.390005588531494141e+00
-1.804038047790527344e+00
2.513181686401367188e+00
-2.352843046188354492e+00
2.361846446990966797e+00
-2.713886737823486328e+00
2.026890516281127930e-01
-5.978087902069091797e+00
-2.545753479003906250e+00
-3.153351783752441406e+00
-1.198124647140502930e+00
-5.796917915344238281e+00
-3.818824529647827148e+00
-4.588869571685791016e+00
-4.402152061462402344e+00
-6.339038848876953125e+00
3.856971263885498047e-01
-2.859800338745117188e+00
-5.151566028594970703e+00
-4.403130531311035156e+00
-4.427011013031005859e+00
2.062283039093017578e+00
-4.349310874938964844e+00
2.179304122924804688e+00
-2.002217531204223633e+00
2.464622020721435547e+00
2.312555789947509766e+00
3.633202016353607178e-01
1.525811672210693359e+00
2.712994575500488281e+00
7.388879656791687012e-01
2.218799352645874023e+00
9.607699513435363770e-01
-8.667074143886566162e-02
3.910327911376953125e+00
1.562622427940368652e+00
4.652150630950927734e+00
-3.444076478481292725e-01
2.231026649475097656e+00
3.239941120147705078e+00
4.666811466217041016e+00
2.058970451354980469e+00
2.922450542449951172e+00
5.635222196578979492e-01
1.523894190788269043e+00
1.881437897682189941e+00
1.264858990907669067e-01
1.278207302093505859e-01
7.579928636550903320e-01
-2.693402290344238281e+00
2.999520540237426758e+00
-2.059692889451980591e-01
7.719160318374633789e-01
3.643229246139526367e+00
3.634886503219604492e+00
1.506100416183471680e+00
1.180782914161682129e-01
2.418859958648681641e+00
-7.483965158462524414e-01
-3.745377659797668457e-01
2.320703268051147461e+00
-7.885439693927764893e-02
1.408895492553710938e+00
1.845100998878479004e+00
8.999398946762084961e-01
3.529818058013916016e-01
-1.689414381980895996e-01
8.862973451614379883e-01
1.075854659080505371e+00
2.876822233200073242e+00
1.714540123939514160e+00
2.858010768890380859e+00
-2.237610340118408203e+00
4.046449184417724609e+00
1.988735914230346680e+00
3.971186637878417969e+00
4.893118381500244141e+00
4.712393283843994141e-01
6.014979481697082520e-01
2.445367813110351562e+00
3.942957401275634766e+00
3.174526929855346680e+00
2.024454116821289062e+00
2.418549776077270508e+00
5.026313781738281250e+00
2.480799674987792969e+00
2.470290660858154297e+00
2.150125503540039062e+00
6.618286609649658203e+00
3.969429731369018555e+00
-9.848979115486145020e-01
3.416272878646850586e+00
9.587192535400390625e-01
1.464067220687866211e+00
4.195241451263427734e+00
-9.736192226409912109e-02
-3.290257930755615234e+00
5.893952846527099609e-01
1.142884731292724609e+00
2.611508846282958984e+00
3.712199926376342773e+00
2.565539121627807617e+00
-1.342645049095153809e+00
2.530214309692382812e+00
1.394494295120239258e+00
1.587126016616821289e+00
3.894280195236206055e+00
3.659105300903320312e-02
1.177906155586242676e+00
3.539628028869628906e+00
3.389815568923950195e+00
6.531525850296020508e-01
3.429699420928955078e+00
1.572417616844177246e+00
3.602588891983032227e+00
2.844456195831298828e+00
-1.275982856750488281e+00
2.665037155151367188e+00
2.770386457443237305e+00
4.375963687896728516e+00
1.430041074752807617e+00
2.521901845932006836e+00
-3.013283610343933105e-01
5.546638488769531250e+00
-2.982406377792358398e+00
1.873925685882568359e+00
3.704401016235351562e+00
4.482304096221923828e+00
1.513388752937316895e-02
5.086692333221435547e+00
-3.772431612014770508e-02
-1.025365829467773438e+00
-5.217392444610595703e-01
-2.217379331588745117e+00
-1.625871896743774414e+00
4.916923344135284424e-01
2.858613967895507812e+00
1.490342974662780762e+00
5.795658230781555176e-01
3.384283781051635742e-01
-1.376637935638427734e+00
1.019870638847351074e+00
2.894213676452636719e+00
3.105722427368164062e+00
1.842707633972167969e+00
1.628878951072692871e+00
3.731396436691284180e+00
-3.942766785621643066e-01
2.623257935047149658e-01
-2.435223579406738281e+00
-3.024252414703369141e+00
-2.749691903591156006e-01
1.262338519096374512e+00
-3.220184803009033203e+00
-3.542649447917938232e-01
-1.454123020172119141e+00
-2.747887611389160156e+00
-3.340870857238769531e+00
1.973577618598937988e+00
-2.777527570724487305e+00
-1.549175024032592773e+00
-2.143886566162109375e+00
1.693928241729736328e+00
1.008121967315673828e-01
6.989669799804687500e-01
1.897979974746704102e-01
2.393800258636474609e+00
2.394029378890991211e+00
4.590018272399902344e+00
-1.178656220436096191e+00
-2.787550449371337891e+00
-3.665740013122558594e+00
-1.755082130432128906e+00
-2.597011327743530273e+00
-1.571520209312438965e+00
8.655183315277099609e-01
-1.404644131660461426e+00
-4.301150798797607422e+00
-3.179383516311645508e+00
8.723115921020507812e-02
-3.221311569213867188e-01
2.742490172386169434e-01
2.822275161743164062e+00
-3.872564792633056641e+00
-5.591788768768310547e+00
-1.828370094299316406e-01
4.055632054805755615e-01
-1.392296791076660156e+00
-2.637809514999389648e+00
8.723467588424682617e-03
4.480662941932678223e-02
9.804175496101379395e-01
-5.238477706909179688e+00
-3.167862892150878906e+00
-5.581101894378662109e+00
-2.688969135284423828e+00
-5.833384513854980469e+00
-4.951807022094726562e+00
-5.207938194274902344e+00
1.318102002143859863e+00
-2.871623754501342773e+00
1.625231742858886719e+00
1.479512929916381836e+00
-1.857118368148803711e+00
9.316296577453613281e-01
3.073222339153289795e-01
-4.899827480316162109e+00
-4.011829376220703125e+00
4.284170269966125488e-02
-3.300407886505126953e+00
-5.234789848327636719e-02
4.943519592285156250e+00
4.221739292144775391e+00
6.842290878295898438e+00
5.637368679046630859e+00
2.557642936706542969e+00
-1.603262126445770264e-01
5.487286567687988281e+00
4.936343669891357422e+00
2.452745437622070312e+00
5.470909595489501953e+00
2.697628974914550781e+00
2.690575599670410156e+00
1.265448689460754395e+00
6.392726898193359375e-01
2.449077129364013672e+00
4.072965621948242188e+00
3.714207649230957031e+00
-8.248704075813293457e-01
-7.527476549148559570e-01
2.355368852615356445e+00
4.554047584533691406e-01
1.191654086112976074e+00
-1.926411390304565430e+00
1.797871112823486328e+00
-2.366480678319931030e-01
1.411475241184234619e-01
8.140296339988708496e-01
-2.582679271697998047e+00
-3.954099655151367188e+00
-2.509619951248168945e+00
-4.152620792388916016e+00
-2.538215637207031250e+00
-2.423415660858154297e+00
-6.187073230743408203e+00
-4.691236019134521484e+00
-3.226682424545288086e+00
-3.394298076629638672e+00
-7.836447954177856445e-01
-1.260118961334228516e+00
-2.909891128540039062e+00
-3.436415910720825195e+00
-1.313915610313415527e+00
-5.209480285644531250e+00
-1.561230659484863281e+00
-8.860829472541809082e-02
-3.231684923171997070e+00
5.839959621429443359e+00
3.716698646545410156e+00
2.363487005233764648e+00
2.547083377838134766e+00
-5.998660922050476074e-01
1.676812291145324707e+00
-4.801455140113830566e-01
1.936837553977966309e+00
5.168294906616210938e-02
2.036472797393798828e+00
3.024824380874633789e+00
4.758702754974365234e+00
1.278739571571350098e+00
1.181113243103027344e+00
2.452062606811523438e+00
-7.305172085762023926e-01
2.337577342987060547e-01
-7.150779962539672852e-01
-5.888979911804199219e+00
-2.100071907043457031e-01
4.817125797271728516e+00
1.794133633375167847e-01
-4.318355619907379150e-01
-3.390317440032958984e+00
1.422946333885192871e+00
3.357336997985839844e+00
3.031997442245483398e+00
-9.024636745452880859e-01
-1.500937491655349731e-01
1.783818483352661133e+00
-2.068478584289550781e+00
-4.438539147377014160e-01
4.980624675750732422e+00
-2.836200237274169922e+00
5.400665283203125000e+00
-1.486924648284912109e+00
-2.214323282241821289e+00
-1.219802975654602051e+00
-1.304312705993652344e+00
4.227018356323242188e+00
3.690069198608398438e+00
-3.843417882919311523e+00
1.897011995315551758e+00
-3.729897141456604004e-01
4.597167015075683594e+00
-1.558464646339416504e+00
-1.918325066566467285e+00
9.314497709274291992e-01
1.642626285552978516e+00
6.003069877624511719e+00
2.411942720413208008e+00
3.765226125717163086e+00
-2.698767662048339844e+00
2.303526401519775391e-01
-1.909928083419799805e+00
-3.378411769866943359e+00
1.409021854400634766e+00
-4.084682941436767578e+00
4.542586803436279297e+00
-1.201685786247253418e+00
-4.624526023864746094e+00
2.751753568649291992e+00
8.735433816909790039e-01
-4.261195659637451172e+00
1.093706011772155762e+00
-2.697544336318969727e+00
-3.394843101501464844e+00
1.339678645133972168e+00
-3.420072793960571289e-02
-3.952909469604492188e+00
2.162696599960327148e+00
-1.766541004180908203e+00
2.268311500549316406e+00
2.483457088470458984e+00
2.797645568847656250e+00
-4.159217357635498047e+00
-1.461288928985595703e-01
-3.579385280609130859e-01
4.145218849182128906e+00
3.972154617309570312e+00
2.304513454437255859e+00
-3.565943717956542969e+00
-1.123158216476440430e+00
-1.901302337646484375e+00
-2.273218631744384766e+00
1.044227719306945801e+00
-1.507565736770629883e+00
-1.502131462097167969e+00
-2.129386901855468750e+00
5.568103313446044922e+00
-1.569584310054779053e-01
2.953145027160644531e+00
-4.180841445922851562e+00
4.727772235870361328e+00
-5.040830135345458984e+00
-1.092387676239013672e+00
-4.577176570892333984e-01
-1.646387219429016113e+00
4.444151878356933594e+00
-6.653903961181640625e+00
-2.821166992187500000e+00
1.043596982955932617e+00
2.040826082229614258e-01
1.689313173294067383e+00
4.075064659118652344e+00
1.086349010467529297e+00
-6.241272926330566406e+00
4.688954830169677734e+00
-1.655259370803833008e+00
-6.296311378479003906e+00
8.455609083175659180e-01
-4.828624129295349121e-01
4.634495258331298828e+00
3.285886049270629883e+00
-3.614714860916137695e+00
1.743879914283752441e+00
-6.887723207473754883e-01
2.781963586807250977e+00
2.961175441741943359e-01
1.400106310844421387e+00
-2.963477849960327148e+00
-9.666483402252197266e-01
-4.807816743850708008e-01
-1.024252891540527344e+00
3.059493303298950195e+00
1.139815807342529297e+00
-2.624580621719360352e+00
-3.077622175216674805e+00
-1.214797258377075195e+00
-9.548541307449340820e-01
2.845445871353149414e+00
-1.143267035484313965e+00
5.891449451446533203e-01
2.282036304473876953e+00
3.033150196075439453e+00
5.115329027175903320e-01
-1.583820581436157227e+00
1.192097067832946777e+00
-7.481045722961425781e-01
-2.920148611068725586e+00
-6.358384609222412109e+00
-5.449776649475097656e-01
-1.666208863258361816e+00
-5.080536842346191406e+00
-1.129961013793945312e-02
6.403387069702148438e+00
2.382526874542236328e+00
-2.466938257217407227e+00
5.949532985687255859e+00
7.015383839607238770e-01
-7.549156665802001953e+00
-2.107506990432739258e+00
1.974205970764160156e+00
3.188426017761230469e+00
1.112338638305664062e+01
-2.982264995574951172e+00
-4.724617600440979004e-01
2.739281654357910156e+00
-2.754280567169189453e+00
-8.720597624778747559e-01
1.047698497772216797e+00
-2.971965074539184570e+00
8.519418239593505859e-01
-3.641882896423339844e+00
7.094952583312988281e+00
-6.364592552185058594e+00
-1.395950078964233398e+00
5.848705291748046875e+00
2.057403326034545898e-02
-9.639704823493957520e-01
1.021203398704528809e+00
7.006125450134277344e+00
-3.152639865875244141e-01
-1.108222007751464844e+00
-8.492127060890197754e-01
3.855969429016113281e+00
-4.131559848785400391e+00
6.207621574401855469e+00
-1.159999489784240723e+00
-1.067612171173095703e+00
3.366671323776245117e+00
-3.536816596984863281e+00
-5.925929546356201172e+00
-4.188247919082641602e-01
1.248279809951782227e+00
1.079906076192855835e-01
-5.898195743560791016e+00
3.774476528167724609e+00
-3.132344007492065430e+00
-7.998772263526916504e-01
-3.261957168579101562e+00
1.154456734657287598e+00
-3.727209091186523438e+00
-1.962920904159545898e+00
2.368570804595947266e+00
2.775981426239013672e+00
4.047390222549438477e-01
-9.550154209136962891e-01
-4.996959686279296875e+00
1.973254203796386719e+00
2.274018526077270508e+00
-4.886483848094940186e-01
-4.930685520172119141e+00
2.498902797698974609e+00
-1.014789700508117676e+00
-3.165107965469360352e+00
6.599443912506103516e+00
-2.028059005737304688e+00
1.353461623191833496e+00
-4.465065956115722656e+00
-2.269155502319335938e+00
-1.982543945312500000e+00
-8.411377668380737305e-01
1.668438673019409180e+00
4.608276844024658203e+00
-3.753383159637451172e-01
-7.896313667297363281e-01
-4.429634511470794678e-01
1.081309199333190918e+00
-1.864068269729614258e+00
-1.452259778976440430e+00
-2.996717691421508789e+00
-4.097195148468017578e+00
3.196778774261474609e+00
1.836648344993591309e+00
3.800335884094238281e+00
8.931498527526855469e+00
-1.299591302871704102e+00
-3.376452922821044922e+00
-4.137145876884460449e-01
-3.571513891220092773e+00
3.865283012390136719e+00
2.558177471160888672e+00
-2.728517055511474609e+00
2.185076236724853516e+00
2.283415317535400391e+00
8.266505002975463867e-01
-2.506124377250671387e-01
-2.945255994796752930e+00
-3.194331407546997070e+00
-1.690407633781433105e+00
-1.893331766128540039e+00
8.113354444503784180e-01
-1.617816567420959473e+00
1.016291618347167969e+00
-1.137352228164672852e+00
2.260015487670898438e+00
1.109246492385864258e+00
4.148817062377929688e-02
-9.183543324470520020e-01
-3.222820997238159180e+00
2.128078937530517578e+00
1.571435928344726562e+00
5.346454977989196777e-01
-3.177664875984191895e-01
1.018412351608276367e+00
4.993085861206054688e-01
3.008319139480590820e-01
-1.166693925857543945e+00
-7.774147987365722656e-01
3.851403474807739258e+00
4.741304397583007812e+00
1.632872939109802246e+00
-2.379302978515625000e+00
2.896271049976348877e-01
-1.660541176795959473e+00
1.087638139724731445e+00
-9.945883750915527344e-01
2.465342521667480469e+00
8.811618685722351074e-01
4.056379497051239014e-01
4.894967973232269287e-01
-1.059887886047363281e+00
4.106307983398437500e+00
1.152595639228820801e+00
2.461782455444335938e+00
2.392611503601074219e-01
1.004856586456298828e+00
1.435031056404113770e+00
1.438159227371215820e+00
-2.287478685379028320e+00
-2.376255989074707031e+00
-1.087051033973693848e+00
2.703222274780273438e+00
7.392652988433837891e+00
-3.314059734344482422e+00
9.065167307853698730e-01
4.979688525199890137e-01
-4.973917484283447266e+00
9.833627939224243164e-02
-1.339491605758666992e+00
1.489618122577667236e-01
-5.287203311920166016e+00
1.450127124786376953e+00
6.090746521949768066e-01
2.242699861526489258e-01
-2.086984395980834961e+00
-2.026126384735107422e+00
1.413284420967102051e+00
-3.275144577026367188e+00
-1.488312959671020508e+00
-2.381207227706909180e+00
8.905796408653259277e-01
3.595695495605468750e+00
-1.221559524536132812e+00
2.327330112457275391e-01
-4.397755861282348633e-01
2.702893257141113281e+00
-2.149183988571166992e+00
-2.755189418792724609e+00
3.693773269653320312e+00
4.196227550506591797e+00
1.704862833023071289e+00
4.606801033020019531e+00
1.006784200668334961e+00
3.532812595367431641e+00
2.268083333969116211e+00
6.314401030540466309e-01
-9.608865976333618164e-01
4.452619075775146484e+00
-3.479513525962829590e-01
-3.952123641967773438e+00
-2.901204109191894531e+00
-1.191284179687500000e+00
4.167870044708251953e+00
-2.660594224929809570e+00
-1.132193446159362793e+00
-1.233639955520629883e+00
-2.288085222244262695e+00
-1.087502241134643555e+00
-7.407941818237304688e+00
3.237509250640869141e+00
-1.553710103034973145e+00
6.421288847923278809e-02
3.173094987869262695e-01
-1.697733879089355469e+00
6.362620353698730469e+00
-2.086989402770996094e+00
4.151841402053833008e-01
-4.673799037933349609e+00
-5.077843666076660156e-01
-5.130363464355468750e+00
3.671419620513916016e-02
3.567288398742675781e+00
-4.156216144561767578e+00
3.400429964065551758e+00
-7.008957862854003906e-02
-4.523330330848693848e-01
-7.313541173934936523e-01
1.935689449310302734e+00
9.697554588317871094e+00
-5.477489829063415527e-01
-2.594305038452148438e+00
-1.424450993537902832e+00
-3.922722339630126953e-01
-4.661193847656250000e+00
8.838814735412597656e+00
-1.206790685653686523e+00
1.172952413558959961e+00
-4.202228069305419922e+00
-6.213436603546142578e+00
4.858412146568298340e-01
-3.018511056900024414e+00
1.111318349838256836e+00
2.169991254806518555e+00
7.095842838287353516e+00
1.592295527458190918e+00
-6.196928024291992188e-01
-2.882888793945312500e+00
-1.911592245101928711e+00
-9.031279087066650391e-01
1.816430687904357910e+00
6.171489953994750977e-01
-3.737499475479125977e+00
6.962268352508544922e-01
-2.881025791168212891e+00
4.602427780628204346e-01
-2.569569349288940430e+00
-5.864967107772827148e-01
2.787485718727111816e-01
-1.540904283523559570e+00
-2.876325845718383789e+00
8.638579249382019043e-01
3.156638145446777344e+00
-1.325752854347229004e+00
-8.659045696258544922e-01
-1.478861093521118164e+00
7.351316452026367188e+00
-2.445300817489624023e+00
8.650903105735778809e-01
1.675901055335998535e+00
-1.625258922576904297e+00
-3.189110517501831055e+00
-1.905537486076354980e+00
2.155923843383789062e+00
-5.939335346221923828e+00
1.968863129615783691e+00
8.300579786300659180e-01
-1.300326943397521973e+00
8.951600193977355957e-01
1.530508399009704590e-01
-3.653803169727325439e-01
-2.669085502624511719e+00
2.995579481124877930e+00
2.079975128173828125e+00
-2.146490097045898438e+00
3.560764312744140625e+00
1.756658792495727539e+00
8.411632180213928223e-01
3.423812866210937500e+00
7.177027463912963867e-01
2.227876424789428711e+00
-3.278682231903076172e-01
-5.144678592681884766e+00
-4.384553432464599609e-01
5.817657113075256348e-01
-1.987802386283874512e-01
-4.531766891479492188e+00
-2.479257106781005859e+00
-4.787195205688476562e+00
1.853943824768066406e+00
2.955753564834594727e+00
2.979793846607208252e-01
1.929261684417724609e-01
5.109225511550903320e-01
-4.382478237152099609e+00
-1.203559875488281250e+00
-1.602959632873535156e+00
-3.966464519500732422e+00
-3.956856966018676758e+00
2.454072713851928711e+00
-1.234092593193054199e+00
-5.158880352973937988e-01
7.355664968490600586e-01
-1.990260481834411621e-01
-8.670684099197387695e-01
-3.033367156982421875e+00
5.560452938079833984e-01
-3.113090038299560547e+00
8.108585357666015625e+00
1.849280834197998047e+00
-1.351602911949157715e+00
-4.139543056488037109e+00
2.577745437622070312e+00
2.717241525650024414e+00
-1.233072161674499512e+00
2.944166183471679688e+00
-1.212039351463317871e+00
-3.078453540802001953e+00
2.964966773986816406e+00
-6.437650680541992188e+00
2.544290065765380859e+00
4.077488899230957031e+00
1.793455481529235840e+00
-6.187449693679809570e-01
6.794780492782592773e-02
1.831843852996826172e-01
-2.370084524154663086e+00
1.033649325370788574e+00
7.374620437622070312e-01
-7.812646627426147461e-01
-3.530505657196044922e+00
-2.908669710159301758e+00
-5.569990873336791992e-01
-8.813036680221557617e-01
8.966615200042724609e-01
4.518134593963623047e+00
3.038451910018920898e+00
-1.292179942131042480e+00
5.217448711395263672e+00
8.587845563888549805e-01
-1.546933531761169434e+00
1.412914991378784180e+00
4.281749725341796875e+00
2.349776268005371094e+00
-2.948834180831909180e+00
-4.406684935092926025e-01
-1.207926750183105469e+00
-8.881068229675292969e-01
5.320507287979125977e-01
2.048649311065673828e+00
1.627544879913330078e+00
-8.701139688491821289e-01
3.211164474487304688e+00
-2.394957065582275391e+00
-4.904115200042724609e-01
-3.114123106002807617e+00
8.392921686172485352e-01
5.721703171730041504e-01
-9.907052516937255859e-01
5.004588365554809570e-01
1.006958246231079102e+00
-2.850108146667480469e+00
-3.037674665451049805e+00
3.051839828491210938e+00
1.666906356811523438e+00
8.294246792793273926e-01
-8.416557908058166504e-01
9.139260053634643555e-01
-3.596862256526947021e-01
4.194434165954589844e+00
-2.879799008369445801e-01
-4.562936723232269287e-01
2.977227687835693359e+00
8.610017299652099609e-01
3.744027853012084961e+00
-6.690126061439514160e-01
2.071308851242065430e+00
5.692226409912109375e+00
1.867768049240112305e+00
-1.508687376976013184e+00
-3.355187654495239258e+00
-1.856146931648254395e+00
3.947239160537719727e+00
-3.852830231189727783e-01
2.091693878173828125e+00
-2.989639520645141602e+00
9.029679298400878906e-01
-2.775247097015380859e+00
7.397648811340332031e+00
-5.641602277755737305e-01
7.916120290756225586e-01
1.357211828231811523e+00
-3.809899687767028809e-01
-8.694642066955566406e+00
1.710998773574829102e+00
6.238291263580322266e+00
4.963955879211425781e+00
3.075658082962036133e+00
-3.875348567962646484e+00
2.911067605018615723e-01
4.225200653076171875e+00
4.625031352043151855e-01
-5.607221722602844238e-01
1.225662708282470703e+00
2.869111001491546631e-01
4.024811267852783203e+00
2.343324184417724609e+00
-2.607874393463134766e+00
-4.121857643127441406e+00
-7.457557916641235352e-01
-6.042828559875488281e+00
-2.856407403945922852e+00
-2.366174936294555664e+00
2.451301097869873047e+00
-3.578103303909301758e+00
-6.800066947937011719e+00
1.697847366333007812e+00
-3.871312618255615234e+00
-2.745424270629882812e+00
-6.329504013061523438e+00
-2.276978015899658203e+00
-4.338802814483642578e+00
-2.665326118469238281e+00
-3.240664720535278320e+00
-4.820966720581054688e+00
-6.353957653045654297e+00
-4.351190567016601562e+00
-2.500757694244384766e+00
-1.690374255180358887e+00
-4.050668716430664062e+00
-9.327086210250854492e-01
-1.925006270408630371e+00
-2.685016632080078125e+00
-1.022188425064086914e+00
3.793457150459289551e-01
-1.382365465164184570e+00
-2.495400905609130859e+00
-5.676679611206054688e+00
-1.825035095214843750e+00
-2.971063613891601562e+00
-5.180701255798339844e+00
-2.590663671493530273e+00
2.658160686492919922e+00
-2.531385421752929688e+00
-3.861533164978027344e+00
-4.282326221466064453e+00
-3.131445646286010742e+00
-3.099845170974731445e+00
-4.495285987854003906e+00
-4.080358028411865234e+00
2.996765613555908203e+00
-3.249508380889892578e+00
2.430157184600830078e+00
-1.173232316970825195e+00
2.107027053833007812e+00
3.161189317703247070e+00
2.416115999221801758e+00
3.341623783111572266e+00
-7.523658871650695801e-01
4.065836906433105469e+00
-2.505741119384765625e+00
8.141742944717407227e-01
2.468548417091369629e-01
4.404907226562500000e+00
-7.114827036857604980e-01
2.144839525222778320e+00
2.823871374130249023e-02
5.158555984497070312e+00
3.703026771545410156e+00
-4.413361549377441406e-01
-4.485540390014648438e+00
-1.097857713699340820e+00
-3.746226072311401367e+00
-6.871638298034667969e-01
-5.872732639312744141e+00
2.098032236099243164e+00
-1.671096801757812500e+00
-5.380402088165283203e+00
-4.459005832672119141e+00
-2.255580425262451172e+00
-4.540862083435058594e+00
-1.573989152908325195e+00
7.010028362274169922e-01
3.886172771453857422e+00
