6.009724140167236328e-01
2.176440000534057617e+00
-1.591954469680786133e+00
-7.788786888122558594e-01
4.074400901794433594e+00
-9.759674668312072754e-01
2.837365627288818359e+00
8.249672651290893555e-01
1.394832968711853027e+00
-3.685897588729858398e-01
-2.961279869079589844e+00
-1.491454362869262695e+00
-2.018958926200866699e-01
-2.191266417503356934e-02
-6.250876188278198242e-01
-3.309150934219360352e+00
-2.475945711135864258e+00
9.625571966171264648e-01
-5.448508262634277344e-01
-1.333620071411132812e+00
-2.294337511062622070e+00
8.019363880157470703e-01
-4.833139777183532715e-01
-4.618939161300659180e-01
1.121252775192260742e+00
-2.154149293899536133e+00
-5.539214015007019043e-01
-1.576648950576782227e+00
-2.019851058721542358e-01
-1.078593730926513672e-01
-1.995958447456359863e+00
-5.393910408020019531e-02
-4.336374282836914062e+00
-4.252639770507812500e+00
-1.581109285354614258e+00
-2.425940513610839844e+00
-2.397191524505615234e+00
-3.313361406326293945e-01
3.490098953247070312e+00
-1.603099346160888672e+00
-1.229276895523071289e+00
-3.355548381805419922e+00
-4.133500099182128906e+00
-2.835014343261718750e+00
-7.751334905624389648e-01
1.117887496948242188e+00
-9.714059829711914062e-01
-2.034422636032104492e+00
6.399918198585510254e-01
-1.287738680839538574e+00
3.506516456604003906e+00
8.833698034286499023e-01
-1.803821921348571777e+00
-3.351275205612182617e+00
-6.417056322097778320e-01
-1.055618762969970703e+00
-2.080717086791992188e+00
-6.935050487518310547e+00
-6.019662618637084961e-01
-4.283681392669677734e+00
-1.465816497802734375e+00
1.038763284683227539e+00
1.113547086715698242e+00
-4.982007503509521484e+00
-2.023451089859008789e+00
-3.033944368362426758e+00
-4.846901893615722656e-01
-3.050515353679656982e-01
7.600165605545043945e-01
-3.945492744445800781e+00
-3.605257034301757812e+00
-7.816941142082214355e-01
-2.521163702011108398e+00
-1.466790080070495605e+00
-2.230165898799896240e-01
-3.357742547988891602e+00
-2.475797176361083984e+00
1.136011958122253418e+00
-1.377357363700866699e+00
-1.859908342361450195e+00
-4.375345706939697266e-01
-2.728559494018554688e+00
-1.676907420158386230e+00
-2.910595417022705078e+00
1.898045897483825684e+00
-5.493620395660400391e+00
-1.637095928192138672e+00
-5.117655992507934570e-01
2.274782657623291016e+00
5.008395671844482422e+00
-1.311926126480102539e+00
-1.791320323944091797e+00
1.422305941581726074e+00
-1.914988279342651367e+00
5.849342942237854004e-01
-4.747432231903076172e+00
2.687465190887451172e+00
-1.977250337600708008e+00
-1.512789726257324219e+00
-5.567142963409423828e-01
-3.931061029434204102e-01
-1.091521739959716797e+00
-7.235781669616699219e+00
-8.217195868492126465e-01
-3.599185645580291748e-01
-5.054156780242919922e+00
-1.921698570251464844e+00
1.978066802024841309e+00
-9.125241637229919434e-02
5.709641575813293457e-01
9.393684267997741699e-01
-1.331747889518737793e+00
-1.758860588073730469e+00
-9.001973867416381836e-01
-3.370621919631958008e+00
-1.733959913253784180e-01
-3.048115730285644531e+00
2.877491712570190430e+00
-3.422638416290283203e+00
-5.034230709075927734e+00
-4.814661026000976562e+00
-4.003232479095458984e+00
-2.442429780960083008e+00
-2.807164192199707031e+00
-5.108979940414428711e-01
-4.080690383911132812e+00
-1.762892127037048340e+00
1.620035171508789062e+00
-9.157840609550476074e-01
1.917321205139160156e+00
4.474710941314697266e+00
-6.631224155426025391e-01
5.796700477600097656e+00
7.541180849075317383e-01
3.538312435150146484e+00
-1.537391781806945801e+00
-2.565199375152587891e+00
-8.825841546058654785e-01
-7.483363151550292969e-02
-3.671927213668823242e+00
6.862900257110595703e-01
7.009609937667846680e-01
-2.417588233947753906e+00
-2.368604660034179688e+00
7.962129116058349609e-01
-3.156656980514526367e+00
-2.947485685348510742e+00
-6.604033470153808594e+00
-2.217239618301391602e+00
7.564554214477539062e-01
-3.359371423721313477e+00
3.836827754974365234e+00
-2.407288551330566406e-01
4.462826728820800781e+00
5.814490914344787598e-01
3.520413637161254883e+00
3.181343078613281250e+00
6.666685581207275391e+00
4.712447643280029297e+00
-1.321563959121704102e+00
6.605550646781921387e-01
6.520525813102722168e-01
3.657451868057250977e+00
-2.244094610214233398e+00
1.790663957595825195e+00
-8.533374071121215820e-01
2.763686180114746094e+00
1.705363392829895020e+00
2.248834609985351562e+00
-8.767551779747009277e-01
9.958975017070770264e-03
1.497967839241027832e+00
2.328760385513305664e+00
2.901320695877075195e+00
-7.680009603500366211e-01
-1.879496455192565918e+00
7.515857219696044922e-01
-2.529005527496337891e+00
1.409575223922729492e+00
-1.366818070411682129e+00
-4.022150337696075439e-01
2.385183811187744141e+00
-1.976245760917663574e+00
1.164479255676269531e+00
-1.039109230041503906e+00
2.242028951644897461e+00
3.414274454116821289e-01
3.345765471458435059e-01
8.904548883438110352e-01
-1.397864818572998047e+00
1.341569900512695312e+00
-2.215706825256347656e+00
9.847366213798522949e-01
8.568147420883178711e-01
-6.166115999221801758e-01
2.178398132324218750e+00
-6.877906918525695801e-01
9.384028911590576172e-01
-3.033720016479492188e+00
4.310734272003173828e+00
3.199555575847625732e-01
3.012971639633178711e+00
2.183670401573181152e-01
5.296019077301025391e+00
6.158257484436035156e+00
-7.649874091148376465e-01
5.652855038642883301e-01
6.783559322357177734e-01
3.336784839630126953e+00
2.575194835662841797e-01
2.172395944595336914e+00
8.927780389785766602e-01
2.551870822906494141e+00
-1.132116317749023438e+00
-1.101558446884155273e+00
1.559529542922973633e+00
2.923860549926757812e+00
3.288619041442871094e+00
-1.490723609924316406e+00
9.929018020629882812e-01
-6.958775520324707031e-01
1.728187322616577148e+00
4.716098308563232422e+00
1.475509762763977051e+00
-8.475729823112487793e-02
-2.818121194839477539e+00
9.435437321662902832e-01
2.512278854846954346e-01
2.993748426437377930e+00
1.817621707916259766e+00
-7.363060712814331055e-01
2.109935045242309570e+00
2.061665296554565430e+00
-6.029680967330932617e-01
7.831233739852905273e-02
-3.342153787612915039e+00
-1.844903230667114258e+00
3.441546916961669922e+00
1.827178955078125000e+00
-6.657571792602539062e-01
2.364430904388427734e+00
1.522521853446960449e+00
3.263932704925537109e+00
2.027047634124755859e+00
-1.421990036964416504e+00
2.866051197052001953e+00
1.520694971084594727e+00
4.560321331024169922e+00
2.438926696777343750e+00
3.067724943161010742e+00
9.453678727149963379e-01
3.477842569351196289e+00
1.267937541007995605e+00
4.713351249694824219e+00
2.982578754425048828e+00
-1.016043901443481445e+00
8.013728260993957520e-01
4.400333881378173828e+00
3.032052516937255859e+00
2.480861663818359375e+00
7.873562574386596680e-01
-1.826807618141174316e+00
3.737770915031433105e-01
2.854978561401367188e+00
4.475047111511230469e+00
3.288610935211181641e+00
2.347517013549804688e+00
3.529375553131103516e+00
-1.353975534439086914e-01
5.731160640716552734e-01
2.162810087203979492e+00
1.275329470634460449e+00
1.975664973258972168e+00
-1.278321385383605957e+00
2.780505180358886719e+00
-1.129332423210144043e+00
-2.323596715927124023e+00
7.660419940948486328e-01
2.092920780181884766e+00
1.915815830230712891e+00
1.783315181732177734e+00
6.680195331573486328e-01
2.021505117416381836e+00
2.680965185165405273e+00
1.536428451538085938e+00
1.609824061393737793e+00
3.652221202850341797e+00
1.940297722816467285e+00
1.984875798225402832e-01
-2.310118973255157471e-01
-2.596470117568969727e-01
-1.344958662986755371e+00
3.692960023880004883e+00
-1.193777561187744141e+00
-1.158314228057861328e+00
2.554665565490722656e+00
4.823004603385925293e-01
-1.523899674415588379e+00
-3.209614515304565430e+00
-4.890817165374755859e+00
-3.317882537841796875e+00
-2.997635126113891602e+00
-3.846973419189453125e+00
-3.923423051834106445e+00
-3.181413888931274414e+00
-5.166112422943115234e+00
-2.211099386215209961e+00
-3.446941375732421875e+00
-9.715194702148437500e-01
4.016200900077819824e-01
3.053613662719726562e+00
1.609767436981201172e+00
-1.657920479774475098e+00
4.052311182022094727e-01
1.141852140426635742e+00
3.025265336036682129e-01
-1.244944572448730469e+00
-8.106408119201660156e-01
-5.882318019866943359e-01
1.439175605773925781e-01
-3.152701377868652344e+00
-2.883853912353515625e-01
-2.023657321929931641e+00
4.566788673400878906e-03
-1.695418357849121094e+00
-3.358588695526123047e+00
-1.309965372085571289e+00
9.001497030258178711e-01
-2.084980726242065430e+00
-1.645246386528015137e+00
6.132615804672241211e-01
5.077030658721923828e-01
3.087363243103027344e+00
8.046883344650268555e-01
-5.050220012664794922e+00
-2.300335168838500977e+00
-2.810395717620849609e+00
-4.173584461212158203e+00
1.236584901809692383e+00
2.635294198989868164e+00
3.880597114562988281e+00
8.348264098167419434e-01
5.040914416313171387e-01
2.407478332519531250e+00
-1.158305406570434570e+00
1.865222930908203125e+00
-8.653829991817474365e-02
-1.085045456886291504e+00
9.150446653366088867e-01
3.570921123027801514e-01
-2.446567535400390625e+00
-2.041958332061767578e+00
-1.858906984329223633e+00
1.074253678321838379e+00
3.079160451889038086e-01
9.138113260269165039e-01
2.048173666000366211e+00
3.511193990707397461e+00
2.859208583831787109e+00
2.196293830871582031e+00
-1.000821113586425781e+00
2.012764453887939453e+00
-4.244613170623779297e+00
-9.640519022941589355e-01
1.358824670314788818e-01
-5.244213938713073730e-01
-2.069888591766357422e+00
-5.729546070098876953e+00
-5.565237402915954590e-01
-2.020828723907470703e-01
-1.137890696525573730e+00
-1.803887128829956055e+00
-6.526120662689208984e+00
-4.348976135253906250e+00
-2.510601758956909180e+00
-2.431690931320190430e+00
4.435657262802124023e-01
-1.004436254501342773e+00
-1.245638132095336914e+00
-1.581641435623168945e+00
6.570042371749877930e-01
-1.326806783676147461e+00
-8.646382689476013184e-01
2.399185180664062500e+00
7.615499496459960938e-01
1.834953308105468750e+00
1.485444307327270508e-01
2.335552692413330078e+00
8.353471755981445312e-01
-9.375023245811462402e-01
-3.437594652175903320e+00
1.390954852104187012e+00
-1.114425659179687500e+00
1.027022600173950195e+00
2.681058645248413086e-01
-2.874317169189453125e-01
4.465310573577880859e+00
-2.619061946868896484e+00
1.234889507293701172e+00
8.220663070678710938e-01
-3.430444478988647461e+00
-2.570216178894042969e+00
1.127223372459411621e+00
-2.685167551040649414e+00
6.492424011230468750e-01
4.249651908874511719e+00
6.994088888168334961e-01
-3.825656771659851074e-01
-3.724367618560791016e+00
5.400486946105957031e+00
-2.851932644844055176e-01
3.654740750789642334e-01
-1.518529415130615234e+00
1.253801822662353516e+00
1.161342620849609375e+00
-3.427164077758789062e+00
-1.781150102615356445e+00
4.865024566650390625e+00
-6.727063655853271484e-02
2.917775154113769531e+00
4.645561873912811279e-01
-2.637403249740600586e+00
-5.359070897102355957e-01
-2.558182954788208008e+00
5.082117080688476562e+00
2.621458768844604492e+00
-9.994292259216308594e-02
1.492815017700195312e+00
2.063701629638671875e+00
3.699349403381347656e+00
-2.611665964126586914e+00
-7.140493392944335938e-01
-3.281701803207397461e-01
-1.810461997985839844e+00
1.382610082626342773e+00
4.228369235992431641e+00
3.618736028671264648e+00
-1.576710939407348633e+00
-1.156230688095092773e+00
-1.723899126052856445e+00
-3.211901664733886719e+00
2.486450433731079102e+00
-1.552876710891723633e+00
5.220791339874267578e+00
-1.499748229980468750e-02
-2.380362987518310547e+00
2.276869297027587891e+00
1.426739931106567383e+00
-1.047316670417785645e+00
-6.315809488296508789e-02
-2.177888870239257812e+00
-1.196872472763061523e+00
-1.898194849491119385e-01
-1.006564617156982422e+00
-4.030800342559814453e+00
-2.025153875350952148e+00
-7.578922510147094727e-01
4.472315311431884766e+00
-1.080426931381225586e+00
2.173444509506225586e+00
-5.634757995605468750e+00
3.031169414520263672e+00
2.069369554519653320e+00
5.655621886253356934e-01
1.032697200775146484e+00
6.329930424690246582e-01
-3.337242603302001953e+00
-4.036672115325927734e+00
3.945234119892120361e-01
-1.810374498367309570e+00
3.615206718444824219e+00
4.372923076152801514e-02
-1.799709796905517578e+00
9.095693230628967285e-01
4.336009502410888672e+00
2.158923387527465820e+00
8.073074340820312500e+00
-1.780508637428283691e+00
3.572812557220458984e+00
-5.374097347259521484e+00
1.265889763832092285e+00
1.249621033668518066e+00
-3.490275621414184570e+00
2.122424602508544922e+00
-2.765707254409790039e+00
-4.506428241729736328e+00
3.926460742950439453e+00
9.127873182296752930e-01
2.119828939437866211e+00
1.689568996429443359e+00
2.151455879211425781e+00
-4.021503925323486328e+00
-5.037707090377807617e-01
2.590789496898651123e-01
-2.435499131679534912e-01
1.392254114151000977e+00
1.742142796516418457e+00
2.843026638031005859e+00
1.918378353118896484e+00
-8.842207193374633789e-01
7.943264245986938477e-01
-1.712736487388610840e+00
8.660348653793334961e-01
3.455599546432495117e-01
2.145223855972290039e+00
-1.125567078590393066e+00
-1.885434150695800781e+00
1.535046249628067017e-01
1.558647155761718750e-01
5.164635181427001953e-01
1.903442740440368652e-01
-4.250301361083984375e+00
-2.769612789154052734e+00
-7.407283186912536621e-01
1.879658997058868408e-01
5.760294198989868164e-01
-1.220920085906982422e+00
-1.017519235610961914e+00
3.023932933807373047e+00
1.471824169158935547e+00
4.827687740325927734e-01
-1.663663983345031738e+00
1.844535112380981445e+00
1.411641001701354980e+00
-3.820067405700683594e+00
-5.274198532104492188e+00
-2.033760309219360352e+00
-3.744661092758178711e+00
-4.552784919738769531e+00
3.591754436492919922e+00
4.264513969421386719e+00
-1.167721375823020935e-01
-3.022927761077880859e+00
4.475644588470458984e+00
4.758991897106170654e-01
-4.777404785156250000e+00
-1.504137754440307617e+00
-6.510159969329833984e-01
5.881141424179077148e-01
5.649736404418945312e+00
-1.373653650283813477e+00
-1.337288141250610352e+00
3.640889644622802734e+00
1.339184999465942383e+00
-5.024917602539062500e+00
1.626484513282775879e+00
-1.624107360839843750e+00
-2.876959323883056641e+00
-3.017126083374023438e+00
5.813258647918701172e+00
-7.625669479370117188e+00
-1.501761436462402344e+00
5.031528472900390625e+00
-8.892191052436828613e-01
-1.362018346786499023e+00
6.295349001884460449e-01
8.846576690673828125e+00
1.578541755676269531e+00
-2.125059843063354492e+00
8.178170323371887207e-01
-9.874206781387329102e-02
-3.027285814285278320e+00
7.438283443450927734e+00
-1.143653035163879395e+00
6.340010166168212891e-01
4.898654460906982422e+00
-3.217969179153442383e+00
-4.541110992431640625e+00
-4.467144608497619629e-02
-8.809921741485595703e-01
-2.594299018383026123e-01
-4.402781486511230469e+00
3.390831708908081055e+00
-3.897897720336914062e+00
1.785218238830566406e+00
-7.282671928405761719e-01
6.141356229782104492e-01
1.463888525962829590e+00
-1.044491529464721680e+00
2.096776723861694336e+00
3.433192670345306396e-01
-2.104551196098327637e-01
-1.521539092063903809e+00
2.749733328819274902e-01
3.073924064636230469e+00
2.984938859939575195e+00
-8.345303535461425781e-01
3.129810690879821777e-01
1.690350413322448730e+00
3.583449125289916992e+00
-3.712475538253784180e+00
4.453150749206542969e+00
-1.306535720825195312e+00
1.621165037155151367e+00
-1.387929797172546387e+00
-3.819765090942382812e+00
1.165103077888488770e+00
-1.096829414367675781e+00
-9.875439405441284180e-01
2.412444353103637695e+00
2.929123640060424805e-01
5.230701565742492676e-01
-1.602057695388793945e+00
3.177937269210815430e-01
-1.277237772941589355e+00
8.653531670570373535e-01
1.502805113792419434e+00
-1.732548236846923828e+00
2.349071025848388672e+00
-1.248216509819030762e+00
3.855586051940917969e-03
1.210753631591796875e+01
-1.942618846893310547e+00
-1.068054199218750000e+00
1.608747988939285278e-01
-2.355222463607788086e+00
3.662640094757080078e+00
2.532752990722656250e+00
-1.586461186408996582e+00
4.625436305999755859e+00
2.713086128234863281e+00
1.342406392097473145e+00
-1.553308963775634766e+00
1.532993316650390625e+00
-2.879604578018188477e+00
-3.297618389129638672e+00
-2.164695501327514648e+00
-1.451283574104309082e+00
-1.241854906082153320e+00
-1.561100482940673828e+00
-2.669021606445312500e+00
6.249356269836425781e-01
-1.907190322875976562e+00
1.371499896049499512e+00
-1.424816489219665527e+00
-2.251867771148681641e+00
8.805023431777954102e-01
2.202257394790649414e+00
5.001171827316284180e-01
-8.860707283020019531e-03
-2.642529726028442383e+00
1.371883511543273926e+00
1.751419603824615479e-01
2.410632610321044922e+00
-6.816279888153076172e-02
4.195315837860107422e+00
7.266215682029724121e-01
1.362552285194396973e+00
-5.746400356292724609e-02
-2.874011039733886719e+00
-1.734165549278259277e-01
2.329519510269165039e+00
-2.278232574462890625e-01
2.111793279647827148e+00
-2.353571653366088867e+00
1.184561491012573242e+00
1.174513250589370728e-01
1.471230268478393555e+00
4.408845901489257812e+00
1.350370883941650391e+00
9.021401405334472656e-02
-2.357753515243530273e+00
7.793100476264953613e-01
9.416756778955459595e-02
2.232383251190185547e+00
7.584791779518127441e-01
-2.059245586395263672e+00
-2.327822685241699219e+00
2.650413036346435547e+00
5.820128440856933594e+00
5.482385754585266113e-01
-1.823960244655609131e-02
-2.172975301742553711e+00
-3.943876504898071289e+00
-1.177115440368652344e-01
-3.883952796459197998e-01
-2.087733030319213867e+00
-1.617836952209472656e-01
-3.520625829696655273e-01
6.435664892196655273e-01
3.355537891387939453e+00
-1.654000759124755859e+00
-1.336681604385375977e+00
8.088188171386718750e-01
-1.288829803466796875e+00
-9.450345635414123535e-01
-2.813522338867187500e+00
-1.374576687812805176e+00
4.352171421051025391e+00
-1.341904878616333008e+00
-1.405183315277099609e+00
-2.397568821907043457e-01
-5.503714084625244141e-01
-4.476821124553680420e-01
-3.262079238891601562e+00
3.316327095031738281e+00
1.157857656478881836e+00
1.169389724731445312e+00
2.456329822540283203e+00
8.831962347030639648e-01
5.136120796203613281e+00
3.801311492919921875e+00
-2.397519946098327637e-01
5.070018768310546875e-02
1.572590470314025879e+00
-3.063170909881591797e+00
-1.950023293495178223e+00
-3.205909252166748047e+00
1.160759329795837402e-01
3.666804790496826172e+00
-2.658642292022705078e+00
7.701728343963623047e-01
6.428305506706237793e-01
-9.705000519752502441e-01
-2.875990629196166992e+00
-5.618506431579589844e+00
9.238111972808837891e-01
-3.109785318374633789e+00
-1.075995802879333496e+00
2.695611119270324707e-01
-1.735836505889892578e+00
6.724271297454833984e+00
1.581251978874206543e+00
5.841876029968261719e+00
-2.444973945617675781e+00
-1.134852647781372070e+00
-2.736187458038330078e+00
1.720310449600219727e-01
8.304135203361511230e-01
-2.798166751861572266e+00
1.171090126037597656e+00
4.101651191711425781e+00
-5.559946298599243164e-01
1.807251572608947754e-01
-3.555815458297729492e+00
2.272682666778564453e+00
-4.173822402954101562e-01
-2.887577056884765625e+00
4.590787887573242188e-01
-2.145792245864868164e+00
-8.281374573707580566e-01
6.787499427795410156e+00
9.080013036727905273e-01
3.924748897552490234e-01
-2.619481682777404785e-01
-5.400944232940673828e+00
-5.186601281166076660e-01
-3.063815832138061523e-02
2.171818017959594727e+00
7.990660667419433594e-01
2.909586191177368164e+00
-2.077013969421386719e+00
4.545930027961730957e-01
2.561759948730468750e+00
-1.469153404235839844e+00
2.107617378234863281e+00
1.515191912651062012e+00
-6.597694158554077148e-01
-5.740281939506530762e-01
6.533666849136352539e-01
-2.865857124328613281e+00
8.762130737304687500e-01
-3.355416536331176758e+00
-4.676986634731292725e-01
4.815992116928100586e-01
-6.541246175765991211e-01
-4.186673164367675781e+00
-1.791675209999084473e+00
1.534087538719177246e+00
1.465365052223205566e+00
-1.280252933502197266e+00
-1.164562821388244629e+00
6.350533485412597656e+00
-7.417072653770446777e-01
-1.966071605682373047e+00
5.178706049919128418e-01
-7.154849767684936523e-01
1.636317968368530273e+00
-9.431079626083374023e-01
9.983110427856445312e-01
-4.456732749938964844e+00
-1.396535992622375488e+00
7.044134140014648438e-01
4.080154895782470703e+00
1.747618436813354492e+00
-6.959125995635986328e-01
2.987195491790771484e+00
-9.290179014205932617e-01
3.821613311767578125e+00
2.327413082122802734e+00
-2.383454322814941406e+00
5.746951699256896973e-01
4.775178909301757812e+00
-8.954550027847290039e-01
6.642684459686279297e+00
4.027052402496337891e+00
2.545387029647827148e+00
-2.121803998947143555e+00
-1.070373535156250000e+00
2.867642641067504883e+00
-5.940573215484619141e-01
-7.978057861328125000e-01
-1.920401692390441895e+00
3.253283500671386719e-01
-1.647630453109741211e+00
-6.856004595756530762e-01
2.971204042434692383e+00
-1.317754983901977539e+00
3.384242534637451172e+00
2.603033304214477539e+00
-3.608980417251586914e+00
4.902520179748535156e-01
6.084563732147216797e-01
-3.985748767852783203e+00
-3.235181331634521484e+00
1.618344783782958984e+00
2.546944141387939453e+00
-4.070856571197509766e+00
4.497469902038574219e+00
2.522004127502441406e+00
-8.765760660171508789e-01
-1.332197666168212891e+00
7.433338165283203125e-01
-2.755465507507324219e+00
2.609905719757080078e+00
1.384549736976623535e+00
-3.174751043319702148e+00
-3.931900978088378906e+00
3.919386863708496094e+00
9.122183322906494141e-01
-1.866693019866943359e+00
2.502599000930786133e+00
1.101477146148681641e-01
-4.798412799835205078e+00
-1.612132787704467773e-01
7.171479463577270508e-01
4.167620658874511719e+00
5.855043411254882812e+00
-7.677626609802246094e-02
1.157808303833007812e-01
3.645315170288085938e+00
5.803331136703491211e-01
-1.139714479446411133e+00
2.720811843872070312e+00
3.405694484710693359e+00
1.633331537246704102e+00
-1.392670392990112305e+00
-2.912455081939697266e+00
-6.256002426147460938e+00
1.143919706344604492e+00
1.766806364059448242e+00
3.632196426391601562e+00
9.399541616439819336e-01
-1.018360495567321777e+00
5.554653167724609375e+00
6.866104602813720703e-01
-2.643718719482421875e+00
9.350152611732482910e-01
4.472249031066894531e+00
1.243771195411682129e+00
2.684506773948669434e-02
5.806735157966613770e-01
6.624823808670043945e-01
-6.223011016845703125e-01
-1.122667789459228516e-01
3.889168024063110352e+00
-9.556066989898681641e-02
-1.581175804138183594e+00
2.503427028656005859e+00
-9.195089340209960938e-01
1.139954566955566406e+00
4.401655197143554688e-01
1.362196087837219238e+00
-6.244441121816635132e-02
-6.692826747894287109e-01
2.187759876251220703e+00
2.007825374603271484e+00
-3.969377279281616211e+00
-3.931787014007568359e+00
5.108095645904541016e+00
2.789056777954101562e+00
-1.513221740722656250e+00
-4.496414661407470703e-01
-1.739119887351989746e-01
-2.532072961330413818e-01
9.885584115982055664e-01
-3.986732006072998047e+00
-2.145852088928222656e+00
2.198470354080200195e+00
2.847839593887329102e+00
1.532089948654174805e+00
-4.604280948638916016e+00
7.151211261749267578e+00
4.900561332702636719e+00
1.846680164337158203e+00
1.207983732223510742e+00
1.214951872825622559e+00
-5.217982530593872070e-01
2.655810117721557617e+00
-3.399464190006256104e-01
1.218481779098510742e+00
-3.984767675399780273e+00
1.231889605522155762e+00
-1.375862360000610352e+00
9.617321968078613281e+00
3.683648109436035156e+00
2.662120342254638672e+00
-2.235981941223144531e+00
2.640797138214111328e+00
-5.543997287750244141e+00
-1.754579067230224609e+00
3.573629856109619141e+00
-2.472534775733947754e-01
1.754239350557327271e-01
-2.656343936920166016e+00
-3.529262542724609375e+00
2.784002542495727539e+00
7.464317083358764648e-01
-9.310901165008544922e-01
2.285330772399902344e+00
-1.352208256721496582e+00
2.364638805389404297e+00
5.315065383911132812e-01
-4.023252010345458984e+00
-4.968650817871093750e+00
-2.037694931030273438e+00
-3.803032398223876953e+00
-3.443959712982177734e+00
-5.092527389526367188e+00
-3.029874563217163086e-01
-4.973746776580810547e+00
-2.961854457855224609e+00
-1.122082471847534180e-01
-5.228917598724365234e+00
-3.164106130599975586e+00
-6.419103622436523438e+00
-4.264830112457275391e+00
-3.054870367050170898e+00
-2.915103912353515625e+00
-2.902393102645874023e+00
-2.143713235855102539e+00
-5.141398906707763672e+00
-2.729403495788574219e+00
-2.241322994232177734e+00
-3.937041044235229492e+00
-2.635161876678466797e+00
-1.821015596389770508e+00
1.968091130256652832e+00
-2.895416498184204102e+00
-2.316087245941162109e+00
3.956026434898376465e-01
-1.475382566452026367e+00
-3.543056488037109375e+00
-2.648469686508178711e+00
-1.764712810516357422e+00
-2.289077997207641602e+00
-6.103450775146484375e+00
-4.361946582794189453e+00
9.099346399307250977e-01
-3.278315305709838867e+00
-5.189770698547363281e+00
-3.944734811782836914e+00
-5.163917064666748047e+00
-3.850888252258300781e+00
-6.662401676177978516e+00
-7.088442325592041016e+00
3.068342804908752441e-01
-2.958388090133666992e+00
2.427086591720581055e+00
-1.231235742568969727e+00
-3.091299533843994141e-02
4.709689140319824219e+00
-8.138762116432189941e-01
2.610874176025390625e+00
-2.631505131721496582e-01
1.839139819145202637e+00
-2.271760463714599609e+00
-1.427084445953369141e+00
1.041915416717529297e+00
1.201353430747985840e+00
-1.128403425216674805e+00
1.023666262626647949e+00
2.042846918106079102e+00
2.443347930908203125e+00
2.486704826354980469e+00
2.468736171722412109e+00
-1.645013689994812012e+00
-1.136566877365112305e+00
-2.655026912689208984e+00
-1.771520256996154785e+00
-7.110365390777587891e+00
2.798667907714843750e+00
1.562688589096069336e+00
-2.962858438491821289e+00
-5.529991149902343750e+00
-5.562327504158020020e-01
-2.412958145141601562e+00
-1.830403506755828857e-01
1.933302640914916992e+00
6.262740612030029297e+00
