-6.875612735748291016e-01
5.400537967681884766e+00
-2.047726631164550781e+00
-3.062564730644226074e-01
3.770414292812347412e-01
-1.527282118797302246e+00
1.368731617927551270e+00
-1.814013242721557617e+00
-2.398252487182617188e-03
-5.852177143096923828e-01
2.297261476516723633e+00
-1.195793151855468750e-01
4.293846786022186279e-01
1.314757704734802246e+00
1.516493320465087891e+00
-3.349152803421020508e-01
-2.033303737640380859e+00
-1.291664242744445801e+00
7.078757882118225098e-01
-1.119815945625305176e+00
1.116138696670532227e-02
3.834008276462554932e-01
-4.341528713703155518e-01
-9.165371060371398926e-01
6.479924917221069336e-01
-1.491216123104095459e-01
-5.380293726921081543e-01
-3.227615356445312500e-01
8.920218348503112793e-01
2.733869552612304688e-01
5.150985717773437500e-01
-3.201554119586944580e-01
-1.708776593208312988e+00
1.994560003280639648e+00
3.852079868316650391e+00
-1.427081584930419922e+00
1.869823187589645386e-01
1.548614263534545898e+00
2.139501810073852539e+00
-1.867907404899597168e+00
-1.329417824745178223e+00
7.264887094497680664e-01
-2.142060995101928711e+00
-1.197453975677490234e+00
-6.370248794555664062e-01
3.867563962936401367e+00
-9.263292551040649414e-01
1.759645223617553711e+00
-9.363671541213989258e-01
-1.566850543022155762e+00
3.025359153747558594e+00
-1.960864305496215820e+00
-2.243833541870117188e-01
-9.483057260513305664e-02
4.076310634613037109e+00
2.211983203887939453e+00
2.923188209533691406e-01
7.721115648746490479e-02
3.035819530487060547e+00
6.786739826202392578e-02
2.847196102142333984e+00
1.176760077476501465e+00
3.180881738662719727e+00
-2.174492180347442627e-01
1.275310993194580078e+00
1.670702338218688965e+00
3.830075025558471680e+00
1.439105033874511719e+00
3.058469533920288086e+00
2.014340162277221680e-01
-2.107800245285034180e+00
-2.694812417030334473e-01
4.055951237678527832e-01
4.783259630203247070e-01
2.711783885955810547e+00
5.458588600158691406e-01
1.841406106948852539e+00
1.932563781738281250e+00
1.687461256980895996e+00
-3.388328790664672852e+00
1.154302477836608887e+00
1.184536695480346680e+00
1.211880326271057129e+00
-1.879678606986999512e+00
2.675323009490966797e+00
-1.270887017250061035e+00
4.893949031829833984e-01
-6.119735836982727051e-01
7.562537193298339844e-01
2.059049606323242188e+00
2.485401034355163574e-01
1.561495661735534668e-01
-5.755443572998046875e-01
-8.822268843650817871e-01
2.757260203361511230e-01
-1.145386695861816406e+00
2.137049674987792969e+00
-7.170345187187194824e-01
1.029243469238281250e-01
-1.954470276832580566e+00
-1.767752528190612793e+00
-1.006138324737548828e-01
-1.192265987396240234e+00
2.450582504272460938e+00
-2.767648398876190186e-01
-7.096947431564331055e-01
-2.890555560588836670e-01
9.739987254142761230e-01
7.795275449752807617e-01
2.923018932342529297e+00
2.036603093147277832e-01
-4.744677543640136719e-01
2.762711286544799805e+00
-1.873371005058288574e-02
-1.046469807624816895e+00
2.057348728179931641e+00
9.750369191169738770e-01
2.544623136520385742e+00
1.224182248115539551e+00
2.174482822418212891e+00
-1.547679543495178223e+00
-9.078900814056396484e-01
-4.423694908618927002e-01
-1.254479885101318359e+00
-4.266220331192016602e-01
6.383181810379028320e-01
6.079025268554687500e-01
-1.777965545654296875e+00
-3.611290454864501953e+00
1.254958510398864746e-01
-3.891967535018920898e-01
9.327013492584228516e-01
1.818682432174682617e+00
1.994222760200500488e+00
-1.592771649360656738e+00
9.542930126190185547e-02
-1.532762050628662109e+00
-1.179212093353271484e+00
-1.207643270492553711e+00
-4.075115919113159180e-01
3.068217515945434570e+00
-1.836632966995239258e+00
2.328718900680541992e-01
-1.004330754280090332e+00
-1.231155633926391602e+00
-1.899827003479003906e+00
-4.059662818908691406e+00
-2.708723783493041992e+00
-7.333040237426757812e-02
3.413702249526977539e-01
1.910956948995590210e-02
1.766315937042236328e+00
-5.793825387954711914e-01
2.293663620948791504e-01
-9.311324357986450195e-01
1.032048225402832031e+00
2.817123651504516602e+00
1.339194059371948242e+00
-5.240063071250915527e-01
-2.353770017623901367e+00
-3.088747859001159668e-01
1.222390294075012207e+00
2.308936119079589844e+00
3.705816864967346191e-01
2.517023384571075439e-01
-2.036823749542236328e+00
-2.779332995414733887e-01
-9.258339405059814453e-01
-1.265242218971252441e+00
-1.038684725761413574e+00
-2.465878874063491821e-01
2.934889197349548340e-01
1.395625352859497070e+00
-2.823807597160339355e-01
-1.653290271759033203e+00
-1.610962510108947754e+00
-1.613005638122558594e+00
-3.761111497879028320e+00
5.334216356277465820e-01
-6.942174434661865234e-01
-2.741355657577514648e+00
5.307453274726867676e-01
9.591588973999023438e-01
2.873335480690002441e-01
-2.332137107849121094e+00
1.342215180397033691e+00
2.774133086204528809e-01
1.206426620483398438e+00
5.632097125053405762e-01
-8.071412444114685059e-01
-2.553638696670532227e+00
-2.080433130264282227e+00
4.892314076423645020e-01
1.752491593360900879e-01
-2.317359447479248047e+00
4.278518259525299072e-01
-1.821697831153869629e+00
3.570272922515869141e-01
-1.965026497840881348e+00
7.427725791931152344e-01
-7.031162977218627930e-01
1.876112937927246094e+00
-5.158767700195312500e-01
-2.144346833229064941e-01
2.034058809280395508e+00
2.570816874504089355e-01
5.204671025276184082e-01
-5.859248638153076172e-01
-9.919043779373168945e-01
1.517867088317871094e+00
8.658395409584045410e-01
1.398852825164794922e+00
2.128652334213256836e+00
1.510967016220092773e-01
1.278954297304153442e-01
2.076671123504638672e+00
1.756252408027648926e+00
4.443240165710449219e+00
2.960523605346679688e+00
1.168031990528106689e-01
-1.747673869132995605e+00
1.792467355728149414e+00
-3.724497556686401367e-02
6.624662876129150391e-02
-4.309971809387207031e+00
2.131333351135253906e-01
3.190707564353942871e-01
2.225089371204376221e-01
2.577521204948425293e-01
7.602342367172241211e-01
-5.548327565193176270e-01
1.574975252151489258e-02
6.732920408248901367e-01
-6.455640792846679688e-01
8.366909027099609375e-01
-2.358359098434448242e+00
-2.185244560241699219e+00
1.893130064010620117e+00
-2.269417941570281982e-01
-1.622123003005981445e+00
1.669137775897979736e-01
2.460059523582458496e-01
3.889264762401580811e-01
-6.860773563385009766e-01
-2.644673824310302734e+00
9.594994783401489258e-01
-2.209249734878540039e-01
3.257483482360839844e+00
-2.016156673431396484e+00
-1.163817286491394043e+00
-2.151943445205688477e+00
2.584213495254516602e+00
-8.152277469635009766e-01
-1.154961109161376953e+00
2.687844514846801758e+00
8.643910884857177734e-01
-9.990184307098388672e-01
1.967111825942993164e-01
-1.136520385742187500e+00
-5.029419064521789551e-01
-2.822182655334472656e+00
-1.900467514991760254e+00
-1.526953935623168945e+00
1.471666216850280762e+00
3.070055723190307617e+00
8.208142518997192383e-01
-1.540334582328796387e+00
-1.311490297317504883e+00
-2.502442359924316406e+00
5.802386403083801270e-01
-3.035666346549987793e-01
-2.195264816284179688e+00
9.252679347991943359e-01
-1.204583168029785156e+00
-2.392789721488952637e-01
-6.819235682487487793e-01
-2.125467300415039062e+00
1.395910501480102539e+00
-5.266779661178588867e-02
4.700709283351898193e-01
-4.361217319965362549e-01
5.800020098686218262e-01
1.278462886810302734e+00
1.550238370895385742e+00
2.651954412460327148e+00
-1.549782156944274902e-01
9.759824275970458984e-01
-6.456462144851684570e-01
-6.441018581390380859e-01
2.617262899875640869e-01
2.398868560791015625e+00
-2.413073062896728516e+00
1.964372992515563965e+00
-2.971339702606201172e+00
-1.882170915603637695e+00
3.460784673690795898e+00
-1.345412731170654297e+00
-1.670178651809692383e+00
-3.960400581359863281e+00
-2.234930992126464844e+00
-2.886494398117065430e+00
-3.122569024562835693e-01
-2.037476778030395508e+00
-2.232420921325683594e+00
-2.481398820877075195e+00
-1.079561948776245117e+00
-1.965336918830871582e+00
-8.562765121459960938e-01
-7.317399382591247559e-01
1.358819007873535156e+00
2.128767013549804688e+00
-2.016521215438842773e+00
-3.035928726196289062e+00
-5.829682350158691406e-01
3.605452775955200195e+00
-2.451470792293548584e-01
-3.364561557769775391e+00
-2.796314001083374023e+00
-8.899744749069213867e-01
-2.242211103439331055e+00
-3.935924768447875977e+00
1.638646125793457031e-01
2.406617403030395508e-01
1.555400967597961426e+00
4.761421680450439453e-01
-7.678796052932739258e-01
-2.248590707778930664e+00
8.636689186096191406e-01
7.765915989875793457e-01
1.788564324378967285e-01
3.237885713577270508e+00
1.130360007286071777e+00
2.972417831420898438e+00
3.174323081970214844e+00
1.783806681632995605e-01
-2.231297254562377930e+00
-8.530346155166625977e-01
1.100030899047851562e+00
2.255276203155517578e+00
-1.917159557342529297e+00
8.453879356384277344e-01
3.233071565628051758e+00
1.359574794769287109e-01
-2.134384632110595703e+00
-1.435786843299865723e+00
-2.839098572731018066e-01
-9.739909172058105469e-01
-2.747246265411376953e+00
-2.186620712280273438e+00
-6.532003879547119141e-01
1.790052652359008789e-01
-2.970624446868896484e+00
-3.669574499130249023e+00
-4.214516639709472656e+00
-1.586520433425903320e+00
-1.476092338562011719e+00
-3.045302629470825195e-01
-1.391344785690307617e+00
2.073595046997070312e+00
9.213942289352416992e-01
-1.032269477844238281e+00
4.359870910644531250e+00
-2.179728299379348755e-01
-1.239432573318481445e+00
1.672157764434814453e+00
-1.798507273197174072e-01
-1.861671447753906250e+00
-4.569301605224609375e+00
-1.641780018806457520e+00
-1.901605963706970215e+00
-2.005247354507446289e+00
-2.292780876159667969e+00
-6.426958084106445312e+00
-2.538012504577636719e+00
-3.689651489257812500e-01
5.429829359054565430e-01
-2.111138701438903809e-01
-1.342741608619689941e+00
1.683884859085083008e-01
2.750779688358306885e-01
-1.909223914146423340e+00
1.244677543640136719e+00
-1.650288462638854980e+00
1.185184001922607422e+00
-2.077637672424316406e+00
1.139715671539306641e+00
-2.537835597991943359e+00
1.789162158966064453e-01
-6.853106021881103516e-01
-2.192001104354858398e+00
-6.471590995788574219e-01
2.098503828048706055e+00
2.401536941528320312e+00
1.136578083038330078e+00
8.917768001556396484e-01
5.751454234123229980e-01
3.387088298797607422e+00
-1.692023515701293945e+00
2.668217897415161133e+00
9.647300243377685547e-01
5.138947963714599609e-01
-1.852478981018066406e+00
3.246100246906280518e-01
-3.598493576049804688e+00
-1.147184252738952637e+00
7.066567242145538330e-02
-2.179020643234252930e+00
-1.080002784729003906e+00
-2.922666311264038086e+00
9.944845438003540039e-01
3.326600790023803711e+00
8.304858207702636719e+00
-1.729936599731445312e-01
-4.479136168956756592e-01
3.505527496337890625e+00
1.368976593017578125e+00
-1.050856828689575195e+00
-3.125583529472351074e-01
-3.851598262786865234e+00
3.930569887161254883e-01
1.193155407905578613e+00
-1.411700010299682617e+00
-2.578104019165039062e+00
-2.349333047866821289e+00
2.335568428039550781e+00
1.432037949562072754e+00
2.288023829460144043e-01
1.924074649810791016e+00
-3.463517427444458008e-01
-1.004132032394409180e+00
-3.479939460754394531e+00
2.449035406112670898e+00
-4.729166030883789062e+00
3.792074441909790039e+00
4.644786834716796875e+00
1.507536292076110840e+00
7.286716699600219727e-01
-9.795445203781127930e-01
-2.355288982391357422e+00
-1.878704071044921875e+00
-1.748487114906311035e+00
-6.652820110321044922e-02
-3.585903644561767578e+00
7.925713539123535156e+00
1.199844121932983398e+00
-7.983418107032775879e-01
7.216845035552978516e+00
9.335153102874755859e-01
2.910948991775512695e+00
-7.479556798934936523e-01
1.031941890716552734e+00
-3.891013860702514648e-01
3.008289813995361328e+00
-2.426348209381103516e+00
-3.735547661781311035e-01
1.255788803100585938e-01
-4.599458694458007812e+00
1.929610848426818848e+00
8.558013439178466797e-01
2.643193721771240234e+00
8.670594692230224609e-01
1.284471988677978516e+00
1.082615256309509277e+00
2.196107387542724609e+00
3.460641384124755859e+00
2.196146726608276367e+00
-3.143465042114257812e+00
-1.307671189308166504e+00
-2.005836009979248047e+00
-7.483993768692016602e-01
-2.894274234771728516e+00
-3.116096258163452148e+00
-2.267848730087280273e+00
-3.618657112121582031e+00
2.011084556579589844e+00
-1.463589817285537720e-01
4.768899917602539062e+00
-4.339763164520263672e+00
3.012846946716308594e+00
-2.304627180099487305e+00
-2.857151508331298828e+00
3.932492434978485107e-01
-4.683698177337646484e+00
-3.740460276603698730e-01
-3.251290798187255859e+00
-3.240759074687957764e-01
-1.188962578773498535e+00
1.312826871871948242e-01
-8.690703511238098145e-01
1.252727627754211426e+00
-1.363036155700683594e+00
-5.964147567749023438e+00
1.364140868186950684e+00
-5.617005228996276855e-01
-4.846903979778289795e-01
-6.888552308082580566e-01
1.237655639648437500e+00
-2.133134841918945312e+00
-7.562979459762573242e-01
-1.896087884902954102e+00
1.948295533657073975e-02
1.381229996681213379e+00
1.306613922119140625e+00
-1.234796285629272461e+00
2.673911094665527344e+00
3.656359910964965820e-01
-4.466885328292846680e-01
-9.017865359783172607e-02
-2.475866556167602539e+00
2.798965215682983398e+00
8.309933543205261230e-01
-2.049174785614013672e+00
-5.161771297454833984e+00
-1.305475234985351562e+00
-6.884634494781494141e-01
-7.382923960685729980e-01
5.030084848403930664e-01
-2.123457431793212891e+00
2.486492156982421875e+00
3.024952650070190430e+00
3.797245979309082031e+00
1.300339221954345703e+00
-9.528801441192626953e-01
-1.881916522979736328e-01
-1.465999603271484375e+00
-3.144998788833618164e+00
-3.255574464797973633e+00
-1.301818370819091797e+00
-5.125256538391113281e+00
4.975851535797119141e+00
1.375382661819458008e+00
-1.752343058586120605e+00
1.137293696403503418e+00
6.839394569396972656e+00
-2.971634387969970703e+00
-4.439165592193603516e+00
-2.353761911392211914e+00
-1.700623750686645508e+00
-8.735253810882568359e-01
2.068080425262451172e+00
-1.208929777145385742e+00
1.758040785789489746e+00
1.451568484306335449e+00
-1.485126614570617676e+00
-3.452479243278503418e-01
-2.679260253906250000e+00
3.167031407356262207e-01
-4.296612739562988281e+00
-3.541625499725341797e+00
5.070569992065429688e+00
-5.388717174530029297e+00
7.711223363876342773e-01
5.515417098999023438e+00
-2.763309955596923828e+00
-3.569631814956665039e+00
-1.894407391548156738e+00
5.481523036956787109e+00
2.530738353729248047e+00
-1.169278144836425781e+00
-7.676123976707458496e-01
-4.731726050376892090e-01
-1.220736145973205566e+00
-4.297814369201660156e-01
-2.570607662200927734e+00
5.012729167938232422e-01
3.608589410781860352e+00
-2.852064132690429688e+00
-1.914758443832397461e+00
2.273881673812866211e+00
-1.085673213005065918e+00
-1.104502558708190918e+00
-5.238126754760742188e+00
1.035135090351104736e-01
6.529325246810913086e-02
-1.323813915252685547e+00
1.189949989318847656e+00
-2.027253389358520508e+00
1.236036062240600586e+00
4.852422177791595459e-01
-2.251730680465698242e+00
2.757567882537841797e+00
-1.651432871818542480e+00
1.261234760284423828e+00
-4.384581089019775391e+00
-3.403480052947998047e-01
-7.204782962799072266e-02
-6.907879114151000977e-01
-8.690941333770751953e-01
4.269335269927978516e+00
-7.143777608871459961e-01
-2.691938400268554688e+00
8.973950386047363281e+00
-3.104073762893676758e+00
2.972270250320434570e-01
-1.399421691894531250e-02
-3.901604175567626953e+00
-8.027439117431640625e-01
-5.986607074737548828e-02
-2.636112689971923828e+00
1.807419300079345703e+00
-2.538417100906372070e+00
7.020199894905090332e-01
-7.476916909217834473e-01
-2.355060100555419922e+00
-3.474275588989257812e+00
-8.545835316181182861e-02
2.461663484573364258e+00
-1.751623153686523438e+00
1.594401001930236816e+00
-3.330108165740966797e+00
5.288235664367675781e+00
8.266367912292480469e+00
2.105677127838134766e-01
-1.107428550720214844e+00
4.873983383178710938e+00
-1.447397708892822266e+00
5.378195762634277344e+00
-3.570348620414733887e-01
2.136592864990234375e+00
2.630309820175170898e+00
5.655341148376464844e+00
-5.601574182510375977e-01
-1.035409569740295410e+00
-8.908982872962951660e-01
-3.862354993820190430e+00
-7.716578245162963867e-01
-3.210415601730346680e+00
-1.751956224441528320e+00
3.313068747520446777e-01
-1.217390775680541992e+00
-2.420988678932189941e-01
1.725563049316406250e+00
-3.213119029998779297e+00
-2.633172512054443359e+00
-7.538632750511169434e-01
-2.059594631195068359e+00
3.870055437088012695e+00
1.637797236442565918e+00
2.690056562423706055e+00
3.461203336715698242e+00
-1.357973575592041016e+00
-8.241596221923828125e-01
-2.281284332275390625e+00
8.403998613357543945e-01
-1.346777439117431641e+00
1.203458309173583984e+00
2.042732000350952148e+00
-2.131006717681884766e-01
-2.548329830169677734e+00
-1.677381634712219238e+00
-3.243102550506591797e+00
-1.103069305419921875e+00
5.951965451240539551e-01
1.247087597846984863e+00
1.620126485824584961e+00
4.537012577056884766e+00
-3.438418209552764893e-01
-4.499067306518554688e+00
4.032614707946777344e+00
3.232995748519897461e+00
7.447390556335449219e-01
-2.841435432434082031e+00
-1.893681526184082031e+00
-1.794052362442016602e+00
1.852736234664916992e+00
-7.035202383995056152e-01
-2.629399299621582031e+00
5.483812093734741211e-01
-5.377470850944519043e-01
4.775178432464599609e+00
-1.297277927398681641e+00
2.424793481826782227e+00
-2.813032269477844238e-01
-2.133993625640869141e+00
-3.867353439331054688e+00
8.306540846824645996e-01
-1.681799650192260742e+00
-1.610225319862365723e+00
-2.476897239685058594e+00
-5.614187121391296387e-01
6.124268770217895508e-01
-1.430765390396118164e-01
-1.343625307083129883e+00
-6.065986752510070801e-01
-8.896694779396057129e-01
-4.974734187126159668e-01
-6.485573768615722656e+00
-1.503749489784240723e+00
-2.957487344741821289e+00
-6.373678445816040039e-01
8.168959617614746094e-01
-7.380355000495910645e-01
1.370784997940063477e+00
-1.728811740875244141e+00
-1.288269400596618652e+00
3.783410549163818359e+00
3.136587858200073242e+00
2.572122812271118164e+00
-1.952569127082824707e+00
1.191470623016357422e+00
5.180858135223388672e+00
2.192420721054077148e+00
-2.438763618469238281e+00
4.325997829437255859e-02
8.584126830101013184e-02
5.384831428527832031e-01
-1.114263534545898438e+00
-1.121768355369567871e-01
-1.668285846710205078e+00
3.142653942108154297e+00
-3.006634414196014404e-01
-1.446961045265197754e+00
1.628886699676513672e+00
-2.493533134460449219e+00
-2.584429979324340820e-01
-2.149920463562011719e+00
1.454344630241394043e+00
-2.621008396148681641e+00
-5.102233886718750000e+00
1.474974393844604492e+00
-1.130282640457153320e+00
7.213282585144042969e+00
6.462305188179016113e-01
1.217814564704895020e+00
-1.131922483444213867e+00
8.451502323150634766e-01
-6.484429359436035156e+00
-2.369348526000976562e+00
6.673226952552795410e-01
-2.409640789031982422e+00
-1.141862154006958008e+00
-1.513942480087280273e-01
-7.252973318099975586e-01
9.538905620574951172e-01
-2.400728225708007812e+00
3.776806592941284180e+00
-3.517578601837158203e+00
-1.747262716293334961e+00
3.248819828033447266e+00
-1.081191897392272949e+00
-4.637950897216796875e+00
8.010241508483886719e+00
-1.109719157218933105e+00
1.890655398368835449e+00
-3.636970996856689453e+00
-5.229723453521728516e+00
-7.103860378265380859e-03
-1.243309736251831055e+00
3.062682628631591797e+00
6.140864491462707520e-01
1.162998962402343750e+01
1.181358575820922852e+00
-1.187995553016662598e+00
1.932122945785522461e+00
-3.558093309402465820e+00
-7.743338942527770996e-01
4.677221775054931641e+00
2.403097152709960938e+00
-1.901475906372070312e+00
8.129470795392990112e-02
-1.404051780700683594e+00
-1.966559171676635742e+00
-1.475831747055053711e+00
-2.259837865829467773e+00
6.379890441894531250e-01
-1.565662741661071777e+00
-1.026761174201965332e+00
-3.406866073608398438e+00
1.752530455589294434e+00
8.356784582138061523e-01
-1.096239209175109863e+00
-4.703225135803222656e+00
2.613070964813232422e+00
-1.512783288955688477e+00
1.185599327087402344e+00
7.464313983917236328e+00
-7.358718514442443848e-01
-2.891865491867065430e+00
2.670504152774810791e-01
-2.019789695739746094e+00
-4.178383350372314453e+00
-1.996807336807250977e+00
1.596968531608581543e+00
-1.939338803291320801e+00
-2.518518447875976562e+00
-6.767027378082275391e-01
-2.056679248809814453e+00
3.081748247146606445e+00
-2.991952896118164062e-01
1.228894710540771484e+00
1.387615561485290527e+00
-8.929819464683532715e-01
3.555295467376708984e+00
3.827789068222045898e+00
1.009737205505371094e+01
-7.444517314434051514e-02
5.054591298103332520e-01
1.903501272201538086e+00
-2.793357610702514648e+00
-5.328207015991210938e-01
-8.392301797866821289e-01
4.973666369915008545e-01
-1.653963327407836914e-01
-1.825669288635253906e+00
-1.702768325805664062e+00
-2.687285184860229492e+00
2.791851758956909180e+00
5.233691930770874023e-01
2.145039081573486328e+00
2.395625591278076172e+00
-5.894200325012207031e+00
-1.983954787254333496e+00
-1.536107063293457031e+00
-2.457247018814086914e+00
-1.570431709289550781e+00
4.085827827453613281e+00
1.761513590812683105e+00
-2.168644428253173828e+00
-2.823100090026855469e-01
-2.581502914428710938e+00
-2.762081623077392578e+00
-2.897087335586547852e+00
3.839201927185058594e+00
6.705797314643859863e-01
5.833511829376220703e+00
1.556992769241333008e+00
-9.482535123825073242e-01
-4.832100868225097656e+00
5.198881030082702637e-01
9.719710350036621094e-01
-3.182425260543823242e+00
2.881944656372070312e+00
-2.224221706390380859e+00
-2.285433530807495117e+00
-3.165161609649658203e-01
-1.743449807167053223e+00
1.653432846069335938e-03
1.662706851959228516e+00
-1.610448598861694336e+00
-4.109778404235839844e-01
3.028143882751464844e+00
3.107566118240356445e+00
7.016884326934814453e+00
-1.107438087463378906e+00
-6.271372437477111816e-01
-7.535690069198608398e-01
-2.318065881729125977e+00
-3.018662691116333008e+00
-2.776319980621337891e+00
1.513908505439758301e+00
1.324729323387145996e+00
9.223562479019165039e-01
1.473477482795715332e-01
-8.007544875144958496e-01
2.481136560440063477e+00
-9.618461728096008301e-01
-5.205679893493652344e+00
-1.720720767974853516e+00
1.425340175628662109e-01
-4.011578857898712158e-01
-2.155600070953369141e+00
2.646048307418823242e+00
-6.633056402206420898e-01
-1.502408623695373535e+00
1.253561854362487793e+00
4.839071929454803467e-01
-1.302037477493286133e+00
4.234968423843383789e-01
6.033222198486328125e+00
4.615633189678192139e-01
-1.391536712646484375e+00
-2.823826313018798828e+00
8.769366741180419922e-01
-1.592301845550537109e+00
-2.130908012390136719e+00
-7.661209106445312500e-01
2.362792015075683594e+00
-3.184166908264160156e+00
-4.497146606445312500e+00
3.192605018615722656e+00
3.023183822631835938e+00
-1.516768574714660645e+00
7.422369718551635742e-02
3.159993171691894531e+00
-1.831136941909790039e+00
1.068892288208007812e+01
-3.685292005538940430e-01
2.171470165252685547e+00
-1.433331966400146484e+00
-4.057600796222686768e-01
-3.688673377037048340e-01
-3.116185665130615234e+00
4.305299758911132812e+00
3.308195590972900391e+00
6.869940757751464844e-01
1.071192622184753418e-01
7.710881233215332031e-01
2.050995826721191406e-01
-5.488270521163940430e-01
8.156921863555908203e-01
1.271542906761169434e-01
-2.609416961669921875e+00
7.320762872695922852e-01
-2.368742942810058594e+00
4.559047222137451172e+00
2.611960172653198242e-01
3.396995306015014648e+00
-2.975595235824584961e+00
2.059543281793594360e-01
-9.700827002525329590e-01
-9.770297408103942871e-01
7.356125831604003906e+00
3.268224596977233887e-01
-8.870968222618103027e-02
-2.559621810913085938e+00
7.401672005653381348e-01
-1.324426174163818359e+00
2.462772846221923828e+00
3.131763637065887451e-01
2.129982948303222656e+00
-4.640991210937500000e+00
2.727369070053100586e+00
9.960983395576477051e-01
1.333669185638427734e+00
1.299759864807128906e+00
1.004875421524047852e+00
-1.201547622680664062e+00
1.813782572746276855e+00
-6.322546601295471191e-01
3.933865427970886230e-01
-3.868799924850463867e+00
-2.571479082107543945e+00
1.865216970443725586e+00
-2.382302284240722656e+00
-3.757347822189331055e+00
-2.196949958801269531e+00
2.159875392913818359e+00
-2.488947808742523193e-01
-4.027383327484130859e-01
-8.061114549636840820e-01
7.611537575721740723e-01
1.323822975158691406e+00
6.801766753196716309e-01
-1.920930862426757812e+00
1.169224858283996582e+00
-1.773753762245178223e+00
1.136593580245971680e+00
1.484207749366760254e+00
-8.395845293998718262e-01
-2.751961350440979004e-01
2.358334779739379883e+00
5.781346559524536133e-02
1.548718452453613281e+00
7.287463545799255371e-01
1.482581615447998047e+00
-1.079488515853881836e+00
-6.278007626533508301e-01
1.491776108741760254e+00
-9.486308097839355469e-01
-1.619681358337402344e+00
-2.425500154495239258e-01
-1.813040018081665039e+00
-2.981804132461547852e+00
4.307618141174316406e-01
-3.466767549514770508e+00
-3.872541427612304688e+00
1.135544180870056152e+00
-2.631769418716430664e+00
4.522466659545898438e-01
5.389730930328369141e-01
2.572426319122314453e+00
2.048375606536865234e+00
-9.595006108283996582e-01
4.224348545074462891e+00
-9.240223169326782227e-01
3.002542972564697266e+00
-6.513488292694091797e-01
-1.558120489120483398e+00
1.596390247344970703e+00
-8.554135560989379883e-01
3.460728883743286133e+00
-1.181278467178344727e+00
7.470657825469970703e-01
1.340288043022155762e+00
-5.210494399070739746e-01
5.591714859008789062e+00
3.819297552108764648e-01
6.182503700256347656e-02
-8.048369884490966797e-01
1.362335085868835449e+00
1.040920495986938477e+00
1.540634274482727051e+00
1.797220230102539062e+00
8.075187206268310547e-01
-8.415862917900085449e-01
3.501154184341430664e-01
2.322273731231689453e+00
2.989567518234252930e-01
1.177843332290649414e+00
3.744314193725585938e+00
