2.441072463989257812e-02
-9.238670468330383301e-01
-2.561018466949462891e+00
-1.821461677551269531e+00
6.299617886543273926e-02
-1.712223529815673828e+00
2.568819522857666016e+00
5.729398727416992188e-01
-1.617303252220153809e+00
4.403433322906494141e+00
-5.099509239196777344e+00
-6.306007385253906250e+00
-5.526106834411621094e+00
-4.935083866119384766e+00
-8.330715298652648926e-01
-4.221484661102294922e+00
-6.733235359191894531e+00
3.716841936111450195e-01
-1.674072742462158203e+00
-5.973797321319580078e+00
-5.859369754791259766e+00
-2.102273702621459961e+00
-2.999612808227539062e+00
-1.482489943504333496e+00
-6.927586793899536133e-01
3.198082149028778076e-01
3.278875827789306641e+00
3.554435491561889648e+00
2.925179958343505859e+00
-2.235114097595214844e+00
-3.492937564849853516e+00
-6.046468019485473633e-01
-5.145525455474853516e+00
-3.177088499069213867e+00
4.236899614334106445e-01
-4.138154506683349609e+00
-3.810425758361816406e+00
-2.619334936141967773e+00
5.793652534484863281e+00
3.031422615051269531e+00
-6.627306938171386719e-01
2.210059881210327148e+00
2.586551904678344727e+00
-1.032017230987548828e+00
2.852034091949462891e+00
5.316999435424804688e+00
3.130431175231933594e+00
1.756580114364624023e+00
3.406047582626342773e+00
1.670161724090576172e+00
3.651409626007080078e+00
1.540103793144226074e+00
1.436080217361450195e+00
-1.641089200973510742e+00
2.213215351104736328e+00
2.736562252044677734e+00
2.873801469802856445e+00
-3.886007785797119141e+00
1.532809495925903320e+00
-1.690864562988281250e-01
2.607255935668945312e+00
3.724469661712646484e+00
3.410642147064208984e+00
1.600873768329620361e-01
3.929342746734619141e+00
3.664419651031494141e+00
4.815754413604736328e+00
8.252642154693603516e-01
3.167053937911987305e+00
-6.881314516067504883e-02
-3.294879198074340820e+00
6.842395067214965820e-01
-5.452451229095458984e+00
-2.318909645080566406e+00
-5.377684831619262695e-01
-6.386031150817871094e+00
-1.266664385795593262e+00
-9.876178503036499023e-01
1.166658520698547363e+00
-7.624158859252929688e-01
-5.697023868560791016e-01
-5.449160575866699219e+00
-2.689536571502685547e+00
-1.631238579750061035e+00
9.442802667617797852e-01
-2.847773075103759766e+00
-4.187587499618530273e-01
-1.536535143852233887e+00
-1.516796112060546875e+00
-4.703547477722167969e+00
-1.752568244934082031e+00
-5.092672824859619141e+00
-2.480190515518188477e+00
-6.324251174926757812e+00
-1.917734146118164062e+00
-4.267978668212890625e+00
-7.142372131347656250e-01
-3.960873603820800781e+00
-1.694814085960388184e+00
-2.049760818481445312e+00
-2.365962266921997070e+00
1.150944948196411133e+00
-5.355360031127929688e+00
-1.461215019226074219e+00
-5.268976688385009766e-01
-4.294541835784912109e+00
-1.951047778129577637e-02
-6.941589117050170898e-01
1.088645935058593750e+00
1.665101289749145508e+00
-1.262902498245239258e+00
-2.577695846557617188e+00
-3.041683912277221680e+00
-4.189321041107177734e+00
-3.317554950714111328e+00
-7.977238893508911133e-01
-4.138587713241577148e-01
-6.963554620742797852e-01
-2.262691497802734375e+00
-8.285343050956726074e-01
-2.131055355072021484e+00
-3.261397123336791992e+00
-6.856232285499572754e-01
-6.703952550888061523e-01
5.006710290908813477e-01
-2.708126544952392578e+00
-2.773650407791137695e+00
-1.072481513023376465e+00
1.992796659469604492e-01
-1.783481597900390625e+00
-1.050202608108520508e+00
-1.376929640769958496e+00
-1.487929582595825195e+00
-1.830178260803222656e+00
1.298781037330627441e+00
-2.872060775756835938e+00
-8.907754421234130859e-01
-3.539850473403930664e+00
1.826429367065429688e-01
-3.220376729965209961e+00
-4.069869041442871094e+00
-2.072454690933227539e+00
-4.065613269805908203e+00
-1.499348282814025879e+00
-1.556248188018798828e+00
-3.000310659408569336e+00
-1.304692745208740234e+00
-1.716478705406188965e+00
-4.367749214172363281e+00
-3.731607198715209961e-01
-4.502740859985351562e+00
3.225716114044189453e+00
1.120639681816101074e+00
1.192990183830261230e+00
2.388142108917236328e+00
-1.219851016998291016e+00
7.265456914901733398e-01
3.399065017700195312e+00
3.777466535568237305e+00
4.709325790405273438e+00
1.806172609329223633e+00
2.344574689865112305e+00
2.943993806838989258e+00
5.147226333618164062e+00
5.513243675231933594e+00
4.068316936492919922e+00
1.416406154632568359e+00
9.735862016677856445e-01
6.894505500793457031e+00
1.250990629196166992e+00
4.518783092498779297e+00
5.052804946899414062e+00
4.644958496093750000e+00
7.000888347625732422e+00
3.125963926315307617e+00
1.364808797836303711e+00
4.101771831512451172e+00
5.114318370819091797e+00
3.826922416687011719e+00
4.126410007476806641e+00
4.066259384155273438e+00
7.452224254608154297e+00
4.954294681549072266e+00
1.670896530151367188e+00
3.465421676635742188e+00
8.187388181686401367e-01
-8.107443451881408691e-01
6.622628569602966309e-01
4.334237098693847656e+00
1.522650837898254395e+00
-1.212440729141235352e-01
2.260419607162475586e+00
2.815396308898925781e+00
1.829739451408386230e+00
1.197339653968811035e+00
2.755865335464477539e+00
-8.138013482093811035e-01
3.382711172103881836e+00
9.316240549087524414e-01
1.848856687545776367e+00
1.971267461776733398e+00
3.010849714279174805e+00
2.830513238906860352e+00
2.243477344512939453e+00
3.995443344116210938e+00
2.702742099761962891e+00
4.678949832916259766e+00
1.505522966384887695e+00
2.195027828216552734e+00
4.097643375396728516e+00
4.757389068603515625e+00
7.890003204345703125e+00
2.435584783554077148e+00
3.046279668807983398e+00
2.791791915893554688e+00
1.797887921333312988e+00
3.727726936340332031e+00
2.926577568054199219e+00
3.058595180511474609e+00
2.300495147705078125e+00
1.445896983146667480e+00
3.293915748596191406e+00
1.470845818519592285e+00
4.040718078613281250e+00
1.055247187614440918e+00
4.028421878814697266e+00
3.058780908584594727e+00
6.010798931121826172e+00
4.556949615478515625e+00
4.023893833160400391e+00
3.206164836883544922e+00
3.089057683944702148e+00
4.298895359039306641e+00
3.452393293380737305e+00
5.393756866455078125e+00
1.544067263603210449e-01
1.927733063697814941e+00
5.976789951324462891e+00
4.726465702056884766e+00
-8.508930206298828125e-01
1.717952489852905273e+00
1.492083430290222168e+00
3.131037950515747070e+00
4.236941814422607422e+00
2.174139499664306641e+00
1.376845955848693848e+00
4.284362316131591797e+00
2.935545444488525391e+00
2.306286334991455078e+00
1.453763961791992188e+00
2.034304618835449219e+00
2.789151906967163086e+00
1.277870535850524902e+00
6.081912040710449219e+00
4.552576541900634766e+00
2.864394426345825195e+00
2.462158203125000000e+00
3.520553350448608398e+00
1.372219920158386230e-01
-6.057390570640563965e-01
1.955188989639282227e+00
3.197408914566040039e-01
7.545503973960876465e-01
3.990575551986694336e+00
2.301403045654296875e+00
4.085487365722656250e+00
2.678530693054199219e+00
5.102593421936035156e+00
2.744156360626220703e+00
1.930150866508483887e+00
2.626140117645263672e+00
2.045358717441558838e-01
4.584490776062011719e+00
4.246623039245605469e+00
2.632437944412231445e+00
2.213713884353637695e+00
-1.106509566307067871e-02
3.184128403663635254e-01
8.606431484222412109e-01
1.273018121719360352e+00
2.583694696426391602e+00
4.107977151870727539e-01
1.345547437667846680e+00
-7.766629457473754883e-01
-2.059970140457153320e+00
1.599962472915649414e+00
1.376229524612426758e-02
1.502604603767395020e+00
9.433305859565734863e-01
-2.535481214523315430e+00
4.900555610656738281e-01
1.833205938339233398e+00
2.954118251800537109e+00
4.483156204223632812e+00
-3.798376083374023438e+00
-2.064801454544067383e+00
-1.143025875091552734e+00
-1.756653904914855957e+00
1.685711264610290527e+00
-4.462509632110595703e+00
-8.022949099540710449e-01
-4.963559150695800781e+00
-3.332409858703613281e+00
-7.184900045394897461e-01
-4.454333305358886719e+00
-5.033373832702636719e+00
-4.444743156433105469e+00
-2.773410677909851074e-01
-2.398670673370361328e+00
-4.516567230224609375e+00
2.123951911926269531e-02
-1.264353394508361816e+00
-3.509389400482177734e+00
-8.651928901672363281e-01
-2.514737606048583984e+00
-4.383660316467285156e+00
-4.159607887268066406e+00
-3.396311044692993164e+00
-4.815503120422363281e+00
-3.985679149627685547e-01
-3.422683477401733398e+00
-3.212489128112792969e+00
-4.924931526184082031e+00
-2.332879304885864258e+00
-5.568874359130859375e+00
-4.871419906616210938e+00
-4.904599666595458984e+00
-3.307949006557464600e-01
-2.021246194839477539e+00
1.339592933654785156e-01
-4.641884565353393555e-02
2.643115043640136719e+00
-3.727883100509643555e-01
-2.095907449722290039e+00
-6.277042865753173828e+00
-2.584247350692749023e+00
-5.511109828948974609e-01
-2.120353460311889648e+00
-7.093458771705627441e-01
6.065498352050781250e+00
7.355370521545410156e+00
2.872427463531494141e+00
2.023950576782226562e+00
2.845375537872314453e+00
-1.278389096260070801e+00
2.970568418502807617e+00
2.362942695617675781e+00
-2.543347835540771484e+00
2.979939937591552734e+00
2.491443634033203125e+00
2.630927801132202148e+00
1.726017355918884277e+00
1.723735332489013672e+00
2.609437942504882812e+00
4.273428440093994141e+00
3.909733295440673828e+00
1.907775849103927612e-01
5.449748635292053223e-01
4.405828118324279785e-01
4.518239200115203857e-02
1.681609749794006348e+00
-1.456567049026489258e-01
-3.587894439697265625e+00
2.440810352563858032e-01
-2.106119871139526367e+00
-1.689239978790283203e+00
-2.894310474395751953e+00
-2.855355501174926758e+00
-4.276894092559814453e+00
-1.926121592521667480e+00
-5.219015598297119141e+00
-3.533070564270019531e+00
-3.319527626037597656e+00
-5.439053058624267578e+00
-4.019990444183349609e+00
-4.831552982330322266e+00
-1.861565828323364258e+00
-3.712572097778320312e+00
-2.452517509460449219e+00
-4.657809257507324219e+00
-4.082772731781005859e+00
-2.544125080108642578e+00
-4.060681343078613281e+00
-8.656823635101318359e-01
-2.118364334106445312e+00
1.482504367828369141e+00
1.457469582557678223e+00
-4.549659729003906250e+00
-4.046144485473632812e+00
-3.900859653949737549e-01
2.030627131462097168e-01
-2.270852804183959961e+00
-3.027817010879516602e-01
6.797099113464355469e-01
-2.835936546325683594e+00
-1.860589683055877686e-01
-2.756969928741455078e-01
-1.876625537872314453e+00
-1.524514317512512207e+00
-1.130342483520507812e+00
-2.461291074752807617e+00
-5.036139488220214844e-01
-2.731778472661972046e-02
-6.269951343536376953e+00
-1.156296014785766602e+00
1.119791507720947266e+00
-2.791593074798583984e+00
1.979489028453826904e-01
2.481220960617065430e-01
-1.477453112602233887e+00
-2.212455511093139648e+00
4.537885189056396484e+00
2.050285339355468750e-01
5.875372290611267090e-01
5.325139045715332031e+00
-2.134443044662475586e+00
-2.951622009277343750e-03
2.738885402679443359e+00
-2.904775619506835938e+00
4.730623722076416016e+00
-2.214531421661376953e+00
-5.524802207946777344e-01
-4.327471256256103516e-01
-3.153625726699829102e+00
2.112380504608154297e+00
2.206818103790283203e+00
-1.498307943344116211e+00
2.267755031585693359e+00
2.405807495117187500e+00
3.760528326034545898e+00
-2.273066282272338867e+00
1.418643593788146973e+00
5.614943504333496094e-01
3.886500358581542969e+00
5.689075469970703125e+00
-1.351189851760864258e+00
1.622067689895629883e+00
-9.212245345115661621e-01
-2.034431695938110352e+00
-1.116832852363586426e+00
-8.982425928115844727e-01
-1.102564811706542969e+00
-4.091968059539794922e+00
6.349682807922363281e+00
2.009876728057861328e+00
3.185189366340637207e-01
1.576450824737548828e+00
-3.945690393447875977e-02
-5.966265201568603516e-01
-2.721113204956054688e+00
-6.561431288719177246e-01
1.290543556213378906e+00
3.034542083740234375e+00
1.377076864242553711e+00
-3.697276592254638672e+00
1.177394390106201172e-01
-2.172400653362274170e-01
9.717652797698974609e-01
2.228172779083251953e+00
2.639889717102050781e+00
8.646430969238281250e-01
2.142553567886352539e+00
-1.377232789993286133e+00
2.512704372406005859e+00
3.995848655700683594e+00
3.180063247680664062e+00
-4.166085243225097656e+00
-1.282659411430358887e+00
-2.106716871261596680e+00
-1.221621274948120117e+00
-9.756746292114257812e-01
1.940129041671752930e+00
-2.998357295989990234e+00
1.188339471817016602e+00
5.390333175659179688e+00
-3.069456815719604492e+00
1.784772753715515137e+00
1.629352927207946777e+00
1.742350697517395020e+00
-2.542672872543334961e+00
1.587485074996948242e-01
5.478703975677490234e-01
4.647850990295410156e-03
2.332170486450195312e+00
-2.521854639053344727e+00
6.448659896850585938e-01
-5.348058938980102539e-01
7.510720491409301758e-01
4.764142036437988281e+00
2.723484992980957031e+00
7.767760157585144043e-01
-4.412178039550781250e+00
2.127908706665039062e+00
-4.014200866222381592e-01
-3.084150552749633789e+00
-2.054552793502807617e+00
3.553113698959350586e+00
-1.425882816314697266e+00
1.027574062347412109e+00
1.199094653129577637e-01
-6.479443907737731934e-01
1.179597377777099609e+00
3.116871833801269531e+00
-2.450500249862670898e+00
1.426247596740722656e+00
-3.740139722824096680e+00
-7.499761581420898438e-01
-2.089260578155517578e+00
-3.719741702079772949e-01
1.097725868225097656e+00
3.393064498901367188e+00
-3.028876781463623047e+00
-3.235846757888793945e+00
5.730189085006713867e-01
9.711067378520965576e-02
3.139202117919921875e+00
-6.760878562927246094e-01
2.675684928894042969e+00
1.387600183486938477e+00
2.809996843338012695e+00
2.823966979980468750e+00
-4.326954841613769531e+00
2.425272703170776367e+00
3.381034135818481445e-01
-2.307611465454101562e+00
-4.654252052307128906e+00
-3.587103366851806641e+00
-3.801162481307983398e+00
-2.658350467681884766e+00
3.735275268554687500e+00
2.158345699310302734e+00
3.809631347656250000e+00
-1.813425302505493164e+00
8.204352378845214844e+00
-1.797491788864135742e+00
-4.157745838165283203e+00
-1.884561777114868164e-01
3.049032211303710938e+00
-1.784925460815429688e+00
1.149259567260742188e+01
-1.538145661354064941e+00
2.211047857999801636e-01
-4.574359655380249023e-01
2.607308864593505859e+00
1.174204230308532715e+00
-1.273011922836303711e+00
-1.402384757995605469e+00
8.590881824493408203e-01
-1.771860599517822266e+00
4.669091224670410156e+00
-5.643187999725341797e+00
-5.057663440704345703e+00
3.035835504531860352e+00
8.030914068222045898e-01
-4.703574657440185547e+00
-6.369017362594604492e-01
1.568549513816833496e+00
-1.005405187606811523e-02
-2.531432807445526123e-01
2.550373077392578125e+00
2.203474044799804688e+00
-2.148905038833618164e+00
8.728582859039306641e-01
-2.015231609344482422e+00
-1.761615037918090820e+00
2.272901296615600586e+00
-1.350032806396484375e+00
-2.300007581710815430e+00
-8.481277227401733398e-01
-7.835220694541931152e-01
-3.513947129249572754e-03
-3.973325490951538086e+00
-4.060022532939910889e-01
-2.169881820678710938e+00
-7.908014655113220215e-01
-1.279819488525390625e+00
-2.026138305664062500e+00
-3.189603805541992188e+00
-2.648679256439208984e+00
1.080205798149108887e+00
-9.589940309524536133e-01
-1.977411508560180664e+00
7.887506484985351562e-02
-2.952564001083374023e+00
2.204207897186279297e+00
5.206076502799987793e-01
1.178830623626708984e+00
-5.228662490844726562e-02
2.059332132339477539e+00
8.979231715202331543e-01
-1.865247488021850586e+00
5.872562408447265625e+00
-1.014517307281494141e+00
1.426247358322143555e+00
-2.268312215805053711e+00
2.030140876770019531e+00
7.519298791885375977e-01
1.354925751686096191e+00
-2.419987916946411133e+00
1.678129196166992188e+00
2.510632038116455078e+00
-2.397026717662811279e-01
-1.107520461082458496e+00
2.881648063659667969e+00
-4.201501369476318359e+00
-1.557411670684814453e+00
4.958651661872863770e-01
-2.073520183563232422e+00
3.619355201721191406e+00
2.611700296401977539e+00
1.505889892578125000e+00
7.967485427856445312e+00
-4.114635467529296875e+00
-3.404712080955505371e-01
-3.962424755096435547e+00
1.903203606605529785e+00
5.351412773132324219e+00
-1.623075962066650391e+00
-1.206154704093933105e+00
-2.452811002731323242e+00
1.115936994552612305e+00
3.767004489898681641e+00
-3.877650737762451172e+00
-2.908650875091552734e+00
-2.711936712265014648e+00
-1.654754161834716797e+00
-1.739640474319458008e+00
-2.296305894851684570e+00
-1.833012342453002930e+00
-2.122345209121704102e+00
6.793239116668701172e-01
-1.926831245422363281e+00
-4.080549716949462891e+00
-2.068382501602172852e-01
-2.384290993213653564e-01
-1.495423793792724609e+00
5.423068523406982422e+00
2.711617946624755859e+00
4.546730995178222656e+00
5.084657669067382812e+00
2.459796667098999023e+00
1.454882502555847168e+00
-1.585018396377563477e+00
3.979369103908538818e-01
-3.393159866333007812e+00
3.729617357254028320e+00
6.048001289367675781e+00
1.238180518150329590e+00
-2.023223400115966797e+00
3.000169754028320312e+00
-3.754213809967041016e+00
1.624488115310668945e+00
7.226133346557617188e-01
1.284065723419189453e+00
3.411650359630584717e-01
3.233846664428710938e+00
-1.066967487335205078e+00
-3.869254350662231445e+00
6.130274772644042969e+00
2.950259447097778320e+00
3.079631924629211426e-01
-8.163148760795593262e-01
1.311432123184204102e+00
-2.229957103729248047e+00
-1.644132852554321289e+00
-9.340646862983703613e-01
-3.157652616500854492e-01
-1.103334665298461914e+00
-1.952778100967407227e-01
5.420120358467102051e-01
-2.189026594161987305e+00
1.543537974357604980e+00
-8.544011712074279785e-01
-3.932920694351196289e+00
-5.680414438247680664e-01
-2.037937879562377930e+00
5.026504039764404297e+00
-1.533347249031066895e+00
4.342138767242431641e-02
1.229232549667358398e+00
2.215411663055419922e+00
-7.213914394378662109e-01
-1.797341823577880859e+00
-1.898989439010620117e+00
-1.675507664680480957e+00
-1.130875587463378906e+00
-3.080353498458862305e+00
-4.380211830139160156e+00
7.527082562446594238e-01
-1.572950005531311035e+00
1.189933776855468750e+00
1.036709666252136230e+00
2.366252660751342773e+00
-2.062893867492675781e+00
-2.802678585052490234e+00
1.867314100265502930e+00
1.408577084541320801e+00
1.988854765892028809e+00
6.362898349761962891e-01
-1.839169502258300781e+00
5.303014278411865234e+00
3.110401868820190430e+00
9.323117136955261230e-01
3.318233489990234375e+00
1.663229107856750488e+00
-1.399608373641967773e+00
-2.036503314971923828e+00
-1.454555749893188477e+00
-1.465771675109863281e+00
3.636949539184570312e+00
-4.252607822418212891e+00
-4.740714550018310547e+00
-3.560411214828491211e+00
-2.401548027992248535e-01
-1.813839912414550781e+00
-4.131598472595214844e+00
2.836598873138427734e+00
-4.053796768188476562e+00
-3.699316024780273438e+00
-1.250537157058715820e+00
-2.749919891357421875e+00
7.331416606903076172e+00
-2.906040191650390625e+00
6.905588507652282715e-01
-3.052693843841552734e+00
-1.591044187545776367e+00
7.076521962881088257e-02
-9.124140739440917969e-01
1.499439597129821777e+00
-3.985058307647705078e+00
4.915398120880126953e+00
-5.787045955657958984e-01
-1.722038030624389648e+00
1.615704059600830078e+00
-2.339705467224121094e+00
6.476278305053710938e+00
-4.014045596122741699e-01
9.761004447937011719e-01
-2.567295551300048828e+00
1.716316863894462585e-02
-7.944274544715881348e-01
8.542615890502929688e+00
-5.464549541473388672e+00
-1.101835250854492188e+00
-4.639307498931884766e+00
-5.803624629974365234e+00
-8.569728732109069824e-01
-1.794172286987304688e+00
4.076817035675048828e+00
-1.058554172515869141e+00
7.985383987426757812e+00
-1.817365407943725586e+00
-4.422268867492675781e-01
-1.704632759094238281e+00
-4.139246940612792969e+00
-1.096639871597290039e+00
4.043070316314697266e+00
9.956476688385009766e-01
-2.320876121520996094e+00
-2.078710496425628662e-01
-2.169141530990600586e+00
2.871959924697875977e+00
-4.454432964324951172e+00
-1.663775146007537842e-01
6.326372623443603516e-01
7.353056073188781738e-01
-3.054324388504028320e+00
-1.330926537513732910e+00
3.084632635116577148e+00
2.336447238922119141e+00
2.041546106338500977e+00
-1.896099209785461426e+00
4.691890239715576172e+00
-2.405259370803833008e+00
1.456603288650512695e+00
2.336234331130981445e+00
-8.510189652442932129e-01
-1.056821584701538086e+00
-1.263796806335449219e+00
-8.958294987678527832e-01
-4.510005950927734375e+00
2.094220876693725586e+00
-1.005054712295532227e-01
-2.079990386962890625e+00
-7.422655820846557617e-02
-9.523577690124511719e-01
7.627031207084655762e-01
-7.424288988113403320e-02
1.117442011833190918e+00
-1.104834079742431641e+00
1.725751519203186035e+00
2.739778518676757812e+00
1.159956812858581543e+00
1.182534933090209961e+00
2.144193649291992188e+00
1.772106409072875977e+00
4.446659564971923828e+00
1.876528382301330566e+00
-1.856324911117553711e+00
1.534295082092285156e-02
6.413946747779846191e-01
3.300912380218505859e+00
-1.408567786216735840e+00
-2.236313104629516602e+00
-2.623048067092895508e+00
3.352540016174316406e+00
6.286731243133544922e+00
-1.654487848281860352e+00
3.731449365615844727e+00
4.287991821765899658e-01
-3.302878379821777344e+00
-2.709294557571411133e+00
-3.161293506622314453e+00
2.165185213088989258e+00
-2.698776721954345703e+00
-3.675663471221923828e+00
5.431371927261352539e-02
-2.521061658859252930e+00
-4.052864074707031250e+00
-2.043441295623779297e+00
-2.231999635696411133e-01
-3.125662326812744141e+00
9.132045507431030273e-01
2.438043117523193359e+00
5.132755756378173828e+00
5.065601348876953125e+00
-1.327265024185180664e+00
-6.485329151153564453e+00
3.822363853454589844e+00
5.207195281982421875e-01
-6.190683841705322266e-01
3.034280300140380859e+00
-2.348173141479492188e+00
-4.234138011932373047e+00
-4.995189905166625977e-01
6.441501379013061523e-01
1.536184549331665039e+00
4.072880744934082031e+00
1.835171937942504883e+00
-3.599463462829589844e+00
1.425388813018798828e+00
2.887070178985595703e+00
4.614439487457275391e+00
4.277432441711425781e+00
2.197447061538696289e+00
-9.484618902206420898e-01
-2.460128068923950195e+00
-1.454583168029785156e+00
-1.450481176376342773e+00
-2.299925565719604492e+00
1.924033999443054199e+00
4.360965728759765625e+00
7.648462057113647461e-02
7.316510081291198730e-01
1.239774465560913086e+00
-8.027680516242980957e-01
1.891830325126647949e+00
1.560977458953857422e+00
1.447079062461853027e+00
-3.628738641738891602e+00
-2.190556764602661133e+00
-2.265466690063476562e+00
-9.955976009368896484e-01
-6.944398880004882812e-01
9.882396459579467773e-01
1.092311620712280273e+00
1.820007085800170898e+00
-1.477148890495300293e+00
3.792561292648315430e+00
-4.574638605117797852e-02
2.157399177551269531e+00
-3.514800786972045898e+00
1.975730895996093750e+00
-3.313507437705993652e-01
-7.873945236206054688e-01
5.443136692047119141e-01
-8.794696927070617676e-01
-3.125624418258666992e+00
-1.906567811965942383e+00
9.819850921630859375e-01
1.373261332511901855e+00
-4.893036782741546631e-01
4.962596297264099121e-01
6.556093692779541016e-03
-6.724627017974853516e-01
4.104607105255126953e+00
-3.268251657485961914e+00
-2.957519531250000000e+00
7.115174531936645508e-01
-1.779510140419006348e+00
2.206321477890014648e+00
-1.962652921676635742e+00
2.715963840484619141e+00
6.726043224334716797e+00
1.646913886070251465e+00
-6.066352128982543945e-01
-2.765002489089965820e+00
-1.800260186195373535e+00
2.076127052307128906e+00
-2.996403694152832031e+00
-3.230308592319488525e-01
-4.778966903686523438e+00
2.356887102127075195e+00
-2.118430614471435547e+00
1.429570794105529785e+00
-2.780897140502929688e+00
1.565959095954895020e+00
-2.115050792694091797e+00
1.324347496032714844e+00
-5.050019264221191406e+00
4.045771598815917969e+00
7.440521240234375000e+00
4.883666992187500000e+00
2.362771749496459961e+00
-3.330703735351562500e+00
1.141029357910156250e+00
3.577692747116088867e+00
4.801004409790039062e+00
8.566246628761291504e-01
8.421443700790405273e-01
-3.513034820556640625e+00
5.480928897857666016e+00
-5.910661220550537109e-01
-4.354341506958007812e+00
-2.201656341552734375e+00
-3.253463268280029297e+00
-5.159107685089111328e+00
-3.551554441452026367e+00
-4.681763648986816406e+00
3.166469335556030273e-01
-3.616830110549926758e+00
-7.752715587615966797e+00
8.511737585067749023e-01
-4.332031250000000000e+00
-3.289768934249877930e+00
-5.285521030426025391e+00
-3.242391586303710938e+00
-4.436869144439697266e+00
-1.857434630393981934e+00
-4.912458419799804688e+00
-3.687136173248291016e+00
-7.982649326324462891e+00
-3.854125022888183594e+00
-4.497412204742431641e+00
-3.124428749084472656e+00
-2.245393753051757812e+00
-2.843229293823242188e+00
-2.461058855056762695e+00
-4.215423583984375000e+00
-5.327275276184082031e+00
-2.200337409973144531e+00
-3.594107866287231445e+00
-2.655265808105468750e+00
-4.353756427764892578e+00
-2.977131843566894531e+00
-2.438308477401733398e+00
-5.075520515441894531e+00
-4.495470046997070312e+00
3.534470558166503906e+00
-1.693372011184692383e+00
-4.359224319458007812e+00
-3.486198186874389648e+00
-2.465983867645263672e+00
-4.707445144653320312e+00
-3.447676420211791992e+00
-3.334627866744995117e+00
-1.212593674659729004e+00
-5.998202323913574219e+00
-1.790163755416870117e+00
-2.623835563659667969e+00
2.747818708419799805e+00
-5.170689821243286133e-01
2.720168352127075195e+00
2.602547168731689453e+00
-1.073849678039550781e+00
2.767634868621826172e+00
-1.092510342597961426e+00
2.751390933990478516e+00
2.483187198638916016e+00
-6.219091415405273438e-01
-1.807538747787475586e+00
4.289091110229492188e+00
-2.821822881698608398e+00
1.325427651405334473e+00
3.598646402359008789e+00
-8.944056034088134766e-01
-2.803367614746093750e+00
-6.206758022308349609e-01
-5.141803264617919922e+00
-3.770105123519897461e+00
-6.437079429626464844e+00
-3.218592405319213867e-01
-1.551076173782348633e+00
-2.685439586639404297e+00
-4.113943099975585938e+00
-3.845176935195922852e+00
-5.968044757843017578e+00
-5.044028759002685547e+00
-2.001124024391174316e-01
1.984290122985839844e+00
