1.195989966392517090e+00
7.076943516731262207e-01
8.973626494407653809e-01
1.138249754905700684e+00
8.629606366157531738e-01
1.275708377361297607e-01
3.983719825744628906e+00
-1.810012578964233398e+00
-5.710662841796875000e+00
2.267720222473144531e+00
-3.994561672210693359e+00
-3.626463651657104492e+00
-6.307682514190673828e+00
-2.523333072662353516e+00
7.823215126991271973e-01
-3.765850305557250977e+00
-5.473625183105468750e+00
-2.232129096984863281e+00
-9.283168315887451172e-01
-1.630352973937988281e+00
-4.513101577758789062e+00
-2.990435361862182617e+00
-3.940980911254882812e+00
-3.009634256362915039e+00
-2.487396717071533203e+00
3.270691931247711182e-01
2.500359058380126953e+00
1.146619081497192383e+00
9.536995887756347656e-01
-3.917949497699737549e-01
-1.107487082481384277e+00
1.785483837127685547e+00
-4.099723815917968750e+00
1.285892724990844727e-01
3.763689517974853516e+00
4.160968661308288574e-01
-6.910876631736755371e-01
-1.427129268646240234e+00
6.482386112213134766e+00
1.933101654052734375e+00
9.326707720756530762e-01
-5.476189851760864258e-01
4.232791900634765625e+00
1.222997665405273438e+00
1.853982090950012207e+00
3.192572593688964844e+00
3.520122051239013672e+00
4.891963958740234375e+00
1.749986410140991211e+00
5.091130137443542480e-01
4.179302215576171875e+00
3.108017444610595703e+00
-3.487967252731323242e-01
4.122904539108276367e-01
1.345666050910949707e+00
2.691023111343383789e+00
1.074813604354858398e-01
-4.699139595031738281e+00
2.605212211608886719e+00
-2.057207584381103516e+00
2.509152889251708984e+00
3.320137500762939453e+00
3.989816665649414062e+00
-4.244896888732910156e+00
1.998660326004028320e+00
4.188706398010253906e+00
2.598879098892211914e+00
1.444713711738586426e+00
5.363076329231262207e-01
2.283271312713623047e+00
-2.048136234283447266e+00
-6.778573989868164062e-01
-1.534858226776123047e+00
1.303822398185729980e+00
2.637645244598388672e+00
-2.162528276443481445e+00
2.344513893127441406e+00
2.045732498168945312e+00
-4.555033743381500244e-01
4.817191958427429199e-01
-1.844811916351318359e+00
-5.288858890533447266e+00
-2.415949821472167969e+00
-3.403770923614501953e+00
2.506655216217041016e+00
-4.284812927246093750e+00
-1.288800120353698730e+00
-2.152733802795410156e+00
5.359343290328979492e-01
-4.179610252380371094e+00
-2.810873985290527344e+00
-3.647882699966430664e+00
-6.397554874420166016e-01
-3.539458513259887695e+00
-9.167900085449218750e-01
-2.014634370803833008e+00
4.254758358001708984e-01
-3.830101013183593750e+00
-1.872058749198913574e+00
-4.998332977294921875e+00
-2.014999866485595703e+00
8.655938148498535156e+00
-3.809864044189453125e+00
8.466637134552001953e-02
-2.550225734710693359e+00
-4.515603065490722656e+00
1.452353000640869141e-01
3.699365615844726562e+00
1.972472786903381348e+00
3.259488344192504883e+00
-1.328659057617187500e-02
-8.564625978469848633e-01
-6.369176506996154785e-01
1.416043639183044434e+00
-1.792502284049987793e+00
1.244114756584167480e+00
4.926030039787292480e-01
5.811682939529418945e-01
2.169696688652038574e-01
2.155604660511016846e-01
-3.671154975891113281e-01
-1.270312547683715820e+00
-2.253244400024414062e+00
-2.603149414062500000e-02
-1.442395091056823730e+00
-9.846019744873046875e-02
-1.864143371582031250e+00
-9.682015776634216309e-01
-1.176897525787353516e+00
-2.004110813140869141e+00
-2.452151298522949219e+00
-1.733296632766723633e+00
-1.848272323608398438e+00
-2.564993858337402344e+00
-1.177174806594848633e+00
-6.569381713867187500e+00
-1.059228181838989258e+00
-9.339081645011901855e-01
-4.717146158218383789e-01
-2.140799760818481445e+00
-3.414737701416015625e+00
-1.875838041305541992e+00
-5.150025367736816406e+00
-2.864035844802856445e+00
-3.819630742073059082e-01
-1.690303802490234375e+00
-4.675634384155273438e+00
6.518593430519104004e-02
-1.357744812965393066e+00
3.382912635803222656e+00
-4.755482673645019531e+00
2.966111660003662109e+00
-7.155379056930541992e-01
1.611730605363845825e-01
-8.237201571464538574e-01
2.456832408905029297e+00
2.546250104904174805e+00
2.521355390548706055e+00
2.970373392105102539e+00
3.184117794036865234e+00
-3.034828424453735352e+00
6.722582876682281494e-02
3.389329910278320312e+00
1.940408229827880859e+00
6.269538879394531250e+00
5.437810420989990234e+00
3.733945369720458984e+00
2.375688076019287109e+00
6.208460807800292969e+00
-1.666387319564819336e-01
2.580222606658935547e+00
1.324674844741821289e+00
2.309213638305664062e+00
2.907907247543334961e+00
9.608349800109863281e-01
-1.085592508316040039e-01
1.196892142295837402e+00
1.983604669570922852e+00
4.998791217803955078e+00
3.022932291030883789e+00
1.161512613296508789e+00
2.826703548431396484e+00
4.367123126983642578e+00
3.554566502571105957e-01
7.614630460739135742e-02
-2.860782146453857422e-01
-2.247377395629882812e+00
2.275981605052947998e-01
9.249255657196044922e-01
-9.663149714469909668e-01
-2.442737579345703125e+00
4.092669486999511719e-02
-3.638905286788940430e-01
1.188064813613891602e-01
-1.779154062271118164e+00
3.963294506072998047e+00
-1.171823516488075256e-01
3.451458454132080078e+00
2.450555562973022461e-02
2.312451601028442383e-03
-7.229892015457153320e-01
2.445784091949462891e+00
5.647850036621093750e-02
2.157476902008056641e+00
1.643314063549041748e-01
1.760025501251220703e+00
1.849304676055908203e+00
-4.899926483631134033e-01
3.440251588821411133e+00
1.924957036972045898e+00
6.659961223602294922e+00
4.561718940734863281e+00
2.829089403152465820e+00
-9.357152134180068970e-02
2.952805042266845703e+00
3.231412410736083984e+00
3.363755226135253906e+00
3.769702196121215820e+00
-4.727855622768402100e-01
7.759842872619628906e-01
-1.107184410095214844e+00
3.663153052330017090e-01
1.532148003578186035e+00
-6.348807811737060547e-01
-6.982805728912353516e-01
2.258613824844360352e+00
4.345679283142089844e-01
3.173045396804809570e+00
2.284156799316406250e+00
3.390382528305053711e+00
-1.697800278663635254e+00
1.401934146881103516e+00
3.383016586303710938e+00
2.133848667144775391e+00
4.630151748657226562e+00
-1.226182103157043457e+00
2.697779655456542969e+00
5.367125034332275391e+00
5.703181743621826172e+00
1.746389627456665039e+00
3.319273948669433594e+00
3.015539169311523438e+00
3.071526050567626953e+00
2.422416210174560547e+00
-3.009345531463623047e-01
2.508145332336425781e+00
3.388733863830566406e+00
4.049447059631347656e+00
1.640666961669921875e+00
6.940022110939025879e-03
-8.610817790031433105e-01
3.513837099075317383e+00
-9.059816002845764160e-01
3.996454000473022461e+00
4.375705242156982422e+00
2.162664413452148438e+00
1.311387896537780762e+00
1.177252888679504395e+00
-1.199347019195556641e+00
-1.283181190490722656e+00
-1.417453050613403320e+00
-2.390419960021972656e+00
6.310433745384216309e-01
-1.185679554939270020e+00
2.887039780616760254e-01
-8.585441708564758301e-01
-1.910043120384216309e+00
2.090603351593017578e+00
2.412573337554931641e+00
-8.546054363250732422e-03
-3.304057717323303223e-01
-1.896180212497711182e-01
2.549302577972412109e+00
-3.439553678035736084e-01
-4.964480400085449219e-01
3.140421867370605469e+00
-1.864865183830261230e+00
-1.987782955169677734e+00
-4.093585491180419922e+00
-3.360491991043090820e-02
6.811473369598388672e-01
-1.288601160049438477e+00
2.413578629493713379e-01
1.033365130424499512e-01
-2.333550930023193359e+00
5.854322910308837891e-01
-1.419290423393249512e+00
-3.496308088302612305e+00
-2.544243037700653076e-01
-3.155372619628906250e+00
1.456082820892333984e+00
-1.282059669494628906e+00
1.964677929878234863e+00
-6.509570479393005371e-01
-1.692133307456970215e+00
1.486283063888549805e+00
-1.998192071914672852e-02
-2.053110152482986450e-01
-3.301365137100219727e+00
-5.480974674224853516e+00
-2.160731554031372070e-01
-8.873178958892822266e-01
-2.388702630996704102e-01
-5.474932193756103516e-01
-1.917544364929199219e+00
-3.964740276336669922e+00
-2.660400152206420898e+00
-1.930773735046386719e+00
1.465396642684936523e+00
-1.017054557800292969e+00
3.338541984558105469e-01
-1.789100408554077148e+00
-7.354833483695983887e-01
-7.213327884674072266e-01
8.140547275543212891e-01
-1.293995738029479980e+00
-1.859838724136352539e+00
-1.822242736816406250e+00
-5.623006820678710938e-02
2.674569368362426758e+00
-2.255733013153076172e+00
-1.028146028518676758e+00
-2.282115221023559570e+00
-1.477622270584106445e+00
-5.517116546630859375e+00
-5.361590862274169922e+00
-2.775357484817504883e+00
3.646385669708251953e+00
1.276836156845092773e+00
9.555459022521972656e-01
1.126347303390502930e+00
1.074331760406494141e+00
4.841506481170654297e-01
1.808957695960998535e+00
-4.178845405578613281e+00
-4.900425434112548828e+00
-2.793130397796630859e+00
-2.286416530609130859e+00
1.830224990844726562e-01
6.006196022033691406e+00
7.067350387573242188e+00
5.251034736633300781e+00
3.420995235443115234e+00
1.505749821662902832e+00
3.124632358551025391e+00
3.525307655334472656e+00
2.538852453231811523e+00
-8.111959099769592285e-01
4.040053844451904297e+00
9.366376399993896484e-01
9.405066370964050293e-01
1.346264004707336426e+00
5.349832773208618164e-01
-4.211837053298950195e-01
4.288190841674804688e+00
1.948366999626159668e+00
-1.676181316375732422e+00
-1.580138921737670898e+00
5.625003576278686523e-01
-2.912200450897216797e+00
-1.334185957908630371e+00
7.895325422286987305e-01
-3.119922280311584473e-01
-3.714327216148376465e-01
-1.730219483375549316e+00
-1.211503505706787109e+00
-2.146416187286376953e+00
-8.596007227897644043e-01
-4.822748661041259766e+00
-3.686784982681274414e+00
-2.098593711853027344e+00
-3.579476833343505859e+00
-3.649127006530761719e+00
-5.642701148986816406e+00
-1.998105645179748535e+00
-1.768885970115661621e+00
-3.226145744323730469e+00
-1.681686758995056152e+00
-2.463228702545166016e+00
-4.472856044769287109e+00
-1.099464178085327148e+00
-3.319165229797363281e+00
-2.037022113800048828e+00
-1.642271161079406738e+00
-5.218325614929199219e+00
8.548292160034179688e+00
5.183562755584716797e+00
-3.177035331726074219e+00
-2.741964340209960938e+00
1.417425632476806641e+00
3.244254589080810547e+00
4.742288887500762939e-01
3.570706844329833984e+00
2.969700574874877930e+00
8.578019142150878906e-01
4.122297763824462891e+00
4.396337985992431641e+00
3.786843776702880859e+00
-2.066994667053222656e+00
1.145302057266235352e+00
-4.074680805206298828e-02
7.773965001106262207e-01
8.403077125549316406e-01
-6.224771499633789062e+00
-4.506310462951660156e+00
3.269565105438232422e-01
-1.366829037666320801e+00
7.450981140136718750e-01
-3.237895965576171875e+00
1.138052940368652344e-01
9.606879353523254395e-01
3.425122499465942383e+00
-1.106173276901245117e+00
-1.504276156425476074e+00
5.642211914062500000e+00
8.884537220001220703e-02
-6.122300028800964355e-01
3.433811426162719727e+00
-8.312920331954956055e-01
1.669613718986511230e+00
-3.115976572036743164e+00
-1.670867204666137695e+00
-1.440302133560180664e+00
-2.443793296813964844e+00
6.746971130371093750e+00
6.169742584228515625e+00
-1.865329504013061523e+00
2.548089265823364258e+00
-5.846890211105346680e-01
3.019982099533081055e+00
-1.264948248863220215e+00
-1.227840662002563477e+00
-1.642715930938720703e+00
1.617527246475219727e+00
4.609814643859863281e+00
2.623646020889282227e+00
-1.183767914772033691e-01
-8.039238452911376953e-01
-2.021982908248901367e+00
3.254219889640808105e-01
-9.073492288589477539e-01
5.759459733963012695e-01
-4.361820220947265625e+00
3.615763187408447266e+00
1.654409766197204590e-01
-2.071425676345825195e+00
6.198114156723022461e-01
-9.562127590179443359e-01
1.234630793333053589e-01
6.901999711990356445e-01
-3.242376327514648438e+00
9.627341032028198242e-01
2.336287736892700195e+00
-1.925057411193847656e+00
-4.001201152801513672e+00
1.744973063468933105e+00
1.142893314361572266e+00
4.956244468688964844e+00
1.449606895446777344e+00
2.371410369873046875e+00
-9.243811368942260742e-01
4.106542110443115234e+00
2.425698041915893555e+00
3.975122570991516113e-01
4.825623035430908203e+00
1.017876982688903809e+00
-3.762041568756103516e+00
-1.205164194107055664e+00
-8.970398902893066406e-01
-2.936981201171875000e+00
-4.351863861083984375e-01
2.485786229372024536e-01
-3.577722072601318359e+00
-2.226802825927734375e+00
9.295845031738281250e+00
-1.118831276893615723e+00
1.390591263771057129e+00
-1.055653214454650879e+00
3.347868919372558594e+00
-1.991709113121032715e+00
9.208810925483703613e-01
-1.640655398368835449e-01
-1.760442614555358887e+00
2.235430955886840820e+00
-3.257164955139160156e+00
-8.555043935775756836e-01
-2.546773195266723633e+00
-1.025021195411682129e+00
-3.499081730842590332e-01
3.416872024536132812e+00
5.302821636199951172e+00
-4.471925735473632812e+00
1.844766855239868164e+00
1.866656839847564697e-01
-2.299019575119018555e+00
-1.187729597091674805e+00
-5.319994688034057617e-01
1.572587370872497559e+00
-1.912638545036315918e-03
-6.997773647308349609e-01
1.670481860637664795e-01
3.357303142547607422e+00
-4.072534441947937012e-01
8.188447952270507812e-01
4.866634607315063477e-01
-2.625445842742919922e+00
-2.176234722137451172e+00
-3.770399570465087891e+00
-2.538963079452514648e+00
4.828372001647949219e+00
1.529697775840759277e-01
-2.081065654754638672e+00
-5.425096511840820312e+00
-2.164388179779052734e+00
-6.551659107208251953e-01
1.553285360336303711e+00
-2.051209688186645508e+00
2.938632369041442871e-01
1.480725407600402832e+00
3.776791810989379883e+00
2.250364303588867188e+00
-2.525478124618530273e+00
1.047027707099914551e+00
4.440300464630126953e-01
1.209638595581054688e+00
-3.775966644287109375e+00
-2.834835290908813477e+00
-3.596230506896972656e+00
-4.353653907775878906e+00
2.748797655105590820e+00
2.370924472808837891e+00
-4.147037267684936523e-01
-1.281655192375183105e+00
5.514817714691162109e+00
-1.929199218750000000e+00
-3.240864515304565430e+00
-2.305075407028198242e+00
-2.171589136123657227e-01
-6.029391288757324219e-01
4.592636585235595703e+00
-1.533837080001831055e+00
9.197519421577453613e-01
1.149791598320007324e+00
6.211705207824707031e-01
-2.129666805267333984e+00
1.797456383705139160e+00
-1.717312455177307129e+00
4.536798000335693359e-01
-4.300826549530029297e+00
7.455132007598876953e+00
-6.280934810638427734e+00
-1.231422901153564453e+00
4.581630706787109375e+00
-1.730481863021850586e+00
-3.740764379501342773e+00
-3.025626540184020996e-01
2.245275735855102539e+00
1.026639461517333984e+00
-2.687456846237182617e+00
1.106863021850585938e+00
5.407139778137207031e+00
-1.765368819236755371e+00
3.141503572463989258e+00
-1.603463530540466309e+00
5.327246189117431641e-01
1.799473524093627930e+00
-1.850028753280639648e+00
-4.437495231628417969e+00
1.703941583633422852e+00
-2.012681961059570312e-01
1.607243567705154419e-01
-3.260765790939331055e+00
2.807916641235351562e+00
-5.792652130126953125e+00
-2.901213169097900391e-01
-3.336865425109863281e+00
-3.409642219543457031e+00
2.759218811988830566e-01
1.704301834106445312e+00
6.939811706542968750e-01
-2.651281833648681641e+00
5.893886089324951172e-03
5.144479274749755859e-01
-3.968568325042724609e+00
3.192123889923095703e+00
1.569778680801391602e+00
-2.009844064712524414e+00
2.089641690254211426e-01
3.533039569854736328e+00
1.230915069580078125e+00
-5.783319950103759766e+00
4.846847534179687500e+00
3.258520960807800293e-01
-1.416415691375732422e+00
-4.133821964263916016e+00
-4.531223773956298828e-01
1.798811078071594238e+00
6.422585844993591309e-01
-3.005805969238281250e+00
2.332357645034790039e+00
-3.900233507156372070e-01
4.746685624122619629e-01
-4.774519443511962891e+00
6.774746179580688477e-01
-1.539100408554077148e+00
-1.853728771209716797e+00
-2.408476352691650391e+00
-3.126969337463378906e+00
3.850575447082519531e+00
7.680518627166748047e-01
5.458584308624267578e+00
8.710488319396972656e+00
1.050515413284301758e+00
-3.302675008773803711e+00
2.785547018051147461e+00
-1.641908884048461914e+00
2.474586963653564453e+00
2.201347351074218750e-01
-8.858064413070678711e-01
3.410822629928588867e+00
2.197363376617431641e+00
6.127566099166870117e-01
-2.437289714813232422e+00
-1.595564484596252441e-01
-4.531621932983398438e+00
-2.600261211395263672e+00
-4.514161109924316406e+00
-2.321115732192993164e+00
-1.693979263305664062e+00
-1.739387989044189453e+00
-2.991192102432250977e+00
-2.166652679443359375e-01
-1.095038890838623047e+00
-7.793463468551635742e-01
6.124554872512817383e-01
-2.631124973297119141e+00
3.650557994842529297e+00
2.640811920166015625e+00
2.197244644165039062e+00
1.026218652725219727e+00
1.311858177185058594e+00
2.214313507080078125e+00
-9.240452051162719727e-01
2.334459304809570312e+00
-2.577628135681152344e+00
2.867105007171630859e+00
2.472957134246826172e+00
2.071261405944824219e-04
-5.416992902755737305e-01
1.635169982910156250e+00
-3.442581176757812500e+00
3.026954233646392822e-01
-9.356535673141479492e-01
5.866938829421997070e-01
-2.152160882949829102e+00
1.830629467964172363e+00
-1.665655493736267090e+00
-2.947888851165771484e+00
3.330384969711303711e+00
6.066581606864929199e-01
4.279051721096038818e-01
-3.356250286102294922e+00
1.505553126335144043e-01
-1.172970980405807495e-03
-2.499388933181762695e+00
-3.359027147293090820e+00
-5.019477605819702148e-01
5.320969820022583008e-01
-3.284370303153991699e-01
5.016662597656250000e+00
-2.935151338577270508e+00
-8.746740221977233887e-01
5.691323280334472656e-01
-4.048573493957519531e+00
-1.571714162826538086e+00
-1.775722026824951172e+00
3.035805702209472656e+00
-4.044829607009887695e-01
1.609555482864379883e-01
-1.319170236587524414e+00
5.610437393188476562e-01
-3.050308227539062500e+00
-2.405314683914184570e+00
-3.199520349502563477e+00
-1.494278430938720703e+00
-2.292544603347778320e+00
-1.565861463546752930e+00
-2.812430858612060547e+00
-1.701770305633544922e+00
2.233696699142456055e+00
5.052287578582763672e-01
2.114149808883666992e+00
4.501492977142333984e+00
-1.637629508972167969e+00
5.580561161041259766e-01
2.271132707595825195e+00
4.083254814147949219e+00
1.652047276496887207e+00
-1.836371302604675293e+00
5.324199795722961426e-02
3.247875213623046875e+00
2.739277839660644531e+00
-1.118950366973876953e+00
4.687662720680236816e-01
1.142522335052490234e+00
-1.057006955146789551e+00
-1.491243958473205566e+00
-1.656761765480041504e+00
-1.975974559783935547e+00
2.176547050476074219e+00
-3.833920001983642578e+00
-7.058782577514648438e-01
-2.020745038986206055e+00
-1.951544761657714844e+00
-3.553737163543701172e+00
-3.076046705245971680e+00
1.807012081146240234e+00
-4.318782806396484375e+00
4.332622289657592773e-01
1.042906761169433594e+00
-2.572222948074340820e+00
8.205843925476074219e+00
-3.283697366714477539e-01
2.401674509048461914e+00
-3.229961633682250977e+00
-1.280515313148498535e+00
-4.088635444641113281e+00
9.546347856521606445e-01
1.705144166946411133e+00
-3.415900707244873047e+00
2.748395442962646484e+00
5.853426456451416016e-02
-1.235268115997314453e+00
6.152440309524536133e-01
-1.150568842887878418e+00
9.030830383300781250e+00
-9.416433572769165039e-01
5.582401752471923828e-01
-3.245200634002685547e+00
-5.907656624913215637e-02
-4.303218364715576172e+00
7.234385967254638672e+00
-4.123677730560302734e+00
2.439365863800048828e+00
-3.990680217742919922e+00
-6.034615993499755859e+00
-2.574980735778808594e+00
-1.236486911773681641e+00
2.323678016662597656e+00
1.558959722518920898e+00
7.986114501953125000e+00
4.582698047161102295e-01
9.861873388290405273e-01
-2.944432258605957031e+00
-3.781884670257568359e+00
5.313831567764282227e-01
3.260348796844482422e+00
-6.967920064926147461e-02
3.431835651397705078e+00
8.465010523796081543e-01
-5.065082073211669922e+00
-8.219476938247680664e-01
-3.197662115097045898e+00
7.738479375839233398e-01
1.783933401107788086e+00
-1.259996414184570312e+00
-5.416026115417480469e+00
-1.088632225990295410e+00
2.863079786300659180e+00
-1.276713609695434570e-01
-1.930907607078552246e+00
-2.816430807113647461e+00
3.757198810577392578e+00
-2.380996704101562500e+00
-9.361016154289245605e-01
3.390201807022094727e+00
-3.046146631240844727e+00
1.348945021629333496e+00
-3.592054605484008789e+00
-3.715614974498748779e-01
-4.861635208129882812e+00
-6.714906692504882812e-01
-6.744096279144287109e-01
8.482656478881835938e-01
-3.153149485588073730e-01
1.325335621833801270e+00
-1.042960405349731445e+00
2.495118141174316406e+00
-1.061082124710083008e+00
7.571852207183837891e-02
1.000854849815368652e+00
-8.405942320823669434e-01
2.035415649414062500e+00
-1.536867916584014893e-01
4.360428810119628906e+00
1.675328850746154785e+00
3.637449264526367188e+00
7.895935177803039551e-01
-1.722753286361694336e+00
-3.320949077606201172e-01
-1.892613172531127930e+00
6.953934431076049805e-01
-4.113625526428222656e+00
-2.662959575653076172e+00
-3.890129566192626953e+00
1.434109807014465332e-01
3.145050287246704102e+00
-2.079665422439575195e+00
3.779226303100585938e+00
-1.055035829544067383e+00
-4.512125492095947266e+00
-8.161161541938781738e-01
-2.645824432373046875e+00
1.515094041824340820e+00
-3.459371089935302734e+00
3.303542137145996094e+00
2.690094709396362305e+00
-3.470773696899414062e+00
-5.831396579742431641e-02
9.158983826637268066e-01
2.356420516967773438e+00
-4.268348693847656250e+00
8.946691751480102539e-01
-1.455710649490356445e+00
8.286071777343750000e+00
4.500370979309082031e+00
-3.646126985549926758e+00
-6.429046630859375000e+00
5.625705242156982422e+00
1.461378335952758789e+00
-1.984021425247192383e+00
1.860460519790649414e+00
-1.823700785636901855e+00
-3.067493677139282227e+00
1.162208080291748047e+00
-3.749973773956298828e+00
1.083943009376525879e+00
2.005440950393676758e+00
-1.263836622238159180e+00
-1.829365730285644531e+00
3.608431816101074219e+00
3.389238834381103516e+00
8.172534108161926270e-01
-1.315262556076049805e+00
1.851283311843872070e+00
7.808555364608764648e-01
8.930921554565429688e-02
-3.699861049652099609e+00
-3.306982517242431641e+00
-7.938594818115234375e-01
2.983007669448852539e+00
4.003447532653808594e+00
2.633002519607543945e+00
1.553210258483886719e+00
4.569216728210449219e+00
-3.908268809318542480e-01
-1.332539200782775879e+00
1.738951444625854492e+00
4.472765922546386719e-01
-2.118473291397094727e+00
-4.677382469177246094e+00
-3.242439031600952148e+00
2.601796090602874756e-01
-6.152075529098510742e-01
-1.066534519195556641e+00
2.922412157058715820e+00
1.722148418426513672e+00
-2.229572772979736328e+00
4.487949371337890625e+00
1.328933238983154297e+00
-2.176609039306640625e+00
-4.461516380310058594e+00
2.757457256317138672e+00
-1.276617169380187988e+00
-1.543527603149414062e+00
-7.019205093383789062e-01
-1.878891706466674805e+00
-3.321116209030151367e+00
-5.288211822509765625e+00
2.237242460250854492e+00
-9.406349658966064453e-01
-8.334449529647827148e-01
1.486620426177978516e+00
2.628881216049194336e+00
1.142815470695495605e+00
6.777314662933349609e+00
-6.162097454071044922e-01
7.708569765090942383e-01
4.155208587646484375e+00
-2.018522500991821289e+00
-1.264590024948120117e+00
-4.150367736816406250e+00
2.846634864807128906e+00
8.452898979187011719e+00
2.462707519531250000e+00
-1.137102365493774414e+00
-2.155781269073486328e+00
-3.704881668090820312e-01
1.925510168075561523e-01
-1.592201232910156250e+00
3.006861925125122070e+00
-4.865493774414062500e+00
-7.922468185424804688e-01
-8.507461547851562500e-01
3.153450012207031250e+00
7.336590290069580078e-01
3.103069067001342773e-01
-1.558687090873718262e-01
-1.775640726089477539e+00
-4.872731685638427734e+00
4.236195564270019531e+00
8.135537147521972656e+00
4.205574512481689453e+00
1.499866247177124023e+00
-2.606851577758789062e+00
1.767620086669921875e+00
2.003584861755371094e+00
4.202822685241699219e+00
-2.468151807785034180e+00
1.152789354324340820e+00
-3.338251113891601562e+00
6.546607494354248047e+00
1.398856163024902344e+00
-2.672080278396606445e+00
-3.552413225173950195e+00
-2.396685600280761719e+00
-5.694303512573242188e+00
-6.144975185394287109e+00
-4.017874240875244141e+00
1.478154659271240234e-01
-2.990560054779052734e+00
-4.511615276336669922e+00
-1.993615627288818359e+00
-3.828727722167968750e+00
-3.996183156967163086e+00
-6.148674488067626953e+00
-5.368294715881347656e-01
-2.311711788177490234e+00
-1.067736268043518066e+00
-1.796035528182983398e+00
-1.908958077430725098e+00
-3.705281734466552734e+00
-3.850396156311035156e+00
-3.777109622955322266e+00
-1.236784815788269043e+00
-1.270728468894958496e+00
-9.041427373886108398e-01
2.450166940689086914e+00
-2.491508245468139648e+00
-1.614735126495361328e+00
-6.382802724838256836e-01
-1.275992631912231445e+00
-2.048227310180664062e+00
-4.149361133575439453e+00
-1.765798568725585938e+00
-7.969430685043334961e-01
-2.208901643753051758e+00
-3.452528953552246094e+00
2.407749652862548828e+00
-4.204247593879699707e-01
-2.995127201080322266e+00
-1.697685480117797852e+00
-2.665936231613159180e+00
-3.016173601150512695e+00
-5.349500179290771484e+00
-3.754399299621582031e+00
2.607680559158325195e-01
-4.937644004821777344e+00
1.319201588630676270e-01
-3.992347240447998047e+00
2.180111408233642578e+00
2.712864160537719727e+00
3.559649467468261719e+00
5.979812145233154297e+00
-1.014976739883422852e+00
1.327874422073364258e+00
1.845491409301757812e+00
1.692904949188232422e+00
9.085569381713867188e-01
1.402368307113647461e+00
1.661186814308166504e-01
7.701905369758605957e-01
3.302597284317016602e+00
4.751871109008789062e+00
2.953655004501342773e+00
5.004932880401611328e-01
-2.804020643234252930e+00
-1.086476564407348633e+00
-2.949615955352783203e+00
-3.517770290374755859e+00
-4.657833576202392578e+00
2.103702068328857422e+00
-1.035813093185424805e+00
-3.182035923004150391e+00
-3.714645862579345703e+00
-2.959981918334960938e+00
-1.642709851264953613e+00
-1.054588794708251953e+00
-1.807289958000183105e+00
2.486305236816406250e+00
