1.629692435264587402e+00
2.501099586486816406e+00
-1.713441848754882812e+00
-2.208855867385864258e+00
-3.578048944473266602e-01
-3.466558754444122314e-01
-1.456138014793395996e+00
-2.605075836181640625e-01
-6.908994913101196289e-01
-2.501166820526123047e+00
-2.211445331573486328e+00
3.774834156036376953e+00
1.297034263610839844e+00
-2.141730546951293945e+00
-1.783684253692626953e+00
-4.510072767734527588e-01
1.289669275283813477e-01
-1.068640828132629395e+00
1.969187855720520020e-01
-1.227492928504943848e+00
-2.115010738372802734e+00
1.985695362091064453e-01
-1.560486078262329102e+00
2.191964834928512573e-01
-3.080733776092529297e+00
-2.938649177551269531e+00
-2.427428245544433594e+00
8.976955413818359375e-01
-3.201320886611938477e+00
-3.609067916870117188e+00
-3.827795267105102539e+00
4.132336080074310303e-01
-4.520302295684814453e+00
-1.702923297882080078e+00
-1.866930603981018066e+00
-4.050916671752929688e+00
-1.496370196342468262e+00
-4.212752819061279297e+00
-2.684672772884368896e-01
-2.184816598892211914e+00
7.447775006294250488e-01
-1.720780730247497559e+00
5.293866991996765137e-01
-2.789844989776611328e+00
-1.516782402992248535e+00
-1.789156913757324219e+00
-7.076456546783447266e-01
-2.037375211715698242e+00
6.657888293266296387e-01
-3.860921382904052734e+00
-4.295824050903320312e+00
-3.945215225219726562e+00
1.823426246643066406e+00
6.055563688278198242e-01
-2.499644756317138672e+00
1.158861145377159119e-01
2.698995351791381836e+00
-4.046827316284179688e+00
2.872987508773803711e+00
-1.021344542503356934e+00
6.188247799873352051e-01
1.355240583419799805e+00
9.299858212471008301e-01
-2.665583193302154541e-01
-3.783211708068847656e-01
-2.141919732093811035e-02
1.607464075088500977e+00
-2.629206657409667969e+00
4.985686540603637695e-01
3.221017122268676758e-01
1.435986042022705078e+00
-2.688083648681640625e+00
-1.009654283523559570e+00
2.850527763366699219e+00
1.579337596893310547e+00
6.946598291397094727e-01
-8.737514019012451172e-01
2.983658790588378906e+00
1.369389653205871582e+00
1.269773960113525391e+00
2.227510929107666016e+00
2.532231330871582031e+00
-4.477576017379760742e-01
9.743552207946777344e-01
-3.581551313400268555e-01
-6.755902767181396484e-01
2.515443563461303711e-01
-9.980878233909606934e-01
4.032959938049316406e-01
4.046835422515869141e+00
-2.074710369110107422e+00
-1.059395909309387207e+00
2.496411800384521484e+00
-9.622621536254882812e-02
1.891340732574462891e+00
-5.140547752380371094e+00
1.753758549690246582e+00
-6.547045707702636719e-01
1.986011505126953125e+00
-2.729940414428710938e-02
-2.034487962722778320e+00
-3.267588615417480469e+00
-3.110931396484375000e+00
-1.195039987564086914e+00
-3.063902854919433594e+00
-5.757449626922607422e+00
-2.893284320831298828e+00
-4.761310815811157227e-01
1.463707238435745239e-01
-6.082755327224731445e-02
-2.129730939865112305e+00
-3.918572425842285156e+00
1.454644203186035156e+00
-5.033162832260131836e-01
-2.902896404266357422e+00
-1.733968973159790039e+00
-2.828894615173339844e+00
8.376863002777099609e-01
-1.090155363082885742e+00
-2.544487953186035156e+00
-3.105716466903686523e+00
-2.134690284729003906e+00
-4.088515758514404297e+00
-4.344055652618408203e+00
-3.351189136505126953e+00
1.624786734580993652e+00
1.644252777099609375e+00
7.707841992378234863e-01
-1.351696252822875977e-01
-8.754351139068603516e-01
3.847019672393798828e-01
-1.002427697181701660e+00
1.673146486282348633e+00
-1.154431343078613281e+00
1.179401755332946777e+00
-1.192917227745056152e-01
-2.539406299591064453e+00
-3.346520185470581055e+00
2.065495729446411133e+00
-1.432649135589599609e+00
3.429782390594482422e-02
1.224962592124938965e+00
-1.058076858520507812e+00
-7.726677656173706055e-01
-3.938645124435424805e-02
-2.240986824035644531e-01
-2.815098285675048828e+00
-2.166481494903564453e+00
7.626072168350219727e-01
-1.240620017051696777e-01
2.110281944274902344e+00
8.743052482604980469e-01
-2.936709642410278320e+00
-4.173579216003417969e-01
-2.648908138275146484e+00
-7.332347035408020020e-01
-7.948148250579833984e-01
-1.407296299934387207e+00
-1.299795389175415039e+00
-6.726115942001342773e-03
-3.717657804489135742e+00
4.898827672004699707e-01
-7.734591364860534668e-01
-2.425537347793579102e+00
-1.702386140823364258e+00
-2.620185375213623047e+00
6.072496175765991211e-01
-4.388757348060607910e-01
-8.320746421813964844e-01
-3.401827573776245117e+00
-8.743594586849212646e-02
9.026010036468505859e-01
-6.692741513252258301e-01
1.031073212623596191e+00
-2.367848873138427734e+00
-4.326124191284179688e+00
-1.809528470039367676e+00
-2.708099365234375000e+00
1.599520325660705566e+00
-2.889454603195190430e+00
-3.075335979461669922e+00
-1.729054689407348633e+00
-3.085403442382812500e-01
-2.522570848464965820e+00
4.492473602294921875e-01
2.634383201599121094e+00
-1.029976487159729004e+00
-4.234974980354309082e-01
-1.165422320365905762e+00
6.886790394783020020e-01
8.647882342338562012e-01
-4.871545135974884033e-01
-1.294492244720458984e+00
-1.606021404266357422e+00
-3.566282033920288086e+00
-1.107784986495971680e+00
-2.393581151962280273e+00
-1.177378773689270020e+00
-3.192958831787109375e-01
1.221808433532714844e+00
-1.074444055557250977e+00
-1.104362964630126953e+00
1.861473917961120605e-01
1.692131996154785156e+00
2.335878372192382812e+00
2.258598208427429199e-01
8.042424917221069336e-02
8.106795549392700195e-01
1.742936611175537109e+00
-2.301474213600158691e-01
-5.953279137611389160e-02
1.715088486671447754e-01
-3.036581575870513916e-01
1.841922044754028320e+00
-2.579076051712036133e+00
1.424740791320800781e+00
-7.564227581024169922e-01
5.725430250167846680e-01
-2.031743228435516357e-01
1.487112790346145630e-01
-1.163778185844421387e+00
-2.241229057312011719e+00
4.130113124847412109e-01
1.055116772651672363e+00
-4.513277411460876465e-01
-3.394054412841796875e+00
-1.373821496963500977e+00
-1.138262867927551270e+00
-3.553158044815063477e+00
-2.201187849044799805e+00
-1.054386734962463379e+00
1.519202351570129395e+00
-4.729275703430175781e-01
-1.710029959678649902e+00
7.850955724716186523e-01
-3.114129543304443359e+00
-2.529060840606689453e+00
1.800918579101562500e-01
2.310718894004821777e-01
-2.221877336502075195e+00
2.224872589111328125e+00
4.128874540328979492e-01
-2.693171501159667969e+00
-2.688495635986328125e+00
-3.434359312057495117e+00
-1.374184966087341309e+00
-2.828243494033813477e+00
-1.424731135368347168e+00
8.578963279724121094e-01
1.626572161912918091e-01
-1.731464385986328125e+00
1.313915491104125977e+00
-2.307476997375488281e+00
4.889581799507141113e-01
-8.923083543777465820e-02
-1.817034482955932617e+00
-4.786686301231384277e-01
-2.758062362670898438e+00
1.644670724868774414e+00
-4.854087829589843750e-01
-2.117003440856933594e+00
-3.235239267349243164e+00
-3.090786695480346680e+00
-1.142417550086975098e+00
1.155990839004516602e+00
-1.614146590232849121e+00
-4.449936389923095703e+00
-1.058046340942382812e+00
-2.220703125000000000e+00
-1.809209108352661133e+00
-1.390478134155273438e+00
-8.439580202102661133e-01
-1.151575803756713867e+00
6.673150062561035156e-01
-6.335862278938293457e-01
-4.161585807800292969e+00
-3.736948728561401367e+00
-4.981692731380462646e-01
-1.263467073440551758e+00
-2.437343448400497437e-01
-1.613203883171081543e+00
-8.173187375068664551e-01
-1.731672048568725586e+00
2.347880601882934570e+00
-1.334877729415893555e+00
-1.306983351707458496e+00
-1.561416745185852051e+00
-3.952997446060180664e+00
-1.111026048660278320e+00
-3.094444751739501953e+00
-1.765556216239929199e+00
-2.596872329711914062e+00
-1.177639007568359375e+00
-1.603555679321289062e+00
-2.334201812744140625e+00
-2.264765024185180664e+00
1.568989157676696777e-01
-4.394867420196533203e+00
-4.003949165344238281e+00
-3.896373271942138672e+00
-2.286087036132812500e+00
2.361952543258666992e+00
-1.254311561584472656e+00
1.462238550186157227e+00
-1.819512367248535156e+00
-4.587585926055908203e+00
-3.195446729660034180e+00
5.475056171417236328e-01
-5.356042981147766113e-01
-5.667667388916015625e-01
1.925233602523803711e+00
1.540620088577270508e+00
-7.438153624534606934e-01
3.087247610092163086e+00
2.657488346099853516e+00
1.525739789009094238e+00
1.464284062385559082e-01
2.708323597908020020e-01
1.091129660606384277e+00
1.209596872329711914e+00
4.893410205841064453e-01
6.761913299560546875e-01
9.440809488296508789e-01
-2.115093469619750977e-01
-1.509049654006958008e+00
5.091755390167236328e-01
-2.548217058181762695e+00
-2.154638767242431641e+00
-3.330659151077270508e+00
-4.853665351867675781e+00
-1.950922012329101562e-01
-2.301289796829223633e+00
-1.534642934799194336e+00
3.014604330062866211e+00
-4.767786979675292969e+00
-3.348606586456298828e+00
7.760700583457946777e-02
-2.809058904647827148e+00
9.113870859146118164e-01
-7.166975736618041992e-01
-7.019735574722290039e-01
-5.658935308456420898e-01
-4.981382369995117188e+00
-2.798001289367675781e+00
-4.442380905151367188e+00
-9.510453939437866211e-01
-2.152102440595626831e-01
-2.279703617095947266e-01
-1.148842334747314453e+00
-1.520912349224090576e-01
3.743062615394592285e-01
-2.614645957946777344e-01
-1.599979043006896973e+00
2.399638891220092773e-01
1.673703074455261230e+00
-3.705796003341674805e-01
1.140949964523315430e+00
1.181886434555053711e+00
-2.466257333755493164e+00
-7.779123187065124512e-01
-2.524955034255981445e+00
-1.884430646896362305e+00
-5.113891124725341797e+00
-3.098038434982299805e+00
-1.594056725502014160e+00
-3.235085010528564453e+00
-1.797763466835021973e+00
-7.311249256134033203e+00
-3.655133724212646484e+00
-4.055609703063964844e+00
-3.856842994689941406e+00
-2.960607528686523438e+00
-3.772148370742797852e+00
-2.151386737823486328e+00
-2.727950334548950195e+00
-3.361587047576904297e+00
-9.606113433837890625e-01
-4.109175682067871094e+00
-4.726389884948730469e+00
-3.634416580200195312e+00
-5.661299228668212891e+00
-1.537287712097167969e+00
-2.450292587280273438e+00
-3.119792938232421875e+00
-4.786481380462646484e+00
4.580504298210144043e-01
-1.000447750091552734e+00
-1.801522016525268555e+00
-1.504770517349243164e+00
-1.332297086715698242e+00
-3.334275722503662109e+00
1.619213223457336426e-01
5.043157339096069336e-01
-9.737213253974914551e-01
-1.624647140502929688e+00
1.061326265335083008e-02
-2.806255817413330078e-01
-5.121244788169860840e-01
-7.497253417968750000e-01
6.499471664428710938e+00
-1.791305661201477051e+00
-1.032772779464721680e+00
1.994494318962097168e+00
2.593644142150878906e+00
6.246890068054199219e+00
5.753763198852539062e+00
-2.681196451187133789e+00
1.129050254821777344e+00
-1.729988336563110352e+00
1.413037300109863281e+00
-5.253833532333374023e-01
2.146832227706909180e+00
-8.110244274139404297e-01
-5.693500638008117676e-01
2.228840351104736328e+00
-1.456888914108276367e+00
-9.956580996513366699e-01
6.218928813934326172e+00
1.493659734725952148e+00
4.960667610168457031e+00
-9.598350524902343750e-01
1.190055370330810547e+00
-2.833035707473754883e+00
-1.790649414062500000e+00
3.901486396789550781e-01
6.362950325012207031e+00
-2.719718694686889648e+00
1.027580499649047852e+00
-3.300468921661376953e-01
-1.109102010726928711e+00
4.672921299934387207e-01
-1.573321819305419922e+00
-1.130291223526000977e+00
-1.385416746139526367e+00
4.294517636299133301e-01
4.975962162017822266e+00
2.172244787216186523e+00
5.379933357238769531e+00
5.125121474266052246e-01
-3.213155746459960938e+00
-1.196667313575744629e+00
-2.836927652359008789e+00
4.045443534851074219e-01
2.462816715240478516e+00
-5.619273781776428223e-01
1.308959722518920898e+00
1.567533373832702637e+00
1.297951221466064453e+00
-3.406335711479187012e-01
3.360506057739257812e+00
2.752059221267700195e+00
1.397637128829956055e-01
-5.387702584266662598e-02
-2.571408510208129883e+00
6.521988511085510254e-01
8.803026676177978516e-01
1.064334034919738770e+00
2.789164543151855469e+00
-6.098880171775817871e-01
6.280525922775268555e-01
1.810808420181274414e+00
-3.479185581207275391e+00
4.090738296508789062e+00
1.692966103553771973e+00
1.447706460952758789e+00
5.593053102493286133e-01
3.929828166961669922e+00
-1.864419221878051758e+00
2.109062671661376953e+00
-2.672368526458740234e+00
-1.862675547599792480e+00
-1.229267716407775879e+00
2.668404579162597656e+00
-7.779296636581420898e-01
2.047562837600708008e+00
9.857758879661560059e-01
-1.630189061164855957e+00
-5.034636020660400391e+00
5.791491985321044922e+00
-1.880449175834655762e+00
1.275591850280761719e-01
2.281330108642578125e+00
-9.177114963531494141e-01
4.052376747131347656e-01
8.142089843750000000e-01
-1.357994377613067627e-01
-2.458164930343627930e+00
2.389658927917480469e+00
3.581117868423461914e+00
1.429311633110046387e+00
8.679031729698181152e-01
-1.150942206382751465e+00
1.175814747810363770e+00
4.671841263771057129e-01
-2.275459527969360352e+00
-2.133801460266113281e+00
-5.662763118743896484e-01
3.067077636718750000e+00
2.780467271804809570e-02
-2.298066020011901855e-01
4.275921344757080078e+00
2.889246940612792969e+00
3.110977172851562500e+00
-5.446360111236572266e-01
-8.570259809494018555e-02
-1.501071810722351074e+00
1.153645038604736328e+00
-3.223166465759277344e-01
-3.678330183029174805e+00
-2.706547260284423828e+00
3.616873741149902344e+00
-5.948127508163452148e-01
-5.325088977813720703e+00
2.616182565689086914e-01
3.143284320831298828e-01
3.029659986495971680e-01
-1.083700299263000488e+00
3.752188682556152344e+00
7.165924310684204102e-01
3.265280485153198242e+00
-3.387684822082519531e-01
-2.314706563949584961e+00
-9.049580097198486328e-01
1.170382261276245117e+00
-1.745291352272033691e+00
4.611342906951904297e+00
3.551243245601654053e-01
-3.460339784622192383e+00
-2.206995964050292969e+00
-1.712592720985412598e+00
2.480700254440307617e+00
1.827688813209533691e-01
1.322262287139892578e+00
1.792348265647888184e+00
-2.917320251464843750e+00
-5.403338432312011719e+00
7.671753764152526855e-01
1.818994522094726562e+00
3.142667055130004883e+00
1.640004754066467285e+00
-1.118156909942626953e-01
-2.616230845451354980e-01
-8.918797969818115234e-02
6.743692159652709961e-01
-4.115079879760742188e+00
3.581188201904296875e+00
-4.326678812503814697e-01
5.822830200195312500e-01
-4.252342700958251953e+00
8.864530563354492188e+00
-6.146936416625976562e+00
-1.098440885543823242e-01
3.010719418525695801e-01
5.199233889579772949e-01
4.048598289489746094e+00
6.888839602470397949e-02
3.705461740493774414e+00
2.763446331024169922e+00
1.077119469642639160e+00
2.173097372055053711e+00
-1.955168485641479492e+00
1.838685750961303711e+00
1.822352290153503418e+00
2.240815162658691406e+00
-1.613729834556579590e+00
2.222891330718994141e+00
-3.166633129119873047e+00
-3.374400377273559570e+00
1.762954711914062500e+00
3.256824612617492676e-01
-2.406468838453292847e-01
-5.507122993469238281e+00
2.575012445449829102e-01
-3.069671392440795898e-01
-1.769040346145629883e+00
-1.676915168762207031e+00
-1.789355993270874023e+00
-9.664252400398254395e-01
3.236179351806640625e+00
3.188490867614746094e+00
4.752559065818786621e-01
-3.016776442527770996e-01
-4.941084384918212891e-01
-4.405042648315429688e+00
2.111587524414062500e-01
5.653277635574340820e-01
-1.492286682128906250e+00
3.844654560089111328e-02
2.544627189636230469e+00
-9.050292968750000000e-01
-7.545222043991088867e-01
3.842054843902587891e+00
-2.456530928611755371e-01
5.219779014587402344e-01
2.870932817459106445e+00
-3.898338079452514648e-01
1.839635372161865234e+00
-1.920183062553405762e+00
-2.095821857452392578e+00
4.322368621826171875e+00
1.781384944915771484e-01
1.979732036590576172e+00
-1.828383445739746094e+00
-2.350199460983276367e+00
1.001283884048461914e+00
1.496123075485229492e+00
2.277179956436157227e+00
-2.185350656509399414e+00
1.717423796653747559e+00
8.698203563690185547e-01
1.547945737838745117e+00
2.238568305969238281e+00
1.192243337631225586e+00
-1.130694627761840820e+00
4.318809032440185547e+00
-3.447676002979278564e-01
3.741035938262939453e+00
2.896672010421752930e+00
-1.670068383216857910e+00
4.576276302337646484e+00
3.719117164611816406e+00
7.100936025381088257e-02
-1.090651750564575195e+00
6.236780285835266113e-01
-1.294604539871215820e-01
3.384530067443847656e+00
-1.173862695693969727e+00
-2.687268972396850586e+00
3.235064983367919922e+00
2.814239263534545898e+00
7.516756057739257812e-01
9.855623245239257812e-01
-3.298543691635131836e-01
-2.985838651657104492e-01
1.190795421600341797e+00
-1.900132656097412109e+00
2.914363622665405273e+00
2.045127153396606445e+00
1.234568834304809570e+00
1.037472486495971680e-02
-5.990461111068725586e-01
-7.046473026275634766e-01
-1.980352520942687988e+00
1.173739314079284668e+00
7.807502746582031250e-01
2.108761072158813477e-01
1.508502602577209473e+00
-1.764205098152160645e-01
-3.420793056488037109e+00
-1.446926593780517578e-02
9.354543685913085938e-02
4.157315731048583984e+00
-2.825643420219421387e-01
-1.209852933883666992e+00
7.992406934499740601e-02
1.529302120208740234e+00
1.521556019783020020e+00
2.050547838211059570e+00
6.463972330093383789e-01
-2.651745676994323730e-01
4.697751045227050781e+00
-2.885152816772460938e+00
-1.899913072586059570e+00
3.607385873794555664e+00
2.530377149581909180e+00
-3.056641817092895508e-01
-1.605940699577331543e+00
2.042044550180435181e-01
1.823062300682067871e+00
4.693411350250244141e+00
-3.338637948036193848e-01
6.057761311531066895e-01
5.840464591979980469e+00
-2.258502006530761719e+00
-1.510468006134033203e+00
-4.318690299987792969e-02
4.060775339603424072e-01
-1.082856774330139160e+00
-2.492988586425781250e+00
4.067314624786376953e+00
1.147486448287963867e+00
-1.013581752777099609e-01
-8.284747600555419922e-03
7.612019777297973633e-01
5.846683979034423828e-01
-4.349224567413330078e+00
-1.491930723190307617e+00
-9.230808615684509277e-01
5.386109948158264160e-01
1.070401906967163086e+00
-3.144993305206298828e+00
2.149492025375366211e+00
3.606896877288818359e+00
1.692824602127075195e+00
1.040182113647460938e+00
1.818606853485107422e+00
5.681299209594726562e+00
-9.216194152832031250e-01
-6.981910467147827148e-01
2.507435560226440430e+00
4.084634780883789062e+00
6.802004814147949219e+00
-2.622596502304077148e+00
-1.381820321083068848e+00
-1.221798539161682129e+00
3.403165340423583984e-01
1.452612400054931641e+00
-1.458933830261230469e+00
9.374153614044189453e-01
-1.486650705337524414e-01
2.343037128448486328e+00
2.427828311920166016e-01
2.434988021850585938e+00
3.635466098785400391e-01
1.087116479873657227e+00
-3.663733959197998047e+00
4.273710727691650391e+00
-2.432416915893554688e+00
3.070536375045776367e+00
-1.418679475784301758e+00
-2.501997947692871094e+00
3.385707616806030273e+00
6.137620210647583008e-01
1.155970931053161621e+00
1.624886393547058105e+00
-1.547446370124816895e+00
-2.342257261276245117e+00
2.189727783203125000e+00
3.242056369781494141e+00
-2.240545988082885742e+00
-1.206466555595397949e-01
1.735233306884765625e+00
7.671812176704406738e-01
-7.732430696487426758e-01
-2.941078186035156250e+00
3.056712627410888672e+00
-5.181663036346435547e-01
-4.135032296180725098e-01
1.893459916114807129e+00
1.695860862731933594e+00
-1.173197507858276367e+00
1.745548486709594727e+00
-4.036189019680023193e-01
5.854092121124267578e+00
2.861006975173950195e+00
-3.074072301387786865e-01
3.224152565002441406e+00
-8.373063802719116211e-01
1.415124416351318359e+00
5.396512985229492188e+00
4.394944667816162109e+00
9.605748653411865234e-01
1.361273407936096191e+00
1.795955002307891846e-02
-1.741277933120727539e+00
1.639683246612548828e+00
2.189894199371337891e+00
1.476401448249816895e+00
1.579478263854980469e+00
-2.516922950744628906e-01
-2.877807617187500000e-01
-3.404762268066406250e+00
2.558356523513793945e+00
-1.370237231254577637e+00
1.862091422080993652e-01
1.298927545547485352e+00
-5.887806892395019531e+00
2.542478084564208984e+00
-3.436608910560607910e-01
1.716028571128845215e+00
-1.489693820476531982e-01
2.055422782897949219e+00
6.501132249832153320e-01
5.419982075691223145e-01
2.444460391998291016e+00
2.097559690475463867e+00
1.623657703399658203e+00
-2.670872926712036133e+00
-3.181881308555603027e-01
1.362026810646057129e+00
3.630806922912597656e+00
-2.624493122100830078e+00
3.219364643096923828e+00
-2.697470664978027344e+00
-1.269732952117919922e+00
7.776486873626708984e-01
4.393142163753509521e-01
8.179032802581787109e-01
-1.626726150512695312e+00
4.211744785308837891e+00
1.475403666496276855e+00
2.562278270721435547e+00
2.765121459960937500e+00
1.045351266860961914e+00
3.071753501892089844e+00
5.662419795989990234e+00
2.258070230484008789e+00
4.708138465881347656e+00
-1.375124931335449219e+00
2.184093475341796875e+00
-5.487993717193603516e+00
-3.567488670349121094e+00
4.205951213836669922e+00
2.167116880416870117e+00
-7.066467404365539551e-01
3.280740976333618164e-01
5.506232380867004395e-01
3.358647584915161133e+00
1.736210823059082031e+00
3.280756771564483643e-01
-3.457910537719726562e+00
-4.937192201614379883e-01
1.843071937561035156e+00
-3.345907449722290039e+00
1.022296905517578125e+00
5.740235328674316406e+00
-2.064171791076660156e+00
8.010326027870178223e-01
2.120965957641601562e+00
-1.050216674804687500e+00
-2.358339548110961914e+00
2.258149623870849609e+00
3.228998780250549316e-01
-8.265843391418457031e-01
4.975649833679199219e+00
9.418811798095703125e-01
1.873634338378906250e+00
-2.774272918701171875e+00
2.629350423812866211e-01
6.787008047103881836e-01
2.179289340972900391e+00
1.642908453941345215e+00
4.768111228942871094e+00
-1.054303050041198730e+00
2.992381095886230469e+00
3.113551616668701172e+00
1.870354294776916504e+00
3.068385124206542969e-01
-8.204352855682373047e-02
2.680643320083618164e+00
-5.090608596801757812e-01
1.734253764152526855e+00
8.116093277931213379e-01
-1.755495071411132812e+00
7.615745067596435547e-03
2.913491249084472656e+00
4.337132573127746582e-01
-9.756661653518676758e-01
-1.209907531738281250e+00
-1.679198384284973145e+00
-9.736573696136474609e-02
3.332585573196411133e+00
-1.693355083465576172e+00
-4.745413362979888916e-01
4.097865521907806396e-01
2.010814666748046875e+00
8.422970771789550781e-02
-5.198851108551025391e+00
6.829731941223144531e+00
-1.064639210700988770e+00
-1.737862348556518555e+00
1.737302064895629883e+00
3.075013875961303711e+00
3.712198436260223389e-01
-1.051779627799987793e+00
-9.295484423637390137e-01
-1.867798805236816406e+00
4.530106782913208008e-01
-3.460407257080078125e-03
4.460414886474609375e+00
1.167669415473937988e+00
4.586651325225830078e-01
3.515031576156616211e+00
9.040505290031433105e-01
-1.130078434944152832e+00
-8.534456491470336914e-01
2.874042749404907227e+00
5.510498285293579102e-01
-1.921699523925781250e+00
6.485611915588378906e+00
1.025271773338317871e+00
-1.819358170032501221e-01
1.722199916839599609e+00
1.685466051101684570e+00
3.237867355346679688e+00
3.897081851959228516e+00
-1.446523904800415039e+00
-2.936421334743499756e-01
1.749748826026916504e+00
-9.661282300949096680e-01
3.548980355262756348e-01
-5.806153774261474609e+00
2.559557199478149414e+00
3.458024501800537109e+00
6.556047201156616211e-01
4.582943439483642578e+00
3.330718040466308594e+00
-1.956014633178710938e-01
1.332012772560119629e+00
-1.356551647186279297e+00
-3.238590955734252930e-01
-1.465328335762023926e+00
7.778636217117309570e-01
-8.754878044128417969e-01
8.542365074157714844e+00
6.624604225158691406e+00
6.312488555908203125e+00
1.042312383651733398e+00
7.021313667297363281e+00
-1.503565073013305664e+00
-3.331282734870910645e-01
3.858180761337280273e+00
1.126483798027038574e+00
3.751012563705444336e+00
2.864279747009277344e+00
2.403704643249511719e+00
2.630095243453979492e+00
6.669843196868896484e-01
-6.246673464775085449e-01
7.650523185729980469e-01
-1.130576133728027344e+00
5.685199737548828125e+00
4.693530201911926270e-01
1.883253574371337891e+00
-2.454042196273803711e+00
3.269748926162719727e+00
-3.894234657287597656e+00
-1.127835154533386230e+00
-1.211219310760498047e+00
-1.781322956085205078e-01
-2.889186620712280273e+00
-2.026855230331420898e+00
-3.331295847892761230e-01
-3.979423522949218750e+00
-2.335212707519531250e+00
-2.072051763534545898e+00
-2.947106838226318359e+00
-1.806600332260131836e+00
-1.271335959434509277e+00
-4.577175617218017578e+00
-5.124861240386962891e+00
-6.145497322082519531e+00
-1.776455998420715332e+00
-2.590844154357910156e+00
-2.662608146667480469e+00
-4.108685493469238281e+00
-1.010643243789672852e+00
-5.568029284477233887e-01
-1.584428310394287109e+00
-3.025473952293395996e-01
6.227345466613769531e-01
2.305485963821411133e+00
-1.891661286354064941e+00
2.470488071441650391e+00
9.885491728782653809e-01
-2.865788459777832031e+00
-3.391669273376464844e+00
-4.452973365783691406e+00
1.515213251113891602e+00
-1.843355178833007812e+00
1.757174134254455566e-01
-1.391536951065063477e+00
-3.320482492446899414e+00
-2.452924013137817383e+00
-2.272749900817871094e+00
-4.517120361328125000e+00
6.980248689651489258e-01
-2.033729076385498047e+00
1.250339031219482422e+00
3.657016158103942871e-01
4.992358684539794922e+00
2.597317934036254883e+00
4.449341773986816406e+00
1.151702165603637695e+00
1.180414915084838867e+00
3.363875627517700195e+00
3.940255641937255859e+00
4.956218719482421875e+00
7.778831481933593750e+00
8.745870590209960938e+00
5.017253398895263672e+00
2.188046455383300781e+00
2.541308403015136719e+00
1.444129228591918945e+00
4.358521461486816406e+00
2.056405305862426758e+00
2.761864662170410156e-02
1.418820858001708984e+00
1.398477852344512939e-01
4.382417798042297363e-01
-2.963345050811767578e+00
-1.203883767127990723e+00
4.611200094223022461e-02
-3.433413982391357422e+00
-1.874456882476806641e+00
-1.421951770782470703e+00
1.040793955326080322e-01
-1.643978834152221680e+00
2.361171722412109375e+00
5.675348758697509766e+00
