-1.171476364135742188e+00
1.253452181816101074e+00
-1.084530711174011230e+00
-2.158012151718139648e+00
7.014453411102294922e-03
-4.715849399566650391e+00
-1.658168911933898926e+00
-1.447475314140319824e+00
-1.030958890914916992e-01
-1.853550910949707031e+00
1.107981204986572266e-01
3.118137359619140625e+00
-1.403656601905822754e+00
3.305548131465911865e-01
2.526700019836425781e+00
-1.672763824462890625e-01
-3.038537263870239258e+00
2.074114322662353516e+00
1.161558389663696289e+00
-2.051281332969665527e-01
-3.279350996017456055e+00
1.067640781402587891e-01
-3.147469043731689453e+00
-2.819704055786132812e+00
-3.248296737670898438e+00
-4.855791568756103516e+00
-5.053271293640136719e+00
-4.117567062377929688e+00
-1.529098868370056152e+00
-4.818884372711181641e+00
-4.893183231353759766e+00
-6.514351367950439453e-01
-4.629819869995117188e+00
-1.931052446365356445e+00
9.801800251007080078e-01
-1.373911857604980469e+00
-1.531840920448303223e+00
-6.619372367858886719e-01
-1.393414139747619629e+00
-4.465382575988769531e+00
-3.488026380538940430e+00
-4.009212493896484375e+00
-1.220768451690673828e+00
-3.955584764480590820e+00
-5.204705715179443359e+00
-3.887504935264587402e-01
-6.917915344238281250e+00
-1.882624030113220215e+00
-3.466746568679809570e+00
-6.017338275909423828e+00
-2.891978502273559570e+00
5.911940336227416992e-01
-1.122709631919860840e+00
-8.432134985923767090e-01
1.220738768577575684e+00
2.011849403381347656e+00
-1.043892502784729004e-01
-4.366677284240722656e+00
-1.399460315704345703e+00
1.851716041564941406e-01
2.817430496215820312e+00
1.134561300277709961e-01
1.756438732147216797e+00
-1.789287805557250977e+00
6.112046241760253906e-01
-2.725380897521972656e+00
9.054659605026245117e-01
-4.772401750087738037e-01
-1.491863250732421875e+00
2.163388252258300781e+00
-7.004702091217041016e-02
4.783199429512023926e-01
-1.006683111190795898e+00
4.531101703643798828e+00
4.508108615875244141e+00
1.956839799880981445e+00
1.025360107421875000e+00
3.421615600585937500e+00
1.346825242042541504e+00
-1.232571601867675781e+00
2.048761844635009766e+00
2.726450920104980469e+00
3.802078366279602051e-01
2.504277229309082031e-01
1.424706578254699707e+00
-3.943869113922119141e+00
1.518093943595886230e-01
-1.573474645614624023e+00
2.551681399345397949e-01
7.527569532394409180e-01
-1.576456069946289062e+00
-2.171624422073364258e+00
-2.620934844017028809e-01
-3.824401617050170898e+00
2.405577182769775391e+00
-1.239879488945007324e+00
1.059468984603881836e-01
2.262890338897705078e-02
-1.825533151626586914e+00
-1.895157814025878906e+00
-2.639878273010253906e+00
-1.099210739135742188e+00
-3.942704200744628906e+00
4.433763325214385986e-01
-3.424996614456176758e+00
-2.930689096450805664e+00
-1.215754508972167969e+00
1.229564785957336426e+00
-1.958732366561889648e+00
-1.990293860435485840e-01
-3.381596088409423828e+00
-3.177815914154052734e+00
-1.337177753448486328e+00
-4.920262396335601807e-01
-5.298569202423095703e+00
1.543702483177185059e+00
-6.573655009269714355e-01
2.987292289733886719e+00
1.685956120491027832e-01
-1.082575798034667969e+00
-2.745585203170776367e+00
-6.054836511611938477e-02
-4.675363004207611084e-01
-2.485709190368652344e+00
-2.309981822967529297e+00
1.299232840538024902e-01
7.849588394165039062e-01
-2.512594223022460938e+00
-2.623192071914672852e+00
-5.134066104888916016e+00
-3.682584285736083984e+00
-2.305998563766479492e+00
1.280966401100158691e-01
-2.338855028152465820e+00
-3.061176300048828125e+00
-3.987379550933837891e+00
-3.375218868255615234e+00
-3.867525100708007812e+00
-1.408770322799682617e+00
1.715092062950134277e-01
6.816704273223876953e-01
-2.489693164825439453e+00
-3.223569869995117188e+00
-8.693146109580993652e-01
-1.492062211036682129e+00
-2.509717941284179688e+00
-4.297544479370117188e+00
-4.931447029113769531e+00
-2.067971229553222656e+00
-4.563659191131591797e+00
-3.524326324462890625e+00
1.586034059524536133e+00
-1.272569775581359863e+00
-2.862810492515563965e-01
-1.913086652755737305e+00
2.040860176086425781e+00
1.377958059310913086e+00
-1.554772853851318359e+00
-5.360959768295288086e-01
-8.981148004531860352e-01
-4.062888145446777344e+00
1.464336872100830078e+00
8.191217780113220215e-01
3.919098377227783203e-01
4.214065968990325928e-01
-1.237201094627380371e+00
1.223680973052978516e+00
7.211538553237915039e-01
-1.578673124313354492e+00
-1.881566643714904785e+00
4.823789000511169434e-03
9.428561925888061523e-01
9.268965721130371094e-01
-3.639901876449584961e-01
-3.887719631195068359e+00
-3.558060407638549805e+00
-4.193258285522460938e+00
-2.072793722152709961e+00
-9.831894040107727051e-01
7.870919108390808105e-01
-1.323744773864746094e+00
-2.109269142150878906e+00
1.870269775390625000e+00
5.936126112937927246e-01
-9.281611442565917969e-01
1.921574115753173828e+00
-4.799175634980201721e-02
-1.290977716445922852e+00
-5.760863423347473145e-01
-3.756687641143798828e-01
-1.423446297645568848e+00
2.246275246143341064e-01
1.613673925399780273e+00
-2.811533212661743164e-02
-5.004905700683593750e+00
-1.077689886093139648e+00
-7.971861958503723145e-01
7.433664798736572266e-01
7.277234792709350586e-01
4.239959239959716797e+00
-5.106514096260070801e-01
6.819431185722351074e-01
-5.852669477462768555e-01
1.568602561950683594e+00
1.967787504196166992e+00
-1.064817309379577637e+00
-1.634176731109619141e+00
-3.192075490951538086e+00
5.027356147766113281e-01
1.249267339706420898e+00
-6.466575860977172852e-01
-1.442983865737915039e+00
7.819195389747619629e-01
-1.067775487899780273e+00
-3.299606800079345703e+00
1.928082942962646484e+00
1.550389170646667480e+00
2.735410451889038086e+00
1.973490715026855469e+00
9.868284463882446289e-01
-9.143736362457275391e-01
-1.702063798904418945e+00
-1.204527497291564941e+00
2.474306583404541016e+00
-9.041991829872131348e-02
-1.615677356719970703e+00
2.459786534309387207e-01
-2.423722267150878906e+00
-1.341455698013305664e+00
-9.369446635246276855e-01
-8.289783000946044922e-01
-3.631204962730407715e-01
-3.237761020660400391e+00
-1.894448161125183105e+00
2.035223484039306641e+00
-3.786957025527954102e+00
-1.362457752227783203e+00
1.665935039520263672e+00
2.576258659362792969e+00
-1.046039581298828125e+00
2.452306270599365234e+00
-3.178787231445312500e-02
-7.183480262756347656e-01
1.684899926185607910e-01
-2.422378540039062500e+00
9.530798196792602539e-01
-1.009160637855529785e+00
7.282997965812683105e-01
-2.881166934967041016e-01
1.034645318984985352e+00
-5.542751550674438477e-01
3.713719367980957031e+00
-7.025151848793029785e-01
1.105641365051269531e+00
3.033518075942993164e+00
9.724962711334228516e-02
-1.187885403633117676e+00
-3.617146492004394531e+00
2.810168027877807617e+00
-6.450939178466796875e-02
-8.307049274444580078e-01
-1.652248620986938477e+00
-9.756273031234741211e-01
-3.784102201461791992e-02
2.716569662094116211e+00
7.452988624572753906e-01
2.879348397254943848e-01
2.541182041168212891e-01
-1.617196321487426758e+00
-3.239222764968872070e+00
-4.940669536590576172e+00
-3.951263189315795898e+00
-2.880482435226440430e+00
-5.807638168334960938e+00
-2.195144653320312500e+00
-4.408700942993164062e+00
-7.858834743499755859e+00
-1.890277624130249023e+00
-4.602265357971191406e+00
-3.756808996200561523e+00
-2.908385038375854492e+00
-1.795913696289062500e+00
-1.082778930664062500e+00
1.773671627044677734e+00
-1.556875467300415039e+00
-2.775526046752929688e+00
-9.186295270919799805e-01
-3.544752120971679688e+00
-7.163442373275756836e-01
-2.647074699401855469e+00
1.029060125350952148e+00
-6.325672149658203125e+00
-3.960931301116943359e-02
-3.111091613769531250e+00
-3.647694587707519531e+00
-1.483359575271606445e+00
-4.947715282440185547e+00
-5.221444129943847656e+00
-5.727558612823486328e+00
-5.906496047973632812e+00
-2.221799612045288086e+00
6.233606934547424316e-01
-3.331985473632812500e+00
-3.997291326522827148e-01
-2.775401115417480469e+00
-1.051225781440734863e+00
-1.373187541961669922e+00
-3.070637702941894531e+00
-1.416778564453125000e+00
1.784138917922973633e+00
4.072605609893798828e+00
-3.122878074645996094e+00
-2.903006792068481445e+00
1.687767267227172852e+00
2.600746452808380127e-01
-4.583266258239746094e+00
-7.857737541198730469e-01
-3.353558540344238281e+00
-4.943272113800048828e+00
-2.514189004898071289e+00
-1.473513245582580566e+00
3.685196161270141602e+00
-1.457288265228271484e+00
-7.904207706451416016e-01
-3.110615730285644531e+00
-3.189990997314453125e+00
-1.885686874389648438e+00
-3.142368316650390625e+00
-2.227962493896484375e+00
-2.528249263763427734e+00
-5.320069789886474609e-01
-3.942722082138061523e+00
-2.065793991088867188e+00
1.930425047874450684e+00
-4.536893844604492188e+00
-4.937752246856689453e+00
-1.465705037117004395e+00
-4.249374389648437500e+00
1.473692893981933594e+00
-3.703887462615966797e-01
-1.359881758689880371e-01
-2.048912525177001953e+00
-3.615496397018432617e+00
-3.573304653167724609e+00
-3.868674755096435547e+00
1.482643842697143555e+00
5.407230854034423828e-01
1.329854130744934082e+00
-1.880271077156066895e+00
1.350413918495178223e+00
-1.168927907943725586e+00
-4.746062278747558594e+00
-4.008407592773437500e+00
-4.550837516784667969e+00
1.593883872032165527e+00
-3.043348789215087891e-01
-4.265620708465576172e+00
-1.059718877077102661e-01
-5.976208448410034180e-01
-2.180850028991699219e+00
-1.866937875747680664e+00
-2.048822402954101562e+00
-5.332975864410400391e+00
-2.684801340103149414e+00
-1.222132086753845215e+00
-3.344133138656616211e+00
-3.739766120910644531e+00
-3.670642375946044922e+00
-5.577958583831787109e+00
-3.270067453384399414e+00
-4.446718692779541016e+00
-7.003836154937744141e+00
-8.404940605163574219e+00
-4.131975173950195312e+00
-2.716339349746704102e+00
-4.558002948760986328e+00
-1.065826058387756348e+00
-2.579929351806640625e+00
-1.860539913177490234e+00
-1.913786172866821289e+00
-3.534965276718139648e+00
3.079769015312194824e-01
-4.079174041748046875e+00
-3.858743190765380859e+00
-3.759280443191528320e+00
-1.656223058700561523e+00
-3.847450256347656250e+00
-3.178725957870483398e+00
-1.872774243354797363e+00
-4.046031951904296875e+00
-4.584710121154785156e+00
-2.446277618408203125e+00
1.659102559089660645e+00
-7.069301605224609375e-01
-3.614572048187255859e+00
-2.098376750946044922e+00
2.708716392517089844e+00
-9.745609760284423828e-01
1.811070561408996582e+00
3.129113614559173584e-01
1.735764503479003906e+00
3.501323163509368896e-01
5.293858051300048828e+00
1.632751226425170898e+00
8.281433582305908203e-01
7.247969150543212891e+00
-2.897232770919799805e+00
-1.614833474159240723e+00
2.013577461242675781e+00
9.791922569274902344e-01
6.805290699005126953e+00
2.640809059143066406e+00
-9.835427999496459961e-01
1.934826374053955078e+00
-8.371797204017639160e-01
2.801873207092285156e+00
1.949654221534729004e-01
6.513504981994628906e+00
-2.440392494201660156e+00
4.479631423950195312e+00
2.092980861663818359e+00
1.774475336074829102e+00
-2.135630846023559570e+00
-1.087209701538085938e+00
-5.267405509948730469e-02
4.202973842620849609e+00
-1.313782453536987305e+00
1.545599818229675293e+00
3.160606384277343750e+00
-2.485857009887695312e-01
-4.728362262248992920e-01
-2.404546022415161133e+00
-2.835832238197326660e-01
-2.780915737152099609e+00
2.664894819259643555e+00
5.771737098693847656e-01
2.792337417602539062e+00
-5.008559226989746094e-01
-2.540286064147949219e+00
4.205722212791442871e-01
-1.188764929771423340e+00
-1.288980603218078613e+00
1.064856767654418945e+00
5.520311355590820312e+00
2.883728742599487305e+00
-2.150517702102661133e+00
-6.339639425277709961e-01
1.343217730522155762e+00
3.398005723953247070e+00
1.277222752571105957e+00
5.320531845092773438e+00
7.572420835494995117e-01
6.954985857009887695e-02
-2.731286764144897461e+00
1.580081582069396973e+00
3.748520612716674805e-01
-4.649081826210021973e-01
2.808308124542236328e+00
-2.664400577545166016e+00
3.868154525756835938e+00
-8.462239503860473633e-01
5.142151832580566406e+00
1.374952197074890137e+00
-7.556843757629394531e-01
2.614481449127197266e+00
7.443590164184570312e-01
-3.309576988220214844e+00
-1.119508028030395508e+00
3.420440554618835449e-01
-1.294884681701660156e+00
-1.174834728240966797e+00
2.394335985183715820e+00
1.209789037704467773e+00
-4.465971469879150391e+00
1.612039089202880859e+00
6.481017470359802246e-01
7.377132177352905273e-01
-1.937325596809387207e+00
5.244296550750732422e+00
-1.015631198883056641e+00
-5.100040435791015625e-01
1.220835804939270020e+00
-1.308281421661376953e+00
3.148158550262451172e+00
-2.680544853210449219e+00
-2.887324333190917969e+00
-1.309580802917480469e-01
2.173042535781860352e+00
2.726488828659057617e+00
1.772701144218444824e+00
1.243839263916015625e+00
-4.192205965518951416e-01
2.850904464721679688e-01
8.067551851272583008e-01
-1.390858292579650879e-01
7.336149215698242188e-01
3.041989326477050781e+00
2.490583896636962891e+00
1.684891700744628906e+00
4.559622406959533691e-01
3.711987257003784180e+00
1.478361785411834717e-01
2.798159122467041016e+00
-1.950378715991973877e-01
-3.919581770896911621e-01
-7.508065104484558105e-01
2.074622631072998047e+00
-1.087378025054931641e+00
-2.482302427291870117e+00
-2.387998819351196289e+00
3.407822251319885254e-01
-1.546221077442169189e-01
-6.889716148376464844e+00
3.373201131820678711e+00
-6.136642694473266602e-01
3.246218681335449219e+00
-1.963330864906311035e+00
1.918817281723022461e+00
4.169805526733398438e+00
4.762974262237548828e+00
-1.445166110992431641e+00
-2.131920576095581055e+00
1.393666863441467285e-02
1.615740060806274414e-01
1.393963336944580078e+00
3.062806844711303711e+00
-9.178771972656250000e-01
-5.353498458862304688e-01
-4.373702049255371094e+00
9.134581089019775391e-01
1.033897995948791504e+00
3.216336667537689209e-01
1.041730642318725586e+00
2.776967763900756836e+00
-3.047421693801879883e+00
-3.761672258377075195e+00
1.691950321197509766e+00
3.955033779144287109e+00
5.236989974975585938e+00
4.264284133911132812e+00
1.276775479316711426e+00
4.145885109901428223e-01
2.836678028106689453e-01
1.985090613365173340e+00
1.693433672189712524e-01
5.735759258270263672e+00
3.747850656509399414e-02
-2.601489067077636719e+00
-6.112174987792968750e-01
5.680331707000732422e+00
-7.213866233825683594e+00
-2.411336421966552734e+00
2.354444026947021484e+00
8.539826869964599609e-01
4.207968711853027344e-01
9.321367740631103516e-02
2.050376653671264648e+00
2.032185316085815430e+00
-4.544702172279357910e-02
2.465215206146240234e+00
2.005111694335937500e+00
1.159576177597045898e+00
7.626626491546630859e-01
-1.781419634819030762e+00
-1.017228126525878906e+00
3.440018892288208008e+00
-5.684471726417541504e-01
-9.976797103881835938e-01
9.508997201919555664e-01
2.410860300064086914e+00
5.314864218235015869e-02
-6.135917186737060547e+00
-2.268336117267608643e-01
1.505149126052856445e+00
4.751903116703033447e-01
-1.298389434814453125e-01
-1.837176084518432617e+00
9.507698416709899902e-01
-2.276625633239746094e+00
2.311014652252197266e+00
4.111986458301544189e-01
2.590407729148864746e-01
-1.994933009147644043e+00
-1.458799391984939575e-01
3.800873517990112305e+00
-6.301081776618957520e-01
-3.550812602043151855e-01
6.982460618019104004e-01
3.545115709304809570e+00
4.164661169052124023e-01
-1.039975881576538086e-01
7.048029422760009766e+00
2.509719371795654297e+00
1.958906412124633789e+00
1.982935905456542969e+00
-2.199262857437133789e+00
2.588829040527343750e+00
-2.401369571685791016e+00
3.459538221359252930e-01
7.053285121917724609e+00
-3.137502908706665039e+00
1.505874991416931152e-01
7.768366336822509766e-01
1.831853747367858887e+00
-1.276180386543273926e+00
-8.100462555885314941e-01
-1.855290532112121582e-01
2.446252703666687012e-01
1.981263995170593262e+00
-2.333083391189575195e+00
3.007799148559570312e+00
8.527761459350585938e+00
3.298379182815551758e-01
-3.724057674407958984e-01
3.194614171981811523e+00
1.293665766716003418e+00
2.318076848983764648e+00
2.416591167449951172e+00
-5.095902085304260254e-02
3.419227600097656250e+00
5.118674755096435547e+00
3.438064157962799072e-01
-2.201867341995239258e+00
-5.907614827156066895e-01
1.339432239532470703e+00
-2.898716926574707031e-01
-4.070316314697265625e+00
-3.149645805358886719e+00
3.937218666076660156e+00
-5.421937465667724609e+00
-1.070527553558349609e+00
-4.186181068420410156e+00
2.234681844711303711e+00
-7.271469831466674805e-01
2.570968866348266602e+00
-2.358721494674682617e+00
2.413749694824218750e+00
3.947495937347412109e+00
2.465346097946166992e+00
2.308098077774047852e+00
-2.398869752883911133e+00
-4.701521992683410645e-02
3.672827482223510742e+00
1.267985463142395020e+00
-8.537530899047851562e-03
3.994446992874145508e+00
3.849677562713623047e+00
-3.092903137207031250e+00
-2.248055458068847656e+00
-3.414831161499023438e+00
-2.242361545562744141e+00
1.949356555938720703e+00
9.753401875495910645e-01
-1.441115379333496094e+00
1.281056165695190430e+00
3.290723800659179688e+00
2.195477962493896484e+00
-1.252379179000854492e+00
5.579049110412597656e+00
-2.816547155380249023e-01
3.998380184173583984e+00
-8.582792282104492188e-01
-1.344108104705810547e+00
1.808772325515747070e+00
2.065225839614868164e+00
1.404492139816284180e+00
1.018834352493286133e+00
3.108978748321533203e+00
1.310563206672668457e+00
2.084390878677368164e+00
2.864778995513916016e+00
2.459703207015991211e+00
5.988540649414062500e+00
-4.196599006652832031e+00
-2.211867809295654297e+00
6.714588999748229980e-01
-1.346836686134338379e+00
8.555428981781005859e-01
2.450018882751464844e+00
4.722626686096191406e+00
3.130625486373901367e-01
1.902541518211364746e+00
1.292118191719055176e+00
5.659821629524230957e-01
-1.739811062812805176e+00
-3.587885856628417969e+00
-4.797940254211425781e+00
-5.561518073081970215e-01
1.814996600151062012e-01
1.348865032196044922e+00
-1.365596055984497070e-01
1.470608472824096680e+00
2.247906923294067383e+00
6.033241152763366699e-01
-1.607132911682128906e+00
2.828319549560546875e+00
2.058370113372802734e+00
3.532791733741760254e-01
2.040780067443847656e+00
1.133602976799011230e+00
4.364213466644287109e+00
5.719934463500976562e+00
-1.050621151924133301e+00
-6.985188722610473633e-01
-2.256361246109008789e+00
-7.833490371704101562e-01
2.548897743225097656e+00
-1.061079382896423340e+00
-1.676354169845581055e+00
3.700461983680725098e-01
2.513105630874633789e+00
-1.642380118370056152e+00
-6.853940486907958984e-01
3.118499994277954102e+00
-3.061708927154541016e+00
1.366777896881103516e+00
5.000383377075195312e+00
-2.631203174591064453e+00
2.110430300235748291e-01
-1.637091934680938721e-01
-6.139440059661865234e+00
4.735738754272460938e+00
2.030510663986206055e+00
3.780316114425659180e+00
1.020546078681945801e+00
1.055333495140075684e+00
6.181741952896118164e-01
6.079796314239501953e+00
-5.445595979690551758e-01
-2.185418605804443359e-01
5.917695164680480957e-01
1.433618307113647461e+00
-1.783406257629394531e+00
1.128394007682800293e+00
-2.187790870666503906e+00
7.573878765106201172e+00
-8.901223540306091309e-01
-4.279478549957275391e+00
3.827025413513183594e+00
4.856021404266357422e-01
-6.683264374732971191e-01
2.866001605987548828e+00
-3.081597387790679932e-01
3.978564023971557617e+00
-1.765163064002990723e+00
6.676074862480163574e-02
-4.608719944953918457e-01
9.316009283065795898e-01
2.764451980590820312e+00
-3.653525114059448242e-01
3.828790664672851562e+00
3.741536378860473633e+00
-1.160943984985351562e+00
2.205628871917724609e+00
-2.575545310974121094e+00
2.493497848510742188e+00
9.787995815277099609e-01
3.678127527236938477e-01
-1.402839183807373047e+00
-8.937369585037231445e-01
-8.908770084381103516e-01
-5.361680984497070312e-01
3.418319702148437500e+00
-1.785328865051269531e+00
-1.469061851501464844e+00
-1.085930705070495605e+00
-3.158587217330932617e-02
-9.894205331802368164e-01
1.231450080871582031e+00
7.904794812202453613e-01
2.086039066314697266e+00
-1.172064304351806641e+00
4.380507946014404297e+00
-2.409432172775268555e+00
2.128569364547729492e+00
1.794014215469360352e+00
1.612136662006378174e-01
-2.651241064071655273e+00
-7.649186849594116211e-01
6.955575942993164062e-02
-9.919461011886596680e-01
-4.678913950920104980e-02
1.015164375305175781e+00
-1.429641127586364746e+00
2.958380579948425293e-01
2.136574983596801758e+00
-2.251465797424316406e+00
6.334332466125488281e+00
-1.728722453117370605e-01
1.860105752944946289e+00
1.095635056495666504e+00
3.671078681945800781e-01
4.862725734710693359e+00
2.607261896133422852e+00
1.883623480796813965e+00
7.896480560302734375e+00
5.472835540771484375e+00
9.587160348892211914e-01
-4.003100395202636719e+00
2.717867851257324219e+00
-1.535155892372131348e+00
-1.594684123992919922e+00
3.932797908782958984e+00
2.179188728332519531e+00
-3.780554771423339844e+00
2.982251167297363281e+00
1.268860101699829102e+00
7.648481845855712891e+00
7.708021402359008789e-01
3.826724886894226074e-01
-2.099169731140136719e+00
-6.003608703613281250e-01
-2.073212862014770508e+00
-2.293430089950561523e+00
-5.550951361656188965e-01
6.112724781036376953e+00
-5.182682275772094727e-01
-8.916395902633666992e-02
2.375000000000000000e+00
-5.189528465270996094e-01
7.067080736160278320e-01
-4.364327788352966309e-01
5.734322547912597656e+00
-9.609961509704589844e-01
5.396579742431640625e+00
4.327529668807983398e-01
6.091805696487426758e-01
-3.804809093475341797e+00
2.664611339569091797e+00
-6.210648417472839355e-01
-6.657896041870117188e-01
3.243911504745483398e+00
6.580406665802001953e+00
-2.635968685150146484e+00
1.434480428695678711e+00
-2.720820009708404541e-01
2.693245410919189453e+00
3.678356170654296875e+00
-1.502157688140869141e+00
2.202335357666015625e+00
3.058174848556518555e+00
3.910495042800903320e+00
3.687177181243896484e+00
4.835852622985839844e+00
-1.759388446807861328e+00
-3.851376771926879883e-01
-3.213622570037841797e+00
8.512960672378540039e-01
-1.048945903778076172e+00
1.216962575912475586e+00
1.078384637832641602e+00
4.231263160705566406e+00
-6.795231699943542480e-01
2.291316032409667969e+00
4.026313781738281250e+00
2.080383300781250000e+00
-8.989960551261901855e-01
-1.693345785140991211e+00
4.423600673675537109e+00
-2.547179162502288818e-01
-8.504719138145446777e-01
1.591117024421691895e+00
6.372274160385131836e-01
-8.913031816482543945e-01
7.417690753936767578e-01
2.313687324523925781e+00
9.909569025039672852e-01
8.924179077148437500e-01
3.068446159362792969e+00
-8.509522080421447754e-01
1.918165683746337891e+00
-1.757620930671691895e+00
5.635095834732055664e-01
7.507078349590301514e-02
-2.831686258316040039e+00
1.019292831420898438e+00
2.784413814544677734e+00
-1.196528911590576172e+00
-1.672877550125122070e+00
2.399011135101318359e+00
3.680456876754760742e+00
-2.095643579959869385e-01
2.240700483322143555e+00
5.742526054382324219e+00
2.267729192972183228e-01
3.150893449783325195e+00
-1.230340838432312012e+00
-8.909245729446411133e-01
1.444032192230224609e+00
-7.347762584686279297e-01
2.986499071121215820e+00
-1.018034934997558594e+00
2.595125436782836914e+00
1.561683297157287598e+00
4.051765441894531250e+00
-6.245455145835876465e-02
-2.936958312988281250e+00
-2.772132873535156250e+00
-8.357598781585693359e-01
-1.028044223785400391e+00
3.035863876342773438e+00
-2.268393278121948242e+00
1.102703213691711426e-01
5.794645547866821289e-01
6.198780059814453125e+00
3.903256416320800781e+00
1.514870882034301758e+00
-3.614326000213623047e+00
1.576060652732849121e+00
2.427258014678955078e+00
-2.987561941146850586e+00
5.026021957397460938e+00
3.834192991256713867e+00
2.046575956046581268e-02
-2.144446611404418945e+00
8.266460299491882324e-01
4.708281159400939941e-02
2.241812229156494141e+00
-5.772168040275573730e-01
1.565312862396240234e+00
-1.335135102272033691e+00
2.894779682159423828e+00
-7.483026981353759766e-01
7.078223228454589844e-01
-4.657498598098754883e-01
-5.324472784996032715e-01
-2.783987998962402344e+00
2.008522272109985352e+00
5.717750787734985352e-01
1.127296447753906250e+00
-2.354249715805053711e+00
1.208624839782714844e+00
2.980185270309448242e+00
3.793934583663940430e-01
-4.151138663291931152e-01
-9.952219128608703613e-01
-2.203638076782226562e+00
-4.088796675205230713e-01
-5.938649177551269531e-02
-2.151624679565429688e+00
1.525766253471374512e+00
8.763373494148254395e-01
-1.657941490411758423e-01
-1.656559705734252930e+00
-1.630367159843444824e+00
-2.578755378723144531e+00
-6.852451562881469727e-01
1.319543004035949707e+00
-2.301200032234191895e-01
-1.051809549331665039e+00
2.271456718444824219e+00
8.978197574615478516e-01
2.776270866394042969e+00
2.824186086654663086e-01
3.556123018264770508e+00
-1.937418699264526367e+00
-1.285635828971862793e+00
-1.885973691940307617e+00
3.086029529571533203e+00
5.259823203086853027e-01
-6.760003566741943359e-01
-1.570186018943786621e-01
1.142693638801574707e+00
-1.185826063156127930e+00
-4.026291370391845703e+00
-2.390090942382812500e+00
6.181902885437011719e-01
-2.508029222488403320e+00
1.158667087554931641e+00
-1.364743471145629883e+00
8.284828186035156250e+00
3.239265441894531250e+00
3.603060007095336914e+00
2.542119979858398438e+00
3.924559950828552246e-01
3.908161401748657227e+00
-1.042245984077453613e+00
-2.507777214050292969e-01
2.941534996032714844e+00
6.040772914886474609e+00
3.878388881683349609e+00
4.342570900917053223e-02
9.552572965621948242e-01
2.769518375396728516e+00
8.233821988105773926e-01
5.452236533164978027e-01
-2.082924544811248779e-01
1.403028249740600586e+00
-1.739266633987426758e+00
2.703645944595336914e+00
6.170856356620788574e-01
4.356053471565246582e-01
1.538210153579711914e+00
-1.761999487876892090e+00
-4.284572601318359375e-02
-1.459529101848602295e-01
2.886958122253417969e+00
-5.816948413848876953e-02
1.823857307434082031e+00
5.634546756744384766e+00
