2.215067863464355469e+00
3.896419048309326172e+00
-3.126620054244995117e-01
6.606377363204956055e-01
4.934860229492187500e+00
-2.718782901763916016e+00
-4.207481443881988525e-01
5.550183057785034180e-01
-5.672533512115478516e-01
9.104412794113159180e-01
-2.165508747100830078e+00
7.064099311828613281e-01
6.987241506576538086e-01
-4.612133979797363281e+00
6.766485571861267090e-01
-2.335630416870117188e+00
-3.968159914016723633e+00
-1.629756808280944824e+00
-3.133768439292907715e-01
-3.957435846328735352e+00
-6.248645782470703125e+00
1.271372675895690918e+00
2.826348304748535156e+00
1.780575990676879883e+00
-1.037946462631225586e+00
-7.734862565994262695e-01
3.833179771900177002e-01
-2.345926761627197266e+00
-8.747988343238830566e-01
-1.268167495727539062e+00
-3.694022178649902344e+00
-1.203189373016357422e+00
-5.220625877380371094e+00
-1.710328817367553711e+00
-2.030251741409301758e+00
-2.797344207763671875e+00
-2.017160654067993164e+00
-2.485697746276855469e+00
4.630746543407440186e-01
-1.750686764717102051e+00
1.110163807868957520e+00
-2.137690067291259766e+00
2.699973881244659424e-01
-2.570808887481689453e+00
-3.461118936538696289e-01
-8.151234984397888184e-01
-1.694034099578857422e+00
-2.079646587371826172e+00
1.849316358566284180e+00
-7.955838441848754883e-01
-3.063327074050903320e-01
-3.622462272644042969e+00
-7.835894823074340820e-01
-2.584439992904663086e+00
-2.471630573272705078e+00
-2.472557067871093750e+00
-1.369176149368286133e+00
-7.598733425140380859e+00
-3.266813516616821289e+00
-4.139351844787597656e+00
-1.985101699829101562e-01
-2.100461959838867188e+00
-2.352023839950561523e+00
-3.371373891830444336e+00
-1.602288246154785156e+00
-1.518581628799438477e+00
-3.509162664413452148e+00
-2.606897115707397461e+00
-2.442805290222167969e+00
-1.518464326858520508e+00
2.566350698471069336e-01
8.333894610404968262e-01
2.569484233856201172e+00
3.402857303619384766e+00
4.767955303192138672e+00
3.453584671020507812e+00
9.130308628082275391e-01
1.921266078948974609e+00
-2.967853844165802002e-01
3.669251680374145508e+00
5.353669166564941406e+00
1.381085991859436035e+00
-7.398695945739746094e-01
2.596993446350097656e+00
2.997169494628906250e-01
-2.371554851531982422e+00
2.054027080535888672e+00
-1.781777739524841309e+00
2.669398069381713867e+00
2.837200164794921875e+00
-7.321870326995849609e-01
-1.996250867843627930e+00
1.827141165733337402e+00
1.652353048324584961e+00
1.368499755859375000e+00
-5.460334777832031250e+00
3.123691558837890625e+00
-9.136847257614135742e-01
-3.504400253295898438e+00
1.990015983581542969e+00
-2.683997154235839844e-01
-8.130552768707275391e-01
-2.710004329681396484e+00
-3.884825110435485840e-01
-2.199907302856445312e+00
-5.852975368499755859e+00
1.038783669471740723e+00
5.177821159362792969e+00
6.623720526695251465e-01
2.045267224311828613e-01
-1.903317213058471680e+00
4.148033857345581055e-01
8.528746366500854492e-01
-6.501993536949157715e-02
-4.158128261566162109e+00
3.223967552185058594e+00
-2.820280790328979492e+00
3.404239177703857422e+00
-8.393951058387756348e-01
-1.872244358062744141e+00
-1.276876807212829590e+00
2.015434503555297852e+00
-1.214106321334838867e+00
-1.141624212265014648e+00
-8.625243902206420898e-01
-3.178151130676269531e+00
3.388883352279663086e+00
2.366529226303100586e+00
3.135001659393310547e-02
-9.304691553115844727e-01
3.987647056579589844e+00
-3.450706005096435547e+00
2.165096759796142578e+00
-7.472484707832336426e-01
3.998279094696044922e+00
9.727156162261962891e-02
-8.493063449859619141e-01
-3.583148479461669922e+00
1.114731788635253906e+00
-4.590337276458740234e+00
-5.985846519470214844e-01
-7.860970497131347656e-01
-2.560251712799072266e+00
-1.560732126235961914e+00
2.908230781555175781e+00
3.684198856353759766e-01
-3.372696161270141602e+00
-1.274542212486267090e+00
4.101260900497436523e-01
1.501914381980895996e+00
1.505229234695434570e+00
-2.680303573608398438e+00
-2.356930255889892578e+00
-9.022545218467712402e-01
-2.653208732604980469e+00
-4.098581314086914062e+00
-2.141325473785400391e+00
-1.185797929763793945e+00
-3.457005500793457031e+00
4.970885813236236572e-01
-4.872293472290039062e+00
2.716839551925659180e+00
1.016793727874755859e+00
-5.538295745849609375e+00
-1.315650939941406250e+00
-3.584004878997802734e+00
1.255056977272033691e+00
-1.154439449310302734e+00
1.291506409645080566e+00
-6.391373872756958008e-01
-1.164436936378479004e+00
2.705456018447875977e+00
-1.182496547698974609e+00
-1.481879115104675293e+00
-5.097873687744140625e+00
-2.610284090042114258e+00
-8.707181215286254883e-01
-4.426229476928710938e+00
2.355110168457031250e+00
-5.740069389343261719e+00
-4.910437583923339844e+00
-3.475003242492675781e-01
-5.946328163146972656e+00
-8.293974399566650391e-01
-3.066591739654541016e+00
1.649744749069213867e+00
-4.309573173522949219e+00
-2.055745124816894531e+00
-1.501091599464416504e+00
-1.447514295578002930e+00
1.860435009002685547e+00
-2.045413017272949219e+00
-2.488161325454711914e+00
-2.842231750488281250e+00
-3.237885475158691406e+00
-2.423492431640625000e+00
-3.652169704437255859e+00
-1.906259059906005859e+00
-2.663073539733886719e+00
9.688053131103515625e-01
-1.557735204696655273e+00
-2.297547817230224609e+00
-3.210792064666748047e+00
4.945559024810791016e+00
9.358411431312561035e-01
-2.426825523376464844e+00
9.953498244285583496e-01
8.469481766223907471e-02
6.248853206634521484e-01
-6.637629866600036621e-01
-1.949010133743286133e+00
-6.452790498733520508e-01
1.210330128669738770e+00
2.050588130950927734e+00
-3.842471122741699219e+00
-4.304063320159912109e-01
-5.016927123069763184e-01
-1.609946727752685547e+00
-2.823469161987304688e+00
-2.031544685363769531e+00
-3.634481191635131836e+00
-1.561109542846679688e+00
2.746200084686279297e+00
-1.281869769096374512e+00
-2.171557903289794922e+00
-5.596024513244628906e+00
-3.996631145477294922e+00
-2.872593641281127930e+00
-1.850485324859619141e+00
-3.704731464385986328e-01
-4.079425334930419922e+00
-2.258955001831054688e+00
2.579387724399566650e-01
-2.083101272583007812e+00
-2.858514308929443359e+00
-4.719320297241210938e+00
-2.736007452011108398e+00
-4.405594825744628906e+00
-5.975416898727416992e-01
-2.414004564285278320e+00
2.253926753997802734e+00
-7.804223299026489258e-01
-1.620607137680053711e+00
-1.955725193023681641e+00
-4.634520530700683594e+00
-2.455271005630493164e+00
-2.816820621490478516e+00
5.637508034706115723e-01
-5.050217509269714355e-01
2.476356476545333862e-01
-2.309673070907592773e+00
1.879691004753112793e+00
-2.797430753707885742e+00
-2.745950818061828613e-01
-1.555507540702819824e+00
-1.783345222473144531e+00
-2.721304416656494141e+00
-3.761372268199920654e-01
1.262187719345092773e+00
-2.204307794570922852e+00
-3.714197158813476562e+00
-4.680875778198242188e+00
-6.477189064025878906e+00
-2.945462226867675781e+00
3.946166336536407471e-01
-8.905259370803833008e-01
-2.718982696533203125e+00
2.427583932876586914e-02
-3.297788143157958984e+00
-1.216702222824096680e+00
-2.823212385177612305e+00
-1.583815217018127441e+00
1.448917090892791748e-01
-1.300104856491088867e+00
2.965101599693298340e-01
-5.105916500091552734e+00
-1.132101416587829590e+00
-1.951795816421508789e+00
-1.515842318534851074e+00
-7.981470823287963867e-01
-1.720181107521057129e-02
-5.751085281372070312e-02
-1.694692134857177734e+00
-9.398609399795532227e-01
-4.076774597167968750e+00
1.848101913928985596e-01
7.275263071060180664e-01
-3.595485448837280273e+00
2.648739218711853027e-01
-2.595861196517944336e+00
-3.913821578025817871e-01
-2.578021764755249023e+00
5.002674460411071777e-02
3.752599954605102539e-01
4.113756418228149414e-01
8.491032123565673828e-01
1.316247463226318359e+00
-2.913438379764556885e-01
-2.552906274795532227e+00
-3.367320060729980469e+00
-3.070541858673095703e+00
2.490164041519165039e+00
-2.325012207031250000e+00
-2.644851684570312500e+00
3.097749352455139160e-01
-2.201168775558471680e+00
-3.773973226547241211e+00
-1.923823952674865723e-01
9.089636802673339844e-01
2.887798309326171875e+00
5.552605152130126953e+00
-3.328973054885864258e-01
-2.026473283767700195e+00
1.953544378280639648e+00
1.102413892745971680e+00
-1.371843218803405762e-01
-3.870960474014282227e+00
-5.786288976669311523e-01
1.148801684379577637e+00
-8.213847875595092773e-01
-1.646049261093139648e+00
-3.306272029876708984e-01
-4.206628799438476562e-01
7.559133768081665039e-01
-8.557548522949218750e-01
-2.005794048309326172e+00
-2.612332344055175781e+00
-1.460337877273559570e+00
-3.058536529541015625e+00
1.721953153610229492e+00
6.006588935852050781e-01
-1.586006164550781250e+00
-3.704393386840820312e+00
-1.573608517646789551e+00
-5.447010040283203125e+00
-2.865494966506958008e+00
1.020247936248779297e+00
-2.957859754562377930e+00
-2.338210582733154297e+00
3.107257366180419922e+00
3.764662742614746094e+00
5.977299213409423828e-01
-2.471011281013488770e-01
1.631182551383972168e+00
-1.633401513099670410e+00
2.184459924697875977e+00
3.860184431076049805e+00
5.909556865692138672e+00
3.247110843658447266e+00
3.238432645797729492e+00
2.748523235321044922e+00
1.390241265296936035e+00
7.124011516571044922e-01
3.496759414672851562e+00
4.111939430236816406e+00
-5.924091339111328125e-01
-5.145139694213867188e-01
2.358813762664794922e+00
2.058359622955322266e+00
-5.579673051834106445e-01
3.020633161067962646e-01
-6.386404633522033691e-01
-3.512399196624755859e+00
-2.063172817230224609e+00
-6.940172910690307617e-01
-3.139582157135009766e+00
-1.233839750289916992e+00
-6.227070808410644531e+00
-2.751328468322753906e+00
-4.139421463012695312e+00
-3.815893650054931641e+00
-4.000166893005371094e+00
-4.703303813934326172e+00
-6.797612190246582031e+00
-2.014196157455444336e+00
-3.393043994903564453e+00
-2.450387477874755859e+00
-4.760416984558105469e+00
-3.523362636566162109e+00
-3.152317047119140625e+00
-2.945946931838989258e+00
-1.728890657424926758e+00
-2.884243249893188477e+00
1.814121365547180176e+00
-1.385731577873229980e+00
-1.207736134529113770e-01
6.856436729431152344e-01
2.088467836380004883e+00
-6.481617689132690430e-02
2.720378875732421875e+00
-3.285915136337280273e+00
2.866204023361206055e+00
3.921814441680908203e+00
2.338451862335205078e+00
2.342854499816894531e+00
1.826416730880737305e+00
5.035860538482666016e+00
2.542412281036376953e-01
5.155286312103271484e+00
4.822632789611816406e+00
7.646858692169189453e-02
2.002160787582397461e+00
2.609509706497192383e+00
3.402596950531005859e+00
4.610536575317382812e+00
5.498054981231689453e+00
-2.700352430343627930e+00
-8.734223246574401855e-02
7.321897745132446289e-01
6.544880390167236328e+00
5.553284645080566406e+00
-5.730935335159301758e-01
-1.580618619918823242e+00
1.432510972023010254e+00
8.400964736938476562e-01
-3.096299648284912109e+00
-1.508981943130493164e+00
8.845784187316894531e+00
-1.920616030693054199e+00
2.574537754058837891e+00
-1.395967721939086914e+00
1.091133117675781250e+00
-3.446990251541137695e+00
-3.979815959930419922e+00
2.143912076950073242e+00
6.091108322143554688e+00
1.287701368331909180e+00
3.824797868728637695e+00
1.174105525016784668e+00
3.605755090713500977e+00
3.058808088302612305e+00
-7.973744869232177734e+00
-2.184984385967254639e-01
1.737261056900024414e+00
-5.664241313934326172e-01
1.665639162063598633e+00
3.412105321884155273e+00
6.015466690063476562e+00
-1.801391124725341797e+00
-6.430903673171997070e-01
-8.867070674896240234e-01
2.462825059890747070e+00
2.746110558509826660e-01
-2.840874493122100830e-01
-1.079558014869689941e+00
-2.486604213714599609e+00
3.294084548950195312e+00
5.094769001007080078e+00
1.561836004257202148e+00
5.747210502624511719e+00
-5.573141574859619141e-01
-1.329324245452880859e+00
-1.837835431098937988e+00
-2.568480491638183594e+00
-2.909561872482299805e+00
4.642863273620605469e-01
-2.149895668029785156e+00
1.844297528266906738e+00
-2.972195625305175781e+00
2.409764766693115234e+00
-6.457026004791259766e-01
-2.536901473999023438e+00
1.864234447479248047e+00
9.265586137771606445e-01
-9.667619466781616211e-01
-1.843723654747009277e+00
-3.657866477966308594e+00
-2.190903663635253906e+00
1.528734922409057617e+00
-9.585919976234436035e-01
-6.798251867294311523e-01
1.346315145492553711e+00
3.785911560058593750e+00
-1.950405240058898926e+00
-9.703227281570434570e-01
2.873687744140625000e+00
6.651905775070190430e-01
-3.608205556869506836e+00
1.308786511421203613e+00
-4.234843730926513672e+00
-1.163434028625488281e+00
3.395389556884765625e+00
-1.256182789802551270e-02
2.227109432220458984e+00
-1.125427007675170898e+00
2.378448545932769775e-01
6.884023547172546387e-01
6.235164999961853027e-01
3.501037597656250000e+00
5.085402488708496094e+00
-1.924985647201538086e+00
-3.819426894187927246e-01
-1.680762767791748047e+00
8.366590142250061035e-01
-3.693602979183197021e-01
-1.180028557777404785e+00
-1.149319887161254883e+00
4.694561004638671875e+00
2.720408201217651367e+00
8.572050929069519043e-02
1.707581877708435059e+00
1.907910466194152832e+00
-9.216416478157043457e-01
1.767403841018676758e+00
3.037195920944213867e+00
1.617799401283264160e+00
1.441871881484985352e+00
2.011789560317993164e+00
-1.288898229598999023e+00
-2.970109939575195312e+00
4.282348752021789551e-01
-2.950665056705474854e-01
-2.127753257751464844e+00
1.477482795715332031e+00
8.935543298721313477e-01
2.098289966583251953e+00
-4.321106433868408203e+00
4.782381534576416016e+00
5.578507900238037109e+00
3.033335447311401367e+00
-2.445487499237060547e+00
-1.775227665901184082e+00
6.799669265747070312e-01
4.947797060012817383e-01
-4.254871368408203125e+00
3.708641529083251953e-01
-1.494382739067077637e+00
-7.125959396362304688e-01
-2.937180757522583008e+00
-3.348991870880126953e+00
7.590958595275878906e+00
2.276684761047363281e+00
-3.909892797470092773e+00
-1.116099655628204346e-01
-1.408245086669921875e+00
-7.919542789459228516e+00
3.250281333923339844e+00
4.936960697174072266e+00
4.452572822570800781e+00
4.386996269226074219e+00
1.867019534111022949e+00
1.578550696372985840e+00
3.308142662048339844e+00
1.568210840225219727e+00
-3.468883037567138672e+00
2.484633207321166992e+00
9.562094807624816895e-01
1.670653343200683594e+00
-2.049364805221557617e+00
5.638753414154052734e+00
-4.561860561370849609e+00
-1.539693593978881836e+00
4.799071311950683594e+00
2.917297780513763428e-01
3.358243227005004883e+00
1.259999155998229980e+00
8.697297096252441406e+00
3.977414131164550781e+00
-1.613389968872070312e+00
1.921856403350830078e-02
1.537719726562500000e+00
-4.405328631401062012e-01
6.229933261871337891e+00
7.459566593170166016e-01
-4.787164688110351562e+00
5.484076499938964844e+00
-4.080514907836914062e+00
-2.250940799713134766e+00
6.203246116638183594e-01
-1.651995420455932617e+00
1.421930432319641113e+00
-5.511000156402587891e+00
8.551170825958251953e-01
-2.369738578796386719e+00
1.613391637802124023e+00
1.929339170455932617e+00
6.780161857604980469e-01
1.080747842788696289e+00
-1.320046901702880859e+00
1.827713251113891602e-01
5.944529533386230469e+00
3.315734863281250000e+00
-1.778917193412780762e+00
-1.186042308807373047e+00
1.445743441581726074e+00
4.335770130157470703e+00
-2.374036312103271484e+00
4.013050198554992676e-01
1.337374329566955566e+00
-1.327546238899230957e-01
-3.765214681625366211e-01
-1.708637475967407227e-01
-1.328413963317871094e+00
5.797345042228698730e-01
-2.372977733612060547e+00
1.855277419090270996e+00
1.764372587203979492e+00
-3.673234462738037109e+00
3.086212396621704102e+00
7.361852645874023438e+00
-2.087733268737792969e+00
1.568404912948608398e+00
-1.076404690742492676e+00
-2.931593894958496094e+00
-1.427623271942138672e+00
1.160280823707580566e+00
-1.750388383865356445e+00
4.358223438262939453e+00
2.725996971130371094e+00
1.919241249561309814e-01
7.127951383590698242e-01
4.900670528411865234e+00
-2.965659618377685547e+00
1.533935427665710449e+00
-7.901393771171569824e-01
-2.208400487899780273e+00
2.399754047393798828e+00
3.800205469131469727e+00
-2.804549217224121094e+00
8.038238525390625000e+00
5.785639286041259766e+00
-8.701888471841812134e-02
2.314879655838012695e+00
-7.746759057044982910e-01
-1.996703624725341797e+00
1.738022685050964355e+00
-1.150070905685424805e+00
-2.957050323486328125e+00
2.128677845001220703e+00
-3.672392368316650391e-01
-2.832128286361694336e+00
-8.720128536224365234e-01
3.290812253952026367e+00
1.093832492828369141e+00
-1.033836126327514648e+00
-6.931495666503906250e-02
2.482281923294067383e+00
3.447225570678710938e+00
-1.189980506896972656e+00
-6.180591583251953125e-01
-2.975102424621582031e+00
1.413993597030639648e+00
1.407856941223144531e+00
-4.916417896747589111e-01
1.763117790222167969e+00
2.523433923721313477e+00
-3.948665857315063477e-01
1.821154356002807617e-02
-2.842984676361083984e+00
-1.321010708808898926e+00
-1.304042696952819824e+00
4.859103202819824219e+00
-7.953650951385498047e-01
-1.253775119781494141e+00
1.515777349472045898e+00
9.099724292755126953e-01
1.606401652097702026e-01
2.171829700469970703e+00
1.896640062332153320e+00
1.504977703094482422e+00
3.521307468414306641e+00
-4.752967357635498047e-01
2.097097396850585938e+00
5.729398250579833984e+00
1.487251520156860352e+00
1.704027891159057617e+00
-2.569699287414550781e+00
4.660999774932861328e-02
3.107981204986572266e+00
6.366515159606933594e-02
3.376486539840698242e+00
3.025954365730285645e-01
2.144559144973754883e+00
-6.836028575897216797e+00
-2.907487154006958008e+00
-3.769958019256591797e+00
-4.688817024230957031e+00
-3.573003768920898438e+00
-1.499971151351928711e-01
2.316316604614257812e+00
-3.596376419067382812e+00
1.135466694831848145e+00
1.979662537574768066e+00
2.851808547973632812e+00
-2.727481842041015625e+00
2.012177228927612305e+00
-2.417165994644165039e+00
-1.927843093872070312e-01
1.117564010620117188e+01
1.030596733093261719e+00
-2.627191066741943359e+00
2.043131828308105469e+00
3.260946869850158691e-01
3.012239336967468262e-01
-2.624637603759765625e+00
2.815255641937255859e+00
-4.808367490768432617e-01
6.961902976036071777e-02
3.051643848419189453e+00
3.488995313644409180e+00
1.828062772750854492e+00
7.435560703277587891e+00
-4.070646286010742188e+00
-5.604506731033325195e-01
4.659699440002441406e+00
-2.320393562316894531e+00
-2.465505003929138184e-01
-7.273545861244201660e-01
7.162132859230041504e-01
5.955865979194641113e-01
-2.886091947555541992e+00
1.951133012771606445e-01
-9.803605079650878906e-01
2.190425395965576172e+00
1.232922792434692383e+00
-4.893393516540527344e+00
6.886985778808593750e+00
-3.379254043102264404e-01
3.578890800476074219e+00
-4.229318618774414062e+00
-2.786994934082031250e+00
2.888479232788085938e-01
2.182292461395263672e+00
7.961239814758300781e-01
1.830387115478515625e-01
-2.665903806686401367e+00
-5.000946044921875000e+00
5.426062107086181641e+00
3.023217320442199707e-01
3.448050022125244141e-01
1.129974842071533203e+00
2.455309867858886719e+00
-4.658526182174682617e-02
1.854898214340209961e+00
-3.216602325439453125e+00
4.531072139739990234e+00
-5.486484169960021973e-01
3.906203508377075195e-01
2.007560253143310547e+00
9.232186675071716309e-01
-1.953920722007751465e-01
9.952911138534545898e-01
4.975073933601379395e-01
-1.219006299972534180e+00
2.372343540191650391e+00
8.345904350280761719e-01
1.077457964420318604e-01
2.841162681579589844e+00
-7.761579751968383789e-01
-3.414000868797302246e-01
-2.109216749668121338e-01
-2.208260148763656616e-01
2.143106937408447266e+00
1.295808672904968262e+00
1.093695402145385742e+00
2.397362947463989258e+00
1.816214561462402344e+00
-8.845580220222473145e-01
2.437040090560913086e+00
4.122143745422363281e+00
1.022712588310241699e+00
1.595281124114990234e+00
-5.496804118156433105e-01
-2.496718645095825195e+00
6.094109416007995605e-01
-2.344418525695800781e+00
-3.357408285140991211e+00
-1.318282246589660645e+00
2.346925020217895508e+00
1.268333196640014648e+00
-3.636530339717864990e-01
-1.028356850147247314e-01
3.970141887664794922e+00
-5.718252182006835938e+00
-2.560807228088378906e+00
1.735709309577941895e+00
9.695474505424499512e-01
-3.829254388809204102e+00
-1.571802735328674316e+00
4.044835090637207031e+00
-7.951874732971191406e-01
2.226024866104125977e+00
3.904564380645751953e+00
1.734408617019653320e+00
-5.670406818389892578e-01
-1.137983798980712891e-01
-3.216202497482299805e+00
-1.579203009605407715e-01
-1.483830451965332031e+00
4.000104904174804688e+00
-2.324595928192138672e+00
2.847612142562866211e+00
3.419895648956298828e+00
-3.487981081008911133e+00
3.179992437362670898e+00
4.604685306549072266e+00
6.013017654418945312e+00
-2.249291896820068359e+00
-3.665839910507202148e+00
1.229698657989501953e-01
-3.076965093612670898e+00
-2.139940261840820312e+00
5.387976169586181641e+00
4.665208816528320312e+00
-3.315726518630981445e+00
3.412828445434570312e+00
1.461906909942626953e+00
4.195014953613281250e+00
-1.369701027870178223e+00
-2.069744348526000977e+00
-2.275180578231811523e+00
1.100494027137756348e+00
4.608435153961181641e+00
-3.246690988540649414e+00
1.077654600143432617e+00
5.969269275665283203e+00
-4.048375129699707031e+00
5.250442624092102051e-01
7.884257316589355469e+00
4.238833427429199219e+00
-1.631961822509765625e+00
2.723958015441894531e+00
3.599999845027923584e-01
-2.787932395935058594e+00
3.375912666320800781e+00
7.081037163734436035e-01
7.189380526542663574e-01
-1.082058191299438477e+00
3.188000202178955078e+00
3.841034412384033203e+00
-3.482033014297485352e+00
-2.529186010360717773e+00
3.518117427825927734e+00
-7.303063273429870605e-01
1.623999118804931641e+00
-9.369040727615356445e-01
4.222952365875244141e+00
3.460223197937011719e+00
1.030132055282592773e+00
5.367089271545410156e+00
-2.398697733879089355e-01
1.197561144828796387e+00
-1.460298776626586914e+00
2.337203979492187500e+00
4.024474620819091797e+00
-1.383613944053649902e+00
-6.338212490081787109e-01
-6.724084615707397461e-01
1.580415248870849609e+00
2.184200048446655273e+00
-2.184486627578735352e+00
2.534857988357543945e+00
1.620054721832275391e+00
-8.187028169631958008e-01
5.123206615447998047e+00
8.880186080932617188e-01
1.615035533905029297e-02
-3.897711753845214844e+00
5.768126964569091797e+00
1.150827050209045410e+00
-4.201680183410644531e+00
-2.994223535060882568e-01
4.523925781250000000e+00
2.107447624206542969e+00
-1.689110517501831055e+00
-2.788889110088348389e-01
1.957234382629394531e+00
1.537063956260681152e+00
2.923977375030517578e-01
3.535184562206268311e-01
7.613395452499389648e-01
1.098793268203735352e+00
4.082081317901611328e+00
1.920055508613586426e+00
-3.638997554779052734e+00
-5.601533651351928711e-01
-7.979624867439270020e-01
-2.403987884521484375e+00
-1.933722019195556641e+00
2.620537757873535156e+00
7.573670148849487305e-01
-1.156594455242156982e-01
1.081327438354492188e+00
-1.435076594352722168e-01
-7.564699649810791016e-01
3.475719451904296875e+00
-1.652938842773437500e+00
-2.897388696670532227e+00
5.063501358032226562e+00
2.076081514358520508e+00
4.118156909942626953e+00
-5.366861820220947266e+00
5.626317501068115234e+00
2.325618982315063477e+00
1.571027040481567383e+00
4.097521305084228516e+00
-1.929767131805419922e-01
-1.103301882743835449e+00
7.793476581573486328e-01
-3.475311279296875000e+00
2.352801322937011719e+00
-3.484297037124633789e+00
-2.911506891250610352e+00
-1.502161026000976562e+00
1.292398929595947266e+01
4.000296115875244141e+00
1.003549695014953613e+00
-5.742493271827697754e-01
6.348744869232177734e+00
-1.462902784347534180e+00
-3.426206827163696289e+00
4.653869628906250000e+00
3.898401021957397461e+00
3.751195192337036133e+00
-1.496003627777099609e+00
4.402493238449096680e-01
3.669878244400024414e+00
-1.635758876800537109e-01
-1.287528753280639648e+00
1.119495987892150879e+00
5.782059192657470703e+00
3.290930747985839844e+00
-1.226366519927978516e+00
-1.886988401412963867e+00
-4.482170581817626953e+00
-1.612234592437744141e+00
-3.745143413543701172e+00
-2.732532262802124023e+00
-5.764704704284667969e+00
-2.677625179290771484e+00
-3.894869565963745117e+00
-4.190108776092529297e+00
-2.417859792709350586e+00
-3.550902366638183594e+00
-2.967514753341674805e+00
-4.484584331512451172e+00
-3.160892486572265625e+00
-4.981586933135986328e+00
-1.127175688743591309e+00
-6.708374500274658203e+00
-3.846008777618408203e+00
-4.596158504486083984e+00
-4.519487380981445312e+00
-2.241040229797363281e+00
-1.629624962806701660e+00
-5.300839900970458984e+00
3.492825984954833984e+00
-3.064338564872741699e-01
-1.253265619277954102e+00
-2.291619777679443359e+00
2.146673202514648438e+00
-1.185626983642578125e+00
-3.205449104309082031e+00
1.264856338500976562e+00
4.686014056205749512e-01
-2.664227962493896484e+00
-5.291146278381347656e+00
-5.477108955383300781e+00
3.779340267181396484e+00
-4.228979110717773438e+00
-3.679752826690673828e+00
-2.753984928131103516e+00
-4.153847217559814453e+00
-6.710915565490722656e+00
-7.053472995758056641e+00
-4.977372169494628906e+00
3.232028484344482422e+00
-2.149679660797119141e+00
-2.464688420295715332e-01
-1.763758182525634766e+00
5.378967761993408203e+00
5.452177047729492188e+00
4.801931858062744141e+00
4.062756061553955078e+00
1.822696775197982788e-01
4.000772953033447266e+00
7.706043720245361328e-01
4.015192985534667969e+00
6.357467651367187500e+00
5.694869995117187500e+00
6.065899848937988281e+00
1.613354444503784180e+00
1.764297485351562500e+00
6.649982929229736328e+00
7.463246345520019531e+00
3.310688972473144531e+00
-2.646164417266845703e+00
5.855935811996459961e-01
-3.092568635940551758e+00
1.900714159011840820e+00
-1.175212860107421875e-01
1.535491943359375000e+00
-1.154141187667846680e+00
-5.302704811096191406e+00
-5.643346786499023438e+00
4.849134087562561035e-01
-2.651632308959960938e+00
-3.058932065963745117e+00
2.895888328552246094e+00
1.809753298759460449e+00
