2.389381885528564453e+00
3.564311742782592773e+00
1.759782433509826660e-01
1.097279667854309082e+00
6.003177762031555176e-01
5.745950937271118164e-01
3.560925245285034180e+00
-1.414537668228149414e+00
-1.877905964851379395e+00
-4.249612331390380859e+00
-3.283597230911254883e-01
-1.450677394866943359e+00
-1.427512526512145996e+00
-1.294433474540710449e+00
3.975884437561035156e+00
-1.874946832656860352e+00
-4.751595020294189453e+00
-3.558375835418701172e-01
-4.318541049957275391e+00
-2.677500724792480469e+00
-3.604794979095458984e+00
-1.744451642036437988e+00
-4.403434753417968750e+00
-1.507697939872741699e+00
-1.934735059738159180e+00
-1.347077250480651855e+00
-1.266664743423461914e+00
6.485677957534790039e-01
-9.807156026363372803e-02
-7.534217834472656250e-02
-1.175071477890014648e+00
2.223967552185058594e+00
2.494147062301635742e+00
2.209040164947509766e+00
3.379313468933105469e+00
1.694521307945251465e-01
3.685914516448974609e+00
1.986553668975830078e+00
4.679358482360839844e+00
-1.526800990104675293e-01
1.489927053451538086e+00
-1.750527918338775635e-01
3.003523588180541992e+00
-3.251687884330749512e-01
-3.333420753479003906e-01
1.202973604202270508e+00
-6.700835227966308594e-01
5.924225330352783203e+00
7.831394076347351074e-01
2.593736886978149414e+00
4.612863540649414062e+00
-5.946748852729797363e-01
3.712489604949951172e-01
-2.338895559310913086e+00
2.115005016326904297e+00
1.202461719512939453e+00
2.041454553604125977e+00
-5.509662151336669922e+00
-2.064376115798950195e+00
-3.547915220260620117e-01
2.580863475799560547e+00
5.754347324371337891e+00
2.266200304031372070e+00
-3.956391811370849609e+00
-2.312934398651123047e-01
-3.351279735565185547e+00
3.373202085494995117e+00
-7.161531448364257812e-01
1.533852815628051758e+00
1.969062924385070801e+00
4.101849794387817383e-01
-9.807465076446533203e-01
-3.865204334259033203e+00
5.215950012207031250e-01
-1.668133735656738281e-01
9.500616788864135742e-01
3.804283738136291504e-01
1.879066228866577148e+00
1.041219830513000488e+00
-6.774334907531738281e-01
-1.398991942405700684e+00
2.315305471420288086e-01
-7.456271648406982422e-01
-1.718636751174926758e+00
4.316456317901611328e-01
-3.085948944091796875e+00
-8.565175533294677734e-01
-2.151410102844238281e+00
1.155624389648437500e-01
-5.174032449722290039e-01
-1.325049996376037598e+00
-3.825830221176147461e+00
9.717618227005004883e-01
-4.825884342193603516e+00
1.624052047729492188e+00
-1.106361985206604004e+00
9.410439729690551758e-01
-2.147581100463867188e+00
-3.086715698242187500e+00
-5.335378646850585938e+00
-2.605661869049072266e+00
-1.371006250381469727e+00
-5.237333297729492188e+00
3.850261926651000977e+00
-1.676701545715332031e+00
-3.406893014907836914e+00
-3.662304401397705078e+00
2.701345205307006836e+00
8.096994459629058838e-02
-1.114013195037841797e-01
6.489022374153137207e-01
1.439418792724609375e+00
3.945917129516601562e+00
-2.207204848527908325e-01
-8.239518404006958008e-01
1.039780735969543457e+00
2.834541797637939453e+00
2.843994855880737305e+00
2.672761917114257812e+00
9.066664576530456543e-01
-1.944479823112487793e+00
9.652550816535949707e-01
1.376464366912841797e+00
-2.795766353607177734e+00
6.158081889152526855e-01
5.125874280929565430e-01
6.736907958984375000e-01
-5.257719993591308594e+00
-6.052540302276611328e+00
-2.424205780029296875e+00
-3.145672321319580078e+00
-2.052074193954467773e+00
-7.275854349136352539e-01
-2.322857141494750977e+00
-3.704013347625732422e+00
-7.835993766784667969e+00
-2.569273471832275391e+00
-4.203535556793212891e+00
-2.550954341888427734e+00
-2.382027626037597656e+00
1.215445041656494141e+00
-1.350611805915832520e+00
-2.756202697753906250e+00
-2.450562000274658203e+00
-1.490355134010314941e-01
-3.798973560333251953e+00
-5.054312705993652344e+00
-7.862671613693237305e-01
-1.473042249679565430e+00
-1.790298819541931152e+00
-1.132576942443847656e+00
1.977738738059997559e+00
-2.528274536132812500e+00
1.027350187301635742e+00
-3.384183406829833984e+00
1.128432601690292358e-01
9.449721574783325195e-01
-1.188129186630249023e-01
-9.322187900543212891e-01
-2.117760181427001953e+00
-3.988548278808593750e+00
-6.367489695549011230e-01
1.829778194427490234e+00
-2.743891239166259766e+00
8.343473076820373535e-01
-7.606754302978515625e-01
-3.182196617126464844e-02
-1.909015178680419922e+00
1.568202257156372070e+00
-3.197038173675537109e-02
2.669492006301879883e+00
2.378276586532592773e+00
8.559891581535339355e-01
-1.875490099191665649e-01
7.166206836700439453e-03
-3.320517778396606445e+00
-2.651097774505615234e+00
-1.074233770370483398e+00
4.934803843498229980e-01
-7.326823472976684570e-01
-6.470023989677429199e-01
-1.726685881614685059e+00
2.295273542404174805e-01
1.447533369064331055e+00
-8.264163732528686523e-01
1.316921114921569824e+00
-7.695258408784866333e-02
-1.961969614028930664e+00
-8.238046169281005859e-01
-1.982894301414489746e+00
6.507392525672912598e-01
8.382511138916015625e-01
1.522265672683715820e+00
3.052693009376525879e-01
-3.642253398895263672e+00
-1.519531309604644775e-01
-6.776115298271179199e-01
-9.554007053375244141e-01
6.165610551834106445e-01
3.939590930938720703e+00
-1.977009177207946777e+00
5.088170170783996582e-01
-1.157394886016845703e+00
1.726817607879638672e+00
1.156090736389160156e+00
-5.305746197700500488e-02
5.645227432250976562e-02
2.843842804431915283e-01
2.720715284347534180e+00
1.234895229339599609e+00
1.022939205169677734e+00
-9.846967458724975586e-01
3.063528776168823242e+00
-6.988218426704406738e-01
5.051079988479614258e-01
1.558079957962036133e+00
8.198531866073608398e-01
-3.529601693153381348e-01
-1.655839443206787109e+00
1.158075630664825439e-01
-3.090690076351165771e-01
-1.409471988677978516e+00
2.082196235656738281e+00
1.565871238708496094e+00
2.709867358207702637e-01
-1.222065091133117676e+00
2.226827740669250488e-01
1.399645090103149414e+00
-1.284747004508972168e+00
-1.131769299507141113e+00
3.112228214740753174e-01
3.486500024795532227e+00
-1.059461236000061035e-01
-2.342880964279174805e+00
2.569715976715087891e-01
-5.356334686279296875e+00
3.174742758274078369e-01
7.301682829856872559e-01
2.692686796188354492e+00
-7.554408311843872070e-01
1.889528036117553711e+00
1.627942681312561035e+00
-2.755207061767578125e+00
-3.235051393508911133e+00
-1.346417784690856934e+00
-6.952133178710937500e-01
5.626254081726074219e-01
-7.939653396606445312e-01
-3.955194056034088135e-01
2.496956139802932739e-01
2.129417657852172852e-02
2.281243562698364258e+00
-1.271587461233139038e-01
2.546502351760864258e+00
3.993617534637451172e+00
-1.207707285881042480e+00
-1.177718639373779297e+00
5.097627639770507812e-01
7.820182442665100098e-01
-1.131820440292358398e+00
-1.888884902000427246e+00
-2.629263877868652344e+00
-2.329513549804687500e+00
2.877582550048828125e+00
5.421474456787109375e+00
6.807773113250732422e-01
-2.927644729614257812e+00
-4.184813976287841797e+00
-3.693855762481689453e+00
-1.995045781135559082e+00
-2.632473230361938477e+00
-8.705296516418457031e-01
-4.043387174606323242e-01
7.783696055412292480e-02
-2.036103725433349609e+00
-3.791986942291259766e+00
-3.909404277801513672e+00
-1.112778663635253906e+00
-3.233633518218994141e+00
-1.400978922843933105e+00
1.605098485946655273e+00
-8.003628849983215332e-01
-4.878610670566558838e-01
4.830525517463684082e-01
-2.725687503814697266e+00
-3.663844466209411621e-01
-1.016490757465362549e-01
-2.408988237380981445e+00
-3.059221506118774414e+00
-2.561818599700927734e+00
4.261885881423950195e-01
-3.551724672317504883e+00
-4.194411635398864746e-02
-3.237263441085815430e+00
-1.959973692893981934e+00
-7.766315340995788574e-01
-7.426616549491882324e-01
-3.493098735809326172e+00
-1.564226269721984863e+00
-3.789754390716552734e+00
1.427301168441772461e+00
-3.880083858966827393e-01
6.306304931640625000e-01
1.472970962524414062e+00
-9.333914518356323242e-02
-2.099306106567382812e+00
-1.510180592536926270e+00
-4.959666430950164795e-01
4.166030883789062500e-02
-8.303376436233520508e-01
1.852701544761657715e+00
1.584870576858520508e+00
-3.407464027404785156e-01
9.024167060852050781e-02
5.599355697631835938e+00
-2.705971717834472656e+00
1.889665603637695312e+00
3.724594831466674805e+00
3.720579147338867188e-01
1.786592006683349609e-01
-1.249068021774291992e+00
-5.228445529937744141e-01
1.102658152580261230e+00
1.138651371002197266e-01
-2.318238973617553711e+00
-7.716832756996154785e-01
-1.454289555549621582e+00
-1.199501872062683105e+00
-1.614601373672485352e+00
2.513371467590332031e+00
-2.501718401908874512e-01
-1.064856052398681641e+00
-3.882695198059082031e+00
1.565142512321472168e+00
-4.536832809448242188e+00
-3.509442090988159180e+00
6.581221222877502441e-01
-2.303255319595336914e+00
2.979092836380004883e+00
-8.082632422447204590e-01
-5.287408828735351562e-03
-7.363594770431518555e-01
-1.943455934524536133e+00
-4.008989334106445312e-01
3.647897243499755859e-01
1.871660709381103516e+00
-3.163422644138336182e-02
-1.467662334442138672e+00
6.861901283264160156e-01
-1.240910291671752930e+00
2.154267430305480957e-01
-2.436610937118530273e+00
-3.656347036361694336e+00
-4.097164154052734375e+00
1.540831208229064941e+00
-2.815716266632080078e+00
-2.218188285827636719e+00
-1.193389415740966797e+00
1.961436390876770020e+00
-1.150943875312805176e+00
-1.381148457527160645e+00
-2.152604818344116211e+00
-2.508058309555053711e+00
-1.427430152893066406e+00
-1.225508689880371094e+00
-3.496358156204223633e+00
-6.231109619140625000e+00
-3.398078203201293945e+00
-6.442919254302978516e+00
-2.478807687759399414e+00
-3.408729553222656250e+00
-4.818698406219482422e+00
-6.274259567260742188e+00
-5.262794971466064453e+00
-2.085271358489990234e+00
-7.068952560424804688e+00
-3.101477146148681641e+00
9.021546244621276855e-01
-4.213222026824951172e+00
-3.195904731750488281e+00
-4.815591335296630859e+00
-4.207387447357177734e+00
-3.406163692474365234e+00
-4.946033954620361328e+00
-5.539230346679687500e+00
-4.593254625797271729e-01
-3.323757648468017578e+00
-3.743001222610473633e+00
-3.804313659667968750e+00
2.329009532928466797e+00
4.442170858383178711e-01
2.554389715194702148e+00
1.531149029731750488e+00
7.703461647033691406e-01
-6.560982465744018555e-01
4.839609265327453613e-01
5.712884664535522461e-01
2.316185474395751953e+00
1.483439207077026367e-01
1.009633898735046387e+00
-7.172950506210327148e-01
-3.880125999450683594e+00
3.634932041168212891e+00
6.024067401885986328e-01
-2.670855522155761719e-01
4.614052772521972656e+00
-4.002155780792236328e+00
8.429470062255859375e-01
-1.402721881866455078e+00
-1.495929718017578125e+00
2.397466421127319336e+00
3.936987161636352539e+00
-4.199006080627441406e+00
-1.433507919311523438e+00
2.305372238159179688e+00
-7.117879390716552734e-01
-3.719166994094848633e+00
3.464497089385986328e+00
4.359281063079833984e-01
6.269271373748779297e+00
1.093677163124084473e+00
-2.205935716629028320e+00
-4.165806293487548828e+00
-2.501700878143310547e+00
1.976115107536315918e+00
1.805870413780212402e+00
4.071195721626281738e-01
-1.892764568328857422e-01
1.473262190818786621e+00
2.416214227676391602e+00
-1.968057513236999512e+00
-8.917853236198425293e-02
9.617030620574951172e-01
-2.135211944580078125e+00
4.768020629882812500e+00
2.619648218154907227e+00
7.078636288642883301e-01
9.980553984642028809e-01
-4.890918254852294922e+00
-2.439524173736572266e+00
2.857128143310546875e+00
1.703820824623107910e-01
-3.432747721672058105e-01
8.616200447082519531e+00
-2.350817203521728516e+00
-3.245564103126525879e-01
-2.384264469146728516e+00
3.805034160614013672e+00
-8.516210317611694336e-01
1.795785546302795410e+00
3.060424566268920898e+00
6.402745842933654785e-01
4.994149684906005859e+00
-3.304221868515014648e+00
-2.496391534805297852e+00
3.692860603332519531e+00
2.316175222396850586e+00
3.679532051086425781e+00
-2.273269891738891602e+00
4.403745651245117188e+00
1.536208689212799072e-01
-7.835972309112548828e-02
2.249119043350219727e+00
-1.308453679084777832e+00
3.831111907958984375e+00
-9.058804512023925781e-01
4.541314840316772461e-01
-8.563982248306274414e-01
-1.865888595581054688e+00
-2.696234703063964844e+00
-1.232461929321289062e+00
-1.875520944595336914e+00
2.425214290618896484e+00
-7.892149686813354492e-02
8.545156478881835938e+00
-1.257543921470642090e+00
2.794237613677978516e+00
-1.869777083396911621e+00
1.486864924430847168e+00
-2.329777717590332031e+00
-5.169582366943359375e-01
8.483632206916809082e-01
-9.399787187576293945e-01
6.669719219207763672e-01
-1.372759699821472168e+00
1.941675662994384766e+00
1.240933418273925781e+00
4.564907550811767578e+00
8.992406725883483887e-01
3.433328151702880859e+00
-3.943552374839782715e-01
-3.660928964614868164e+00
-6.957819461822509766e-01
-1.213981389999389648e+00
1.153182163834571838e-01
-2.038728952407836914e+00
4.607134819030761719e+00
3.152372360229492188e+00
1.792937755584716797e+00
-7.256671190261840820e-01
-1.768488734960556030e-01
2.916599273681640625e+00
8.084033012390136719e+00
-8.335800766944885254e-01
8.066034317016601562e-02
-6.148597002029418945e-01
-2.020328044891357422e+00
1.169669628143310547e+00
-1.111027896404266357e-01
-1.342977762222290039e+00
3.837658882141113281e+00
-1.054580926895141602e+00
-4.084558963775634766e+00
-1.770568609237670898e+00
8.395522832870483398e-01
-1.250873327255249023e+00
1.048897862434387207e+00
-1.342116594314575195e-01
1.705877900123596191e+00
4.732511043548583984e-01
5.495070219039916992e-01
-2.115488290786743164e+00
5.931138992309570312e-01
-3.608715534210205078e-01
-1.514162302017211914e+00
5.684121847152709961e-01
-1.371778249740600586e+00
-1.496680974960327148e+00
-1.209596753120422363e+00
5.493699073791503906e+00
3.519979238510131836e+00
4.145069420337677002e-01
-2.264106750488281250e+00
7.034529685974121094e+00
-4.238638401031494141e+00
-4.567295074462890625e+00
5.091747641563415527e-01
1.107957363128662109e+00
9.975343942642211914e-01
4.322453975677490234e+00
-8.997641205787658691e-01
9.659484028816223145e-01
-2.124840736389160156e+00
-1.416139006614685059e+00
-1.627908468246459961e+00
1.348723173141479492e+00
6.180697083473205566e-01
-6.297798156738281250e-01
-1.977101206779479980e+00
2.157361984252929688e+00
-7.064184665679931641e+00
-9.346411228179931641e-01
2.579610109329223633e+00
-3.189873218536376953e+00
8.901633620262145996e-01
-2.493335247039794922e+00
4.422413408756256104e-01
2.739660739898681641e+00
-3.670237362384796143e-01
-1.440839052200317383e+00
-1.924204707145690918e+00
-2.204223155975341797e+00
-1.283828377723693848e+00
3.307337760925292969e-01
-2.105965614318847656e-01
1.634782075881958008e+00
-1.627025365829467773e+00
-2.190775632858276367e+00
-8.553436994552612305e-01
-5.278629064559936523e-01
3.601157188415527344e+00
-6.661870956420898438e+00
-2.796239137649536133e+00
-3.630965948104858398e-01
-1.462224483489990234e+00
-3.401993513107299805e+00
5.873092412948608398e-01
-1.827190876007080078e+00
-5.089467763900756836e-02
1.134725093841552734e+00
6.975712776184082031e-01
3.240733742713928223e-01
-3.040578842163085938e+00
-2.738607883453369141e+00
6.002741813659667969e+00
4.840372562408447266e+00
-2.059945583343505859e+00
-9.893351793289184570e-01
2.680170536041259766e-01
2.702987432479858398e+00
5.931155681610107422e-01
5.907588481903076172e+00
-1.435116052627563477e+00
1.183373928070068359e+00
5.888040065765380859e-01
-2.853721618652343750e+00
7.406020164489746094e-01
4.979242980480194092e-01
-1.377622485160827637e+00
4.888043403625488281e+00
-3.032826185226440430e+00
2.784699440002441406e+00
-5.965822190046310425e-02
-1.846415519714355469e+00
-2.454299688339233398e+00
2.329738378524780273e+00
2.181497573852539062e+00
-1.722913026809692383e+00
5.212533950805664062e+00
-1.972541093826293945e+00
4.188475608825683594e+00
7.816169261932373047e+00
-5.804122686386108398e-01
9.747706651687622070e-01
1.677370786666870117e+00
-6.589159965515136719e-01
2.598670959472656250e+00
1.585708856582641602e+00
-7.875504493713378906e-01
3.481852531433105469e+00
5.030789375305175781e+00
-8.646899461746215820e-01
-1.376151919364929199e+00
2.273551702499389648e+00
-1.208362698554992676e+00
3.077741622924804688e+00
-9.013144969940185547e-01
-3.952138185501098633e+00
1.989950418472290039e+00
7.124198675155639648e-01
2.546139240264892578e+00
1.466425418853759766e+00
-3.044930458068847656e+00
1.095612168312072754e+00
-9.172071814537048340e-01
-3.686771392822265625e-01
3.225694656372070312e+00
-5.320218205451965332e-01
2.806989431381225586e+00
4.973549246788024902e-01
-4.183578968048095703e+00
1.420322656631469727e+00
-3.394706726074218750e+00
1.511324048042297363e+00
8.371188640594482422e-01
6.654658913612365723e-01
7.059518694877624512e-01
-2.497822642326354980e-01
-2.689685344696044922e+00
-2.049471378326416016e+00
-1.723812222480773926e+00
-1.190438568592071533e-01
-9.557030200958251953e-01
-8.112738728523254395e-01
-7.971436977386474609e-01
4.538996219635009766e+00
-7.675246596336364746e-01
-1.469511747360229492e+00
1.140444278717041016e+01
2.096472382545471191e-01
1.996882319450378418e+00
-1.429985523223876953e+00
1.141235589981079102e+00
2.053113937377929688e+00
3.583644330501556396e-01
-4.884602546691894531e+00
-8.216382265090942383e-01
-7.907116413116455078e-01
2.390162944793701172e+00
4.119371414184570312e+00
-2.266590356826782227e+00
5.666012763977050781e-01
2.559653520584106445e+00
7.710890173912048340e-01
-1.385487556457519531e+00
2.406039834022521973e-01
-1.389657974243164062e+00
-3.200954914093017578e+00
1.980550527572631836e+00
3.269210577011108398e+00
3.860131740570068359e+00
-1.174728870391845703e-01
-3.773148298263549805e+00
1.148208379745483398e+00
1.302919745445251465e+00
-1.883012533187866211e+00
-4.071320533752441406e+00
-1.934006452560424805e+00
8.684876561164855957e-01
2.721637010574340820e+00
1.630689620971679688e+00
-2.498460002243518829e-02
4.498075485229492188e+00
5.031577587127685547e+00
-1.051582932472229004e+00
-1.072744131088256836e-01
1.235321879386901855e+00
4.700616359710693359e+00
2.981503486633300781e+00
1.155368447303771973e+00
1.120498895645141602e+00
4.198385238647460938e+00
-3.800227880477905273e+00
-4.490081310272216797e+00
-4.024621844291687012e-01
-8.067247867584228516e-01
-1.401548981666564941e+00
-6.914645433425903320e-01
-2.031394481658935547e+00
7.818860054016113281e+00
-8.829901814460754395e-01
-3.327441215515136719e+00
3.675549328327178955e-01
-2.984610199928283691e-01
-2.682730197906494141e+00
-1.995889663696289062e+00
6.033368110656738281e-01
-2.475309133529663086e+00
-1.662316918373107910e-02
-3.449816107749938965e-01
-3.067251205444335938e+00
2.327591657638549805e+00
1.030182719230651855e+00
-1.205212712287902832e+00
-2.842222452163696289e-01
-1.745109200477600098e+00
-6.455093026161193848e-01
-5.697759389877319336e-01
1.569808721542358398e+00
-3.581917285919189453e+00
-5.684828758239746094e+00
6.426719427108764648e-01
-1.890597343444824219e-01
-4.130357503890991211e-01
-3.581207036972045898e+00
1.052798843383789062e+01
1.658432483673095703e-01
-1.349573850631713867e+00
-2.173635005950927734e+00
-1.827211737632751465e+00
-1.622151136398315430e+00
4.794173240661621094e+00
-2.165964365005493164e+00
1.465600967407226562e+00
-3.567403793334960938e+00
-3.255567789077758789e+00
-1.450907945632934570e+00
7.084021568298339844e-01
5.473802566528320312e+00
1.217976093292236328e+00
4.045794963836669922e+00
1.859637260437011719e+00
2.372204780578613281e+00
4.043146371841430664e-01
-1.337452411651611328e+00
6.410533189773559570e-02
-2.282058715820312500e+00
1.558733582496643066e-01
-1.637358188629150391e+00
-8.932713270187377930e-01
-1.802329301834106445e+00
1.693078994750976562e+00
8.531801104545593262e-01
-1.348810434341430664e+00
-6.670678257942199707e-01
-2.026279449462890625e+00
-3.483188629150390625e+00
-1.223214268684387207e+00
1.247551441192626953e+00
5.292100310325622559e-01
3.943080186843872070e+00
-8.826006650924682617e-01
2.829885482788085938e+00
-2.647785902023315430e+00
6.137938976287841797e+00
4.191861629486083984e+00
-1.352535009384155273e+00
1.572297573089599609e+00
-2.056600093841552734e+00
-1.450172305107116699e+00
-1.070752501487731934e+00
-2.063071727752685547e+00
-6.790447235107421875e-02
-2.666872501373291016e+00
3.657013654708862305e+00
2.303596973419189453e+00
2.176621854305267334e-01
2.056513071060180664e+00
2.155643224716186523e+00
1.623529314994812012e+00
-2.661214351654052734e+00
-9.681612849235534668e-01
-2.053043842315673828e+00
3.000680923461914062e+00
-2.261817455291748047e-02
4.183980941772460938e+00
2.888179779052734375e+00
3.979602575302124023e+00
5.638194084167480469e-01
1.981111764907836914e-01
-2.671314239501953125e+00
-1.171622991561889648e+00
1.272601246833801270e+00
-1.497782230377197266e+00
-4.144642353057861328e+00
6.167958974838256836e-01
8.140935897827148438e+00
1.512603461742401123e-01
-5.289875864982604980e-01
1.187925577163696289e+00
-3.730436563491821289e+00
2.301745653152465820e+00
1.020786017179489136e-01
-9.072565436363220215e-01
2.685127258300781250e+00
2.879607200622558594e+00
1.825123548507690430e+00
1.345636248588562012e-01
1.764880418777465820e-01
-1.373647689819335938e+00
-9.718917012214660645e-01
-2.866564393043518066e-01
-9.820957183837890625e-01
8.930029869079589844e-01
8.620928764343261719e+00
-1.594536900520324707e+00
-9.054621458053588867e-01
-4.334307193756103516e+00
3.065504550933837891e+00
-2.655153870582580566e-01
7.335460186004638672e-01
3.058254003524780273e+00
1.765954971313476562e+00
-6.544162034988403320e-01
1.091085791587829590e+00
-3.325687885284423828e+00
1.137151837348937988e+00
1.784520506858825684e+00
1.441326260566711426e+00
6.923347711563110352e-02
3.078077793121337891e+00
3.654463052749633789e+00
2.477303504943847656e+00
1.769177198410034180e+00
-7.480899691581726074e-01
3.671652555465698242e+00
-3.166770219802856445e+00
-8.296220302581787109e-01
-1.515472173690795898e+00
8.810560703277587891e-01
2.572365522384643555e+00
1.329804420471191406e+00
-1.230791568756103516e+00
1.880629897117614746e+00
2.660268783569335938e+00
7.423423528671264648e-01
-2.651096820831298828e+00
-5.588680505752563477e-02
3.063231468200683594e+00
-2.382670164108276367e+00
-1.908557891845703125e+00
2.541499614715576172e+00
3.887742519378662109e+00
-8.052569627761840820e-01
-5.483206510543823242e-01
-3.410424888134002686e-01
-2.894000053405761719e+00
2.257713079452514648e-01
1.415079951286315918e+00
2.925150096416473389e-01
-7.465581297874450684e-01
-2.199353933334350586e+00
5.397862195968627930e-01
-1.710488200187683105e+00
-4.483211517333984375e+00
-1.172546386718750000e+00
-1.246934652328491211e+00
-3.088495969772338867e+00
-9.732264280319213867e-01
3.327506542205810547e+00
6.909911632537841797e-01
-1.763908386230468750e+00
1.124690294265747070e+00
-1.904664278030395508e+00
3.650496304035186768e-01
6.625249862670898438e+00
-2.888683080673217773e+00
3.346860408782958984e+00
-2.392797708511352539e+00
3.016414403915405273e+00
-6.764028072357177734e-01
-3.105872154235839844e+00
3.292453527450561523e+00
7.193444252014160156e+00
1.764862656593322754e+00
7.147022485733032227e-01
-2.059622287750244141e+00
-1.962047457695007324e+00
6.420942544937133789e-01
-1.527278542518615723e+00
-1.257729053497314453e+00
-2.593355178833007812e+00
4.329563140869140625e+00
-6.023945808410644531e-01
7.233799934387207031e+00
9.600380659103393555e-01
6.801753044128417969e-01
-6.413220763206481934e-01
5.124593973159790039e-01
-2.128588914871215820e+00
1.159730672836303711e+00
6.008929252624511719e+00
6.062220931053161621e-01
3.329015970230102539e+00
-2.417588233947753906e+00
1.553177595138549805e+00
-6.878407001495361328e-01
-1.459263443946838379e+00
-2.351915836334228516e-01
-2.204468727111816406e+00
-4.062875747680664062e+00
-9.117912650108337402e-01
-9.437251091003417969e-02
8.099342584609985352e-01
-2.565171718597412109e-01
3.555907011032104492e-01
-9.424284696578979492e-01
3.044407069683074951e-01
-1.177050948143005371e+00
3.766602993011474609e+00
1.287393808364868164e+00
-5.446106195449829102e-03
-1.248605489730834961e+00
-3.016156911849975586e+00
7.415602803230285645e-01
-1.777480244636535645e+00
-2.094089984893798828e+00
1.728295803070068359e+00
6.851267814636230469e-01
1.882056117057800293e+00
3.071097850799560547e+00
-2.632333517074584961e+00
2.898920059204101562e+00
-8.774556517601013184e-01
-2.609711647033691406e+00
-1.655406355857849121e-01
-3.326507091522216797e+00
1.360434412956237793e+00
-1.012297153472900391e+00
1.171303868293762207e+00
3.945179700851440430e+00
8.170850872993469238e-01
-3.572908639907836914e-01
7.549489140510559082e-01
3.588371753692626953e+00
-5.114184617996215820e-01
-2.457310199737548828e+00
-6.236832141876220703e-01
8.007131814956665039e-01
1.114576339721679688e+00
-2.163843631744384766e+00
6.193302869796752930e-01
6.809573173522949219e-01
1.511892318725585938e+00
-2.291661500930786133e+00
-7.525578737258911133e-01
9.799995422363281250e-01
-3.616505384445190430e+00
-2.501398086547851562e+00
-1.077286958694458008e+00
6.279085636138916016e+00
3.053763389587402344e+00
3.947306156158447266e+00
1.955349445343017578e+00
-1.082933068275451660e+00
5.308053970336914062e+00
4.804610252380371094e+00
1.362410426139831543e+00
4.993919372558593750e+00
3.592630386352539062e+00
4.829878807067871094e+00
1.803478002548217773e+00
8.295043110847473145e-01
2.983196258544921875e+00
1.965666413307189941e-01
1.261008262634277344e+00
-8.857471942901611328e-01
1.119630336761474609e-01
-1.536246299743652344e+00
1.871765255928039551e+00
-2.094449996948242188e+00
7.707576155662536621e-01
2.390888333320617676e-01
-2.916270732879638672e+00
-2.755780935287475586e+00
-3.407904863357543945e+00
-5.931693315505981445e-01
-6.372010707855224609e-01
2.601744174957275391e+00
7.804325819015502930e-01
