5.341718196868896484e-01
4.560242652893066406e+00
-1.724788188934326172e+00
-2.166212320327758789e+00
7.398762106895446777e-01
-2.131011962890625000e+00
1.981174945831298828e-01
-9.255598783493041992e-01
-1.943006753921508789e+00
-4.700617790222167969e-01
-3.466212034225463867e+00
3.723235130310058594e+00
-2.664762496948242188e+00
-3.842599868774414062e+00
2.815766334533691406e-01
-1.405869126319885254e+00
2.496709823608398438e-01
-1.821572780609130859e+00
-1.479811906814575195e+00
-3.612464189529418945e+00
-5.140590667724609375e+00
-1.719253212213516235e-01
3.275275230407714844e-04
-2.163301229476928711e+00
-3.547756671905517578e+00
-2.554449319839477539e+00
-2.235969543457031250e+00
-1.628159523010253906e+00
-2.459352970123291016e+00
-1.498080015182495117e+00
-2.946532011032104492e+00
1.194172143936157227e+00
-4.402170181274414062e+00
-2.062569618225097656e+00
-1.210781812667846680e+00
-4.526382923126220703e+00
-4.876378774642944336e-01
-1.769181013107299805e+00
3.341602981090545654e-01
-2.060123682022094727e+00
-4.168111085891723633e-01
-3.513665676116943359e+00
-1.017162799835205078e+00
-3.782404899597167969e+00
-3.825915336608886719e+00
2.513492703437805176e-01
-2.838058471679687500e+00
-3.898923993110656738e-01
-2.027168989181518555e+00
-1.496791243553161621e+00
-1.126611471176147461e+00
-2.071412086486816406e+00
-7.687512636184692383e-01
-1.572163105010986328e+00
-3.258587360382080078e+00
2.855148553848266602e+00
1.641071915626525879e+00
-5.102428913116455078e+00
1.379716515541076660e+00
-6.103018522262573242e-01
-3.957558870315551758e-01
7.641664743423461914e-01
-2.551409602165222168e-02
4.832421839237213135e-01
6.088111400604248047e-01
-6.782405376434326172e-01
-5.173084735870361328e-01
-1.483380079269409180e+00
-1.877184987068176270e+00
-1.926693797111511230e+00
-2.998347043991088867e+00
-5.494628429412841797e+00
-2.166528224945068359e+00
-1.420194804668426514e-01
7.201380729675292969e-01
-8.985096216201782227e-01
-9.952467679977416992e-01
1.692341804504394531e+00
-4.819169044494628906e+00
-4.367008209228515625e+00
1.339401841163635254e+00
1.799639463424682617e-01
-1.788151979446411133e+00
-2.279175996780395508e+00
1.322638392448425293e+00
-4.230749130249023438e+00
-5.936092138290405273e-01
-6.103791594505310059e-01
3.595433950424194336e+00
3.250371694564819336e+00
9.407973885536193848e-01
-1.758148670196533203e+00
1.888754487037658691e+00
1.401621103286743164e+00
4.046961307525634766e+00
-1.092171430587768555e+00
3.204267024993896484e+00
8.054784536361694336e-01
-1.357080459594726562e+00
-5.010247826576232910e-01
5.201088190078735352e-01
-5.421504974365234375e-01
-4.445959091186523438e+00
4.422149062156677246e-02
-4.718626022338867188e+00
-3.206628084182739258e+00
-2.358512163162231445e+00
2.900279521942138672e+00
1.060758471488952637e+00
1.446502923965454102e+00
-2.831597089767456055e+00
-3.419326782226562500e+00
2.929897546768188477e+00
-8.669890165328979492e-01
-3.636673927307128906e+00
-2.315467834472656250e+00
-3.898422479629516602e+00
6.014981269836425781e-01
-2.942353963851928711e+00
-5.536821842193603516e+00
-2.922567605972290039e+00
-5.969837665557861328e+00
-3.359032392501831055e+00
-6.995987892150878906e+00
-4.622641563415527344e+00
-3.999159812927246094e+00
-9.524350166320800781e-01
2.053357124328613281e+00
1.919854283332824707e+00
9.779725670814514160e-01
1.787829399108886719e+00
-1.190761327743530273e+00
1.766448497772216797e+00
-1.116152644157409668e+00
-2.004043102264404297e+00
-1.519441246986389160e+00
-4.052143573760986328e+00
-2.895974874496459961e+00
7.326403856277465820e-01
-2.624666929244995117e+00
-2.165606975555419922e+00
-1.408510804176330566e+00
-7.127052545547485352e-01
-2.599340677261352539e+00
1.564962625503540039e+00
-2.538895845413208008e+00
-2.868872165679931641e+00
-2.762156009674072266e+00
1.498139977455139160e+00
-5.369716882705688477e-01
8.074055612087249756e-02
1.489070892333984375e+00
-1.963404178619384766e+00
3.304513692855834961e+00
-1.437830924987792969e-01
1.233803033828735352e+00
2.604450702667236328e+00
-3.535954952239990234e-01
-7.443914413452148438e-01
-4.421982765197753906e-01
-1.847749233245849609e+00
6.221889257431030273e-01
6.804100275039672852e-01
-1.850053906440734863e+00
6.353033185005187988e-01
-1.091288089752197266e+00
2.165398597717285156e+00
-3.050482273101806641e+00
1.435376763343811035e+00
-2.026723027229309082e-01
1.011988878250122070e+00
2.977030515670776367e+00
1.031989812850952148e+00
2.472278594970703125e+00
-4.252115249633789062e+00
-3.405851602554321289e+00
-2.604147195816040039e+00
-2.914257526397705078e+00
1.777553558349609375e-01
-6.520709991455078125e-01
-2.920584201812744141e+00
-6.343896985054016113e-01
1.984521031379699707e+00
1.976491212844848633e+00
-6.550569534301757812e-01
5.066515445709228516e+00
1.578331112861633301e+00
2.285052299499511719e+00
-5.209548473358154297e-01
1.482486844062805176e+00
-6.811323761940002441e-01
2.176821947097778320e+00
1.719459295272827148e+00
-2.306497335433959961e+00
-2.703819513320922852e+00
2.209717988967895508e+00
1.664263725280761719e+00
-9.436687827110290527e-02
-3.059653639793395996e-01
2.568401098251342773e+00
9.165542125701904297e-01
1.727764368057250977e+00
1.389185428619384766e+00
4.983516216278076172e+00
4.517020225524902344e+00
-5.940963625907897949e-01
9.436137080192565918e-01
-1.373859763145446777e+00
-6.360168457031250000e-01
7.666568160057067871e-01
1.201763629913330078e+00
1.819086551666259766e+00
4.874347895383834839e-02
-1.294663101434707642e-01
-2.419292211532592773e+00
2.304049730300903320e+00
2.373146533966064453e+00
9.945042133331298828e-01
1.382313489913940430e+00
1.112804055213928223e+00
-1.147360563278198242e+00
-7.264401912689208984e-01
2.501950263977050781e+00
1.434456110000610352e+00
-1.354970932006835938e+00
-1.579309940338134766e+00
7.946122288703918457e-01
-5.281813144683837891e-01
-1.393440961837768555e-01
1.692860603332519531e+00
-8.581593036651611328e-01
5.124669075012207031e-01
-1.644186019897460938e+00
7.485604286193847656e-02
2.978991031646728516e+00
3.404973745346069336e-01
-1.778661012649536133e+00
1.653686523437500000e+00
2.361016035079956055e+00
-4.504587650299072266e-01
4.561249315738677979e-01
-1.215946674346923828e+00
1.511494874954223633e+00
9.631554484367370605e-01
-3.907456874847412109e+00
1.530202150344848633e+00
-2.607269763946533203e+00
1.825371742248535156e+00
-7.964667081832885742e-01
-8.603870272636413574e-01
-2.540870189666748047e+00
2.425208091735839844e+00
1.197322487831115723e+00
-5.801433324813842773e-01
1.805459618568420410e+00
1.431530475616455078e+00
-3.574820756912231445e-01
3.186700046062469482e-01
3.127124071121215820e+00
9.640048146247863770e-01
-1.531869769096374512e+00
-1.419100284576416016e+00
-1.546420097351074219e+00
-1.106708526611328125e+00
2.054277420043945312e+00
1.245076060295104980e+00
-2.781653702259063721e-01
6.965734958648681641e-01
-2.135927200317382812e+00
-1.925264835357666016e+00
1.091835856437683105e+00
1.587815761566162109e+00
-2.053294897079467773e+00
-3.538763523101806641e+00
-2.338888168334960938e+00
-1.963414192199707031e+00
-3.456257104873657227e+00
-1.996656298637390137e+00
-2.746192932128906250e+00
-2.573853969573974609e+00
-1.035445213317871094e+00
-7.287904620170593262e-01
-2.530519247055053711e+00
5.348162174224853516e+00
-5.476176738739013672e-01
-1.890096306800842285e+00
-3.957659006118774414e-01
-3.474986314773559570e+00
1.433515071868896484e+00
-2.224068641662597656e+00
-2.751717269420623779e-01
-1.741520285606384277e+00
-1.142906785011291504e+00
-1.488695144653320312e+00
-1.731044769287109375e+00
-2.345005035400390625e+00
1.228414773941040039e+00
-4.391987323760986328e+00
-4.924865245819091797e+00
-6.126840114593505859e+00
-3.709525346755981445e+00
-1.235778450965881348e+00
-6.285248756408691406e+00
-2.002426147460937500e+00
-5.620987892150878906e+00
-5.802572250366210938e+00
-4.637581348419189453e+00
-4.062248706817626953e+00
-2.134111881256103516e+00
-8.426727056503295898e-01
-7.537032365798950195e-01
-1.490796685218811035e+00
-5.301094055175781250e+00
1.798033714294433594e-01
-1.179768800735473633e+00
-3.197520375251770020e-01
-2.641428709030151367e+00
-5.274068117141723633e-01
-1.562365174293518066e+00
-1.935267210006713867e+00
-1.146562576293945312e+00
2.717260599136352539e+00
-1.331423521041870117e+00
7.173377275466918945e-01
-1.699946761131286621e+00
-7.983634471893310547e-01
-3.242164611816406250e+00
-3.720514297485351562e+00
-4.314291477203369141e+00
-3.481981992721557617e+00
2.483063459396362305e+00
-1.883400201797485352e+00
2.147543907165527344e+00
2.092913389205932617e+00
-5.015352725982666016e+00
-6.124317646026611328e+00
-1.947953343391418457e+00
-3.628955841064453125e+00
2.374979734420776367e+00
1.088940143585205078e+00
-4.450144767761230469e-01
6.923934221267700195e-01
-1.594532132148742676e+00
-3.054786682128906250e+00
-1.464576721191406250e+00
-1.023721694946289062e-01
1.200898647308349609e+00
1.513898491859436035e+00
4.491127729415893555e-01
4.020964205265045166e-01
-8.429147005081176758e-01
-1.123162388801574707e+00
-3.533288955688476562e+00
-2.160077095031738281e+00
5.377833366394042969e+00
5.294460058212280273e-01
-2.332579851150512695e+00
-4.827234148979187012e-01
-1.454404354095458984e+00
-1.216567039489746094e+00
-2.071827411651611328e+00
-2.939890384674072266e+00
-5.099073886871337891e+00
-2.369148015975952148e+00
-6.812502145767211914e-01
-2.668635368347167969e+00
-3.627790927886962891e+00
-4.343130111694335938e+00
-5.006673812866210938e+00
-4.315737247467041016e+00
-3.989543914794921875e+00
-5.518979549407958984e+00
-4.576480388641357422e+00
-4.749544143676757812e+00
-2.220192909240722656e+00
-4.450334548950195312e+00
-3.289052486419677734e+00
-2.299308061599731445e+00
-1.620545148849487305e+00
-8.127892613410949707e-01
-2.244208335876464844e+00
1.004817247390747070e+00
-3.711709022521972656e+00
-3.052009105682373047e+00
-2.945446968078613281e+00
1.670540809631347656e+00
-1.181765317916870117e+00
4.949393272399902344e-01
5.336488485336303711e-01
-2.008651494979858398e+00
-1.418505549430847168e+00
-2.434730529785156250e+00
2.885165214538574219e+00
1.820710420608520508e+00
-3.333441495895385742e+00
-2.509941101074218750e+00
3.961963653564453125e+00
4.999780654907226562e-02
1.888216495513916016e+00
2.343564033508300781e+00
4.556673169136047363e-01
-1.681947708129882812e+00
1.801875352859497070e+00
1.810622930526733398e+00
3.238606214523315430e+00
8.536422729492187500e+00
-1.388225078582763672e+00
4.655694484710693359e+00
2.319675922393798828e+00
9.873934984207153320e-01
3.101644277572631836e+00
9.235010743141174316e-01
-1.128238081932067871e+00
9.088873863220214844e-01
1.362306118011474609e+00
-7.218126058578491211e-01
-1.421050786972045898e+00
8.652042388916015625e+00
-1.678517460823059082e+00
3.541246891021728516e+00
-1.514948964118957520e+00
4.498988389968872070e-01
-1.977735161781311035e+00
-1.161365747451782227e+00
1.513062357902526855e+00
4.575870990753173828e+00
-2.791790962219238281e+00
1.719770669937133789e+00
1.779035806655883789e+00
8.154236078262329102e-01
-2.001024246215820312e+00
3.187035560607910156e+00
-3.839131116867065430e+00
-6.181583404541015625e-01
-2.098417282104492188e-02
4.855217933654785156e+00
2.829186677932739258e+00
8.169959187507629395e-01
-1.892587184906005859e+00
-2.065668404102325439e-01
-7.716134786605834961e-01
-2.943921089172363281e-01
7.136099338531494141e-01
2.343250513076782227e+00
-1.701136112213134766e+00
3.282780647277832031e-01
2.098192930221557617e+00
2.370602607727050781e+00
1.364622473716735840e+00
2.591972827911376953e+00
6.314171791076660156e+00
-8.926507830619812012e-01
1.554951548576354980e+00
-1.877812385559082031e+00
5.474162101745605469e-02
-2.056283950805664062e-01
-4.297123551368713379e-01
4.386857986450195312e+00
-2.528918027877807617e+00
6.672983169555664062e-01
1.535620927810668945e+00
-3.126603603363037109e+00
3.212269067764282227e+00
2.977116107940673828e+00
-1.378304839134216309e+00
3.035750389099121094e-01
3.191116809844970703e+00
-2.501532316207885742e+00
3.076670408248901367e+00
-3.700099945068359375e+00
-8.473736047744750977e-02
-7.498640418052673340e-01
1.625556826591491699e+00
-5.964863300323486328e-01
7.298184633255004883e-01
2.635953426361083984e+00
5.103350877761840820e-01
-2.047220468521118164e+00
4.583470344543457031e+00
-2.819130897521972656e+00
1.635904669761657715e+00
1.076192855834960938e-01
-2.264291524887084961e+00
2.032262802124023438e+00
-1.818957448005676270e+00
-2.325911045074462891e+00
5.791782736778259277e-01
1.281638979911804199e+00
-3.432060003280639648e+00
9.479820728302001953e-02
-9.153375625610351562e-01
-1.088827013969421387e+00
2.970844507217407227e-01
6.406995654106140137e-02
-2.418270587921142578e+00
-1.285033702850341797e+00
1.729457497596740723e+00
3.226077556610107422e-02
1.507980823516845703e+00
-4.779541969299316406e+00
3.593689203262329102e+00
9.343322515487670898e-01
2.409218788146972656e+00
-1.442295670509338379e+00
1.129784941673278809e+00
8.875954747200012207e-01
1.167166948318481445e+00
-8.880224823951721191e-01
-3.663719892501831055e+00
-1.623832941055297852e+00
4.824637889862060547e+00
-1.380883932113647461e+00
-6.254181385040283203e+00
-7.073314785957336426e-01
-1.098498940467834473e+00
1.927416801452636719e+00
2.833531856536865234e+00
2.202058553695678711e+00
3.134563446044921875e+00
3.974853992462158203e+00
1.886961340904235840e+00
-2.128773212432861328e+00
-1.642325401306152344e+00
2.431764125823974609e+00
-2.670892715454101562e+00
3.798808097839355469e+00
1.410814523696899414e+00
-2.469653844833374023e+00
-3.231518745422363281e+00
-1.379835605621337891e-01
1.786354303359985352e+00
-1.026355504989624023e+00
1.748573303222656250e+00
-5.000866651535034180e-01
-2.553058624267578125e+00
-5.635834693908691406e+00
1.867079019546508789e+00
8.212531805038452148e-01
1.822233796119689941e+00
7.972929477691650391e-01
4.159294366836547852e-01
-7.196137309074401855e-01
3.114664554595947266e-02
1.287668943405151367e-02
-4.091603279113769531e+00
4.446442127227783203e+00
-1.986484766006469727e+00
-4.163436889648437500e-01
-3.457963466644287109e+00
6.089147567749023438e+00
-4.091614246368408203e+00
-3.939303874969482422e+00
2.763814926147460938e+00
3.519024133682250977e+00
3.087280511856079102e+00
1.568392634391784668e+00
4.871347427368164062e+00
4.315515041351318359e+00
-4.122702121734619141e+00
1.169607281684875488e+00
1.346278190612792969e-01
1.831630706787109375e+00
1.170677661895751953e+00
-2.208593845367431641e+00
-1.828218817710876465e+00
2.923568248748779297e+00
-3.695174932479858398e+00
-4.822190284729003906e+00
5.795584917068481445e-01
5.505407333374023438e+00
2.743189334869384766e-01
-7.950356960296630859e+00
8.447744846343994141e-01
-1.345111727714538574e+00
-1.239940643310546875e+00
6.613851189613342285e-01
1.718351721763610840e+00
-3.815535008907318115e-01
2.368888139724731445e+00
7.921906709671020508e-01
3.628938198089599609e+00
-3.711695373058319092e-01
6.646388769149780273e-02
-3.404904842376708984e+00
4.039079189300537109e+00
4.204022884368896484e-01
-4.005083441734313965e-01
-1.903570532798767090e+00
5.548005580902099609e+00
-1.134741783142089844e+00
-2.701737403869628906e+00
1.997931241989135742e+00
-1.143424034118652344e+00
7.708892822265625000e-01
-1.857429742813110352e-01
-2.648397684097290039e-01
2.327332496643066406e+00
-2.747293949127197266e+00
-2.315503358840942383e-02
1.545597910881042480e+00
-6.406929492950439453e-01
3.429221868515014648e+00
8.525922894477844238e-04
-6.043376922607421875e-01
-1.486511826515197754e+00
3.997188210487365723e-01
3.930562734603881836e+00
-9.694336056709289551e-01
-9.521644115447998047e-01
3.003508150577545166e-01
3.735145568847656250e+00
2.073027610778808594e+00
2.429739236831665039e-01
1.392586529254913330e-02
1.388584971427917480e+00
-8.626670837402343750e-01
1.254399776458740234e+00
3.988875389099121094e+00
-4.710383117198944092e-01
1.744282960891723633e+00
1.134653210639953613e+00
-3.110134899616241455e-01
-3.035050392150878906e+00
-6.268983483314514160e-01
1.582807302474975586e-02
4.861022949218750000e+00
-3.488044023513793945e+00
-2.064880847930908203e+00
3.838788986206054688e+00
-3.771886825561523438e+00
-1.201426029205322266e+00
1.960783004760742188e-01
-1.172944545745849609e+00
-1.861510634422302246e+00
1.783946990966796875e+00
-2.705841779708862305e+00
1.143211007118225098e+00
2.963057518005371094e+00
3.850772142410278320e+00
2.458822727203369141e+00
-3.844216346740722656e+00
1.033986806869506836e+00
6.580223441123962402e-01
-9.364393949508666992e-01
-9.281191825866699219e-01
1.448976278305053711e+00
1.535884022712707520e+00
1.902398467063903809e+00
-2.833255767822265625e+00
-3.888572454452514648e-01
-5.981229543685913086e-01
2.187843322753906250e+00
1.035513877868652344e+00
-5.109503865242004395e-01
1.827508211135864258e+00
-5.878994464874267578e-01
1.351170182228088379e+00
9.188613295555114746e-01
2.010530948638916016e+00
2.156103253364562988e-01
4.617657184600830078e+00
-3.607659101486206055e+00
-1.014109134674072266e+00
3.833684682846069336e+00
3.136677742004394531e+00
1.013537883758544922e+00
-1.596334338188171387e+00
9.451746940612792969e-01
3.332458019256591797e+00
5.196964740753173828e+00
2.079248428344726562e+00
1.657788157463073730e+00
7.110700130462646484e+00
-4.021926403045654297e+00
-4.427308559417724609e+00
1.074992418289184570e+00
8.371899127960205078e-01
-2.225068092346191406e+00
1.431039333343505859e+00
-1.398035526275634766e+00
1.637318134307861328e+00
-1.916783809661865234e+00
-1.369579076766967773e+00
-1.053259611129760742e+00
-1.563160419464111328e+00
-1.993499040603637695e+00
-3.981565237045288086e+00
1.011220455169677734e+00
-2.828716278076171875e+00
1.869255304336547852e+00
-1.750260710716247559e+00
6.979933738708496094e+00
3.167034626007080078e+00
3.647781610488891602e+00
1.492653965950012207e+00
3.546724915504455566e-01
2.635223865509033203e+00
1.551071524620056152e+00
7.673413753509521484e-01
1.102319955825805664e+00
5.695043087005615234e+00
7.196549892425537109e+00
-3.817626953125000000e+00
-2.982218742370605469e+00
1.320165395736694336e+00
4.593963623046875000e-01
1.322747468948364258e+00
-3.467562794685363770e-01
-2.193973064422607422e+00
2.075943470001220703e+00
3.233515977859497070e+00
-4.676347970962524414e-02
-1.062672972679138184e+00
3.363163232803344727e+00
-1.588012218475341797e+00
-3.770442485809326172e+00
3.116843938827514648e+00
-1.665588378906250000e+00
3.949642777442932129e-01
1.045696496963500977e+00
-2.581844091415405273e+00
4.582975864410400391e+00
-6.960847377777099609e-01
5.696599483489990234e+00
1.034016251564025879e+00
-1.121787428855895996e+00
-1.950252354145050049e-01
5.423601627349853516e+00
3.590842247009277344e+00
-1.175991773605346680e+00
-1.046662807464599609e+00
2.374195098876953125e+00
-2.039801836013793945e+00
-1.268445014953613281e+00
8.152040839195251465e-01
1.797231197357177734e+00
-2.798946380615234375e+00
-1.695632457733154297e+00
1.387959718704223633e+00
-6.261646151542663574e-01
-9.180153012275695801e-01
3.693405628204345703e+00
-4.604299962520599365e-01
4.628975868225097656e+00
3.806058168411254883e-01
1.159798145294189453e+00
2.134305238723754883e-02
1.389768123626708984e+00
-1.991625189781188965e+00
1.749290347099304199e+00
7.268478870391845703e+00
3.025104522705078125e+00
4.851087033748626709e-01
1.867020845413208008e+00
-1.398959398269653320e+00
3.841311931610107422e-01
-5.827644467353820801e-02
-3.904068768024444580e-01
-1.701903581619262695e+00
3.444284796714782715e-01
9.493844509124755859e-01
1.627631187438964844e+00
3.683889389038085938e+00
-1.797949910163879395e+00
-1.510193347930908203e+00
-1.054396867752075195e+00
-6.779339790344238281e+00
-1.097180247306823730e+00
7.128503322601318359e-01
-5.697108507156372070e-01
-8.648682832717895508e-01
1.001521229743957520e+00
6.602525711059570312e-01
-1.626850843429565430e+00
3.698048114776611328e+00
4.247713088989257812e-01
3.463050425052642822e-01
-2.037721157073974609e+00
-3.077866315841674805e+00
5.768953561782836914e-01
-1.605426549911499023e+00
-4.813787341117858887e-01
1.337532877922058105e+00
-1.597782731056213379e+00
1.324579954147338867e+00
1.116236448287963867e+00
-1.298156976699829102e+00
2.070333480834960938e+00
3.220414519309997559e-01
1.716347217559814453e+00
3.456284523010253906e+00
2.462774276733398438e+00
4.480141162872314453e+00
7.309260368347167969e-01
5.221629619598388672e+00
6.238649368286132812e+00
2.971319913864135742e+00
1.445999622344970703e+00
-2.681682586669921875e+00
8.868454098701477051e-01
-1.797312736511230469e+00
-1.444541811943054199e-01
4.108051300048828125e+00
4.553656578063964844e+00
-2.381456136703491211e+00
-7.025400996208190918e-01
1.577743291854858398e+00
1.742885589599609375e+00
1.082091331481933594e+00
-1.430499792098999023e+00
-4.248189926147460938e+00
1.342505812644958496e+00
1.846494674682617188e+00
-3.769613742828369141e+00
8.395717144012451172e-01
4.403607845306396484e+00
-7.026771306991577148e-01
1.228727102279663086e+00
2.038898944854736328e+00
6.529435515403747559e-02
-8.961604833602905273e-01
1.622124671936035156e+00
3.295164108276367188e+00
3.726185560226440430e-01
2.858798503875732422e+00
2.304849624633789062e-01
-4.603455364704132080e-01
-2.419630765914916992e+00
1.601815223693847656e-03
-1.725973129272460938e+00
2.350735187530517578e+00
4.622354030609130859e+00
6.969538688659667969e+00
8.657193183898925781e-02
2.614333629608154297e+00
-8.183460831642150879e-01
1.588431358337402344e+00
5.680892467498779297e+00
9.759827852249145508e-01
2.590083122253417969e+00
2.369666099548339844e+00
5.890606641769409180e-01
3.539311170578002930e+00
3.671491384506225586e+00
1.816154718399047852e+00
-3.560999631881713867e-01
-1.615187644958496094e+00
1.106728672981262207e+00
-3.152941465377807617e+00
1.398273706436157227e+00
1.884063243865966797e+00
4.210453510284423828e+00
-1.378643989562988281e+00
-7.686002254486083984e-01
2.175959110260009766e+00
1.375952601432800293e+00
9.093977212905883789e-01
-3.837986946105957031e+00
3.630980491638183594e+00
5.396615862846374512e-01
-1.017195701599121094e+00
1.931376218795776367e+00
4.175136089324951172e+00
-1.772011756896972656e+00
1.503138661384582520e+00
1.947150945663452148e+00
4.706221818923950195e-01
9.326213598251342773e-01
4.039886474609375000e+00
7.723509073257446289e-01
-8.136985301971435547e-01
-6.671396493911743164e-01
3.239546060562133789e+00
-1.051961109042167664e-01
-3.867404460906982422e+00
1.991121649742126465e+00
3.608453273773193359e+00
-7.891826629638671875e-01
-2.950525283813476562e+00
8.538100242614746094e+00
1.550843954086303711e+00
2.543303668498992920e-01
1.965790033340454102e+00
3.336884975433349609e+00
-3.256765902042388916e-01
7.257246971130371094e-01
-2.297291994094848633e+00
-1.385637998580932617e+00
-6.502330303192138672e-02
-8.526353836059570312e-01
3.748286247253417969e+00
-6.051387310028076172e+00
3.434566974639892578e+00
2.200541496276855469e-01
2.064509868621826172e+00
4.596962451934814453e+00
2.556895256042480469e+00
1.634657382965087891e-03
2.962910175323486328e+00
1.495034575462341309e+00
1.712792515754699707e-01
-1.333049654960632324e+00
2.698378801345825195e+00
-2.076889991760253906e+00
5.874904632568359375e+00
2.517217159271240234e+00
3.010079383850097656e+00
2.930747747421264648e+00
2.285647869110107422e+00
-2.478302001953125000e+00
-2.722122669219970703e+00
7.434850931167602539e-01
1.540427446365356445e+00
4.022232532501220703e+00
-2.005003690719604492e-01
2.358107805252075195e+00
-1.132200121879577637e+00
-1.157788276672363281e+00
-7.309862971305847168e-01
5.856330990791320801e-01
1.282802522182464600e-01
1.610415458679199219e+00
1.402309179306030273e+00
1.583459496498107910e+00
-1.569596171379089355e+00
1.213716506958007812e+00
-3.579028129577636719e+00
4.505407512187957764e-01
-6.758445501327514648e-01
2.609018802642822266e+00
-5.464008808135986328e+00
-2.876652240753173828e+00
-1.155079603195190430e+00
-4.462670326232910156e+00
-1.228189468383789062e+00
-3.772691011428833008e+00
-4.735463619232177734e+00
-4.469370841979980469e+00
-3.433028697967529297e+00
-2.009348392486572266e+00
-3.475640416145324707e-01
-3.237898588180541992e+00
-3.388563871383666992e+00
-1.366695404052734375e+00
-3.625435113906860352e+00
-1.240407347679138184e+00
-2.769025325775146484e+00
-1.223137736320495605e+00
3.043627738952636719e-01
3.752610385417938232e-01
4.894187450408935547e-01
5.701339840888977051e-01
-1.967033147811889648e-01
9.766996502876281738e-01
1.990428924560546875e+00
-3.157932519912719727e+00
-9.900574088096618652e-01
-1.924930810928344727e+00
1.559812903404235840e+00
-1.732414722442626953e+00
-1.773390889167785645e+00
-3.787073850631713867e+00
-3.746127128601074219e+00
-5.695392131805419922e+00
-5.384066581726074219e+00
-4.130105495452880859e+00
1.469221830368041992e+00
-1.863304853439331055e+00
6.494647264480590820e-01
4.568147659301757812e-01
6.168382167816162109e+00
4.836474895477294922e+00
2.842484951019287109e+00
1.923773050308227539e+00
2.368527650833129883e-01
5.301017284393310547e+00
3.649655342102050781e+00
1.207035303115844727e+00
5.723951816558837891e+00
4.352180004119873047e+00
2.876915454864501953e+00
-4.493958353996276855e-01
3.156848430633544922e+00
4.912150859832763672e+00
2.627562999725341797e+00
2.225561141967773438e+00
8.783425092697143555e-01
-1.110248565673828125e+00
-3.450907468795776367e+00
1.270356297492980957e+00
-2.572555303573608398e+00
-1.945804238319396973e+00
-1.084032773971557617e+00
-6.133769989013671875e+00
-3.136903285980224609e+00
-3.741396903991699219e+00
-1.712515234947204590e+00
-1.385369062423706055e+00
3.575653553009033203e+00
6.578548908233642578e+00
