1.639689564704895020e+00
2.618520498275756836e+00
-5.540708541870117188e+00
-4.361272811889648438e+00
-4.637682914733886719e+00
-2.417415142059326172e+00
-7.666107416152954102e-01
2.074943065643310547e+00
-2.929881095886230469e+00
-2.986140012741088867e+00
-2.752444267272949219e+00
1.544403314590454102e+00
-1.102688789367675781e+00
-2.095321655273437500e+00
1.166793584823608398e+00
-4.626883506774902344e+00
-5.368775367736816406e+00
5.027216672897338867e-01
-3.316141843795776367e+00
-1.950166463851928711e+00
-6.706004142761230469e+00
-4.264733314514160156e+00
-5.120565414428710938e+00
-3.671431779861450195e+00
-5.270764827728271484e+00
-3.072129189968109131e-01
-5.796571254730224609e+00
-2.285701185464859009e-01
-3.137788534164428711e+00
-3.240493535995483398e+00
-2.945081710815429688e+00
2.065050125122070312e+00
-4.286641120910644531e+00
8.685061335563659668e-01
1.636257052421569824e+00
-3.649780511856079102e+00
1.158272147178649902e+00
9.456411004066467285e-01
-6.985937356948852539e-01
-2.060178041458129883e+00
-7.971175312995910645e-01
-4.764735400676727295e-01
-7.083953022956848145e-01
-2.836305856704711914e+00
-1.454579472541809082e+00
-2.376154184341430664e+00
1.152064442634582520e+00
-2.044215679168701172e+00
-2.419018268585205078e+00
-7.772017002105712891e+00
-3.324419021606445312e+00
-3.836395263671875000e+00
1.532427549362182617e+00
-5.522143244743347168e-01
5.504745244979858398e-01
1.899328947067260742e+00
8.265520930290222168e-01
2.119621276855468750e+00
-7.526547908782958984e-01
2.132299423217773438e+00
4.843648076057434082e-01
1.961583375930786133e+00
-4.280107021331787109e-01
-7.666303515434265137e-01
1.140070915222167969e+00
1.527713537216186523e+00
-1.714357137680053711e+00
-1.918405294418334961e+00
-2.164316415786743164e+00
1.286163687705993652e+00
-6.594631195068359375e+00
9.924731850624084473e-01
1.033577919006347656e+00
-6.812061071395874023e-01
-6.778269410133361816e-01
-3.625980019569396973e-01
6.396414756774902344e+00
3.664195537567138672e+00
3.380607128143310547e+00
8.048476278781890869e-02
-4.206290245056152344e+00
-3.946463108062744141e+00
-3.111198186874389648e+00
-3.351539373397827148e+00
3.878666162490844727e-01
-3.557238101959228516e+00
-2.523748874664306641e+00
-1.318440437316894531e+00
5.899543762207031250e-01
-1.593629360198974609e+00
1.102773666381835938e+00
-1.994444608688354492e+00
-3.135272264480590820e-01
-4.627882957458496094e+00
-1.697586059570312500e+00
-2.800877571105957031e+00
-1.081452846527099609e+00
-1.628599762916564941e+00
-3.501725435256958008e+00
-8.469025611877441406e+00
-5.325411319732666016e+00
-2.574160099029541016e+00
2.529639005661010742e-01
4.217114150524139404e-01
-2.064290285110473633e+00
-3.801669836044311523e+00
9.534779787063598633e-01
3.337352037429809570e+00
-1.212955117225646973e+00
2.869611978530883789e-02
-3.482847690582275391e+00
5.342735290527343750e+00
2.253449678421020508e+00
2.795683145523071289e+00
-1.494527935981750488e+00
-2.734068870544433594e+00
3.326138257980346680e+00
-1.455697536468505859e+00
-3.201503992080688477e+00
-6.673576235771179199e-01
-2.644067764282226562e+00
-4.820639133453369141e+00
-2.976084232330322266e+00
-3.705039501190185547e+00
2.510933876037597656e+00
1.143689036369323730e+00
-3.630386590957641602e+00
-4.376471042633056641e+00
-3.264276027679443359e+00
-3.743903636932373047e+00
-2.623700141906738281e+00
-3.622082710266113281e+00
-3.982395172119140625e+00
-3.969289064407348633e+00
-2.634613037109375000e+00
-5.847291946411132812e+00
-3.143027782440185547e+00
-3.232473373413085938e+00
-4.359529972076416016e+00
-7.050538063049316406e+00
-3.964354753494262695e+00
-5.129380702972412109e+00
-5.454020023345947266e+00
-7.982281684875488281e+00
1.462733745574951172e-02
-5.780455589294433594e+00
-8.457911491394042969e+00
-3.821479797363281250e+00
-5.800348758697509766e+00
-9.761120080947875977e-01
-4.084002494812011719e+00
1.759572148323059082e+00
-2.912403583526611328e+00
-1.076792478561401367e+00
1.797655582427978516e+00
1.839110851287841797e+00
1.023007273674011230e+00
-2.520849704742431641e-01
1.587063670158386230e-01
-3.357679605484008789e+00
-5.728219985961914062e+00
-1.052315235137939453e+00
3.946919441223144531e+00
-1.165385365486145020e+00
2.643430709838867188e+00
1.092099308967590332e+00
5.272901058197021484e-02
7.982064485549926758e-01
-2.826243162155151367e+00
-5.815674781799316406e+00
-3.613749504089355469e+00
-2.424729108810424805e+00
-2.100773811340332031e+00
-6.726076602935791016e-01
-2.334573745727539062e+00
-9.435033798217773438e-01
-3.226923942565917969e+00
-5.575565814971923828e+00
-5.740696191787719727e-02
-2.658474206924438477e+00
-1.470941901206970215e+00
-4.115082263946533203e+00
3.296766281127929688e-01
-1.120904207229614258e+00
-2.289549350738525391e+00
1.011477231979370117e+00
-1.446270585060119629e+00
2.771679878234863281e+00
-2.108798027038574219e+00
-7.252880334854125977e-01
-2.813460826873779297e+00
-4.608361423015594482e-01
2.794151067733764648e+00
3.984561443328857422e+00
-3.553683519363403320e+00
-1.341488361358642578e+00
-5.987150669097900391e-01
1.975714445114135742e+00
2.369652986526489258e-01
-7.452539801597595215e-01
-2.287860870361328125e+00
2.226589918136596680e+00
-6.857135295867919922e-01
1.146325588226318359e+00
7.309496402740478516e-03
-2.949660301208496094e+00
-1.859642982482910156e+00
-2.813441038131713867e+00
2.751337051391601562e+00
7.786196470260620117e-01
-1.270726680755615234e+00
-1.672178268432617188e+00
-1.360641717910766602e+00
-2.454085111618041992e+00
-2.066096067428588867e+00
4.067890644073486328e-01
-2.733403682708740234e+00
-3.746497035026550293e-01
-3.098562359809875488e-01
-3.415769100189208984e+00
-1.237840771675109863e+00
-3.516916751861572266e+00
-2.567575454711914062e+00
4.749483466148376465e-01
1.289874315261840820e-01
-2.747267246246337891e+00
-1.172111749649047852e+00
5.097004175186157227e-01
-5.594247817993164062e+00
-7.927076220512390137e-01
-9.351713657379150391e-01
-9.998309612274169922e-01
-3.759943246841430664e-01
4.265947341918945312e-01
2.699520587921142578e+00
-1.627521514892578125e+00
-2.483564242720603943e-02
2.020464420318603516e+00
-8.970799446105957031e-01
-2.196415424346923828e+00
2.213266372680664062e+00
6.198545694351196289e-01
-1.507657647132873535e+00
-4.017882823944091797e+00
-1.113882780075073242e+00
-1.947578310966491699e+00
-4.176616668701171875e+00
1.094869375228881836e+00
2.302690505981445312e+00
-1.531672716140747070e+00
6.745399236679077148e-01
-1.104568958282470703e+00
-2.740553617477416992e+00
-3.372496962547302246e-01
-5.538997054100036621e-02
-3.838300406932830811e-01
-9.833431243896484375e-01
-2.008941650390625000e+00
-2.172766447067260742e+00
-1.176059842109680176e-01
-2.026164531707763672e+00
-3.768507242202758789e+00
-2.309374332427978516e+00
-1.486945450305938721e-01
4.144163131713867188e-01
-2.327140331268310547e+00
-4.343677043914794922e+00
-3.930541515350341797e+00
-2.179682254791259766e+00
-1.079305410385131836e+00
-1.983726024627685547e+00
-1.382010459899902344e+00
-1.977771520614624023e+00
-1.546049594879150391e+00
-1.579583525657653809e+00
-2.462714672088623047e+00
-3.485687971115112305e+00
1.118398904800415039e+00
-3.138619422912597656e+00
-1.811506390571594238e+00
-2.402056217193603516e+00
-1.481028079986572266e+00
-2.494394779205322266e-03
1.080155372619628906e+00
-1.056474328041076660e+00
-1.798272252082824707e+00
-7.725062847137451172e+00
-5.932881832122802734e+00
-4.853830337524414062e+00
-5.998951435089111328e+00
-5.181728363037109375e+00
-6.226138114929199219e+00
-1.725022315979003906e+00
-5.444689273834228516e+00
-3.426116108894348145e-01
-1.851635336875915527e+00
-3.506700515747070312e+00
-1.873206853866577148e+00
-2.994991064071655273e+00
-4.841759681701660156e+00
4.941853284835815430e-01
-5.971262454986572266e-01
9.763520956039428711e-01
-2.598964929580688477e+00
-1.862761020660400391e+00
1.031183958053588867e+00
-3.665441274642944336e+00
9.529762268066406250e-01
-2.635933399200439453e+00
-1.281878471374511719e+00
1.129056811332702637e+00
-1.682880401611328125e+00
2.994892597198486328e-01
1.330511927604675293e+00
2.037143230438232422e+00
-1.436372637748718262e+00
-2.931981325149536133e+00
-3.644456863403320312e+00
3.135248422622680664e-01
1.036155223846435547e+00
-3.215207815170288086e+00
2.552814483642578125e-01
-4.201860427856445312e-01
-1.433274745941162109e+00
1.600115537643432617e+00
3.489279508590698242e+00
1.336613893508911133e-01
-1.857574582099914551e+00
2.802130460739135742e+00
-2.943926811218261719e+00
-9.688463807106018066e-01
-1.794728040695190430e+00
-5.256193161010742188e+00
4.251183986663818359e+00
-3.051171898841857910e-01
-5.512229919433593750e+00
-3.359167575836181641e+00
-5.209990143775939941e-01
5.302416801452636719e+00
-9.584777355194091797e-01
-2.336651802062988281e+00
8.065564036369323730e-01
-7.951678037643432617e-01
-1.621361732482910156e+00
-2.936937332153320312e+00
-2.437731504440307617e+00
-3.242317199707031250e+00
-3.834438323974609375e+00
-3.573251247406005859e+00
-6.014055728912353516e+00
-3.145651102066040039e+00
-8.056523323059082031e+00
-4.855558395385742188e+00
-7.008145809173583984e+00
-4.509008884429931641e+00
-3.559251785278320312e+00
1.425413370132446289e+00
-2.156020641326904297e+00
3.190531015396118164e+00
4.422528266906738281e+00
-4.231833934783935547e+00
2.930374860763549805e+00
1.106619685888290405e-01
-1.667448401451110840e+00
2.222731709480285645e-02
-1.777358770370483398e+00
-4.538258075714111328e+00
-2.061997175216674805e+00
-7.032883644104003906e+00
-2.617589950561523438e+00
-5.738522052764892578e+00
-2.566843986511230469e+00
-3.076133012771606445e+00
-5.856647968292236328e+00
-2.758805274963378906e+00
-4.292302608489990234e+00
-1.075122594833374023e+00
3.921532630920410156e-02
-2.781996726989746094e+00
-2.981944322586059570e+00
-5.518795013427734375e+00
-2.885686159133911133e+00
-1.922181725502014160e+00
-3.556327819824218750e+00
-5.463754653930664062e+00
-2.033236503601074219e+00
-2.141445875167846680e+00
-9.349298477172851562e-01
-1.749462962150573730e+00
-4.437982559204101562e+00
1.887780904769897461e+00
-3.015112638473510742e+00
1.651534676551818848e+00
-1.411353349685668945e-01
-3.250641345977783203e+00
-1.979697465896606445e+00
8.848134279251098633e-01
-2.534558773040771484e+00
3.788519859313964844e+00
-1.557128787040710449e+00
-8.155121803283691406e-01
2.613178968429565430e+00
5.648910522460937500e+00
-4.143938064575195312e+00
4.157257080078125000e-01
6.434628963470458984e-01
1.450079202651977539e+00
-4.086295127868652344e+00
-7.213489055633544922e+00
2.597690582275390625e+00
-2.756438255310058594e+00
6.534994244575500488e-01
2.668138504028320312e+00
-2.798554897308349609e+00
-9.984561800956726074e-01
-7.116400003433227539e-01
-2.387294054031372070e+00
1.939245223999023438e+00
3.219055414199829102e+00
7.842902183532714844e+00
4.192707538604736328e+00
1.991057991981506348e+00
9.513264894485473633e-01
-3.029485940933227539e+00
2.237794399261474609e+00
1.673360228538513184e+00
2.180181980133056641e+00
6.123706817626953125e+00
-4.463600635528564453e+00
-2.801674127578735352e+00
-1.704571485519409180e+00
1.447177290916442871e+00
1.874143600463867188e+00
1.751202106475830078e+00
4.579177856445312500e+00
3.969732761383056641e+00
7.545378208160400391e-01
9.371513724327087402e-01
3.421819448471069336e+00
1.518800020217895508e+00
6.617681980133056641e+00
4.798384666442871094e+00
-1.432886123657226562e+00
3.785711526870727539e+00
-1.366186380386352539e+00
-4.313416004180908203e+00
6.231979846954345703e+00
8.345968246459960938e+00
1.509317159652709961e+00
9.952616691589355469e-02
1.448480129241943359e+00
5.154763698577880859e+00
4.439218997955322266e+00
5.778461694717407227e-02
-2.636155486106872559e-01
6.510298728942871094e+00
2.416341066360473633e+00
3.024520874023437500e+00
-2.531387805938720703e-01
-2.553243637084960938e+00
1.734733939170837402e+00
-2.667855024337768555e+00
2.707957744598388672e+00
7.767009258270263672e+00
8.854074478149414062e+00
-2.906536579132080078e+00
-3.027170896530151367e+00
-3.255578756332397461e+00
2.005609035491943359e+00
1.450259804725646973e+00
1.909379839897155762e+00
1.118853211402893066e+00
-2.917136192321777344e+00
6.435879230499267578e+00
-1.279506802558898926e+00
3.669271230697631836e+00
1.157217621803283691e+00
-3.883984386920928955e-01
2.877274036407470703e+00
5.262866020202636719e+00
3.701388835906982422e-01
3.388615131378173828e+00
1.919681906700134277e+00
1.040840029716491699e+00
-5.509128570556640625e+00
6.648164272308349609e+00
-3.469899654388427734e+00
-1.933493494987487793e+00
1.321621656417846680e+00
-3.581357002258300781e-01
-2.227785110473632812e+00
-1.752713322639465332e+00
6.763417720794677734e-01
-9.484166502952575684e-01
4.482243061065673828e+00
-5.067263543605804443e-02
-2.011820077896118164e+00
3.275835990905761719e+00
-7.073046565055847168e-01
2.890781641006469727e+00
-1.890820622444152832e+00
-8.572287559509277344e-01
5.076538324356079102e-01
2.902373075485229492e+00
3.778991222381591797e+00
8.125925660133361816e-01
3.516064643859863281e+00
5.272240161895751953e+00
-1.961876869201660156e+00
3.077791213989257812e+00
-1.488872408866882324e+00
2.168669104576110840e-01
-1.193177103996276855e+00
2.103336572647094727e+00
1.371066808700561523e+00
1.995602607727050781e+00
-1.017257332801818848e+00
-4.811038970947265625e+00
3.666140556335449219e+00
2.064295053482055664e+00
1.328384637832641602e+00
6.594924926757812500e+00
1.690249800682067871e+00
-4.255204200744628906e+00
-3.631364583969116211e+00
-8.312702178955078125e-01
-1.691329598426818848e+00
-7.332473993301391602e-01
-2.191807508468627930e+00
-1.398131847381591797e-01
5.476421356201171875e+00
4.429868698120117188e+00
-6.643161177635192871e-01
4.288879394531250000e+00
-2.800246000289916992e+00
1.557926177978515625e+00
-1.363852977752685547e+00
-1.010273933410644531e+00
3.738667726516723633e+00
4.142694473266601562e+00
-1.761648297309875488e+00
5.166271686553955078e+00
3.630059242248535156e+00
1.051423311233520508e+00
1.020190119743347168e+00
5.501513004302978516e+00
-1.409425973892211914e+00
-2.999818325042724609e+00
-5.056349039077758789e-01
2.393087148666381836e+00
-4.390558242797851562e+00
6.396392822265625000e+00
2.283475399017333984e+00
1.552187204360961914e+00
-4.473547935485839844e+00
1.595071196556091309e+00
-1.024598240852355957e+00
7.728338241577148438e-02
-2.136783897876739502e-01
-1.358071804046630859e+00
3.384752273559570312e+00
2.436553955078125000e+00
3.165561437606811523e+00
1.587722301483154297e+00
-3.076223373413085938e+00
-1.732326745986938477e+00
5.954376697540283203e+00
2.548764705657958984e+00
-2.548277080059051514e-01
-5.024735450744628906e+00
4.431274890899658203e+00
-2.624091148376464844e+00
7.519764900207519531e+00
2.599193572998046875e+00
-1.800828933715820312e+00
-1.355101346969604492e+00
-2.925408363342285156e+00
3.604507923126220703e+00
-2.682341337203979492e+00
-8.049581646919250488e-01
-3.061954021453857422e+00
9.511291503906250000e+00
3.124257326126098633e-01
-3.976896762847900391e+00
5.156629562377929688e+00
6.244736194610595703e+00
-1.019730806350708008e+00
1.852270126342773438e+00
8.041431427001953125e+00
1.692686200141906738e+00
-3.216312408447265625e+00
5.128899097442626953e+00
2.561159849166870117e+00
4.375294685363769531e+00
1.868678331375122070e-01
-4.338343143463134766e+00
-2.270171642303466797e-01
-1.589560508728027344e-01
-1.746877431869506836e+00
1.842770576477050781e+00
-1.739070177078247070e+00
-4.081984519958496094e+00
-2.406031370162963867e+00
-2.421437740325927734e+00
-1.154227733612060547e+00
4.067056179046630859e+00
1.731414914131164551e+00
-9.002892971038818359e-01
2.941700935363769531e+00
-2.787246465682983398e+00
1.682781934738159180e+00
6.393675804138183594e+00
-2.401583194732666016e-01
8.130953311920166016e-01
-8.613628745079040527e-01
-4.118601381778717041e-01
4.280984878540039062e+00
2.448494672775268555e+00
3.601858854293823242e+00
-1.080260723829269409e-01
6.251825094223022461e-01
1.076553836464881897e-01
3.195002794265747070e+00
5.972170829772949219e-01
6.956573724746704102e-01
-2.293549537658691406e+00
7.499559402465820312e+00
-1.168176651000976562e+00
3.945440649986267090e-01
4.350563049316406250e+00
-2.650108337402343750e+00
5.211001396179199219e+00
3.741617441177368164e+00
1.067154788970947266e+01
-1.533028781414031982e-01
7.687179565429687500e+00
3.628308296203613281e+00
1.200493812561035156e+00
-3.709378957748413086e+00
-4.839834690093994141e+00
2.668846368789672852e+00
1.381840348243713379e+00
-4.117207527160644531e+00
1.096297025680541992e+00
2.912631750106811523e+00
2.451839447021484375e+00
5.211352109909057617e-01
4.566101551055908203e+00
1.865412294864654541e-01
-1.490506052970886230e+00
2.310466289520263672e+00
5.156866908073425293e-01
-6.170202493667602539e-01
-2.472405195236206055e+00
6.694609522819519043e-01
1.020627260208129883e+00
1.249017715454101562e+00
-6.546084880828857422e-01
-5.516971349716186523e-01
1.026119041442871094e+01
-2.730204105377197266e+00
3.417466878890991211e+00
1.604148387908935547e+00
-1.952651381492614746e+00
-6.441345810890197754e-01
1.129702806472778320e+00
6.512897491455078125e+00
-3.668314218521118164e-01
-1.202782511711120605e+00
1.921183347702026367e+00
-1.023116827011108398e+00
1.112276077270507812e+00
-3.797890543937683105e-01
1.150326490402221680e+00
-9.863585829734802246e-01
-1.011224150657653809e+00
-2.227701425552368164e+00
2.718979835510253906e+00
-9.193987846374511719e-01
5.010903358459472656e+00
2.729902267456054688e+00
1.801833152770996094e+00
1.078976631164550781e+00
1.801170825958251953e+00
-1.441527724266052246e+00
3.561280965805053711e+00
2.102140903472900391e+00
1.325671792030334473e+00
1.244343519210815430e+00
-2.671333551406860352e+00
-4.450333595275878906e+00
5.042910575866699219e+00
2.266557693481445312e+00
-2.514733314514160156e+00
-2.583713769912719727e+00
1.798254847526550293e-01
9.244395256042480469e+00
-3.731225490570068359e+00
-8.045222759246826172e-01
9.765803813934326172e-01
2.906375885009765625e+00
1.308455467224121094e+00
-1.635585308074951172e+00
-1.503790497779846191e+00
9.872328042984008789e-01
-5.556452751159667969e+00
-5.832570791244506836e-01
-2.095268249511718750e+00
-1.331246852874755859e+00
5.495800018310546875e+00
3.663542747497558594e+00
4.387428283691406250e+00
7.778076171875000000e+00
-2.747631549835205078e+00
4.061311721801757812e+00
-7.265882492065429688e-01
2.182263851165771484e+00
-3.123393535614013672e+00
-1.743931889533996582e+00
1.249494791030883789e+00
6.032237052917480469e+00
3.197849988937377930e+00
4.200931549072265625e+00
3.046687126159667969e+00
-2.929802894592285156e+00
6.168865203857421875e+00
-3.056823253631591797e+00
2.685277462005615234e+00
1.662458300590515137e+00
2.939348459243774414e+00
-5.666803836822509766e+00
1.462910056114196777e+00
3.137938261032104492e+00
-2.098864316940307617e-02
-2.987578630447387695e+00
-1.731222748756408691e+00
-1.384081363677978516e+00
4.967074394226074219e+00
3.789183139801025391e+00
1.626139640808105469e+00
-2.694739103317260742e+00
1.275020122528076172e+00
-6.297608613967895508e-01
-6.069507598876953125e-01
-3.424753248691558838e-01
5.360648632049560547e+00
4.390737533569335938e+00
-1.013677239418029785e+00
2.889765262603759766e+00
-1.445995092391967773e+00
2.689996004104614258e+00
-1.071030199527740479e-01
5.001610755920410156e+00
2.946391105651855469e+00
9.108201265335083008e-01
-2.818839788436889648e+00
3.453542947769165039e+00
-2.228437066078186035e-01
3.049263238906860352e+00
8.136968612670898438e+00
-9.569635391235351562e-01
8.974140882492065430e-01
-1.920952081680297852e+00
-1.533604264259338379e-01
-4.205644130706787109e+00
-3.430524110794067383e+00
-1.967127680778503418e+00
3.045383453369140625e+00
3.781057119369506836e+00
8.837091445922851562e+00
-1.985257267951965332e+00
3.149758577346801758e+00
4.654710769653320312e+00
8.919414281845092773e-01
-5.579095482826232910e-01
-4.270768761634826660e-01
1.702879428863525391e+00
-1.204373836517333984e+00
2.429639101028442383e+00
-1.889461278915405273e-01
-2.220249176025390625e+00
-1.270650744438171387e+00
-1.496964097023010254e+00
2.797117233276367188e+00
-7.352747917175292969e-01
2.806640625000000000e+00
-1.251026391983032227e+00
5.403528690338134766e+00
-2.407089471817016602e+00
-6.242627501487731934e-01
4.867507457733154297e+00
-3.502614259719848633e+00
-2.439142942428588867e+00
1.403221487998962402e-02
2.675023317337036133e+00
-1.037932753562927246e+00
3.085619688034057617e+00
-4.203703403472900391e-01
3.263506174087524414e+00
-2.026680707931518555e-01
8.169406056404113770e-01
2.860048294067382812e+00
-3.039787292480468750e+00
-4.725022315979003906e+00
8.507990837097167969e-01
-1.130976676940917969e-01
6.048518419265747070e-01
-1.966308057308197021e-01
5.441512584686279297e+00
1.080962467193603516e+01
-2.774042844772338867e+00
-3.426790833473205566e-01
2.500962972640991211e+00
6.543156147003173828e+00
-2.604562520980834961e+00
-6.396836042404174805e-01
4.828628063201904297e+00
8.397480845451354980e-01
7.323925495147705078e+00
1.347658395767211914e+00
-3.177545547485351562e+00
-1.113103508949279785e+00
-2.406066954135894775e-01
3.173341512680053711e+00
-6.750644445419311523e-01
-1.756126999855041504e+00
3.496381282806396484e+00
-2.443973541259765625e+00
7.010418891906738281e+00
-4.165453910827636719e-01
-5.252635478973388672e+00
-2.537724018096923828e+00
-4.140549898147583008e-01
-3.725700676441192627e-01
-2.423938751220703125e+00
1.546179175376892090e+00
6.711802482604980469e+00
7.095595836639404297e+00
4.864014387130737305e-01
-8.303815722465515137e-01
5.249907374382019043e-01
1.051887989044189453e+00
-1.053792357444763184e+00
-1.541485071182250977e+00
-1.103664040565490723e-01
4.144188880920410156e+00
1.738718271255493164e+00
-1.981742620468139648e+00
4.899798870086669922e+00
4.817731857299804688e+00
7.380992174148559570e-03
2.831600427627563477e+00
3.298234701156616211e+00
-4.054652690887451172e+00
1.768270492553710938e+00
5.547835350036621094e+00
-3.305251121520996094e+00
-4.776626110076904297e+00
-6.154940605163574219e+00
-7.656242847442626953e-01
1.598831176757812500e+00
2.611956357955932617e+00
1.245792388916015625e+00
-3.965792655944824219e-01
-1.233362674713134766e+00
-9.350321888923645020e-01
-9.674324393272399902e-01
1.654215455055236816e+00
9.905391693115234375e+00
-2.227250576019287109e+00
1.571359395980834961e+00
-3.562160015106201172e+00
-1.953518390655517578e+00
1.369263768196105957e+00
-4.200649261474609375e+00
6.122940778732299805e-01
2.731955766677856445e+00
-2.746680736541748047e+00
-9.931523203849792480e-01
-1.999891996383666992e-01
2.446806430816650391e+00
-2.691768169403076172e+00
2.039819955825805664e+00
6.967824459075927734e+00
7.983147501945495605e-01
-8.554148674011230469e-02
2.820046186447143555e+00
-1.896900653839111328e+00
3.644034147262573242e+00
3.727518022060394287e-02
-1.412780165672302246e+00
-3.957146704196929932e-01
4.942117214202880859e+00
2.130140781402587891e+00
-3.757928609848022461e-01
-1.459151744842529297e+00
4.233700275421142578e+00
5.371963977813720703e+00
2.375899791717529297e+00
-3.949014246463775635e-01
-6.113110780715942383e-01
5.198312997817993164e-01
3.004978656768798828e+00
4.812714576721191406e+00
2.491759538650512695e+00
2.095269680023193359e+00
3.003668785095214844e+00
1.566859245300292969e+00
-1.723639845848083496e+00
1.361320734024047852e+00
3.407880544662475586e+00
5.561193466186523438e+00
-2.061177968978881836e+00
-1.475996017456054688e+00
-2.081464529037475586e+00
-4.484582901000976562e+00
-7.785435914993286133e-01
3.107069730758666992e+00
4.903655052185058594e+00
2.187220573425292969e+00
5.377723217010498047e+00
5.387493133544921875e+00
1.980256676673889160e+00
5.022870540618896484e+00
4.039140224456787109e+00
7.711176395416259766e+00
4.156201839447021484e+00
1.662009060382843018e-01
2.039677381515502930e+00
2.842333316802978516e+00
-1.270465135574340820e+00
3.434294462203979492e-02
2.114780545234680176e-01
-5.719316005706787109e-01
-2.745251893997192383e+00
1.315578222274780273e+00
1.094321131706237793e+00
4.624088764190673828e+00
3.137781143188476562e+00
1.552395462989807129e+00
-1.541585683822631836e+00
3.738311767578125000e+00
-1.975095868110656738e+00
-1.817042231559753418e-01
6.192749023437500000e+00
1.354266285896301270e+00
2.337018013000488281e+00
-4.634324908256530762e-01
2.740671157836914062e+00
1.868501186370849609e+00
1.412147045135498047e+00
2.080477476119995117e+00
8.156887292861938477e-01
2.704598426818847656e+00
3.471204042434692383e-01
2.870838165283203125e+00
-8.704318404197692871e-01
-1.457951188087463379e+00
3.928253173828125000e+00
-6.588788628578186035e-01
4.231832027435302734e+00
2.223769903182983398e+00
1.469034552574157715e+00
-9.747055768966674805e-01
-1.169322848320007324e+00
6.532233357429504395e-01
1.155073642730712891e+00
-1.708800554275512695e+00
5.349653244018554688e+00
3.572461605072021484e-01
-2.038577556610107422e+00
9.521277427673339844e+00
2.337038516998291016e-02
3.688451051712036133e+00
-3.563666343688964844e+00
-1.438614368438720703e+00
-2.805154323577880859e+00
-4.475245475769042969e+00
-3.064117431640625000e+00
-2.182504177093505859e+00
-6.266438364982604980e-01
-1.846104860305786133e+00
3.419676780700683594e+00
2.246039390563964844e+00
-8.458151221275329590e-01
-3.059446215629577637e-01
4.777052402496337891e-01
5.866376876831054688e+00
8.717463016510009766e-01
-5.025264263153076172e+00
-1.461193084716796875e+00
-3.681377887725830078e+00
-2.492009401321411133e+00
-7.001606941223144531e+00
-5.040773391723632812e+00
-3.384895563125610352e+00
2.485636472702026367e+00
-2.766211509704589844e+00
2.986652851104736328e+00
1.438187599182128906e+00
