-9.794032573699951172e-01
3.810192346572875977e+00
-1.448301553726196289e+00
-2.570600032806396484e+00
-1.357139945030212402e+00
-7.366691827774047852e-01
1.165527224540710449e+00
-1.041866540908813477e+00
-1.371859431266784668e+00
-1.852213144302368164e+00
1.703159093856811523e+00
-1.420042514801025391e-01
-5.200597047805786133e-01
1.577045798301696777e+00
7.559093832969665527e-01
3.365900814533233643e-01
-3.771325111389160156e+00
2.374003887176513672e+00
2.019241571426391602e+00
4.123983383178710938e-01
-3.977738022804260254e-01
-3.578925848007202148e+00
-4.290287017822265625e+00
-5.453346729278564453e+00
-5.846617221832275391e-01
-6.877499818801879883e-01
-1.598754882812500000e+00
-1.044407367706298828e+00
-3.546911478042602539e-01
-2.869531393051147461e+00
-9.971832036972045898e-01
-1.880134701728820801e+00
-4.205430984497070312e+00
-2.318952083587646484e-01
2.711847305297851562e+00
-1.434539079666137695e+00
-3.612325191497802734e-01
5.110980868339538574e-01
-2.830222129821777344e+00
-2.142814099788665771e-01
-1.265271544456481934e+00
-5.478168725967407227e-01
-2.105571925640106201e-01
-1.799168586730957031e+00
-2.926470041275024414e-01
1.406929194927215576e-01
-9.624090194702148438e-01
-2.823667764663696289e+00
4.790616631507873535e-01
-2.742694854736328125e+00
1.177601575851440430e+00
-2.665145397186279297e+00
3.493403196334838867e-01
2.643744230270385742e+00
2.557068824768066406e+00
1.448104500770568848e+00
3.984194993972778320e+00
2.019080072641372681e-01
8.349246978759765625e-01
-3.566937446594238281e-01
3.699374675750732422e+00
2.599009990692138672e+00
5.752598762512207031e+00
-1.502858638763427734e+00
2.715507984161376953e+00
2.770343780517578125e+00
3.409673452377319336e+00
-1.857580900192260742e+00
1.145955085754394531e+00
2.538001537322998047e+00
-4.499580383300781250e+00
1.067516207695007324e-02
-1.857877254486083984e+00
-3.226918458938598633e+00
-2.592177391052246094e-01
-2.435486316680908203e+00
5.781850218772888184e-01
-1.594573140144348145e+00
1.512698531150817871e+00
-3.434257209300994873e-01
-3.754721879959106445e-01
-1.223303556442260742e+00
-2.506142854690551758e-01
-1.937428355216979980e+00
3.249526023864746094e+00
-1.142235279083251953e+00
1.693333983421325684e-01
1.041573882102966309e-01
7.328752279281616211e-01
-2.496230125427246094e+00
-1.643300056457519531e-01
-6.984632015228271484e-01
-3.560759127140045166e-01
-3.689058303833007812e+00
2.520192265510559082e-01
-2.829026699066162109e+00
8.163350820541381836e-01
-1.172535061836242676e+00
1.312549114227294922e-01
-3.672403097152709961e+00
-4.100798130035400391e+00
-2.904520273208618164e+00
-5.478018522262573242e-01
1.210151672363281250e+00
-7.498174905776977539e-01
-7.837253808975219727e-02
1.988862752914428711e-01
8.596165180206298828e-01
7.995268702507019043e-01
2.402630567550659180e+00
-1.688397645950317383e+00
-8.873411417007446289e-01
-1.411024808883666992e+00
-1.614415764808654785e+00
-4.890449345111846924e-01
2.098505020141601562e+00
3.406728804111480713e-01
1.786150455474853516e+00
5.232270359992980957e-01
2.367534637451171875e+00
-2.515185117721557617e+00
-2.994708538055419922e+00
-1.900104761123657227e+00
-6.012407541275024414e-01
1.750534176826477051e+00
-3.118745803833007812e+00
-3.441592931747436523e+00
-1.201598048210144043e+00
-4.607731342315673828e+00
-1.338616132736206055e+00
-2.460716962814331055e-01
2.023078203201293945e-01
-6.643621921539306641e-01
-1.764677762985229492e+00
-3.029047012329101562e+00
-3.232014179229736328e+00
-1.567387104034423828e+00
-1.719666004180908203e+00
-1.211801767349243164e+00
-1.139152884483337402e+00
9.399199485778808594e-01
-1.070647478103637695e+00
-1.933084011077880859e+00
-2.556183338165283203e+00
-1.868885517120361328e+00
-1.693469047546386719e+00
-4.478823661804199219e+00
-2.669159650802612305e+00
9.215319156646728516e-02
1.177167773246765137e+00
5.321418046951293945e-01
-7.053693532943725586e-01
-8.913672566413879395e-01
-7.541586756706237793e-01
-2.878773510456085205e-01
2.696362733840942383e+00
1.576906204223632812e+00
-1.427045345306396484e+00
-1.342666625976562500e+00
-2.662821769714355469e+00
-3.465209007263183594e-01
-1.234931200742721558e-01
2.304301500320434570e+00
2.847796082496643066e-01
2.106832265853881836e+00
8.549295067787170410e-01
-8.423817157745361328e-01
-2.679529905319213867e+00
-2.753385782241821289e+00
-1.496875524520874023e+00
7.906620502471923828e-01
2.995877027511596680e+00
4.392916262149810791e-01
-1.365633606910705566e+00
-1.973953604698181152e+00
-7.540147304534912109e-01
-7.241411805152893066e-01
1.373095750808715820e+00
1.105965018272399902e+00
-2.658524751663208008e+00
-2.773280382156372070e+00
7.214204072952270508e-01
2.697396516799926758e+00
9.846575856208801270e-01
-4.597538709640502930e-01
7.666554450988769531e-01
-2.280919790267944336e+00
1.869856715202331543e-01
-1.000406295061111450e-01
-5.625948309898376465e-01
-2.340706586837768555e+00
-6.375143527984619141e-01
2.356012582778930664e+00
-9.871308803558349609e-01
-1.700515747070312500e+00
-2.180844396352767944e-01
-1.110692024230957031e+00
1.049450516700744629e+00
-2.800666332244873047e+00
1.319476127624511719e+00
8.059737682342529297e-01
3.351385593414306641e-01
2.891195118427276611e-01
-1.277805089950561523e+00
9.436023235321044922e-01
2.500943660736083984e+00
4.402077794075012207e-01
-1.942555233836174011e-02
1.155303478240966797e+00
-3.048836588859558105e-01
-1.009260416030883789e+00
7.789790630340576172e-03
1.516862154006958008e+00
8.057583570480346680e-01
1.042153000831604004e+00
-1.079950451850891113e+00
-9.900658130645751953e-01
1.232536554336547852e+00
1.848986148834228516e+00
-1.206145882606506348e+00
-3.576159954071044922e+00
6.363499760627746582e-01
-1.194072961807250977e+00
1.174651503562927246e+00
-2.845257997512817383e+00
-5.629649758338928223e-01
1.919656276702880859e+00
-2.286263704299926758e-01
-1.561861276626586914e+00
7.473827004432678223e-01
1.418029963970184326e-01
4.899092018604278564e-01
1.608605384826660156e-01
2.015088558197021484e+00
2.159529924392700195e+00
-1.130225896835327148e+00
-3.024577140808105469e+00
1.823019504547119141e+00
1.219513535499572754e+00
8.210498690605163574e-01
3.095017433166503906e+00
1.755066514015197754e+00
-1.061185598373413086e+00
-2.578119516372680664e+00
-5.682190656661987305e-01
1.686217486858367920e-01
-2.514393568038940430e+00
2.562905073165893555e+00
-1.168550848960876465e+00
8.568515777587890625e-01
-7.954385876655578613e-01
1.614497065544128418e+00
-6.425196528434753418e-01
-1.409255027770996094e+00
1.927704691886901855e+00
1.567919015884399414e+00
3.739446401596069336e-01
-3.914605081081390381e-01
-1.686327695846557617e+00
-2.268382072448730469e+00
-2.469478607177734375e+00
-2.706888675689697266e+00
-1.737620592117309570e+00
7.637772560119628906e-01
1.195276975631713867e+00
4.474326074123382568e-01
-1.028581380844116211e+00
-4.155450463294982910e-01
-1.674740910530090332e+00
-1.169971704483032227e+00
-2.638465881347656250e+00
-3.616743326187133789e+00
-1.473814606666564941e+00
-1.548747897148132324e+00
-1.497061252593994141e+00
-3.151121139526367188e+00
-4.445104598999023438e+00
-1.269848108291625977e+00
-3.523148059844970703e+00
-6.600040197372436523e-02
3.854438960552215576e-01
8.374754786491394043e-01
2.127576351165771484e+00
1.263707399368286133e+00
2.063696622848510742e+00
9.532423615455627441e-01
-1.444920897483825684e-02
-2.102313041687011719e+00
-1.154426932334899902e-01
-1.556387841701507568e-01
3.221293687820434570e-01
-3.466440439224243164e+00
1.128124117851257324e+00
-3.341997861862182617e+00
-1.626738905906677246e+00
5.200936794281005859e-01
-2.505419492721557617e+00
-1.204729557037353516e+00
-3.811628341674804688e+00
-2.996240139007568359e+00
-2.916976451873779297e+00
-6.069635748863220215e-01
-2.526964664459228516e+00
-1.553916215896606445e+00
-3.248434782028198242e+00
-1.293709635734558105e+00
-2.881205797195434570e+00
-1.879022836685180664e+00
-1.301501870155334473e+00
1.717157959938049316e-01
1.886737346649169922e-02
-2.258683919906616211e+00
-1.363994002342224121e+00
5.725032091140747070e-01
8.770481944084167480e-01
-1.817969381809234619e-01
-1.856320381164550781e+00
-2.556405544281005859e+00
-5.400485992431640625e-01
-1.535787343978881836e+00
-2.344620704650878906e+00
-2.693967819213867188e-01
-3.069411754608154297e+00
7.950288057327270508e-01
-1.948843359947204590e+00
-3.153896808624267578e+00
-3.835273742675781250e+00
1.217737495899200439e-01
1.301806688308715820e+00
-1.555469751358032227e+00
2.449817419052124023e+00
-1.178303241729736328e+00
-9.266901016235351562e-02
2.926325321197509766e+00
-5.259869098663330078e-01
-2.760625123977661133e+00
-1.963475942611694336e-01
1.723546028137207031e+00
2.468755006790161133e+00
-4.441630840301513672e+00
1.408519983291625977e+00
-6.179679632186889648e-01
-7.859398126602172852e-01
-3.080163002014160156e+00
-7.523629069328308105e-01
-1.162335872650146484e+00
-9.050813913345336914e-01
-3.375963687896728516e+00
-3.150978565216064453e+00
-1.909720063209533691e+00
-1.758014440536499023e+00
-4.596352577209472656e+00
-5.077056884765625000e+00
-4.812532424926757812e+00
-3.874566078186035156e+00
-1.117558479309082031e+00
-4.985719323158264160e-01
-1.196943402290344238e+00
1.443808317184448242e+00
6.497692465782165527e-01
6.174401044845581055e-01
4.743317604064941406e+00
-3.634347021579742432e-02
-1.152657151222229004e+00
1.020899057388305664e+00
7.382311224937438965e-01
-2.226636409759521484e+00
-2.580248117446899414e+00
-4.996913433074951172e+00
-3.302036285400390625e+00
-4.965486049652099609e+00
-3.021553516387939453e+00
-4.298224449157714844e+00
-4.823443412780761719e+00
-2.116991996765136719e+00
-1.495620608329772949e+00
-2.278862953186035156e+00
-3.519994974136352539e+00
-2.433874130249023438e+00
-1.537871122360229492e+00
-4.751777648925781250e+00
-1.373115658760070801e+00
-2.301724672317504883e+00
-1.501432180404663086e+00
-3.716428279876708984e+00
1.258783936500549316e-01
-2.291496753692626953e+00
-2.143299579620361328e-01
-3.362681269645690918e-01
-3.467797279357910156e+00
-3.350880384445190430e+00
-1.632114648818969727e-01
5.472975969314575195e-01
-4.970429539680480957e-01
-3.288408041000366211e+00
-8.235667347908020020e-01
3.054729938507080078e+00
-3.421479701995849609e+00
4.209204673767089844e+00
-3.344728946685791016e-01
1.564484953880310059e+00
1.740066528320312500e+00
3.257328987121582031e+00
-3.330732583999633789e+00
1.725181818008422852e+00
2.645349502563476562e+00
1.680658757686614990e-01
3.256001770496368408e-01
-2.088991880416870117e+00
-2.941251695156097412e-01
-4.405190944671630859e-01
4.347455978393554688e+00
1.719872951507568359e+00
-1.814376711845397949e+00
2.604545831680297852e+00
3.017775535583496094e+00
-1.830657005310058594e+00
5.074780464172363281e+00
1.832594633102416992e+00
8.398071527481079102e-01
2.587936878204345703e+00
9.900506734848022461e-01
-2.865903377532958984e-01
-1.842789888381958008e+00
4.846858978271484375e+00
2.854765176773071289e+00
-1.003742694854736328e+00
2.626893281936645508e+00
-4.760056138038635254e-01
5.852795839309692383e-01
-1.900341033935546875e+00
1.868654936552047729e-01
-4.065171241760253906e+00
2.791074037551879883e+00
6.535389900207519531e+00
1.522913932800292969e+00
1.787014722824096680e+00
1.562918186187744141e+00
-5.042688846588134766e+00
-3.265201330184936523e+00
-6.779942512512207031e-01
-2.467523336410522461e+00
-4.000151157379150391e+00
6.555859088897705078e+00
4.709469079971313477e-01
1.668133020401000977e+00
3.670889854431152344e+00
9.307376146316528320e-01
3.543698310852050781e+00
1.607576131820678711e+00
2.379533767700195312e+00
6.139886379241943359e-01
1.872336864471435547e+00
-2.023428678512573242e+00
-9.678826332092285156e-01
2.078194618225097656e+00
-2.657897949218750000e+00
3.882241249084472656e+00
1.487393379211425781e+00
1.529683589935302734e+00
1.054423451423645020e+00
6.176730990409851074e-02
8.414427638053894043e-01
-1.673866510391235352e-01
4.196019172668457031e+00
-2.455364704132080078e+00
-5.814220309257507324e-01
5.460419654846191406e-01
7.059926390647888184e-01
-1.343833088874816895e+00
-2.928549766540527344e+00
-3.413233995437622070e+00
-1.908378362655639648e+00
-5.984642982482910156e+00
2.281183242797851562e+00
-1.771524548530578613e+00
2.106083631515502930e-01
-4.082981586456298828e+00
2.661389589309692383e+00
-1.955689072608947754e+00
-1.778045177459716797e+00
9.942494034767150879e-01
3.717653453350067139e-01
1.206302404403686523e+00
-3.305818796157836914e+00
3.500797271728515625e+00
-4.076396465301513672e+00
1.301558017730712891e-01
2.590057253837585449e-01
1.424453139305114746e+00
-6.550973653793334961e-02
-6.811862945556640625e+00
4.386416912078857422e+00
-1.525654077529907227e+00
4.564926028251647949e-01
9.167598485946655273e-01
1.567646861076354980e+00
3.849427223205566406e+00
-2.445084452629089355e-01
-1.621569156646728516e+00
-1.008969902992248535e+00
1.625160217285156250e+00
2.454082012176513672e+00
-2.766085565090179443e-01
2.270150184631347656e+00
1.289921760559082031e+00
1.407708168029785156e+00
3.107894062995910645e-01
-1.401404619216918945e+00
2.939268589019775391e+00
1.840509414672851562e+00
-7.882657051086425781e-01
-1.987481713294982910e+00
3.541211485862731934e-01
9.001176059246063232e-02
2.465165853500366211e-01
-5.575146079063415527e-01
-7.541981339454650879e-01
2.679721832275390625e+00
1.351579427719116211e+00
2.616748809814453125e+00
-1.855752110481262207e+00
-1.563086509704589844e+00
-2.215534448623657227e-01
-3.837933301925659180e+00
-6.119012832641601562e-02
-2.348434209823608398e+00
-2.202261984348297119e-01
-2.601106643676757812e+00
1.794747710227966309e+00
2.823683500289916992e+00
-8.631924986839294434e-01
1.008340954780578613e+00
5.838727474212646484e+00
-3.138176441192626953e+00
-1.476333141326904297e+00
7.910917401313781738e-01
2.985489368438720703e-01
-1.771301865577697754e+00
6.035396575927734375e+00
2.797758579254150391e-02
4.167444229125976562e+00
2.434491157531738281e+00
-1.060793638229370117e+00
-1.111548766493797302e-02
-5.897143483161926270e-02
4.141848683357238770e-01
-2.608108520507812500e-01
-2.598568439483642578e+00
5.969101905822753906e+00
-5.401829242706298828e+00
1.876743435859680176e+00
7.263104438781738281e+00
-1.002523899078369141e+00
-2.214186668395996094e+00
2.320481836795806885e-02
3.580908536911010742e+00
2.524237155914306641e+00
2.050125360488891602e+00
-4.357426166534423828e-01
-1.255291700363159180e-02
3.644914627075195312e-01
1.314424991607666016e+00
9.438491463661193848e-01
7.765276432037353516e-01
2.563801527023315430e+00
-1.145584464073181152e+00
1.773241758346557617e+00
8.553626537322998047e-01
-7.193424701690673828e-01
-3.073203802108764648e+00
-4.865797042846679688e+00
3.417184352874755859e+00
6.404968500137329102e-01
-2.919421911239624023e+00
-1.028951168060302734e+00
-2.970139265060424805e+00
-3.316188752651214600e-01
1.360316574573516846e-01
-7.640835642814636230e-01
5.518990993499755859e+00
-3.172431886196136475e-01
-9.443401098251342773e-01
-1.556311368942260742e+00
2.669530868530273438e+00
2.316153049468994141e-02
-2.838544368743896484e+00
-6.319736242294311523e-01
4.433799743652343750e+00
-1.110475659370422363e+00
-2.906873464584350586e+00
1.247126102447509766e+01
-2.862554311752319336e+00
2.083104133605957031e+00
-1.090405464172363281e+00
-1.253770470619201660e+00
-3.912383079528808594e+00
-2.891086101531982422e+00
-4.831530570983886719e+00
5.483120083808898926e-01
-6.316157579421997070e-01
7.899722456932067871e-01
-1.572445273399353027e+00
-4.627216815948486328e+00
-8.867613077163696289e-01
7.999810576438903809e-01
1.716714620590209961e+00
-9.873445630073547363e-01
1.619574069976806641e+00
8.141975402832031250e-01
2.650762319564819336e+00
8.806045532226562500e+00
-3.596403598785400391e-01
-1.579088121652603149e-01
3.679236650466918945e+00
-2.060362577438354492e+00
5.538799285888671875e+00
-2.167200446128845215e-01
1.798324584960937500e+00
2.421704053878784180e+00
5.468087673187255859e+00
5.833155512809753418e-01
-1.905491501092910767e-01
1.598215699195861816e+00
-3.863408327102661133e+00
4.249421358108520508e-01
8.175580501556396484e-01
1.668448746204376221e-01
2.543188571929931641e+00
1.393405079841613770e+00
-2.334981441497802734e+00
1.715474128723144531e+00
2.835829257965087891e-01
-2.017807006835937500e+00
-1.028411388397216797e+00
-2.494772195816040039e+00
4.690968513488769531e+00
2.825160980224609375e+00
2.113505363464355469e+00
3.963136911392211914e+00
1.187605381011962891e+00
9.771609306335449219e-01
-2.537966489791870117e+00
4.136214256286621094e+00
-4.236009597778320312e+00
3.498265504837036133e+00
2.409107208251953125e+00
-8.843948841094970703e-01
-4.260766506195068359e+00
-1.969668507575988770e+00
-1.101745843887329102e+00
-2.889304161071777344e+00
-6.544567346572875977e-01
-3.630370378494262695e+00
2.828011274337768555e+00
2.173646926879882812e+00
2.751827478408813477e+00
-2.772503614425659180e+00
2.792079210281372070e+00
5.114142417907714844e+00
2.470977544784545898e+00
-1.534628272056579590e+00
-7.914059758186340332e-01
-5.051780343055725098e-01
-9.661641716957092285e-01
-5.611025094985961914e-01
-2.843630909919738770e-01
2.142782211303710938e+00
-4.850172996520996094e-02
6.410480022430419922e+00
1.874683141708374023e+00
8.946967720985412598e-01
2.403029203414916992e+00
7.933383584022521973e-01
-3.026831865310668945e+00
-1.778970718383789062e+00
-3.452499151229858398e+00
-2.060978889465332031e+00
-3.952167034149169922e+00
3.000356435775756836e+00
9.789483547210693359e-01
1.292918086051940918e+00
2.631547212600708008e+00
2.738164663314819336e-01
-1.078594088554382324e+00
-2.427396297454833984e+00
-5.515403747558593750e+00
-1.347955912351608276e-01
-3.974092006683349609e-02
-9.457896947860717773e-01
-1.522171735763549805e+00
-9.304705858230590820e-01
3.539659500122070312e+00
5.947803854942321777e-01
-2.070481479167938232e-01
2.724233150482177734e+00
4.333920955657958984e+00
5.225166082382202148e-01
9.545407295227050781e-01
-4.331049323081970215e-02
4.872669219970703125e+00
5.091078758239746094e+00
-4.335422992706298828e+00
2.631133556365966797e+00
2.684429645538330078e+00
2.879911899566650391e+00
1.529582262039184570e+00
1.751306176185607910e+00
-1.979746103286743164e+00
3.063981533050537109e+00
-1.805790185928344727e+00
1.715236902236938477e-01
-3.102334737777709961e+00
-1.004994392395019531e+00
-7.085646390914916992e-01
-3.851542711257934570e+00
3.542150974273681641e+00
-2.372462511062622070e+00
-1.742218613624572754e+00
4.039050936698913574e-01
-3.307032823562622070e+00
7.796065807342529297e+00
-2.923741340637207031e-01
2.214706182479858398e+00
8.945325613021850586e-01
7.455097436904907227e-01
-5.600559234619140625e+00
-1.722930431365966797e+00
2.186063766479492188e+00
-1.435255289077758789e+00
-1.716548442840576172e+00
-1.338141798973083496e+00
-4.886122643947601318e-01
2.138081550598144531e+00
-1.321932077407836914e+00
6.703665733337402344e+00
-1.752468109130859375e+00
-3.262590765953063965e-01
1.922437429428100586e+00
-2.039830207824707031e+00
-4.510934829711914062e+00
7.117608547210693359e+00
5.022454261779785156e-02
1.049661874771118164e+00
-2.746170282363891602e+00
-3.710433244705200195e+00
1.174246907234191895e+00
7.262793779373168945e-01
3.315727710723876953e+00
1.637932896614074707e+00
1.171457195281982422e+01
-1.811339110136032104e-01
-4.700174927711486816e-01
1.479082822799682617e+00
6.876310706138610840e-02
-2.588663995265960693e-01
3.932510912418365479e-01
2.264587879180908203e+00
-2.037923336029052734e-01
-8.713032007217407227e-01
-2.605317831039428711e-01
1.186408281326293945e+00
1.068885207176208496e+00
-2.069873094558715820e+00
1.785164594650268555e+00
-8.756572008132934570e-01
3.334218263626098633e-01
-2.510193347930908203e+00
4.586614131927490234e+00
2.678359985351562500e+00
1.998401761054992676e+00
-4.247507095336914062e+00
1.276953577995300293e+00
-2.520642280578613281e-01
1.560266256332397461e+00
6.606828689575195312e+00
-1.271338701248168945e+00
-2.503812551498413086e+00
2.223294079303741455e-01
1.940286040306091309e+00
-1.478380322456359863e+00
-1.119851231575012207e+00
-7.261919975280761719e-01
-2.637823581695556641e+00
-1.907074928283691406e+00
-2.266265392303466797e+00
1.214477896690368652e+00
3.928081989288330078e+00
-3.435226678848266602e-01
2.089246988296508789e+00
-4.486167430877685547e-01
3.681957721710205078e-01
1.956294775009155273e+00
1.757944583892822266e+00
5.561094284057617188e+00
2.031822443008422852e+00
-1.818063855171203613e-01
4.579631805419921875e+00
-3.874185562133789062e+00
1.533669233322143555e+00
2.107019186019897461e+00
1.489116549491882324e-01
1.565461158752441406e-01
1.798177957534790039e+00
-1.108586549758911133e+00
1.686652898788452148e+00
2.889996767044067383e+00
1.838266491889953613e+00
2.195712089538574219e+00
-9.162628054618835449e-01
-4.068371772766113281e+00
-2.668935060501098633e+00
-3.685978353023529053e-01
-3.030963540077209473e-01
2.948220968246459961e-01
1.964341878890991211e+00
4.633035659790039062e+00
-2.133272171020507812e+00
-1.602124094963073730e+00
-1.696591377258300781e+00
-2.028962373733520508e+00
-2.486484050750732422e+00
1.239571213722229004e+00
2.853484869003295898e+00
8.687507629394531250e+00
2.068902969360351562e+00
-1.282216757535934448e-01
-3.307098627090454102e+00
1.756464242935180664e-01
2.654261827468872070e+00
-1.571767807006835938e+00
3.628922224044799805e+00
2.483684301376342773e+00
-6.590304374694824219e-01
-7.211649417877197266e-02
-1.135004043579101562e+00
6.662089228630065918e-01
-3.729828596115112305e-01
-1.811951398849487305e-01
-1.369942426681518555e-01
1.266553640365600586e+00
1.940606832504272461e+00
5.072169303894042969e+00
-3.076940178871154785e-01
-2.990593671798706055e+00
2.283088207244873047e+00
8.468164801597595215e-01
-8.065251111984252930e-01
3.387035131454467773e+00
3.099043130874633789e+00
-7.010579109191894531e-02
8.084759861230850220e-02
1.574085950851440430e+00
-4.520680606365203857e-01
3.876198232173919678e-01
4.069551944732666016e+00
-3.172842502593994141e+00
-1.803928613662719727e+00
1.083725452423095703e+00
-4.715515673160552979e-01
3.513096272945404053e-01
2.754013538360595703e+00
-7.388840913772583008e-01
9.780081510543823242e-01
-1.720268726348876953e-01
1.239401578903198242e+00
-2.597327709197998047e+00
3.048018217086791992e-01
5.351050376892089844e+00
-3.715161085128784180e-01
-9.514366984367370605e-01
-6.982827186584472656e-02
-5.424988865852355957e-01
-1.035433769226074219e+00
-4.803963899612426758e-01
-1.572221279144287109e+00
3.021547317504882812e+00
-2.258248805999755859e+00
-4.013312816619873047e+00
5.090851783752441406e+00
3.637957811355590820e+00
-2.234146296977996826e-01
1.416844129562377930e-01
5.751215457916259766e+00
1.509597778320312500e+00
9.356206893920898438e+00
-1.560628414154052734e-01
3.379502296447753906e+00
7.261575460433959961e-01
-2.634976863861083984e+00
-1.408800363540649414e+00
-1.957755684852600098e+00
1.595087289810180664e+00
4.209608078002929688e+00
3.432180881500244141e+00
1.307535886764526367e+00
8.582354784011840820e-01
2.611263275146484375e+00
-2.808580398559570312e-01
-6.339612603187561035e-02
-9.938046336174011230e-02
-1.636338591575622559e+00
1.056411027908325195e+00
-1.229264497756958008e+00
5.504453182220458984e+00
2.061486959457397461e+00
3.235238075256347656e+00
-5.901580452919006348e-01
2.186464786529541016e+00
1.260325312614440918e+00
2.222784161567687988e-01
8.634613037109375000e+00
-1.290960311889648438e-01
-3.035554885864257812e+00
-2.880350828170776367e+00
1.409936666488647461e+00
1.842941343784332275e-02
5.493240356445312500e+00
1.306879281997680664e+00
4.371857047080993652e-01
-2.689827442169189453e+00
5.421782970428466797e+00
2.140131473541259766e+00
-2.002357542514801025e-01
-1.702047586441040039e+00
-3.184365749359130859e+00
-1.824472665786743164e+00
-7.425541877746582031e-01
-4.175247192382812500e+00
1.377740144729614258e+00
-3.164220809936523438e+00
-4.876334965229034424e-01
3.822760105133056641e+00
-3.147491455078125000e+00
-1.182600498199462891e+00
-3.812233448028564453e+00
2.515842914581298828e+00
-2.263855934143066406e+00
-2.282580375671386719e+00
-2.666159152984619141e+00
-2.784035205841064453e+00
-1.217525720596313477e+00
-1.067226409912109375e+00
-4.748608589172363281e+00
-2.247456014156341553e-01
-1.860491871833801270e+00
4.783905148506164551e-01
-1.502766489982604980e+00
-2.534580469131469727e+00
-5.408473610877990723e-01
-1.056266903877258301e+00
-1.534872055053710938e+00
-6.654280424118041992e-02
-7.475668191909790039e-01
-7.900785803794860840e-01
-3.740535974502563477e+00
-1.657847166061401367e+00
-2.098632574081420898e+00
-2.093329191207885742e+00
-2.615008115768432617e+00
-3.213150978088378906e+00
-2.044192075729370117e+00
-4.683364868164062500e+00
1.520383954048156738e+00
-4.549848556518554688e+00
-3.413670778274536133e+00
2.064786911010742188e+00
-3.081395864486694336e+00
1.436366796493530273e+00
-1.425427675247192383e+00
2.732849121093750000e+00
2.978805780410766602e+00
2.713143825531005859e-01
4.269991874694824219e+00
-2.175241231918334961e+00
2.587501764297485352e+00
1.706422567367553711e+00
-1.935877799987792969e-01
4.647759437561035156e+00
4.518315315246582031e+00
5.471344470977783203e+00
-1.037931919097900391e+00
3.217159748077392578e+00
1.058527946472167969e+00
3.488110899925231934e-01
2.175774335861206055e+00
-1.288285493850708008e+00
7.699447870254516602e-01
2.596433758735656738e-01
2.072492361068725586e+00
1.429120302200317383e+00
7.062768936157226562e-01
-1.357084274291992188e+00
-2.767364025115966797e+00
-4.982126235961914062e+00
-2.159570217132568359e+00
-1.773245215415954590e+00
-3.252327680587768555e+00
-1.553057551383972168e+00
3.906749725341796875e+00
