1.280245542526245117e+00
1.476915031671524048e-01
9.240227937698364258e-02
-2.567102670669555664e+00
-1.824693918228149414e+00
1.780676484107971191e+00
2.125752449035644531e+00
-1.632863998413085938e+00
-1.438392639160156250e+00
-1.464722871780395508e+00
-2.219556570053100586e+00
-1.358166575431823730e+00
-2.526441335678100586e+00
-1.322408437728881836e+00
-7.981577515602111816e-02
-1.860626578330993652e+00
-2.960017204284667969e+00
6.955374479293823242e-01
1.346872091293334961e+00
-4.422765374183654785e-01
-4.622837066650390625e+00
-3.481294393539428711e+00
-3.390784740447998047e+00
-3.774711370468139648e+00
-9.075739979743957520e-01
-1.785625934600830078e+00
-3.393022537231445312e+00
9.312026500701904297e-01
-3.752801418304443359e-01
-3.254502296447753906e+00
-1.152179479598999023e+00
9.128165245056152344e-01
-2.939568519592285156e+00
-7.346897125244140625e-01
1.776199102401733398e+00
-5.005183815956115723e-01
1.964719176292419434e+00
9.824382662773132324e-01
-2.223600387573242188e+00
3.305487632751464844e-01
-1.229875832796096802e-01
3.517670929431915283e-01
-2.401535034179687500e+00
-1.648854374885559082e+00
-1.283749699592590332e+00
1.595434665679931641e+00
3.032331168651580811e-01
1.325387120246887207e+00
1.785207390785217285e-01
-1.578886151313781738e+00
-1.922723054885864258e-01
-3.319966793060302734e+00
3.826280832290649414e-01
1.867793321609497070e+00
1.753975391387939453e+00
1.788731098175048828e+00
2.736545562744140625e+00
6.627938747406005859e-01
2.631843566894531250e+00
-4.350273609161376953e-01
3.364108562469482422e+00
3.046799182891845703e+00
6.548496723175048828e+00
-8.073719739913940430e-01
2.415833234786987305e+00
2.196792125701904297e+00
6.450724601745605469e-01
9.769138097763061523e-01
-3.895759582519531250e-04
5.129936695098876953e+00
-3.526678681373596191e-01
1.468705058097839355e+00
-1.513735771179199219e+00
3.870964944362640381e-01
1.455498218536376953e+00
-1.288720369338989258e+00
1.047717809677124023e+00
2.079056501388549805e+00
3.066955089569091797e+00
3.206156492233276367e+00
-1.207992196083068848e+00
-1.385357737541198730e+00
-1.748803138732910156e+00
-2.461902856826782227e+00
5.129358291625976562e+00
-3.030316352844238281e+00
2.373385429382324219e-01
-5.091734528541564941e-01
-6.504448652267456055e-01
-1.428629636764526367e+00
1.609483361244201660e-01
-7.676756978034973145e-01
-1.196347475051879883e+00
-3.452265977859497070e+00
-1.500298500061035156e+00
-2.365622520446777344e+00
3.988302946090698242e-01
-3.320336341857910156e-01
-4.894239902496337891e-01
8.123254776000976562e-02
-3.792502880096435547e+00
-2.550150632858276367e+00
-1.743981957435607910e+00
-1.012586593627929688e+00
-1.390196681022644043e-01
-1.513969182968139648e+00
-1.159240603446960449e+00
6.411432266235351562e+00
1.408743143081665039e+00
5.637054920196533203e+00
-6.619655489921569824e-01
1.763736248016357422e+00
2.583369612693786621e-01
-7.013401389122009277e-02
-2.672479391098022461e+00
-2.354267239570617676e-01
3.049784898757934570e+00
2.960720539093017578e+00
4.006290435791015625e-02
1.156248331069946289e+00
-2.036324024200439453e+00
-1.587195158004760742e+00
-1.431419700384140015e-01
1.273719668388366699e+00
4.040461540222167969e+00
-1.566120624542236328e+00
-8.627161979675292969e-01
-2.288082599639892578e+00
-5.907292962074279785e-01
-1.860525846481323242e+00
-1.292866230010986328e+00
1.164339184761047363e+00
-1.767436504364013672e+00
1.091416776180267334e-01
-2.230732440948486328e+00
-3.084794998168945312e+00
-1.745172023773193359e+00
-1.071531057357788086e+00
-7.509772777557373047e-01
-1.831515550613403320e+00
-1.068217992782592773e+00
-1.574418544769287109e+00
9.770412445068359375e-01
-2.683808803558349609e+00
1.145534753799438477e+00
-2.653955459594726562e+00
-2.872338294982910156e+00
3.341467678546905518e-01
2.395453453063964844e-01
3.212740421295166016e-01
4.859298467636108398e-01
2.610515594482421875e+00
-1.628504753112792969e+00
1.339780688285827637e-01
-1.312815666198730469e+00
9.727932214736938477e-01
-5.358257889747619629e-01
-1.065304279327392578e+00
3.334447145462036133e-01
-1.795181512832641602e+00
-3.413684606552124023e+00
2.073775291442871094e+00
1.572187662124633789e+00
-1.289511799812316895e+00
4.300332665443420410e-01
-2.671847820281982422e+00
-9.636495113372802734e-01
-1.825967073440551758e+00
-2.694834470748901367e+00
-1.093151211738586426e+00
-6.822234392166137695e-01
4.268924236297607422e+00
1.693165004253387451e-01
-2.721863985061645508e-01
-3.066534757614135742e+00
-3.443323850631713867e+00
-1.309281826019287109e+00
-3.167510509490966797e+00
5.761282444000244141e-01
-2.434439182281494141e+00
-1.692309379577636719e+00
-3.260796666145324707e-01
1.086773276329040527e+00
-1.726999521255493164e+00
-4.244592189788818359e-01
-9.326256513595581055e-01
-3.816102027893066406e+00
-7.905310392379760742e-01
1.483039557933807373e-02
-9.679928421974182129e-01
-1.493320226669311523e+00
-2.334137678146362305e+00
7.841378450393676758e-01
1.321128010749816895e-01
-3.060876607894897461e+00
1.220488190650939941e+00
-2.015208244323730469e+00
-1.826768159866333008e+00
-3.291183948516845703e+00
-1.439193487167358398e+00
-3.002912521362304688e+00
-1.236110687255859375e+00
-1.394042730331420898e+00
-1.882060289382934570e+00
1.832645177841186523e+00
-7.596116065979003906e-01
-1.897101163864135742e+00
-3.239641711115837097e-02
7.088240981101989746e-02
1.413087368011474609e+00
-1.333663702011108398e+00
1.949211239814758301e+00
-6.898069977760314941e-01
-7.354576587677001953e-01
-1.939041376113891602e+00
-1.816054344177246094e+00
-1.980860590934753418e+00
2.130735218524932861e-01
9.141486883163452148e-02
-2.982933044433593750e+00
-2.665664911270141602e+00
-3.196268796920776367e+00
-2.588899135589599609e+00
-5.983124971389770508e-01
-3.237600326538085938e+00
4.393167197704315186e-01
1.670175790786743164e-02
-1.167396783828735352e+00
-4.892242908477783203e+00
4.164358079433441162e-01
-1.219297528266906738e+00
-5.047303438186645508e-01
-3.089028596878051758e-02
-3.626410007476806641e+00
-6.904992461204528809e-01
-4.311596393585205078e+00
-1.788137912750244141e+00
1.775339126586914062e+00
-2.384363174438476562e+00
-2.818366050720214844e+00
3.356515467166900635e-01
-2.655596256256103516e+00
1.138644456863403320e+00
-8.343712687492370605e-01
-4.531510353088378906e+00
1.659329533576965332e-01
-3.316537857055664062e+00
-5.801718831062316895e-01
-2.181184768676757812e+00
-2.127662420272827148e+00
-1.602826356887817383e+00
3.083170950412750244e-01
-1.663569331169128418e+00
-1.636702299118041992e+00
1.881523728370666504e+00
-1.974377751350402832e+00
-3.518499374389648438e+00
-2.529384851455688477e+00
-1.741066217422485352e+00
-3.840444087982177734e+00
-3.538965463638305664e+00
-4.081901550292968750e+00
-2.733917534351348877e-01
6.666985154151916504e-01
1.331849336624145508e+00
2.621522247791290283e-01
-2.746615886688232422e+00
-2.307758808135986328e+00
-1.239061832427978516e+00
-4.700260639190673828e+00
-3.017389774322509766e+00
-4.899294853210449219e+00
-2.643346548080444336e+00
-2.095954418182373047e+00
-3.094647645950317383e+00
-5.901833057403564453e+00
-4.687788009643554688e+00
-3.061348199844360352e+00
-5.223413944244384766e+00
-1.799570322036743164e+00
-3.636430263519287109e+00
-5.833347439765930176e-01
-8.151892423629760742e-01
6.996466517448425293e-01
1.419711828231811523e+00
-1.409945726394653320e+00
-1.381924033164978027e+00
-2.435398101806640625e+00
-2.095086097717285156e+00
-3.018424272537231445e+00
-1.018403768539428711e-01
-3.640686750411987305e+00
1.022420048713684082e+00
-4.423710823059082031e+00
-2.989453315734863281e+00
-2.597249507904052734e+00
-3.203477263450622559e-01
-3.214414596557617188e+00
-4.637092113494873047e+00
-3.540059089660644531e+00
-2.782542705535888672e-01
-1.158346414566040039e+00
4.344069957733154297e-02
-8.600914478302001953e-01
-4.625694751739501953e-01
1.166478991508483887e-01
-6.578810214996337891e-01
1.623328089714050293e+00
-1.805738687515258789e+00
1.133694648742675781e-01
2.649979114532470703e+00
-1.660018324851989746e+00
-1.902296662330627441e+00
2.181214570999145508e+00
3.576390266418457031e+00
7.912964820861816406e-01
-2.149682760238647461e+00
-4.359383583068847656e+00
2.161447048187255859e+00
-5.528467297554016113e-01
-2.124194145202636719e+00
-3.338543415069580078e+00
-2.944704055786132812e+00
-7.814085483551025391e-02
-2.979735374450683594e+00
-1.973605871200561523e+00
-3.750841617584228516e+00
2.680190801620483398e+00
2.506520509719848633e+00
-2.297729812562465668e-02
2.890373945236206055e+00
-3.976701498031616211e-01
-5.202430486679077148e-02
2.603812456130981445e+00
-1.760653972625732422e+00
-4.024800777435302734e+00
-2.668717861175537109e+00
1.339058160781860352e+00
1.725385427474975586e+00
-2.344154596328735352e+00
1.727550506591796875e+00
-4.655855596065521240e-01
-1.824341773986816406e+00
-2.902162075042724609e+00
5.656200647354125977e-01
4.812512993812561035e-01
1.373593330383300781e+00
-1.542880296707153320e+00
-2.843176364898681641e+00
-2.591929197311401367e+00
-1.825635194778442383e+00
-4.873808383941650391e+00
-3.551657915115356445e+00
-3.268731117248535156e+00
-1.427998423576354980e+00
-2.031202077865600586e+00
-8.776208758354187012e-01
-9.731855392456054688e-01
2.655324339866638184e-02
-1.986745238304138184e+00
3.461540043354034424e-01
1.663378477096557617e+00
-3.022438287734985352e+00
-1.811004281044006348e+00
4.802005589008331299e-01
2.236323356628417969e+00
-4.028030395507812500e+00
-1.689415574073791504e-01
-2.098544836044311523e+00
-6.331464052200317383e-01
-3.940520286560058594e+00
-4.027540683746337891e+00
-5.086592197418212891e+00
-2.340639114379882812e+00
-2.518970727920532227e+00
-2.321763753890991211e+00
-1.280814766883850098e+00
-2.390505373477935791e-01
-3.368915557861328125e+00
-1.147969007492065430e+00
-2.764341831207275391e+00
1.238143920898437500e+00
-1.955793380737304688e+00
-1.263344883918762207e+00
-3.906643152236938477e+00
-1.576391458511352539e-01
-2.177952289581298828e+00
-3.743678808212280273e+00
-2.020860910415649414e+00
-3.664548397064208984e+00
-1.265792489051818848e+00
-7.593542933464050293e-01
2.489691257476806641e+00
-1.147839784622192383e+00
-1.969714403152465820e+00
-1.018870830535888672e+00
8.951867818832397461e-01
-2.565973758697509766e+00
4.046893596649169922e+00
1.461207389831542969e+00
2.480570554733276367e+00
1.117791175842285156e+00
1.020595312118530273e+00
-2.095916509628295898e+00
-5.249292254447937012e-01
2.625099420547485352e+00
-2.136909484863281250e+00
-3.200742959976196289e+00
-3.016724586486816406e+00
-1.766770780086517334e-01
7.006356716156005859e-01
3.728122234344482422e+00
1.701261043548583984e+00
-3.366446256637573242e+00
4.697641849517822266e+00
6.205332756042480469e+00
-1.286364555358886719e+00
1.981071949005126953e+00
1.473513841629028320e-01
8.336151242256164551e-01
-2.090539455413818359e+00
2.005596637725830078e+00
-7.199533283710479736e-02
-3.905905723571777344e+00
4.140257835388183594e-02
-6.297690868377685547e-01
-1.845186233520507812e+00
1.903931140899658203e+00
-2.919109344482421875e+00
2.147961616516113281e+00
2.062309980392456055e+00
9.059084057807922363e-01
-3.034278631210327148e+00
5.467504024505615234e+00
8.991664886474609375e+00
1.402545690536499023e+00
-3.395830392837524414e-01
7.623981833457946777e-01
-4.356549739837646484e+00
-3.893572092056274414e+00
3.408333659172058105e-01
-6.197060346603393555e-01
-3.597470283508300781e+00
5.703495502471923828e+00
-1.900537252426147461e+00
1.070571899414062500e+00
2.321538925170898438e+00
4.309233188629150391e+00
2.894421577453613281e+00
-1.292307615280151367e+00
-1.238140463829040527e-01
5.730676054954528809e-01
4.933873176574707031e+00
-3.273092031478881836e+00
-2.880939722061157227e+00
2.998429536819458008e+00
-5.986168980598449707e-01
9.887099266052246094e-02
-4.502205550670623779e-02
7.826433777809143066e-01
2.837257862091064453e+00
-1.636984348297119141e+00
-8.412673473358154297e-01
2.692922592163085938e+00
5.136767864227294922e+00
-2.893412113189697266e+00
-1.482297062873840332e+00
-1.367656886577606201e-01
1.976459622383117676e-01
1.031055927276611328e+00
8.610419034957885742e-01
-2.653014659881591797e+00
-2.348268508911132812e+00
-1.890874743461608887e+00
2.717785835266113281e+00
-3.672409653663635254e-01
1.467409253120422363e+00
-3.321827650070190430e+00
3.219073772430419922e+00
-3.250196933746337891e+00
5.160450935363769531e-02
-9.088257551193237305e-01
1.583142161369323730e+00
-3.670462667942047119e-01
-2.187065839767456055e+00
3.234309911727905273e+00
-5.088717937469482422e+00
2.198390722274780273e+00
1.720643043518066406e+00
3.487101554870605469e+00
-7.582490444183349609e-01
-5.970436096191406250e+00
3.765511035919189453e+00
-1.520610094070434570e+00
-1.124275565147399902e+00
-2.348738908767700195e+00
5.643475055694580078e-01
1.398118138313293457e+00
9.487875103950500488e-01
-1.004744529724121094e+00
-1.607396245002746582e+00
2.273417949676513672e+00
5.167407989501953125e+00
-1.603920340538024902e+00
1.247691392898559570e+00
1.675833582878112793e+00
2.856004953384399414e+00
2.223885297775268555e+00
-1.000989079475402832e-01
3.154560565948486328e+00
2.619571447372436523e+00
2.643378674983978271e-01
-2.307308912277221680e+00
-7.352175116539001465e-01
-4.324060678482055664e-02
3.882977247238159180e+00
1.700945019721984863e+00
5.494611859321594238e-01
1.684274315834045410e+00
1.570157527923583984e+00
2.088726043701171875e+00
-7.850165367126464844e-01
8.971866369247436523e-01
-3.504167318344116211e+00
-2.966098308563232422e+00
-1.717744588851928711e+00
-2.225137948989868164e+00
-2.257745504379272461e+00
-1.024282693862915039e+00
3.297574996948242188e+00
2.852055072784423828e+00
6.329140663146972656e-01
-1.606273412704467773e+00
7.637509822845458984e+00
-1.494288682937622070e+00
-3.061550140380859375e+00
5.621293187141418457e-01
-1.064455151557922363e+00
-2.908740937709808350e-02
7.270719528198242188e+00
-1.952662467956542969e-01
2.813746452331542969e+00
8.747187852859497070e-01
3.759133815765380859e-02
1.258379936218261719e+00
2.216728448867797852e+00
-4.152715206146240234e-01
-2.097479343414306641e+00
-3.538904666900634766e+00
6.906300544738769531e+00
-5.921047210693359375e+00
4.752011299133300781e+00
2.981265187263488770e-01
2.021211385726928711e+00
-1.134465694427490234e+00
-1.954880356788635254e+00
2.980745553970336914e+00
2.068194389343261719e+00
1.099719524383544922e+00
-1.619041442871093750e+00
-1.155134558677673340e+00
-2.088610172271728516e+00
-5.085112452507019043e-01
3.372713327407836914e-01
2.023679018020629883e+00
-1.543150842189788818e-01
-2.594146132469177246e-01
-7.536679506301879883e-03
-2.455687284469604492e+00
-1.515431761741638184e+00
-4.007832050323486328e+00
-5.188915252685546875e+00
2.167501211166381836e+00
-4.753104150295257568e-01
-5.404074788093566895e-01
-2.466953277587890625e+00
3.216694593429565430e-01
9.191610217094421387e-01
-1.295469403266906738e+00
2.382782697677612305e+00
2.698600292205810547e+00
-8.698382973670959473e-02
4.850544929504394531e-01
-4.828147411346435547e+00
4.166133880615234375e+00
1.412734746932983398e+00
-3.093720436096191406e+00
-6.782069206237792969e-01
4.246035575866699219e+00
-2.194329977035522461e+00
1.022727131843566895e+00
8.966143608093261719e+00
-2.411345005035400391e+00
3.754582166671752930e+00
9.693628549575805664e-01
-1.044487595558166504e+00
-3.129057884216308594e-01
5.179679393768310547e-01
-2.610548019409179688e+00
3.540030002593994141e+00
-9.405777454376220703e-01
1.612889766693115234e-01
-1.100331187248229980e+00
-3.169363498687744141e+00
-1.408064723014831543e+00
1.832810044288635254e+00
3.810791730880737305e+00
-7.424200773239135742e-01
4.642714977264404297e+00
-8.041666746139526367e-01
2.141388416290283203e+00
8.007446289062500000e+00
-1.658608198165893555e+00
8.724521398544311523e-01
1.568663001060485840e+00
-1.058748960494995117e+00
4.618213176727294922e+00
4.748513996601104736e-01
1.453529477119445801e+00
1.331440806388854980e+00
4.317751407623291016e+00
-5.486530065536499023e-01
1.680507063865661621e+00
1.552099585533142090e+00
-3.088552951812744141e+00
7.889219522476196289e-01
1.842701435089111328e+00
-2.431471824645996094e+00
5.184531688690185547e+00
1.530614614486694336e+00
1.248311519622802734e+00
4.922429084777832031e+00
-4.494930505752563477e-01
1.281697154045104980e+00
-2.452640295028686523e+00
-4.176268577575683594e-01
6.434105396270751953e+00
1.789362788200378418e+00
-1.691268801689147949e+00
1.581187009811401367e+00
2.449707984924316406e+00
2.492730140686035156e+00
-3.567614793777465820e+00
3.263846874237060547e+00
-1.574705123901367188e+00
4.140269756317138672e+00
4.402871131896972656e+00
1.850582242012023926e+00
-3.007724285125732422e+00
-8.578466176986694336e-01
-1.459446787834167480e+00
-5.191391110420227051e-01
-4.553899168968200684e-01
-5.718176960945129395e-01
1.088342428207397461e+00
-1.605165123939514160e+00
1.663070797920227051e+00
-4.644145965576171875e+00
4.842881679534912109e+00
4.675674915313720703e+00
-7.599271535873413086e-01
-3.551504850387573242e+00
-1.183416843414306641e+00
-1.910724639892578125e+00
1.118129134178161621e+00
-3.634733676910400391e+00
5.167818069458007812e-02
1.925360679626464844e+00
1.316954493522644043e+00
8.755702972412109375e+00
-1.438806772232055664e+00
-3.280529260635375977e+00
-8.332412838935852051e-01
1.401165843009948730e+00
-2.091329336166381836e+00
-2.817881107330322266e+00
-2.564979553222656250e+00
2.280843257904052734e-02
-3.130540847778320312e+00
2.938291788101196289e+00
-4.202376604080200195e-01
-1.290193796157836914e-01
1.413519382476806641e+00
-1.693921566009521484e+00
9.001581072807312012e-01
-1.471564292907714844e+00
-2.266065359115600586e+00
6.495934128761291504e-01
1.005291700363159180e+00
1.267122030258178711e-01
2.791094779968261719e-01
-2.084408998489379883e+00
6.101517200469970703e+00
-4.825952649116516113e-01
3.926112949848175049e-01
-2.559677958488464355e-01
3.703643798828125000e+00
-3.333437681198120117e+00
1.136352896690368652e+00
1.411282062530517578e+00
5.464610099792480469e+00
3.805575370788574219e+00
-2.489970922470092773e+00
-1.342953324317932129e+00
3.192687511444091797e+00
-1.315526127815246582e+00
-5.711234807968139648e-01
1.645746231079101562e+00
-3.256976127624511719e+00
5.786109924316406250e+00
-1.133504152297973633e+00
-1.683066248893737793e+00
1.306158065795898438e+00
-2.225489616394042969e+00
1.581455230712890625e+00
-1.685808539390563965e+00
3.790966033935546875e+00
-4.397225856781005859e+00
4.108478128910064697e-01
1.497028350830078125e+00
-4.001279830932617188e+00
7.868727684020996094e+00
2.903643608093261719e+00
-1.798254251480102539e+00
5.622149705886840820e-01
8.276758193969726562e-01
-3.455257654190063477e+00
-3.761732578277587891e-02
5.944264411926269531e+00
7.483584880828857422e-01
-5.789259672164916992e-01
-2.218255043029785156e+00
-1.606339693069458008e+00
4.624698758125305176e-01
-4.385404109954833984e+00
3.926417589187622070e+00
-1.005350232124328613e+00
1.188466250896453857e-01
1.731743335723876953e+00
-9.792184233665466309e-01
-4.634524345397949219e+00
7.811275005340576172e+00
2.311248183250427246e-01
6.543459892272949219e-01
-4.058234691619873047e+00
-4.144737720489501953e+00
3.568798303604125977e+00
2.312013804912567139e-01
7.963867664337158203e+00
2.863260030746459961e+00
6.705795288085937500e+00
1.408692479133605957e+00
5.205128788948059082e-01
9.310241341590881348e-01
1.366792798042297363e+00
3.769956827163696289e-01
-5.608989000320434570e-01
-1.109829545021057129e+00
1.355385303497314453e+00
-6.569700241088867188e-01
7.327258586883544922e-01
2.018555164337158203e+00
-1.309158325195312500e+00
-3.291483879089355469e+00
-2.125813007354736328e+00
-1.043346166610717773e+00
6.133142709732055664e-01
-8.730832338333129883e-01
5.010892391204833984e+00
4.002926349639892578e+00
4.404478073120117188e+00
-2.655125617980957031e+00
6.093329906463623047e+00
2.698428630828857422e+00
1.725821733474731445e+00
3.359467029571533203e+00
-8.363449573516845703e-02
-1.182207822799682617e+00
7.986671477556228638e-02
1.043576002120971680e+00
-5.844810009002685547e-01
-4.791277647018432617e-01
1.702248096466064453e+00
-1.585764527320861816e+00
-9.617592096328735352e-01
1.854249238967895508e+00
-6.425805687904357910e-01
2.643391132354736328e+00
-3.702463507652282715e-01
4.410356879234313965e-01
3.495409965515136719e+00
9.639079570770263672e-01
-3.882578015327453613e-01
3.168145895004272461e+00
6.190901756286621094e+00
-9.138924479484558105e-01
3.472790002822875977e+00
2.026032924652099609e+00
-6.096420288085937500e-01
2.326153516769409180e-01
-9.810048341751098633e-02
-2.614057958126068115e-01
-5.211053490638732910e-01
-2.166159152984619141e+00
-2.274094581604003906e+00
9.496578574180603027e-01
3.608031034469604492e+00
2.404864430427551270e-01
8.665058135986328125e+00
4.394763469696044922e+00
-1.163966894149780273e+00
-7.978790998458862305e-01
-3.072428941726684570e+00
5.357508063316345215e-01
1.171191453933715820e+00
3.726585388183593750e+00
3.740237236022949219e+00
-3.936249971389770508e+00
-1.663656592369079590e+00
-5.918586254119873047e-01
-2.400426626205444336e+00
-1.112243890762329102e+00
9.176303148269653320e-01
3.342768192291259766e+00
5.624726772308349609e+00
2.793756127357482910e-01
2.683763742446899414e+00
-2.888543605804443359e+00
1.190163850784301758e+00
-1.480005145072937012e+00
-1.176352500915527344e+00
7.943150997161865234e-01
1.507898330688476562e+00
1.788877010345458984e+00
-1.824397921562194824e+00
1.636822223663330078e-01
1.625804781913757324e+00
2.677676677703857422e+00
2.575624942779541016e+00
4.250860214233398438e-01
-1.157548666000366211e+00
8.215710520744323730e-01
2.035113573074340820e+00
-3.532700300216674805e+00
-1.755161523818969727e+00
2.683230876922607422e+00
-3.471717357635498047e+00
-3.909747838973999023e+00
1.470279455184936523e+00
2.985136747360229492e+00
-9.853343963623046875e-01
-3.182352781295776367e-01
3.332571029663085938e+00
-1.099496483802795410e+00
4.112877845764160156e+00
3.408951044082641602e+00
-2.773484706878662109e+00
-2.364796876907348633e+00
3.653701543807983398e-01
-2.237787008285522461e+00
-1.731201410293579102e+00
2.076400518417358398e+00
-2.325383901596069336e+00
-2.391904115676879883e+00
-1.250791907310485840e+00
9.690765738487243652e-01
-1.715910434722900391e+00
1.019100546836853027e-01
3.731416940689086914e+00
-2.305270195007324219e+00
-1.391218423843383789e+00
1.398241519927978516e-01
-7.685875296592712402e-01
4.356229305267333984e-02
-4.037433624267578125e+00
-9.946459531784057617e-01
2.565695285797119141e+00
-2.183750391006469727e+00
2.890051007270812988e-01
5.228131294250488281e+00
1.245792508125305176e-01
5.851231217384338379e-01
1.747830510139465332e-01
5.053445816040039062e+00
5.872917175292968750e-02
6.767477512359619141e+00
2.415200710296630859e+00
3.122039556503295898e+00
-6.871252059936523438e-01
-1.152719616889953613e+00
1.928452700376510620e-01
-1.329876184463500977e+00
-9.028040766716003418e-01
6.467466354370117188e+00
3.611519038677215576e-01
-1.672086715698242188e+00
-3.540897965431213379e-01
-8.530306816101074219e-01
3.393366336822509766e+00
3.280244827270507812e+00
1.151489615440368652e-01
-2.248682260513305664e+00
4.809749603271484375e+00
-9.679133892059326172e-01
4.132994651794433594e+00
9.229269623756408691e-01
3.566552400588989258e+00
-3.310581207275390625e+00
-1.595579385757446289e+00
9.922525286674499512e-01
3.002799510955810547e+00
8.980932235717773438e+00
3.055163919925689697e-01
2.416326761245727539e+00
-2.499533176422119141e+00
8.669421076774597168e-01
2.724113941192626953e+00
3.562523603439331055e+00
1.982195973396301270e-01
-1.119801163673400879e+00
-1.497124791145324707e+00
5.581127643585205078e+00
2.250743150711059570e+00
5.493104457855224609e-01
-2.995353937149047852e-01
-5.868812203407287598e-01
-2.241520404815673828e+00
-8.609942197799682617e-01
-9.755761623382568359e-01
7.624654769897460938e-01
-1.342388153076171875e+00
-2.383627593517303467e-01
2.275375843048095703e+00
1.637039184570312500e-01
2.588635444641113281e+00
-1.472694158554077148e+00
2.815885543823242188e+00
-1.624520778656005859e+00
7.246631383895874023e-01
-5.015662908554077148e-01
-4.425005912780761719e-01
1.758804619312286377e-01
6.062564253807067871e-01
-3.585444927215576172e+00
1.458446264266967773e+00
3.358247280120849609e-01
-8.170288801193237305e-02
6.158558130264282227e-01
-2.134458541870117188e+00
9.121033549308776855e-01
1.049965977668762207e+00
-4.822623133659362793e-01
1.991939544677734375e+00
-1.959729433059692383e+00
1.418527483940124512e+00
-1.629365205764770508e+00
5.048978924751281738e-01
8.295633196830749512e-01
-1.443341732025146484e+00
-9.457111358642578125e-02
-1.491958975791931152e+00
-9.614965319633483887e-01
-2.382668018341064453e+00
-1.183177083730697632e-01
-3.023132085800170898e+00
-1.055605173110961914e+00
-7.632118463516235352e-01
-2.060038805007934570e+00
2.329461097717285156e+00
7.522660493850708008e-01
-6.267670392990112305e-01
2.194887399673461914e+00
6.333738565444946289e-02
6.586478233337402344e+00
-4.501922130584716797e-01
1.335084557533264160e+00
2.463195562362670898e+00
1.444595932960510254e+00
4.707340717315673828e+00
7.800137996673583984e-01
3.242443799972534180e+00
-1.168820381164550781e+00
3.549050092697143555e+00
1.832789301872253418e+00
6.937659978866577148e-01
1.028429269790649414e+00
5.783522129058837891e-02
2.763404369354248047e+00
-1.231445550918579102e+00
4.921858906745910645e-01
1.801984071731567383e+00
1.155158042907714844e+00
3.432601690292358398e-02
-2.254334449768066406e+00
-3.956873655319213867e+00
-2.572639703750610352e+00
-6.371967792510986328e-01
8.681017160415649414e-02
1.958948016166687012e+00
5.799851894378662109e+00
