1.400082707405090332e-01
9.118825197219848633e-01
-2.000534772872924805e+00
-3.759289264678955078e+00
-3.377614259719848633e+00
1.806499481201171875e+00
-1.110936284065246582e+00
-3.499032020568847656e+00
-2.532920837402343750e+00
-1.574359893798828125e+00
-1.738762617111206055e+00
-8.750517964363098145e-01
-1.355504155158996582e+00
7.372407913208007812e-01
5.101110339164733887e-01
-1.550534605979919434e+00
-1.861226797103881836e+00
2.484939098358154297e+00
-2.879513502120971680e-01
1.453350782394409180e-01
-5.751574993133544922e+00
-3.622646331787109375e+00
-3.788841247558593750e+00
-3.773151636123657227e+00
-8.556978702545166016e-01
-3.228069245815277100e-01
-8.268696665763854980e-01
-1.367380976676940918e+00
-1.031319946050643921e-01
-1.202032566070556641e+00
-1.180037379264831543e+00
1.260468840599060059e+00
-4.291660308837890625e+00
-1.461824178695678711e-01
1.686887443065643311e-01
1.521382093429565430e+00
3.150000810623168945e+00
3.048278093338012695e+00
-1.791025519371032715e+00
-2.484684944152832031e+00
-3.166122674942016602e+00
-1.197307467460632324e+00
-1.570507526397705078e+00
-1.814485549926757812e+00
-5.013680458068847656e-01
3.008594512939453125e-01
-3.725840330123901367e+00
1.768239974975585938e+00
-8.907446861267089844e-01
-4.165262222290039062e+00
1.433814048767089844e+00
-6.365718841552734375e-01
2.373025178909301758e+00
5.281948566436767578e+00
5.613832473754882812e+00
2.658353328704833984e+00
2.487422466278076172e+00
4.429846405982971191e-01
3.450933456420898438e+00
1.746247768402099609e+00
4.954542160034179688e+00
4.738538265228271484e+00
8.514860153198242188e+00
2.465216636657714844e+00
4.282817840576171875e+00
1.033011078834533691e+00
4.697956562042236328e+00
1.655350446701049805e+00
3.574846744537353516e+00
3.328355312347412109e+00
-3.768855333328247070e+00
-1.135524362325668335e-02
-1.522783994674682617e+00
6.981154084205627441e-01
5.453615188598632812e-01
-4.814548194408416748e-01
1.070036530494689941e+00
1.611742019653320312e+00
-1.067969202995300293e-02
7.269171476364135742e-01
-3.147230625152587891e+00
-3.370806872844696045e-01
6.871689856052398682e-02
-4.232058525085449219e+00
2.199278831481933594e+00
-6.879736781120300293e-01
9.607069492340087891e-01
2.920363664627075195e+00
1.539844036102294922e+00
-4.403520822525024414e-01
-1.247441768646240234e+00
-3.724596500396728516e+00
-5.995209217071533203e-01
-3.549952745437622070e+00
-5.635330677032470703e-01
-2.174089908599853516e+00
2.983639240264892578e+00
6.801837682723999023e-01
-3.668054342269897461e-01
-3.332070350646972656e+00
-3.535613536834716797e+00
-1.066182613372802734e+00
-3.250791072845458984e+00
2.360497951507568359e+00
-1.036024391651153564e-01
-2.558138132095336914e+00
-1.660361886024475098e+00
4.640315532684326172e+00
-4.147944450378417969e-01
1.809074163436889648e+00
-2.122007369995117188e+00
-1.090661644935607910e+00
-1.057961940765380859e+00
-3.771150112152099609e-01
-2.984884262084960938e+00
-3.264135122299194336e-02
2.347524404525756836e+00
4.021110057830810547e+00
2.199370145797729492e+00
1.321614384651184082e-01
-1.934342741966247559e+00
5.883005261421203613e-02
-1.147445082664489746e+00
-1.187669634819030762e+00
5.575638413429260254e-01
1.342792510986328125e-01
-3.618545532226562500e-01
-2.450688600540161133e+00
-4.766656875610351562e+00
-2.237803936004638672e+00
-1.607325196266174316e+00
5.207887887954711914e-01
1.208488345146179199e-01
-1.915698409080505371e+00
-2.242714405059814453e+00
-4.307315826416015625e+00
-3.242602348327636719e+00
-5.525888204574584961e-01
1.019049286842346191e-01
-1.816671848297119141e+00
1.379011392593383789e+00
-9.106341004371643066e-01
-2.758863925933837891e+00
-3.547778367996215820e+00
-1.677175760269165039e+00
-4.656816005706787109e+00
-4.553841590881347656e+00
-4.000607967376708984e+00
-2.553666591644287109e+00
3.993352651596069336e-01
-4.146793842315673828e+00
2.446125149726867676e-01
-7.271691560745239258e-01
2.301336526870727539e+00
-5.364820957183837891e-01
2.880743265151977539e+00
2.439443588256835938e+00
-1.192285299301147461e+00
-9.565300345420837402e-01
-3.189452648162841797e+00
-1.111283540725708008e+00
-1.386501908302307129e+00
2.051982402801513672e+00
-1.551893472671508789e+00
2.093556165695190430e+00
4.245496690273284912e-01
5.565536022186279297e-01
-1.795300006866455078e+00
-1.477646589279174805e+00
-7.692936658859252930e-01
3.262348771095275879e-01
1.422335386276245117e+00
1.068387746810913086e+00
1.052326440811157227e+00
-2.777767181396484375e+00
-2.635752916336059570e+00
-7.210485935211181641e-01
-8.157643675804138184e-01
-1.211637020111083984e+00
-1.312520384788513184e+00
-2.183069229125976562e+00
2.799290657043457031e+00
1.495735049247741699e+00
-6.989792585372924805e-01
-2.077628612518310547e+00
-2.077203750610351562e+00
-2.393463611602783203e+00
-8.150598406791687012e-01
-8.585788011550903320e-01
-3.360033988952636719e+00
-2.379399538040161133e+00
-1.076964020729064941e+00
1.732296943664550781e+00
-1.182912588119506836e-01
-1.923928022384643555e+00
3.111819326877593994e-01
-1.474523544311523438e+00
8.661738634109497070e-01
-1.896268725395202637e+00
3.715949654579162598e-01
2.686085402965545654e-01
5.081768035888671875e-01
4.465866088867187500e-02
-1.364526510238647461e+00
2.066958427429199219e+00
-4.867573678493499756e-01
-6.206274032592773438e-01
-6.985655426979064941e-01
1.381676554679870605e+00
-2.028538584709167480e-01
-1.198019742965698242e+00
6.198312640190124512e-01
1.136380076408386230e+00
5.466808378696441650e-02
1.659703612327575684e+00
-1.486942052841186523e+00
7.463535070419311523e-01
8.337382674217224121e-01
1.948775053024291992e+00
7.310111522674560547e-01
-1.573279738426208496e+00
-1.749758124351501465e-01
-1.228251576423645020e+00
3.933310508728027344e-01
-2.592451572418212891e+00
6.451956033706665039e-01
1.082322359085083008e+00
1.669753313064575195e+00
-2.426379442214965820e+00
1.261810898780822754e+00
6.822741031646728516e-01
2.331733226776123047e+00
-3.621146380901336670e-01
-1.835395097732543945e+00
3.750596940517425537e-01
-1.984363555908203125e+00
-8.754714131355285645e-01
1.597494602203369141e+00
8.978158831596374512e-01
4.505813121795654297e-03
3.789069175720214844e+00
1.931856036186218262e+00
1.077253222465515137e+00
-1.790605664253234863e+00
-1.527753949165344238e+00
-1.011105656623840332e+00
-2.046031951904296875e+00
1.334165811538696289e+00
1.889473199844360352e-02
8.015530109405517578e-01
-8.066212534904479980e-01
1.820251345634460449e+00
-5.537448525428771973e-01
1.147601604461669922e+00
6.359034776687622070e-01
1.495479345321655273e-01
-1.170760631561279297e+00
-1.639122128486633301e+00
-3.440046310424804688e+00
-1.503432989120483398e+00
-2.545874595642089844e+00
-3.225848674774169922e+00
-9.927893877029418945e-01
1.382566571235656738e+00
1.324962377548217773e+00
-1.867111921310424805e+00
-3.237907409667968750e+00
-1.750653147697448730e+00
-2.006891012191772461e+00
-2.537317514419555664e+00
-1.781206607818603516e+00
-3.397303342819213867e+00
-2.319120168685913086e+00
-2.078834533691406250e+00
-6.979249715805053711e-01
-2.784842967987060547e+00
-7.614048004150390625e+00
9.567155838012695312e-01
-4.551797866821289062e+00
-1.055420041084289551e+00
-7.494941949844360352e-01
-1.354845762252807617e+00
-1.837693452835083008e+00
3.290176630020141602e+00
1.327024459838867188e+00
-2.444239616394042969e+00
-2.511028766632080078e+00
-3.826506614685058594e+00
-3.683453559875488281e+00
-4.442377567291259766e+00
-1.014670848846435547e+00
-6.805658340454101562e+00
-1.244830846786499023e+00
-5.767248630523681641e+00
-5.608884811401367188e+00
-1.209603697061538696e-01
-4.556334018707275391e+00
-1.580514788627624512e+00
-6.775904178619384766e+00
-4.024409294128417969e+00
-3.485541105270385742e+00
-2.060823917388916016e+00
-2.642649650573730469e+00
-3.292365074157714844e+00
-1.541663169860839844e+00
-7.651737332344055176e-02
-6.227663159370422363e-01
-2.293336391448974609e+00
-1.315587759017944336e+00
-1.521249771118164062e+00
-2.639197826385498047e+00
-5.551228523254394531e+00
-4.963521957397460938e+00
-1.555131673812866211e-01
1.347169041633605957e+00
9.361526370048522949e-01
-3.210226535797119141e+00
-3.812446832656860352e+00
4.932522773742675781e-01
-2.288031876087188721e-01
-2.465009927749633789e+00
6.734037399291992188e-02
-2.248288393020629883e+00
-7.695807814598083496e-01
-3.466995000839233398e+00
-3.462681770324707031e+00
2.128577232360839844e-01
-2.473186969757080078e+00
4.752034544944763184e-01
5.249910950660705566e-01
1.204969406127929688e+00
5.761642456054687500e-01
4.195822477340698242e-01
2.795737743377685547e+00
-2.162810802459716797e+00
-5.168504238128662109e+00
-2.871221065521240234e+00
4.884632229804992676e-01
3.955218553543090820e+00
-4.577386856079101562e+00
-2.722458600997924805e+00
-4.488016605377197266e+00
-4.778256416320800781e+00
-4.941712379455566406e+00
-1.516404628753662109e+00
-3.738551378250122070e+00
-1.020844817161560059e+00
-4.619578361511230469e+00
-5.182894229888916016e+00
-4.558077335357666016e+00
-4.612006187438964844e+00
-7.951576232910156250e+00
-4.196576118469238281e+00
-3.811947822570800781e+00
-3.674468994140625000e+00
-3.925030231475830078e+00
-3.204380512237548828e+00
-1.425258874893188477e+00
2.360076904296875000e+00
-1.149620652198791504e+00
-2.151620388031005859e+00
6.098465919494628906e-01
-3.249014914035797119e-02
1.120336174964904785e+00
-6.204813718795776367e-03
-1.046669006347656250e+00
-4.382827281951904297e+00
-3.362236738204956055e+00
-3.397691488265991211e+00
-2.782831430435180664e+00
-4.334052085876464844e+00
-3.894146442413330078e+00
-7.307139873504638672e+00
-3.383527517318725586e+00
-1.393575787544250488e+00
-3.193619489669799805e+00
-3.833775520324707031e+00
-1.959595203399658203e+00
-3.054513454437255859e+00
-2.983933687210083008e+00
-2.740065574645996094e+00
-2.401760101318359375e+00
-1.076492547988891602e+00
-1.953107476234436035e+00
-5.345851898193359375e+00
-1.443340301513671875e+00
-4.666266918182373047e+00
-4.307812452316284180e-01
-2.957756757736206055e+00
-4.405204772949218750e+00
-1.213661670684814453e+00
-2.477745294570922852e+00
-1.491004347801208496e+00
-1.329526662826538086e+00
-7.928329110145568848e-01
-3.469524979591369629e-01
-6.569370031356811523e-01
-2.564393997192382812e+00
5.197827339172363281e+00
7.995039224624633789e-01
-1.515345454216003418e+00
-1.842001676559448242e+00
2.422037124633789062e+00
-5.580077648162841797e+00
-1.071103930473327637e+00
3.402611494064331055e+00
3.545221984386444092e-01
-7.601612806320190430e-01
-5.583293914794921875e+00
-1.859930157661437988e-01
-4.415903687477111816e-01
2.350762128829956055e+00
3.032135963439941406e-01
-5.342934727668762207e-01
2.277244091033935547e+00
-9.882521629333496094e-02
-6.406283974647521973e-01
7.097581863403320312e+00
-2.585265636444091797e-01
5.259104967117309570e-01
2.238838195800781250e+00
4.230954647064208984e-01
6.045187711715698242e-01
1.928921490907669067e-01
2.998601675033569336e+00
5.421140193939208984e-01
-1.166815280914306641e+00
-9.252129793167114258e-01
-6.100983619689941406e-01
5.004362106323242188e+00
1.221414208412170410e+00
1.806895583868026733e-01
-3.136170864105224609e+00
3.455165863037109375e+00
3.262311935424804688e+00
8.100393414497375488e-01
5.509121417999267578e-01
-1.899036645889282227e+00
-5.322305679321289062e+00
3.149424195289611816e-01
-4.070014953613281250e-01
-2.079086780548095703e+00
-2.116161346435546875e+00
8.128525733947753906e+00
3.136590123176574707e-01
4.867786765098571777e-01
1.463667750358581543e+00
2.531322717666625977e+00
3.752892971038818359e+00
4.342049956321716309e-01
-1.885301768779754639e-01
3.197116613388061523e+00
3.762239933013916016e+00
-1.593887567520141602e+00
-2.268081307411193848e-01
2.505682229995727539e+00
-1.254494428634643555e+00
3.207411766052246094e+00
2.782163023948669434e-01
4.961552619934082031e+00
-2.552985668182373047e+00
2.256644010543823242e+00
3.276530504226684570e-01
-1.271375060081481934e+00
5.738169193267822266e+00
-6.901150345802307129e-01
-2.337025880813598633e+00
-3.690667867660522461e+00
-4.106901884078979492e-01
-1.129499554634094238e+00
-2.604419231414794922e+00
-1.192898035049438477e+00
-3.237540245056152344e+00
9.275522232055664062e-01
-7.072845101356506348e-02
9.976632893085479736e-02
3.197454929351806641e+00
-2.486654996871948242e+00
1.245380043983459473e+00
-5.144209861755371094e+00
-2.602330446243286133e+00
-1.273306131362915039e+00
-1.333184480667114258e+00
1.617193222045898438e-01
-5.724150657653808594e+00
4.024259090423583984e+00
-2.194797039031982422e+00
6.150166988372802734e-01
3.953313350677490234e+00
-1.156129837036132812e+00
1.456413507461547852e+00
-3.965272665023803711e+00
2.943575143814086914e+00
-1.211550712585449219e+00
5.337938666343688965e-01
2.810445547103881836e+00
1.927065849304199219e+00
1.273620963096618652e+00
2.159004926681518555e+00
2.031657457351684570e+00
-2.185821771621704102e+00
2.725700438022613525e-01
2.604363918304443359e+00
-1.424593448638916016e+00
3.421347618103027344e+00
-4.737199544906616211e-01
2.151771545410156250e+00
1.423689365386962891e+00
-1.434838294982910156e+00
2.879439353942871094e+00
1.935367107391357422e+00
-9.588413238525390625e-01
-1.685027122497558594e+00
2.339254617691040039e+00
-1.088131666183471680e+00
2.567249059677124023e+00
6.255665421485900879e-01
-2.706469058990478516e+00
7.490892410278320312e+00
6.492270827293395996e-01
3.064499378204345703e+00
-1.162450790405273438e+00
1.249927759170532227e+00
1.421521902084350586e+00
-2.655156373977661133e+00
-1.646644234657287598e+00
-3.991221487522125244e-01
-2.131116151809692383e+00
-1.804350018501281738e-01
3.276542186737060547e+00
2.840318679809570312e+00
-6.032147258520126343e-02
3.616944789886474609e+00
3.273846864700317383e+00
-2.011879682540893555e+00
-3.466036915779113770e-01
-1.951584815979003906e-01
-1.388124585151672363e+00
3.980112075805664062e+00
3.253996372222900391e+00
4.618442058563232422e-02
4.304410934448242188e+00
2.319159507751464844e+00
1.473738670349121094e+00
-1.917106270790100098e+00
3.720095396041870117e+00
-1.588268280029296875e-01
-8.338148593902587891e-01
-2.748696327209472656e+00
7.020720481872558594e+00
-5.316983222961425781e+00
3.056620597839355469e+00
4.520342826843261719e+00
-2.285696506500244141e+00
-3.542698144912719727e+00
-5.682522058486938477e-01
3.728156566619873047e+00
1.710609912872314453e+00
-1.002996444702148438e+00
-5.080794692039489746e-01
5.745724678039550781e+00
-3.019897937774658203e+00
2.956746518611907959e-01
-6.470419168472290039e-01
6.815655231475830078e-01
1.785561323165893555e+00
1.991629004478454590e-01
1.288370490074157715e+00
-7.613866329193115234e-01
1.198921799659729004e+00
8.591185808181762695e-01
-5.322102069854736328e+00
3.591601371765136719e+00
1.010696649551391602e+00
1.447692394256591797e+00
-2.083783626556396484e+00
-1.721964597702026367e+00
2.135217428207397461e+00
-5.832656025886535645e-01
1.358625650405883789e+00
1.070901155471801758e+00
2.653837919235229492e+00
1.518958806991577148e-02
-1.148185133934020996e+00
4.507954597473144531e+00
1.676422834396362305e+00
-1.939188361167907715e+00
1.556696653366088867e+00
3.407253742218017578e+00
8.408979177474975586e-01
-1.019385457038879395e+00
9.075095176696777344e+00
6.677830219268798828e-01
1.630972504615783691e+00
-7.015383839607238770e-01
-4.539750576019287109e+00
9.974918365478515625e-01
-3.797372579574584961e-01
-3.705621957778930664e-01
7.934677600860595703e-01
1.096547842025756836e+00
-6.585963368415832520e-01
-1.657252669334411621e+00
-3.411925792694091797e+00
-1.388782143592834473e+00
-7.499635815620422363e-01
5.256353378295898438e+00
-2.225004911422729492e+00
1.480399966239929199e+00
-1.885807514190673828e+00
1.964844942092895508e+00
1.086927318572998047e+01
5.285950899124145508e-01
8.671673536300659180e-01
1.947474002838134766e+00
1.202596902847290039e+00
4.612418651580810547e+00
1.267814397811889648e+00
3.026128768920898438e+00
5.038022994995117188e+00
2.316195249557495117e+00
-1.184043288230895996e+00
5.396491885185241699e-01
4.385027885437011719e+00
-9.857231378555297852e-01
-1.447620630264282227e+00
-1.119480848312377930e+00
-1.942351937294006348e+00
-4.225069284439086914e-02
-6.363968849182128906e-01
1.258075714111328125e+00
2.937219619750976562e+00
2.421508789062500000e+00
-4.425785541534423828e-01
-2.983015775680541992e+00
2.383254528045654297e+00
3.395188093185424805e+00
1.093830347061157227e+00
-1.295390486717224121e+00
7.638984918594360352e-02
2.958992242813110352e+00
7.292010784149169922e+00
-2.764911651611328125e-01
3.033502817153930664e+00
-1.638599157333374023e+00
3.541159391403198242e+00
2.165227890014648438e+00
1.426967740058898926e+00
-3.866257190704345703e+00
-2.569199085235595703e+00
5.347632765769958496e-01
-9.487742781639099121e-01
1.836773037910461426e+00
-1.708640098571777344e+00
-1.480159521102905273e+00
1.834048151969909668e+00
2.408144474029541016e-01
-3.376886844635009766e+00
2.862544298171997070e+00
4.117332935333251953e+00
6.722779273986816406e-01
-2.337697982788085938e+00
9.945210814476013184e-01
-1.709242105484008789e+00
-2.764301300048828125e-01
1.277884960174560547e+00
3.778383135795593262e-01
-2.208840847015380859e+00
3.573025226593017578e+00
9.150187492370605469e+00
-5.793781280517578125e-01
1.499683260917663574e+00
8.324812054634094238e-01
2.267590045928955078e+00
9.159289002418518066e-01
-8.868550062179565430e-01
-3.071706891059875488e-01
-1.592845320701599121e+00
-4.049118757247924805e-01
3.198770046234130859e+00
1.754930377006530762e+00
-8.206616640090942383e-01
2.842661142349243164e-01
-1.345021963119506836e+00
8.270721435546875000e-01
5.007873177528381348e-01
-2.208464384078979492e+00
7.300063967704772949e-01
-3.243732452392578125e-02
-1.357914209365844727e+00
-2.528505563735961914e+00
1.601297736167907715e+00
2.580617666244506836e+00
9.690563082695007324e-01
-2.154967069625854492e+00
1.641284346580505371e+00
3.727704048156738281e+00
5.074054598808288574e-01
3.524101972579956055e+00
1.075864315032958984e+00
3.692963123321533203e+00
4.269916057586669922e+00
-3.134356498718261719e+00
-1.049388766288757324e+00
2.592547893524169922e+00
-2.849000215530395508e+00
2.158882141113281250e+00
-8.021836280822753906e-01
5.449985265731811523e-01
3.439014434814453125e+00
-2.458050251007080078e+00
7.477048635482788086e-01
1.369159817695617676e+00
-2.946368694305419922e+00
1.543379664421081543e+00
3.957345485687255859e-01
1.959187746047973633e+00
-4.896774768829345703e+00
-2.494291782379150391e+00
-4.354554414749145508e-01
-6.775388121604919434e-01
5.317386627197265625e+00
4.555041790008544922e+00
-6.705801934003829956e-02
-2.876183271408081055e+00
1.396680951118469238e+00
-1.257417440414428711e+00
6.174710750579833984e+00
4.333158969879150391e+00
-1.672695636749267578e+00
-3.368426799774169922e+00
6.553187966346740723e-01
-1.983734846115112305e+00
4.368528127670288086e-01
-2.367902994155883789e+00
3.028801918029785156e+00
-2.537162303924560547e-01
-1.486987590789794922e+00
2.237051129341125488e-01
-8.702108263969421387e-01
-8.142432570457458496e-02
6.581811428070068359e+00
-2.096168756484985352e+00
1.756395339965820312e+00
-4.036149501800537109e+00
-3.240342378616333008e+00
6.816189289093017578e-01
2.791351318359375000e+00
4.954253196716308594e+00
1.147376894950866699e+00
7.166265010833740234e+00
1.822299659252166748e-01
6.867759227752685547e+00
3.131554424762725830e-01
-2.367773056030273438e+00
2.359649419784545898e+00
1.241824030876159668e+00
8.453010320663452148e-01
2.767826318740844727e-01
-1.098187446594238281e+00
-3.547245025634765625e+00
-3.992986679077148438e-02
8.373593091964721680e-01
-1.827132701873779297e+00
-7.801248431205749512e-01
-9.126038551330566406e-01
-3.055644035339355469e+00
-2.760053157806396484e+00
5.904292583465576172e+00
3.667173862457275391e+00
5.463033676147460938e+00
-2.650843858718872070e+00
3.666473388671875000e+00
2.273983478546142578e+00
4.233191013336181641e+00
1.290997862815856934e+00
-1.981589078903198242e+00
1.228224039077758789e-01
-1.485888361930847168e-01
9.756393432617187500e-01
-2.960927009582519531e+00
3.489973843097686768e-01
-7.572883367538452148e-01
-1.051844716072082520e+00
1.158429503440856934e+00
-2.109032630920410156e+00
-9.813539385795593262e-01
4.093065261840820312e+00
3.728330612182617188e+00
2.857534885406494141e+00
-1.141318798065185547e+00
-2.405515909194946289e+00
2.459161281585693359e+00
4.142498970031738281e+00
2.815882205963134766e+00
2.866938114166259766e+00
1.934188365936279297e+00
3.404777526855468750e+00
2.192075550556182861e-01
6.903861761093139648e-01
-8.426588773727416992e-02
-1.229035377502441406e+00
-2.448305606842041016e+00
-2.172612905502319336e+00
1.457295894622802734e+00
2.474109411239624023e+00
1.258691787719726562e+00
6.547626018524169922e+00
5.006580829620361328e+00
4.500339984893798828e+00
-4.891166687011718750e+00
-1.145077794790267944e-01
-1.677050828933715820e+00
4.475688457489013672e+00
-4.280170440673828125e+00
1.663788557052612305e+00
3.143157958984375000e+00
-2.519769191741943359e+00
5.151996612548828125e+00
-2.714544534683227539e-01
-2.640828132629394531e+00
-2.177624225616455078e+00
5.272843837738037109e-01
4.584858894348144531e+00
3.968508243560791016e+00
2.560362815856933594e-01
3.514229536056518555e+00
-4.964017868041992188e+00
3.941830635070800781e+00
1.097615957260131836e+00
-2.239769458770751953e+00
1.995887279510498047e+00
2.328465700149536133e+00
-3.342342615127563477e+00
-6.213796138763427734e-01
1.272573590278625488e+00
2.177743911743164062e+00
2.493072748184204102e+00
-4.437882900238037109e-01
-4.573476910591125488e-01
1.544190645217895508e+00
7.032696008682250977e-01
8.529747128486633301e-01
1.669535338878631592e-01
-4.378424644470214844e+00
2.634409904479980469e+00
3.057505607604980469e+00
-4.452549934387207031e+00
2.759869396686553955e-01
3.362016677856445312e+00
8.964533805847167969e-01
1.720423936843872070e+00
2.142008781433105469e+00
-3.109846591949462891e+00
4.349801540374755859e+00
4.768043518066406250e+00
-4.811793804168701172e+00
1.569701433181762695e-01
2.035046577453613281e+00
-1.149567067623138428e-01
-1.882102966308593750e+00
4.423258304595947266e+00
4.595520198345184326e-01
-1.999897718429565430e+00
-3.635950565338134766e+00
2.839463949203491211e+00
-3.144386529922485352e+00
-1.577986478805541992e+00
5.560941696166992188e+00
-8.999310433864593506e-02
2.469132423400878906e+00
-4.262833118438720703e+00
-8.402857184410095215e-01
-1.067886471748352051e+00
-2.343987703323364258e+00
-5.301375389099121094e-01
1.611382961273193359e+00
-4.038156032562255859e+00
-4.099483013153076172e+00
6.493787765502929688e+00
4.826900959014892578e+00
5.604201555252075195e-02
2.959947586059570312e+00
1.808600664138793945e+00
1.487947463989257812e+00
3.500545740127563477e+00
-1.457246065139770508e+00
2.149269104003906250e+00
8.984090089797973633e-01
6.346172094345092773e-01
1.142177700996398926e+00
1.275909066200256348e+00
2.951971292495727539e+00
6.748835563659667969e+00
5.470625162124633789e-01
-2.889207839965820312e+00
2.536627292633056641e+00
2.443820238113403320e-01
1.617201805114746094e+00
-1.740960597991943359e+00
1.344594478607177734e+00
-1.125056385993957520e+00
6.806910037994384766e-02
1.632481575012207031e+00
4.970833778381347656e+00
3.685081005096435547e-02
1.521618485450744629e+00
-2.125878334045410156e+00
-7.466638684272766113e-01
2.389844417572021484e+00
4.094266891479492188e-01
4.588365554809570312e+00
-2.787656784057617188e-01
-3.213182687759399414e+00
-2.724136829376220703e+00
1.667225599288940430e+00
-1.576437950134277344e+00
5.036234855651855469e+00
3.282968103885650635e-01
3.215833306312561035e-01
-2.105859041213989258e+00
4.072220325469970703e+00
-6.368620395660400391e-01
8.377604484558105469e-01
-1.082875490188598633e+00
2.152577638626098633e+00
-4.270704984664916992e-01
1.741810202598571777e+00
-9.278789758682250977e-01
1.266657829284667969e+00
-2.846518278121948242e+00
2.017122030258178711e+00
5.995340943336486816e-01
2.185680389404296875e+00
7.201697230339050293e-01
-3.472673177719116211e+00
1.349811673164367676e+00
-1.954197168350219727e+00
-7.338545322418212891e-01
-1.218499541282653809e+00
1.035447955131530762e+00
-5.414639711380004883e-01
-8.641589283943176270e-01
-8.778792023658752441e-01
-4.607373476028442383e-02
-6.606341600418090820e-01
3.372154235839843750e-01
2.257181882858276367e+00
6.859911680221557617e-01
1.351828813552856445e+00
-9.072678089141845703e-01
1.452103376388549805e+00
1.047708034515380859e+00
1.191671192646026611e-02
8.262045979499816895e-01
-7.987741231918334961e-01
2.044205188751220703e+00
-1.292245507240295410e+00
-2.559503078460693359e+00
7.883631587028503418e-01
-2.896601676940917969e+00
-8.309969305992126465e-01
-2.154813289642333984e+00
8.913863301277160645e-01
-3.575654268264770508e+00
-3.747675418853759766e+00
6.793737411499023438e-01
-2.227433681488037109e+00
2.965947151184082031e+00
-1.368955373764038086e+00
2.530111312866210938e+00
4.748006343841552734e+00
-6.324717402458190918e-01
1.716035366058349609e+00
-2.740064382553100586e+00
1.865869164466857910e+00
-5.901142358779907227e-01
-2.998481988906860352e+00
2.486984014511108398e+00
3.200539588928222656e+00
-2.711634039878845215e-01
3.602759242057800293e-01
3.105333566665649414e+00
7.054845690727233887e-01
7.839041948318481445e-02
1.007413864135742188e+00
-3.320324182510375977e+00
5.326954722404479980e-01
-4.049903452396392822e-01
5.945142507553100586e-01
-1.003426313400268555e+00
-2.554574966430664062e+00
2.673729896545410156e+00
-3.000059127807617188e+00
-3.039160966873168945e+00
-3.916706562042236328e+00
4.834441840648651123e-01
7.915695309638977051e-01
5.600936412811279297e-01
3.314929962158203125e+00
