-1.180160045623779297e-02
6.033223152160644531e+00
-1.623497724533081055e+00
-1.911285400390625000e+00
-9.753769636154174805e-01
-2.089995384216308594e+00
-2.178658723831176758e+00
-1.422446966171264648e+00
-1.093602180480957031e+00
-2.615254402160644531e+00
-3.161714673042297363e-01
2.714712619781494141e-01
-1.802708148956298828e+00
2.560915648937225342e-01
8.172655701637268066e-01
-1.331079602241516113e+00
-3.694589734077453613e-01
2.344506740570068359e+00
-7.520369291305541992e-01
4.990082979202270508e-01
-4.831197738647460938e+00
-2.669262170791625977e+00
-3.418402194976806641e+00
-4.302702903747558594e+00
6.766602993011474609e-01
-5.190043449401855469e-01
-2.377910614013671875e+00
-1.006268501281738281e+00
9.456072002649307251e-02
3.875637054443359375e-02
1.071975469589233398e+00
3.923186302185058594e+00
-7.835420966148376465e-01
-2.614014148712158203e-01
2.254437208175659180e+00
-1.183587789535522461e+00
2.478595256805419922e+00
1.587622880935668945e+00
-4.920016229152679443e-01
1.348092675209045410e+00
1.141970872879028320e+00
-1.291113734245300293e+00
1.052647471427917480e+00
8.887588977813720703e-03
-1.191622853279113770e+00
1.838914632797241211e+00
-1.244888067245483398e+00
3.274231195449829102e+00
1.206055164337158203e+00
-3.719828844070434570e+00
4.128895998001098633e-01
-2.289032936096191406e-01
-7.425109148025512695e-01
-8.737494349479675293e-01
7.414000630378723145e-01
4.226087570190429688e+00
1.295919895172119141e+00
-2.789516448974609375e+00
2.672238826751708984e+00
1.283312082290649414e+00
1.142739176750183105e+00
3.975275039672851562e+00
6.232098102569580078e+00
-1.338617205619812012e+00
3.266497135162353516e+00
-1.450132608413696289e+00
6.626691818237304688e-01
-1.083303093910217285e+00
-3.326802551746368408e-01
-8.239054083824157715e-01
-2.148436307907104492e+00
5.331923067569732666e-02
1.473048448562622070e+00
1.939403057098388672e+00
2.555308580398559570e+00
5.897798538208007812e-01
1.772121787071228027e+00
4.653312206268310547e+00
-4.316237866878509521e-01
-3.638523578643798828e+00
-2.226180076599121094e+00
-1.702866673469543457e+00
-2.030119180679321289e+00
-4.074755191802978516e+00
7.271393537521362305e-01
-2.827563762664794922e+00
-1.394471406936645508e+00
5.511338710784912109e-01
3.940793752670288086e+00
7.275897860527038574e-01
3.360798954963684082e-01
-2.774140357971191406e+00
3.018545210361480713e-01
-1.826341867446899414e+00
-7.813662290573120117e-02
-7.328642606735229492e-01
2.758522033691406250e+00
-1.391766905784606934e+00
-3.137416362762451172e+00
-3.449880838394165039e+00
-4.035923480987548828e+00
-1.336917638778686523e+00
-2.423717498779296875e+00
1.983299970626831055e+00
-5.668208599090576172e-01
-6.587846279144287109e-01
-1.498096346855163574e+00
3.513870954513549805e+00
1.951910853385925293e+00
2.986732721328735352e+00
-5.657461881637573242e-01
-4.893342494964599609e+00
1.106874465942382812e+00
-2.278781652450561523e+00
-1.777190089225769043e+00
-2.807581424713134766e-01
-3.988634347915649414e+00
3.684615612030029297e+00
-8.115867972373962402e-01
-5.953636765480041504e-01
-4.348855018615722656e+00
-1.053145647048950195e+00
-3.536348819732666016e+00
-1.144805192947387695e+00
-3.185073852539062500e+00
-2.577939927577972412e-01
-8.519176244735717773e-01
-3.032727479934692383e+00
-2.574412345886230469e+00
-2.435674071311950684e-01
2.818267345428466797e-01
-6.441612839698791504e-01
2.122123241424560547e-01
4.751826524734497070e-01
-2.603579998016357422e+00
-3.711312770843505859e+00
-2.940575599670410156e+00
-2.457613229751586914e+00
-9.397736787796020508e-01
-3.244961023330688477e+00
5.483663082122802734e-01
-4.450344562530517578e+00
-2.505607366561889648e+00
-4.404340267181396484e+00
-1.103191018104553223e+00
-3.090621471405029297e+00
-5.723105907440185547e+00
-4.316344738006591797e+00
-4.849126338958740234e-01
-3.280876278877258301e-01
-2.834975004196166992e+00
1.203189611434936523e+00
-2.588335514068603516e+00
-1.788496971130371094e+00
-2.528203964233398438e+00
-1.501728415489196777e+00
5.175406932830810547e-01
-1.135139584541320801e+00
1.128070354461669922e+00
-3.448602437973022461e+00
1.803184986114501953e+00
-9.062514901161193848e-01
1.021611690521240234e+00
-1.104558944702148438e+00
2.568701505661010742e+00
-1.267207741737365723e+00
-1.156398773193359375e+00
-2.007015705108642578e+00
-3.304487228393554688e+00
1.485019326210021973e-01
4.058586120605468750e+00
3.246185779571533203e-01
3.179135560989379883e+00
2.200637340545654297e+00
-1.229269266128540039e+00
-2.554196834564208984e+00
5.438381433486938477e-01
-3.806831240653991699e-01
-1.370956301689147949e-01
-1.987857341766357422e+00
-1.983645677566528320e+00
1.271038293838500977e+00
1.451829791069030762e+00
7.760543227195739746e-01
-1.984742760658264160e+00
-9.361804723739624023e-01
-9.866158366203308105e-01
-4.170771241188049316e-01
-4.330341815948486328e-01
-3.720635771751403809e-01
-2.827722787857055664e+00
-2.379145324230194092e-01
5.445868968963623047e-01
-8.924998044967651367e-01
-3.978200435638427734e+00
1.150806427001953125e+00
-2.129931211471557617e+00
-1.159889936447143555e+00
-1.708779811859130859e+00
-3.732655048370361328e-01
-1.966715216636657715e+00
-2.601782560348510742e+00
-1.662106513977050781e-01
-1.037849426269531250e+00
9.368901848793029785e-01
-9.937847852706909180e-01
-2.578777670860290527e-01
-1.459771275520324707e+00
7.793034315109252930e-01
3.681579828262329102e-01
-1.321907401084899902e+00
8.988957405090332031e-01
8.412263989448547363e-01
-1.801596403121948242e+00
1.388954639434814453e+00
-2.443354278802871704e-01
1.249971389770507812e-01
-1.400960683822631836e-01
-2.433287382125854492e+00
-1.428119838237762451e-01
-3.067207574844360352e+00
-6.931385993957519531e-01
-2.862799465656280518e-01
1.545508384704589844e+00
-3.580883741378784180e-01
2.430298566818237305e+00
2.419133901596069336e+00
4.074103534221649170e-01
1.198812484741210938e+00
1.078946366906166077e-01
-2.474059104919433594e+00
5.332864522933959961e-01
-8.755068778991699219e-01
3.382175266742706299e-01
2.573547840118408203e+00
-4.645585715770721436e-01
-2.617783248424530029e-01
3.392554521560668945e+00
4.418956488370895386e-02
-2.495379924774169922e+00
4.085785448551177979e-01
5.609021186828613281e-01
-2.047127962112426758e+00
-9.131545424461364746e-01
-2.383997440338134766e+00
2.007931470870971680e-03
3.789609670639038086e-01
2.604258060455322266e+00
1.966635704040527344e+00
1.188312053680419922e+00
2.094398975372314453e+00
4.217969894409179688e+00
-1.156710267066955566e+00
1.234416246414184570e+00
2.803288459777832031e+00
1.777789831161499023e+00
-2.015884637832641602e+00
-2.031826376914978027e-01
-1.962703704833984375e+00
-1.995852947235107422e+00
-9.326018691062927246e-01
-2.190481662750244141e+00
-1.057426214218139648e+00
1.378446459770202637e+00
6.840652227401733398e-01
1.265561461448669434e+00
-9.925535917282104492e-01
-6.349444389343261719e-01
-1.077263712882995605e+00
-1.686607152223587036e-01
9.483266472816467285e-01
-2.848429381847381592e-01
1.288159251213073730e+00
-1.216135919094085693e-01
-1.727977752685546875e+00
-6.494122147560119629e-01
-4.424226760864257812e+00
2.883481979370117188e-02
-2.428705692291259766e+00
1.764990925788879395e+00
2.911056578159332275e-01
-2.112896203994750977e+00
-8.725107312202453613e-01
1.264013528823852539e+00
2.104863226413726807e-01
-1.481578350067138672e+00
9.841700792312622070e-01
-2.097494125366210938e+00
-1.995323657989501953e+00
-2.985325813293457031e+00
4.201595783233642578e-01
-4.335209846496582031e+00
2.616486072540283203e+00
-4.220490455627441406e+00
-3.910806655883789062e+00
-1.371770203113555908e-01
-1.279183626174926758e+00
-2.214839220046997070e+00
-5.512017726898193359e+00
-3.840290069580078125e+00
-1.144400715827941895e+00
-1.798084378242492676e+00
-3.153611183166503906e+00
-5.822988152503967285e-01
-4.296567440032958984e+00
-2.556001663208007812e+00
-3.186503410339355469e+00
-1.619137048721313477e+00
-1.732947349548339844e+00
1.459323644638061523e+00
3.947373628616333008e-01
9.388579130172729492e-01
-1.723151087760925293e+00
1.477797150611877441e+00
1.594139635562896729e-01
7.388562560081481934e-01
-2.566571474075317383e+00
-2.749958992004394531e+00
-9.684771299362182617e-02
2.667840719223022461e-01
-2.065673589706420898e+00
-1.820383071899414062e-01
-1.343687176704406738e+00
1.637486100196838379e+00
-1.352880597114562988e+00
-2.307820796966552734e+00
-2.742815971374511719e+00
1.516241729259490967e-01
-1.474489927291870117e+00
-2.056889057159423828e+00
1.329180002212524414e+00
3.357472121715545654e-01
4.100470542907714844e-01
3.266728878021240234e+00
-1.827192902565002441e-01
-2.843762636184692383e+00
-3.320730328559875488e-01
-2.157642364501953125e+00
-1.730933785438537598e-01
5.086188912391662598e-01
2.572604656219482422e+00
-2.667783573269844055e-02
2.572121024131774902e-01
-2.162415266036987305e+00
-2.439621448516845703e+00
2.806312441825866699e-01
-2.141655921936035156e+00
-4.235912799835205078e+00
-1.523229002952575684e+00
-1.075166583061218262e+00
-2.419131100177764893e-01
-1.943783164024353027e+00
-2.150977611541748047e+00
-2.039129257202148438e+00
1.970962882041931152e+00
-2.072105884552001953e+00
-2.521770954132080078e+00
-1.628430008888244629e+00
6.869941949844360352e-02
5.107268691062927246e-01
-6.206546425819396973e-01
2.490174174308776855e-01
-3.317019939422607422e+00
-1.275104165077209473e+00
2.751182079315185547e+00
9.672619700431823730e-01
-1.358360052108764648e+00
-3.295040607452392578e+00
-6.786267757415771484e-01
-6.707446575164794922e-01
-5.449973940849304199e-01
-8.228644728660583496e-01
-4.358362197875976562e+00
-2.582031965255737305e+00
1.123322010040283203e+00
-4.812149703502655029e-01
1.001848101615905762e+00
-2.447966486215591431e-02
-1.052921414375305176e+00
2.055140495300292969e+00
-1.503106832504272461e+00
2.570127010345458984e+00
-1.375433087348937988e+00
-4.905328154563903809e-01
-7.222056388854980469e-02
-8.245980143547058105e-01
-3.727852344512939453e+00
-9.114418029785156250e-01
-1.110261201858520508e+00
-1.282538771629333496e+00
-1.643106579780578613e+00
-8.358524441719055176e-01
1.447811961174011230e+00
1.260752677917480469e-01
-1.957040071487426758e+00
1.328241348266601562e+00
4.833005905151367188e+00
-2.027031660079956055e+00
9.499645233154296875e-01
4.078415393829345703e+00
1.403555989265441895e+00
-2.293781757354736328e+00
2.676752090454101562e+00
-4.380296707153320312e+00
5.204037427902221680e-01
1.274592876434326172e+00
-1.593452334403991699e+00
4.186454415321350098e-02
-2.879364490509033203e+00
1.898751497268676758e+00
-9.890038967132568359e-01
5.576354026794433594e+00
-3.030673265457153320e-01
1.261964678764343262e+00
3.730491638183593750e+00
1.997192621231079102e+00
8.376561403274536133e-01
3.866317272186279297e+00
-3.544987678527832031e+00
2.523706436157226562e+00
2.025117874145507812e+00
-2.375790596008300781e+00
-3.129291057586669922e+00
-1.766460895538330078e+00
5.213359832763671875e+00
1.158566325902938843e-01
-1.813063383102416992e+00
-7.607470750808715820e-01
-4.263502359390258789e-01
4.018811225891113281e+00
-1.507002830505371094e+00
2.522562980651855469e+00
-4.393775939941406250e+00
3.360445976257324219e+00
5.422556877136230469e+00
2.528311312198638916e-01
5.832759737968444824e-01
-2.347678422927856445e+00
-4.681300640106201172e+00
-8.841366767883300781e-01
-1.626760959625244141e-01
-2.750766038894653320e+00
-1.809293270111083984e+00
6.528970241546630859e+00
-1.141827702522277832e-01
8.387120366096496582e-01
1.080389738082885742e+00
2.851500988006591797e+00
1.755688190460205078e+00
-4.895080626010894775e-01
9.010716080665588379e-01
1.172827005386352539e+00
5.050592899322509766e+00
-2.270057916641235352e+00
3.212845325469970703e-02
2.648979425430297852e-01
6.697100996971130371e-01
5.157977104187011719e+00
-1.773300051689147949e+00
4.667856216430664062e+00
3.205263912677764893e-01
-6.919945478439331055e-01
2.390705585479736328e+00
1.374231815338134766e+00
-1.008336186408996582e+00
5.971801280975341797e-01
-7.698203325271606445e-01
-6.889132261276245117e-01
-1.577676057815551758e+00
-2.342315435409545898e+00
-2.381868362426757812e-01
-5.528485774993896484e+00
-9.595444202423095703e-01
-1.589469552040100098e+00
3.484231472015380859e+00
-2.029847860336303711e+00
6.414130687713623047e+00
-2.660904884338378906e+00
2.724843502044677734e+00
-4.179545879364013672e+00
-2.376620292663574219e+00
-1.182204484939575195e-02
-1.789545893669128418e+00
-1.166782379150390625e-01
-1.433664321899414062e+00
1.863652944564819336e+00
-1.916302442550659180e+00
1.092664003372192383e+00
2.932620286941528320e+00
8.604449629783630371e-01
3.630766272544860840e-01
-3.622831583023071289e+00
1.041475653648376465e+00
-1.602697134017944336e+00
-1.315423548221588135e-01
-1.557726383209228516e+00
9.479417800903320312e-01
3.917959928512573242e-01
9.124841541051864624e-02
-2.253042459487915039e+00
3.004427552223205566e-01
5.364036083221435547e+00
3.401567697525024414e+00
-2.812913417816162109e+00
1.053846359252929688e+00
-1.200920343399047852e+00
-2.783168792724609375e+00
2.001133441925048828e+00
-5.503123402595520020e-01
1.902265310287475586e+00
-8.331170082092285156e-01
-2.453906536102294922e+00
-2.838234901428222656e+00
-9.754765629768371582e-01
1.136721014976501465e+00
1.952275991439819336e+00
2.084127254784107208e-02
-2.853766441345214844e+00
5.899150848388671875e+00
-1.879012584686279297e-02
2.794633865356445312e+00
-1.530306577682495117e+00
1.694777846336364746e+00
7.921007275581359863e-01
-4.327061653137207031e+00
-2.935039401054382324e-01
-1.816657423973083496e+00
-2.945700407028198242e+00
-3.086538314819335938e+00
4.489090919494628906e+00
1.710440635681152344e+00
-3.274878025054931641e+00
-3.449650764465332031e+00
3.791617155075073242e+00
-1.449575424194335938e+00
-2.287928819656372070e+00
4.778352379798889160e-01
1.916321039199829102e+00
-1.377897620201110840e+00
1.750644087791442871e+00
-1.554674625396728516e+00
3.108489990234375000e+00
3.582090854644775391e+00
-1.837048888206481934e+00
-2.826811790466308594e+00
5.118278861045837402e-01
2.194635868072509766e+00
-2.046867370605468750e+00
-3.478245258331298828e+00
6.779234886169433594e+00
-8.067362785339355469e+00
-2.108815193176269531e+00
4.310422897338867188e+00
-1.556292295455932617e+00
-4.748225688934326172e+00
-2.557031631469726562e+00
6.030619144439697266e+00
4.670691013336181641e+00
2.193043231964111328e+00
1.845093011856079102e+00
1.701597690582275391e+00
-2.182410717010498047e+00
-1.203708767890930176e+00
-2.163537502288818359e+00
9.116709232330322266e-01
2.749513387680053711e+00
-2.660617113113403320e+00
-4.212683200836181641e+00
1.444994568824768066e+00
6.428362727165222168e-01
2.517840862274169922e-01
-6.729354858398437500e+00
-3.940826356410980225e-01
-4.520327746868133545e-01
9.970413446426391602e-01
5.430515408515930176e-01
-1.320141553878784180e+00
1.199099421501159668e+00
2.761088848114013672e+00
8.278944492340087891e-01
1.275364637374877930e+00
-1.266333103179931641e+00
-8.399835824966430664e-01
-2.320016384124755859e+00
3.483917236328125000e+00
2.148924827575683594e+00
-1.857560873031616211e+00
-7.143700122833251953e-02
7.340440273284912109e+00
9.251946210861206055e-01
-1.702956914901733398e+00
8.411675453186035156e+00
-1.929764032363891602e+00
3.811427831649780273e+00
-7.793092727661132812e-01
-2.176655530929565430e+00
1.120842456817626953e+00
2.105858027935028076e-01
-2.358734130859375000e+00
8.582144379615783691e-01
-5.486190319061279297e-01
4.215041637420654297e+00
2.816484212875366211e+00
4.289323091506958008e-02
4.361518621444702148e-01
3.979154825210571289e+00
4.391944885253906250e+00
-1.965368032455444336e+00
2.648039340972900391e+00
-2.022904157638549805e-01
4.823266983032226562e+00
1.119662094116210938e+01
-7.400529384613037109e-01
-6.271101832389831543e-01
4.546612262725830078e+00
1.762236833572387695e+00
4.023402214050292969e+00
2.080122470855712891e+00
1.746933579444885254e+00
1.906133651733398438e+00
3.531385421752929688e+00
5.853755027055740356e-02
6.165891885757446289e-01
-1.078447818756103516e+00
-3.125725746154785156e+00
2.284382581710815430e-01
-7.686016559600830078e-01
-6.299085617065429688e+00
1.686853170394897461e-02
-9.764859676361083984e-01
9.168278574943542480e-01
8.919415473937988281e-01
-9.624428749084472656e-01
4.739608764648437500e-01
6.322809457778930664e-01
2.788338065147399902e-02
4.640096187591552734e+00
1.851086497306823730e+00
2.807418107986450195e+00
4.781905651092529297e+00
-2.637786865234375000e+00
4.801172733306884766e+00
3.103258013725280762e-01
2.290326833724975586e+00
-2.402650356292724609e+00
8.159064292907714844e+00
9.172598123550415039e-01
-2.020882368087768555e-01
-6.059428691864013672e+00
-1.946366429328918457e+00
8.882651329040527344e-01
-1.032361268997192383e+00
3.004902303218841553e-01
-1.745051860809326172e+00
2.714601516723632812e+00
4.728826522827148438e+00
-1.838709227740764618e-02
-2.785511970520019531e+00
4.974541187286376953e+00
3.199283123016357422e+00
-1.098851323127746582e+00
-4.556924819946289062e+00
1.591795682907104492e-01
-3.249049186706542969e+00
2.223317146301269531e+00
-1.406244277954101562e+00
-2.943441390991210938e+00
2.270679712295532227e+00
1.407068371772766113e+00
7.427473068237304688e+00
6.080940365791320801e-01
3.230881690979003906e+00
3.611311912536621094e+00
5.729435682296752930e-01
-3.501233577728271484e+00
-1.750190258026123047e+00
-8.356940746307373047e-01
-8.198276758193969727e-01
-5.108897686004638672e-01
3.009470105171203613e-01
-7.739111185073852539e-01
-1.695011615753173828e+00
-1.525812447071075439e-01
1.694963335990905762e+00
-1.765162825584411621e+00
-2.663667440414428711e+00
-4.996170043945312500e+00
-1.901114940643310547e+00
-1.779020071029663086e+00
5.137864112854003906e+00
-1.933498144149780273e+00
4.439760684967041016e+00
2.295046806335449219e+00
-3.152967095375061035e-01
-3.316638231277465820e+00
2.181812763214111328e+00
2.971837043762207031e+00
5.083310127258300781e+00
-6.104764938354492188e-01
2.804361581802368164e+00
2.070869684219360352e+00
5.625012874603271484e+00
-9.526082277297973633e-01
-9.284621477127075195e-01
1.194818735122680664e+00
4.091140031814575195e-01
-1.104102134704589844e-01
-2.445542812347412109e-02
-3.565843582153320312e+00
5.929609298706054688e+00
3.290250003337860107e-01
-2.952003002166748047e+00
-3.637183904647827148e+00
-1.272302389144897461e+00
3.797600269317626953e-01
-9.286540746688842773e-01
2.174409866333007812e+00
-5.075423240661621094e+00
-4.124947547912597656e+00
1.144615262746810913e-01
-5.200069427490234375e+00
6.240789890289306641e+00
3.345882892608642578e+00
5.202699661254882812e+00
3.892440795898437500e-01
-2.784380435943603516e+00
-4.207169055938720703e+00
9.797111749649047852e-01
3.657044410705566406e+00
-5.292085647583007812e+00
-7.694830894470214844e-01
1.294803380966186523e+00
-8.259037137031555176e-02
6.825107336044311523e-02
7.920253276824951172e-02
5.516539096832275391e+00
-1.649240255355834961e+00
-3.019020080566406250e+00
4.125612974166870117e-01
6.394984126091003418e-01
-3.049952387809753418e-01
5.707452774047851562e+00
3.486743867397308350e-01
2.529031753540039062e+00
-3.612747192382812500e+00
-4.431540012359619141e+00
1.274016141891479492e+00
3.183517694473266602e+00
4.104083061218261719e+00
1.590638399124145508e+00
7.470000743865966797e+00
1.611813664436340332e+00
2.135400772094726562e+00
-3.756045699119567871e-01
-4.101531028747558594e+00
-2.944285869598388672e-01
1.214410066604614258e-01
2.530510902404785156e+00
4.846547842025756836e-01
6.083669662475585938e-01
-4.174534797668457031e+00
7.972884774208068848e-01
-4.924444556236267090e-01
-2.512595891952514648e+00
1.610922932624816895e+00
-9.847533702850341797e-01
-2.800132989883422852e+00
-4.384508132934570312e-01
2.488233089447021484e+00
2.442854404449462891e+00
1.602715969085693359e+00
-1.614900708198547363e+00
1.307198286056518555e+00
-2.080174207687377930e+00
1.351955413818359375e+00
7.214799880981445312e+00
1.119010448455810547e+00
-7.855355739593505859e-01
-7.540060877799987793e-01
-1.983848810195922852e-01
-1.959012866020202637e+00
-1.289568424224853516e+00
-1.710774064064025879e+00
-4.467931747436523438e+00
-3.974452018737792969e-01
-7.148597240447998047e-01
8.821644634008407593e-02
-6.901648044586181641e-01
2.323124170303344727e+00
2.059322834014892578e+00
3.261407613754272461e-01
-1.185136795043945312e+00
2.717857360839843750e+00
4.725757122039794922e+00
7.596563816070556641e+00
4.049658775329589844e+00
3.987031459808349609e+00
4.505687713623046875e+00
-1.285412788391113281e+00
-2.569717168807983398e-01
6.194761395454406738e-01
1.031091570854187012e+00
4.531323909759521484e-02
-2.808623909950256348e-01
-2.966343164443969727e+00
-8.908167481422424316e-01
4.278972625732421875e+00
1.975444436073303223e+00
5.414770126342773438e+00
4.530042409896850586e-01
-4.771079540252685547e+00
-2.311795949935913086e+00
-1.596044063568115234e+00
-2.404947876930236816e-01
-1.405534744262695312e+00
4.747659683227539062e+00
3.821301460266113281e+00
-2.218637466430664062e+00
-3.601637840270996094e+00
6.625373959541320801e-01
-3.428083896636962891e+00
-5.231060028076171875e+00
1.610687613487243652e+00
2.116202831268310547e+00
4.370414257049560547e+00
-1.352918148040771484e-01
4.501687586307525635e-01
-3.450589895248413086e+00
-2.264748811721801758e-01
2.642625331878662109e+00
-1.492641925811767578e+00
2.034370005130767822e-01
3.497017383575439453e+00
-4.076860904693603516e+00
6.998528242111206055e-01
-1.802631497383117676e+00
2.565067052841186523e+00
3.998377799987792969e+00
5.263148546218872070e-01
7.694498896598815918e-01
5.676793575286865234e+00
2.245013475418090820e+00
7.451191425323486328e+00
4.377270221710205078e+00
-2.435582876205444336e+00
8.304030895233154297e-01
-5.540804862976074219e-01
-4.966568946838378906e+00
-4.350957274436950684e-01
-1.472930431365966797e+00
1.255044817924499512e+00
-2.531833648681640625e-01
7.966049313545227051e-01
-5.629425048828125000e-01
5.277110576629638672e+00
4.641358852386474609e+00
-5.002264976501464844e+00
-1.045963644981384277e+00
1.889277219772338867e+00
-4.636171758174896240e-01
-7.296357750892639160e-01
2.099621772766113281e+00
3.307489454746246338e-01
-6.318460702896118164e-01
-1.245470881462097168e+00
4.612908363342285156e+00
-4.348358154296875000e+00
-1.949139952659606934e+00
9.184489846229553223e-01
-1.671979427337646484e+00
-8.867939710617065430e-01
-1.364176273345947266e+00
8.043512105941772461e-01
-1.919279694557189941e+00
-4.838439226150512695e-01
2.861703157424926758e+00
9.882986545562744141e-01
-2.408307075500488281e+00
-2.335361957550048828e+00
4.925157070159912109e+00
4.683651447296142578e+00
5.847648382186889648e-01
4.107048034667968750e+00
1.288851976394653320e+00
-1.168980121612548828e+00
5.564700126647949219e+00
-2.795614242553710938e+00
8.817873001098632812e-01
-1.810465812683105469e+00
1.442764401435852051e+00
2.231208324432373047e+00
-4.721784591674804688e+00
2.706639766693115234e+00
5.164814472198486328e+00
2.419591903686523438e+00
1.533683776855468750e+00
-3.361162424087524414e+00
9.415961503982543945e-01
1.943681120872497559e+00
4.983749985694885254e-02
-8.443525433540344238e-01
-4.379049301147460938e+00
4.186606407165527344e+00
9.846578240394592285e-01
2.773173332214355469e+00
2.657514572143554688e+00
3.257597208023071289e+00
-1.062922239303588867e+00
-4.823845624923706055e-01
-2.648949146270751953e+00
6.550426483154296875e-01
6.761418819427490234e+00
1.073272347450256348e+00
8.388239145278930664e-01
-1.171766042709350586e+00
2.853769540786743164e+00
-7.659375667572021484e-01
6.885852813720703125e+00
-1.495081543922424316e+00
-1.785325407981872559e+00
-3.829947948455810547e+00
3.576084136962890625e+00
-1.518635034561157227e+00
-9.889285564422607422e-01
-2.216846227645874023e+00
-3.071756362915039062e-01
-3.545334339141845703e+00
-8.903013467788696289e-01
-1.914721369743347168e+00
1.207759261131286621e+00
-2.789039373397827148e+00
-1.751959323883056641e+00
-2.164660215377807617e+00
-3.313755035400390625e+00
-2.070245504379272461e+00
-4.176138877868652344e+00
1.625733971595764160e-01
-3.325122594833374023e+00
-1.498184561729431152e+00
-2.318052053451538086e-01
-1.652701258659362793e+00
-2.726346254348754883e+00
-2.139725446701049805e+00
-2.181146144866943359e+00
-6.717541217803955078e-01
-2.652063369750976562e+00
-6.069538593292236328e-01
5.610361099243164062e-01
-2.238965511322021484e+00
-1.600640058517456055e+00
9.357891678810119629e-01
-7.437835335731506348e-01
5.509681701660156250e-01
-1.695911645889282227e+00
3.696316480636596680e-01
-6.360468864440917969e-01
-1.153835654258728027e-02
-5.231528282165527344e-01
-2.221808433532714844e+00
-1.860846042633056641e+00
-1.842521071434020996e+00
-3.825259447097778320e+00
-4.676565647125244141e+00
-3.472771406173706055e+00
-4.344607830047607422e+00
-5.038317203521728516e+00
1.143466830253601074e-01
-3.292509794235229492e+00
-9.589893221855163574e-01
-2.027141332626342773e+00
4.149308204650878906e+00
3.966792106628417969e+00
-1.510038971900939941e-01
3.004507064819335938e+00
-1.456082582473754883e+00
2.297342777252197266e+00
7.364261150360107422e-02
-1.805305004119873047e+00
1.896659016609191895e+00
4.067561626434326172e-01
3.811028242111206055e+00
2.722949981689453125e-01
3.441428184509277344e+00
2.604393482208251953e+00
-2.662953734397888184e-01
2.398430824279785156e+00
-6.308597326278686523e-01
-1.950271129608154297e-01
-1.909038305282592773e+00
2.039032936096191406e+00
-1.436011314392089844e+00
-6.224708557128906250e-01
1.080485343933105469e+00
-3.799303293228149414e+00
-3.884254217147827148e+00
-1.957907676696777344e+00
-2.826878070831298828e+00
-1.029544115066528320e+00
-1.069843173027038574e+00
5.721117019653320312e+00
