1.839641332626342773e-01
2.755106210708618164e+00
-1.745213508605957031e+00
-1.526569962501525879e+00
-9.819149971008300781e-01
1.166391491889953613e+00
7.467256784439086914e-01
-1.027177095413208008e+00
-1.090741395950317383e+00
-1.175100207328796387e+00
8.521475791931152344e-01
-7.152638435363769531e-01
-2.304467916488647461e+00
1.580108880996704102e+00
1.001191735267639160e-01
-1.116014003753662109e+00
-2.218545675277709961e+00
4.070955276489257812e+00
-4.903842210769653320e-01
1.955350399017333984e+00
-2.868381023406982422e+00
-8.929851651191711426e-01
-5.765371322631835938e+00
-2.999465465545654297e+00
1.305136919021606445e+00
-9.614144563674926758e-01
-7.800480723381042480e-01
-1.437780261039733887e+00
-2.546451091766357422e-01
-9.808078408241271973e-01
-2.550636291503906250e+00
-4.999440908432006836e-02
-3.657377481460571289e+00
6.702989935874938965e-01
1.733931541442871094e+00
-5.862404108047485352e-01
3.122481822967529297e+00
1.081344604492187500e+00
-1.950266718864440918e+00
-2.642346858978271484e+00
-1.243341445922851562e+00
-3.258880853652954102e+00
-2.315659523010253906e+00
-3.603687524795532227e+00
-1.187508702278137207e+00
9.198946952819824219e-01
-1.460613250732421875e+00
6.221565008163452148e-01
-1.693358302116394043e+00
-2.494760990142822266e+00
8.848212957382202148e-01
-1.765472173690795898e+00
3.586213588714599609e-01
-1.284843087196350098e-01
2.033262491226196289e+00
3.341406583786010742e-03
1.699474155902862549e-01
-2.005320787429809570e+00
-1.650606632232666016e+00
-2.526305675506591797e+00
-2.260271310806274414e-01
-4.264420270919799805e-02
1.058881521224975586e+00
-2.016004085540771484e+00
9.460170269012451172e-01
-3.988309800624847412e-01
2.012583494186401367e+00
-1.416046380996704102e+00
1.077154874801635742e+00
6.106775283813476562e+00
-1.490016222000122070e+00
1.424986004829406738e+00
1.967855453491210938e+00
2.229183197021484375e+00
3.091068983078002930e+00
6.153763532638549805e-01
4.046041488647460938e+00
3.419548034667968750e+00
9.127661585807800293e-02
3.909327387809753418e-01
-1.276074886322021484e+00
-1.087500333786010742e+00
-2.899367094039916992e+00
-3.811056375503540039e+00
3.445972919464111328e+00
-2.568254947662353516e+00
-1.257054924964904785e+00
3.591536521911621094e+00
2.375108003616333008e-01
8.323977887630462646e-02
-1.971567630767822266e+00
-2.333630800247192383e+00
-2.070422410964965820e+00
-3.481213331222534180e+00
8.693772554397583008e-02
-3.579914093017578125e+00
1.717079281806945801e+00
-1.485641479492187500e+00
-1.737708568572998047e+00
-3.522393226623535156e+00
-3.308837413787841797e+00
3.846107721328735352e-01
-3.075378417968750000e+00
-4.019013047218322754e-01
-8.112864494323730469e-01
-2.228233516216278076e-01
-2.567681789398193359e+00
3.815138578414916992e+00
1.789179205894470215e+00
3.925588846206665039e+00
-1.769456386566162109e+00
-1.162528395652770996e+00
1.099771261215209961e-01
4.604438245296478271e-01
-3.353315830230712891e+00
1.327969193458557129e+00
-5.581319332122802734e-01
4.098875522613525391e+00
7.561476826667785645e-01
9.911916255950927734e-01
-2.207224845886230469e+00
-1.486999511718750000e+00
-6.128442883491516113e-01
-1.700959444046020508e+00
1.341622114181518555e+00
-2.219872474670410156e-01
6.956233978271484375e-01
-1.305348515510559082e+00
-4.838708400726318359e+00
-2.686447381973266602e+00
-1.019332647323608398e+00
4.398033618927001953e-01
-6.029065847396850586e-01
-2.711821317672729492e+00
-9.087743759155273438e-01
-5.535207748413085938e+00
-2.790265560150146484e+00
-5.878347158432006836e-01
-3.062752485275268555e-01
-1.076225399971008301e+00
2.525705099105834961e+00
-1.187351346015930176e+00
-2.118891716003417969e+00
-2.854904174804687500e+00
-1.304021120071411133e+00
-4.942420005798339844e+00
-5.251933574676513672e+00
-3.330666065216064453e+00
-1.090524435043334961e+00
-5.501030683517456055e-01
-3.802272796630859375e+00
1.777783155441284180e+00
-1.675867557525634766e+00
2.424496412277221680e-01
-1.591370999813079834e-01
2.352869749069213867e+00
4.307297468185424805e-01
-1.888570427894592285e+00
-4.512825608253479004e-01
-3.314988851547241211e+00
-2.502675056457519531e+00
-1.300363421440124512e+00
1.488969564437866211e+00
-3.874799013137817383e-01
2.306047677993774414e+00
-7.827147841453552246e-03
-1.729638934135437012e+00
-3.548696517944335938e+00
-2.548607110977172852e+00
-3.163636445999145508e+00
-1.055796384811401367e+00
-1.537955999374389648e+00
-1.438493251800537109e+00
-2.549164056777954102e+00
-2.515779972076416016e+00
-3.371693849563598633e+00
-2.925359010696411133e+00
-4.079032897949218750e+00
-2.130400538444519043e-01
-7.490007281303405762e-01
-3.047291755676269531e+00
6.822100877761840820e-01
1.768481373786926270e+00
4.825965762138366699e-01
-2.192863941192626953e+00
-1.973637700080871582e+00
-2.240299224853515625e+00
2.312620580196380615e-01
-2.904073953628540039e+00
-1.746078848838806152e+00
-1.524656772613525391e+00
-1.173170447349548340e+00
1.271563768386840820e+00
-1.171447992324829102e+00
-7.541382312774658203e-01
7.379815578460693359e-01
2.606645107269287109e+00
2.499571800231933594e+00
3.778893351554870605e-01
1.730143308639526367e+00
-1.185546278953552246e+00
8.050498366355895996e-02
-3.413593173027038574e-01
-2.372481107711791992e+00
7.645586729049682617e-01
1.879657268524169922e+00
7.156407237052917480e-01
-1.829630017280578613e+00
2.306003570556640625e+00
-2.623402476310729980e-01
-4.420417547225952148e-01
6.828768849372863770e-01
-1.428880989551544189e-01
-1.703777313232421875e+00
1.346860408782958984e+00
-3.878606557846069336e+00
-2.862980365753173828e-01
9.364117980003356934e-01
-8.114535808563232422e-01
7.488125562667846680e-01
-3.283976316452026367e+00
-1.928410530090332031e+00
-1.712897062301635742e+00
8.775780200958251953e-01
-3.637767553329467773e+00
-8.463981151580810547e-01
1.948328971862792969e+00
6.531627178192138672e-01
-4.063319683074951172e+00
-3.864102661609649658e-01
-1.707233190536499023e+00
2.391391992568969727e-02
1.282987356185913086e+00
-9.136463999748229980e-01
1.703441619873046875e+00
-2.341639041900634766e+00
-1.153426766395568848e+00
2.512861728668212891e+00
9.109434485435485840e-01
-5.590478181838989258e-01
7.771538496017456055e-01
1.601590991020202637e+00
1.523056507110595703e+00
-8.036388158798217773e-01
-2.943175554275512695e+00
1.686131238937377930e+00
1.012635707855224609e+00
1.479707956314086914e+00
-1.301941037178039551e+00
5.606734752655029297e-01
-1.419833660125732422e+00
1.374529957771301270e+00
6.495730280876159668e-01
-2.957272529602050781e+00
3.069618463516235352e+00
1.488736867904663086e+00
-1.746764540672302246e+00
-3.679664373397827148e+00
-3.291202068328857422e+00
-7.729804515838623047e-02
-3.062564373016357422e+00
-1.801497817039489746e+00
1.158828139305114746e-01
1.979051589965820312e+00
4.794841706752777100e-01
-5.308970212936401367e-01
-2.814022541046142578e+00
-1.084750771522521973e+00
-2.603624820709228516e+00
-4.591289997100830078e+00
-4.405262947082519531e+00
-3.647269248962402344e+00
-1.055749773979187012e+00
-3.062916040420532227e+00
-2.454585075378417969e+00
-3.005303144454956055e+00
-4.219211578369140625e+00
-3.928259611129760742e+00
-5.304800987243652344e+00
-1.282363653182983398e+00
-2.416646242141723633e+00
-5.075374245643615723e-01
-2.584875822067260742e+00
2.549125432968139648e+00
5.401216745376586914e-01
5.740643143653869629e-01
-1.412595987319946289e+00
-5.836648464202880859e+00
-9.017503261566162109e-01
-1.832587242126464844e+00
9.061038494110107422e-01
-4.869921684265136719e+00
-6.987448930740356445e-01
-5.308156967163085938e+00
-5.007726669311523438e+00
-4.256179928779602051e-02
-4.968154907226562500e+00
-6.959372758865356445e-01
-4.170576572418212891e+00
-2.769749164581298828e+00
8.561408519744873047e-01
-1.576874136924743652e+00
4.320132732391357422e-02
-5.045819282531738281e-01
-2.946552515029907227e+00
7.654145359992980957e-02
-3.741721808910369873e-02
4.025107026100158691e-01
1.628451824188232422e+00
2.828698635101318359e+00
1.941576361656188965e+00
-4.235605597496032715e-01
5.285586714744567871e-01
1.798963308334350586e+00
3.909617662429809570e+00
2.477027416229248047e+00
-1.345467090606689453e+00
-2.366319417953491211e+00
2.436218261718750000e+00
4.712556004524230957e-01
4.019852280616760254e-01
2.043510198593139648e+00
-3.311864137649536133e-01
-1.541569709777832031e+00
7.481951713562011719e-01
-1.998729705810546875e-01
1.340426325798034668e+00
-6.691374778747558594e-01
2.619300365447998047e+00
-4.204237937927246094e+00
2.986307144165039062e+00
1.764265298843383789e-01
1.484741091728210449e+00
2.883275747299194336e+00
-1.876624703407287598e+00
-3.525307655334472656e+00
-3.420469760894775391e+00
-4.003348350524902344e+00
2.587900161743164062e+00
-4.195633411407470703e+00
7.323714494705200195e-01
-1.850321412086486816e+00
-3.911144971847534180e+00
-1.956689953804016113e+00
-1.778305411338806152e+00
-2.225469112396240234e+00
-1.138337612152099609e+00
-5.045628547668457031e+00
-5.482986927032470703e+00
-6.357625961303710938e+00
-5.515870094299316406e+00
-3.557767391204833984e+00
-3.818138360977172852e+00
-4.411315441131591797e+00
-3.881121635437011719e+00
-3.411776542663574219e+00
-2.602021098136901855e-01
-1.003309011459350586e+00
1.676584243774414062e+00
2.317497014999389648e+00
-4.013333797454833984e+00
3.555724382400512695e+00
-1.728794097900390625e+00
-1.362746208906173706e-01
1.885011553764343262e+00
2.092934846878051758e+00
1.902760863304138184e-01
-2.181939601898193359e+00
-1.378110170364379883e+00
3.769094347953796387e-01
-2.159102916717529297e+00
-1.140486717224121094e+00
-5.434592723846435547e+00
-4.101169109344482422e+00
-6.184883713722229004e-01
1.352743625640869141e+00
-2.338092803955078125e+00
-1.606963157653808594e+00
-2.643328666687011719e+00
-2.468677014112472534e-01
-3.878990888595581055e+00
-8.421590924263000488e-02
-1.783369541168212891e+00
1.337177991867065430e+00
-1.571347594261169434e+00
-7.187036275863647461e-01
-3.087771415710449219e+00
-1.874450922012329102e+00
-1.970795392990112305e+00
-4.208723545074462891e+00
-3.404938459396362305e+00
-1.731154441833496094e+00
2.191397190093994141e+00
-8.802836537361145020e-01
-3.220375061035156250e+00
-5.847910642623901367e-01
2.565569400787353516e+00
-3.208347797393798828e+00
7.192500591278076172e+00
5.136440992355346680e-01
-7.105672955513000488e-01
-4.721751809120178223e-02
1.835422873497009277e+00
-4.650909423828125000e+00
-2.368067264556884766e+00
7.891581952571868896e-02
-3.251336574554443359e+00
-1.678108692169189453e+00
-4.019787311553955078e+00
-9.483581781387329102e-01
1.239212751388549805e+00
8.544481277465820312e+00
7.725208401679992676e-01
-8.579511195421218872e-03
5.608006000518798828e+00
9.634528756141662598e-01
-2.884360074996948242e+00
4.487094402313232422e+00
1.663951158523559570e+00
-1.188049316406250000e-01
2.825633525848388672e+00
-1.558130025863647461e+00
1.082852780818939209e-01
-3.697238922119140625e+00
1.355788230895996094e+00
-1.744324088096618652e+00
2.834680795669555664e+00
3.816078305244445801e-01
-1.785647034645080566e+00
3.425109863281250000e+00
-1.157435774803161621e+00
-1.390416741371154785e+00
-5.313465118408203125e+00
3.282468318939208984e+00
3.775776147842407227e+00
5.061504244804382324e-01
-3.189089775085449219e+00
-1.931644916534423828e+00
-1.462513923645019531e+00
-2.195983886718750000e+00
-1.189859747886657715e+00
-1.777460813522338867e+00
-4.140539169311523438e+00
1.089176750183105469e+01
-7.663815021514892578e-01
1.259483695030212402e-01
4.900431156158447266e+00
3.307927131652832031e+00
1.581212759017944336e+00
-2.038703918457031250e+00
-2.889493703842163086e-01
4.639652371406555176e-01
3.861882209777832031e+00
-2.175637960433959961e+00
-2.459315061569213867e+00
4.008551597595214844e+00
-1.046460866928100586e+00
5.167783737182617188e+00
-9.470176100730895996e-01
5.733703136444091797e+00
3.995567560195922852e-03
1.971753358840942383e+00
2.048206806182861328e+00
5.749475955963134766e+00
2.086880207061767578e+00
1.844953417778015137e+00
-2.895331621170043945e+00
-2.953024864196777344e+00
-6.876059770584106445e-01
1.041997075080871582e+00
2.947008311748504639e-01
-3.077791213989257812e+00
-1.603507876396179199e+00
-8.325877189636230469e-01
1.934827327728271484e+00
-3.048403263092041016e+00
-2.552897930145263672e+00
-3.940201044082641602e+00
3.612061023712158203e+00
-3.078013658523559570e+00
-2.251517772674560547e-01
2.988439500331878662e-01
5.996215343475341797e-01
-1.045062780380249023e+00
-6.342217445373535156e+00
4.752194404602050781e+00
-3.976729393005371094e+00
1.218342781066894531e+00
-7.264852523803710938e-02
2.880733728408813477e+00
2.697867631912231445e+00
-8.307749748229980469e+00
6.814488768577575684e-01
-1.020969629287719727e+00
3.123430311679840088e-01
1.082125544548034668e+00
2.674123287200927734e+00
-9.895956516265869141e-02
-1.134963989257812500e+00
-2.335013628005981445e+00
-2.569097518920898438e+00
2.086080074310302734e+00
4.045033454895019531e+00
8.840814828872680664e-01
5.796641826629638672e+00
3.005701541900634766e+00
4.074038505554199219e+00
1.113195896148681641e+00
-2.355262041091918945e+00
1.404618978500366211e+00
1.155515432357788086e+00
-4.515142738819122314e-01
-2.966522455215454102e+00
-1.961798191070556641e+00
2.018362522125244141e+00
5.573244094848632812e+00
-1.003963589668273926e+00
-1.164311885833740234e+00
3.863405704498291016e+00
1.896752357482910156e+00
1.872841715812683105e+00
-1.006628036499023438e+00
-4.023655354976654053e-01
-1.901864051818847656e+00
-3.151487112045288086e-01
-1.952571153640747070e+00
-2.463959455490112305e+00
-2.487137079238891602e+00
-1.318018913269042969e+00
5.756372451782226562e+00
3.046921491622924805e+00
6.199909001588821411e-02
2.837021946907043457e-01
8.040795326232910156e+00
9.725989103317260742e-01
-2.489540576934814453e+00
-4.534704089164733887e-01
-2.445298194885253906e+00
-1.627730250358581543e+00
3.881578683853149414e+00
-1.777025818824768066e+00
5.719208240509033203e+00
3.102998733520507812e+00
7.134943604469299316e-01
-3.045817017555236816e-01
4.954312801361083984e+00
1.109403371810913086e+00
-1.231994867324829102e+00
-3.629230976104736328e+00
9.107896804809570312e+00
-3.499436140060424805e+00
2.343315362930297852e+00
4.290807723999023438e+00
-2.519231081008911133e+00
-3.572917699813842773e+00
5.893212556838989258e-01
4.673038482666015625e+00
9.911742210388183594e-01
-3.963633060455322266e+00
1.581355094909667969e+00
9.176027774810791016e-01
2.044956684112548828e-01
-2.075612545013427734e+00
-1.701876044273376465e+00
-2.954125404357910156e-02
1.716333866119384766e+00
-3.455907821655273438e+00
2.450550794601440430e+00
-2.303379058837890625e+00
-1.414418935775756836e+00
2.763236761093139648e-01
-4.317619323730468750e+00
1.497320771217346191e+00
-2.342559695243835449e-01
3.191248178482055664e+00
-2.088226795196533203e+00
-3.587095737457275391e+00
4.101899623870849609e+00
3.677016496658325195e+00
-1.676000595092773438e+00
4.814249038696289062e+00
9.713258743286132812e-01
9.166933894157409668e-01
-3.876651048660278320e+00
6.672103881835937500e+00
-3.837446570396423340e-01
-4.074198246002197266e+00
5.205644965171813965e-01
6.927095890045166016e+00
-1.091503143310546875e+00
1.904615312814712524e-01
1.313484859466552734e+01
-2.343246459960937500e+00
2.808970212936401367e+00
-2.040518224239349365e-01
-2.938982963562011719e+00
-1.880694627761840820e+00
-2.461784362792968750e+00
-2.263178348541259766e+00
3.648442506790161133e+00
1.509288072586059570e+00
1.251055240631103516e+00
-1.015024065971374512e+00
-3.931391716003417969e+00
8.851515650749206543e-01
3.672551155090332031e+00
3.815621137619018555e+00
-2.235762834548950195e+00
5.688193798065185547e+00
-2.715004920959472656e+00
3.969901323318481445e+00
6.462422847747802734e+00
1.373970746994018555e+00
1.101900458335876465e+00
4.163718223571777344e+00
1.483395576477050781e+00
5.489760398864746094e+00
1.110735893249511719e+00
3.748821258544921875e+00
2.443705797195434570e+00
4.410201072692871094e+00
-5.738809704780578613e-01
1.144194364547729492e+00
-1.003428936004638672e+00
-4.267971038818359375e+00
-1.295844912528991699e+00
1.308575034141540527e+00
-1.984722733497619629e+00
-7.368379831314086914e-02
6.352311372756958008e-01
8.279790878295898438e-01
3.279075622558593750e+00
8.564751148223876953e-01
9.636983871459960938e-01
-3.125857114791870117e+00
-1.256289243698120117e+00
6.111699104309082031e+00
2.665152072906494141e+00
-1.649265050888061523e+00
4.455434799194335938e+00
1.406530380249023438e+00
-6.661666631698608398e-01
-1.716235637664794922e+00
1.857067942619323730e+00
-1.195985078811645508e-01
8.603770136833190918e-01
7.420090436935424805e-01
2.278637886047363281e+00
-4.965544939041137695e-01
-1.979667544364929199e+00
-2.278162002563476562e+00
-2.998498916625976562e+00
6.237202882766723633e-02
-4.658430218696594238e-01
-1.499546885490417480e+00
8.981003761291503906e-01
-2.129316806793212891e+00
-1.189309120178222656e+00
7.596001029014587402e-01
5.119943618774414062e+00
7.325893640518188477e-02
-4.210234642028808594e+00
-1.718088150024414062e+00
-3.929101943969726562e+00
2.358961105346679688e-01
-2.193094968795776367e+00
1.487449169158935547e+00
-7.995618581771850586e-01
-1.950650691986083984e+00
6.612299442291259766e+00
-8.812017440795898438e-01
-1.561843633651733398e+00
-1.974508047103881836e+00
7.194912433624267578e-01
7.925621271133422852e-01
-4.101621508598327637e-01
-5.927830338478088379e-01
-1.820874214172363281e-01
-4.370474338531494141e+00
3.327391147613525391e+00
1.323486804962158203e+00
-2.567879676818847656e+00
2.224296033382415771e-01
-2.474528789520263672e+00
-1.681201457977294922e+00
5.878735184669494629e-01
-2.945045471191406250e+00
6.836168169975280762e-01
2.265044212341308594e+00
6.671073436737060547e-01
-1.005671024322509766e+00
-3.547734022140502930e-02
5.259922504425048828e+00
-2.426620125770568848e-01
-2.332087755203247070e+00
2.538635730743408203e+00
6.354506969451904297e+00
1.665218353271484375e+00
-1.546492457389831543e+00
-3.396801352500915527e-01
6.507280826568603516e+00
4.205653190612792969e+00
-4.133632659912109375e+00
-1.639176011085510254e+00
2.050137519836425781e-01
-1.969658732414245605e-01
4.805073142051696777e-01
2.663941860198974609e+00
-2.378089666366577148e+00
3.306025505065917969e+00
1.878481730818748474e-02
-7.861455678939819336e-01
4.016024112701416016e+00
-3.795555233955383301e-01
1.947099804878234863e+00
-3.275002956390380859e+00
2.236713409423828125e+00
-3.673623800277709961e+00
-4.444800853729248047e+00
1.571002721786499023e+00
2.107262611389160156e+00
8.012978553771972656e+00
5.038680553436279297e+00
1.925241708755493164e+00
-1.658886671066284180e-01
1.814245820045471191e+00
-7.686713218688964844e+00
-6.629320979118347168e-01
3.350955963134765625e+00
2.485022544860839844e+00
-5.063899755477905273e-01
1.734452486038208008e+00
-1.985212564468383789e+00
7.468287944793701172e-01
-4.228536605834960938e+00
5.432725429534912109e+00
-1.807940483093261719e+00
2.536391496658325195e+00
4.784209251403808594e+00
-2.121986627578735352e+00
-1.605548858642578125e+00
4.722622871398925781e+00
-1.251192927360534668e+00
1.923147559165954590e+00
-2.866368770599365234e+00
-4.595107078552246094e+00
3.379721879959106445e+00
2.283598899841308594e+00
4.702622413635253906e+00
4.398221969604492188e+00
9.029952049255371094e+00
-3.928411245346069336e+00
4.475137233734130859e+00
1.828480720520019531e+00
-9.264698624610900879e-02
-5.690572261810302734e-01
3.601459503173828125e+00
-1.041754603385925293e+00
2.561085224151611328e-01
1.252379417419433594e-01
-2.191638946533203125e+00
2.431581974029541016e+00
3.192780017852783203e-01
-2.582528591156005859e+00
1.286690831184387207e+00
1.123155832290649414e+00
-2.173248052597045898e+00
-1.674278855323791504e+00
4.080720424652099609e+00
2.503386974334716797e+00
6.104648113250732422e+00
-2.367200613021850586e+00
3.855370521545410156e+00
2.021405458450317383e+00
5.477221965789794922e+00
5.992215156555175781e+00
-3.592160463333129883e+00
-5.634792327880859375e+00
3.651476860046386719e+00
-3.190953731536865234e+00
-3.086588621139526367e+00
-2.074323415756225586e+00
1.160330295562744141e+00
-1.747265219688415527e+00
-8.428041934967041016e-01
-2.110085487365722656e+00
-1.869490742683410645e-01
1.541683077812194824e+00
4.510227680206298828e+00
2.041538715362548828e+00
2.384574890136718750e+00
-1.121109962463378906e+00
2.316983222961425781e+00
5.837763786315917969e+00
1.043194961547851562e+01
2.768810987472534180e-01
-7.137861847877502441e-01
5.452994346618652344e+00
-8.313095569610595703e-01
1.159988284111022949e+00
-4.063025712966918945e-01
-7.409239411354064941e-01
-6.783845901489257812e+00
-3.249681472778320312e+00
1.413318157196044922e+00
-4.866707324981689453e-02
3.866680860519409180e+00
4.447439193725585938e+00
6.567724227905273438e+00
2.761310100555419922e+00
-3.908192873001098633e+00
-1.362378716468811035e+00
1.197520494461059570e+00
1.097767353057861328e+00
-3.325515985488891602e+00
6.604425430297851562e+00
4.806991100311279297e+00
-3.646015882492065430e+00
1.868728995323181152e+00
-1.538469552993774414e+00
-2.206571578979492188e+00
-2.771711826324462891e+00
3.553385257720947266e+00
3.085283279418945312e+00
5.474300861358642578e+00
-1.242785334587097168e+00
3.155991792678833008e+00
-4.536472320556640625e+00
4.862993240356445312e+00
-1.309323668479919434e+00
-2.708783626556396484e+00
1.965452194213867188e+00
5.676118135452270508e-01
-1.724339246749877930e+00
5.031056404113769531e-01
-1.698599100112915039e+00
3.264878034591674805e+00
1.990426301956176758e+00
-5.177155733108520508e-01
-1.104384660720825195e+00
1.282675027847290039e+00
3.605669498443603516e+00
5.566118717193603516e+00
1.814994335174560547e+00
-5.355324149131774902e-01
2.785848855972290039e+00
3.979974389076232910e-01
-2.455638170242309570e+00
1.595328450202941895e+00
2.995298862457275391e+00
4.231953620910644531e+00
1.002174973487854004e+00
2.810032606124877930e+00
-1.187467575073242188e+00
2.426373481750488281e+00
2.116533041000366211e+00
-5.309438705444335938e+00
-2.784805536270141602e+00
1.122517824172973633e+00
-2.328581809997558594e+00
-2.570692777633666992e+00
3.643486499786376953e+00
-1.624560952186584473e+00
-5.726084709167480469e-01
-1.998641252517700195e+00
9.534025788307189941e-01
-2.043178558349609375e+00
-9.792659878730773926e-01
4.651270866394042969e+00
8.225684165954589844e-01
-8.204053044319152832e-01
-2.715239524841308594e+00
-3.969420790672302246e-01
-2.621013164520263672e+00
-3.600087165832519531e+00
-1.925974726676940918e+00
1.632420182228088379e+00
-3.257526397705078125e+00
-1.802588820457458496e+00
5.528631210327148438e+00
4.732745289802551270e-01
-3.428230285644531250e+00
5.268765687942504883e-01
4.386523723602294922e+00
-8.826868534088134766e-01
7.793362140655517578e+00
9.416455626487731934e-01
-1.694709539413452148e+00
-3.156844854354858398e+00
-3.531556725502014160e-01
-2.451921701431274414e-01
-1.108338475227355957e+00
4.725228309631347656e+00
4.947566986083984375e+00
3.375931262969970703e+00
-2.152258396148681641e+00
2.221947431564331055e+00
3.692650794982910156e+00
1.840937376022338867e+00
2.570162057876586914e+00
4.588422179222106934e-01
-2.675195932388305664e+00
2.006664752960205078e+00
-1.243964433670043945e+00
5.477649688720703125e+00
3.991074562072753906e+00
4.058175086975097656e+00
-2.923843622207641602e+00
-2.219994068145751953e+00
1.172633886337280273e+00
1.299342870712280273e+00
5.873258113861083984e+00
-1.212747693061828613e+00
-1.775792121887207031e+00
-2.791796207427978516e+00
-2.156077861785888672e+00
-1.157918572425842285e-02
3.525973081588745117e+00
4.112226366996765137e-01
8.561809659004211426e-01
-1.874694228172302246e+00
4.486474990844726562e+00
1.640806198120117188e+00
1.343647360801696777e+00
-1.649201273918151855e+00
-1.393884181976318359e+00
-1.477327823638916016e+00
9.240511655807495117e-01
-3.097859144210815430e+00
2.255580902099609375e+00
-3.130789041519165039e+00
-1.998481512069702148e+00
1.002928495407104492e+00
-2.426978111267089844e+00
-9.322322607040405273e-01
-3.472849607467651367e+00
6.666671633720397949e-01
8.108104467391967773e-01
1.106858491897583008e+00
-1.185786962509155273e+00
5.938226580619812012e-01
-9.141607880592346191e-01
-1.168112605810165405e-01
-1.909088373184204102e+00
4.267747700214385986e-01
6.840409040451049805e-01
7.334236502647399902e-01
1.280853033065795898e+00
-1.944971084594726562e+00
3.437759399414062500e+00
1.515736937522888184e+00
7.110705375671386719e-01
3.158624649047851562e+00
9.944180250167846680e-01
6.207389235496520996e-01
-1.645405173301696777e+00
2.709197998046875000e+00
-1.144036650657653809e+00
-2.845297336578369141e+00
-1.288008689880371094e+00
-2.331516265869140625e+00
-2.383453249931335449e-01
-3.121984958648681641e+00
4.858449995517730713e-01
-4.672498226165771484e+00
-6.273456573486328125e+00
3.927127718925476074e-01
-1.095355749130249023e-01
3.076939821243286133e+00
1.776671409606933594e-01
-1.746537685394287109e-01
3.015986919403076172e+00
-1.810680150985717773e+00
3.669724464416503906e+00
-4.322076797485351562e+00
-2.562565803527832031e-01
-1.506260752677917480e+00
-2.644305467605590820e+00
1.616079568862915039e+00
-1.997950434684753418e+00
1.269135355949401855e+00
-8.229258656501770020e-01
2.769571065902709961e+00
9.938504695892333984e-01
-3.246523737907409668e-01
4.537129878997802734e+00
-7.650760412216186523e-01
9.886792898178100586e-01
4.086912870407104492e-01
-2.564570605754852295e-01
-3.610221147537231445e-01
9.744738042354583740e-02
1.990314483642578125e+00
-9.850637316703796387e-01
-4.068073272705078125e+00
4.237711429595947266e-02
-1.755135357379913330e-01
-2.557709932327270508e+00
-1.102373600006103516e-01
8.263102531433105469e+00
