-1.264242053031921387e+00
5.401657104492187500e+00
-2.594268321990966797e+00
-3.718627452850341797e+00
-3.319883823394775391e+00
-2.393651485443115234e+00
-2.317934989929199219e+00
-1.534568667411804199e+00
-1.734328746795654297e+00
-9.025216102600097656e-03
-4.424808025360107422e-01
-1.405241012573242188e+00
-2.504214286804199219e+00
-1.021763682365417480e-01
3.553380966186523438e-01
-2.898438692092895508e+00
-3.344904899597167969e+00
-8.735406994819641113e-01
-1.760859966278076172e+00
-2.739559173583984375e+00
-3.616752386093139648e+00
-2.477483987808227539e+00
-4.977624416351318359e+00
-6.219135284423828125e+00
-2.325110733509063721e-01
-6.589931249618530273e-01
-1.358200788497924805e+00
-2.790992498397827148e+00
1.137761592864990234e+00
9.152624607086181641e-01
-1.431513071060180664e+00
1.127586841583251953e+00
-3.367730379104614258e+00
-8.426183462142944336e-01
1.840133190155029297e+00
-1.949867963790893555e+00
2.243912220001220703e+00
7.797597050666809082e-01
2.659031391143798828e+00
8.153098821640014648e-01
-2.574249505996704102e+00
-3.649469912052154541e-01
-1.743420362472534180e-01
-1.661706209182739258e+00
-6.395817995071411133e-01
2.023921966552734375e+00
-7.504882812500000000e-01
2.456875324249267578e+00
-8.521684408187866211e-01
-2.428771972656250000e+00
9.689953923225402832e-01
-1.449816584587097168e+00
3.369437456130981445e-01
-4.839497208595275879e-01
5.557096004486083984e-01
2.319942235946655273e+00
2.958316087722778320e+00
-1.529693126678466797e+00
-3.038769960403442383e-01
1.326794624328613281e-01
1.983443379402160645e+00
4.115251541137695312e+00
7.197720050811767578e+00
-3.800003826618194580e-01
2.336129665374755859e+00
-8.449330329895019531e-01
1.620492100715637207e+00
-1.630238294601440430e+00
1.586711049079895020e+00
7.428307533264160156e-01
-1.591033458709716797e+00
1.202105760574340820e+00
-9.021473526954650879e-01
-5.098506808280944824e-01
5.488984584808349609e-01
5.765887498855590820e-01
3.415661334991455078e+00
1.829764127731323242e+00
1.786320209503173828e+00
-2.160034179687500000e+00
-3.727601051330566406e+00
-1.785316109657287598e+00
-1.813492178916931152e+00
-5.506518840789794922e+00
1.872695326805114746e+00
-3.070456981658935547e+00
-1.849005699157714844e+00
-4.675814807415008545e-01
1.237675309181213379e+00
-4.896727502346038818e-01
1.528257727622985840e-01
-5.716891288757324219e-01
-2.388466298580169678e-01
-2.006836175918579102e+00
-2.304853916168212891e+00
-2.528319120407104492e+00
2.137816905975341797e+00
-3.937008380889892578e+00
-2.887697219848632812e+00
-4.901912689208984375e+00
-2.201136827468872070e+00
-2.104985713958740234e-02
-2.947193145751953125e+00
7.966694831848144531e-01
-4.692613780498504639e-01
8.191978931427001953e-02
-8.538409471511840820e-01
1.397114157676696777e+00
1.243588566780090332e+00
3.674728631973266602e+00
-2.546962022781372070e+00
-2.754828453063964844e+00
1.606153845787048340e-01
-2.894758880138397217e-01
-1.978367924690246582e+00
4.066361188888549805e-01
-1.717606425285339355e+00
3.675079822540283203e+00
-5.456396937370300293e-01
-6.197937130928039551e-01
-4.314143180847167969e+00
-1.374210834503173828e+00
-3.673051297664642334e-01
-1.400254964828491211e+00
5.856287479400634766e-01
-1.055543720722198486e-01
3.541553020477294922e-02
-1.108745694160461426e+00
-2.970521926879882812e+00
-2.241406202316284180e+00
-2.069101333618164062e-01
-9.510493278503417969e-01
1.080531358718872070e+00
-7.513025999069213867e-01
-3.319285392761230469e+00
-4.369088172912597656e+00
-4.167848110198974609e+00
-4.967498779296875000e+00
-3.042679786682128906e+00
-2.010375022888183594e+00
6.483790874481201172e-01
-3.295406818389892578e+00
-3.584193706512451172e+00
-2.182434797286987305e+00
-3.983854532241821289e+00
-2.833547830581665039e+00
-6.000951290130615234e+00
-2.994459867477416992e+00
-2.226710796356201172e+00
-1.512825250625610352e+00
-3.248232364654541016e+00
2.653938770294189453e+00
2.657680511474609375e-01
5.394829511642456055e-01
-7.287507653236389160e-01
5.492808222770690918e-01
2.920278549194335938e+00
2.207441568374633789e+00
6.418895125389099121e-01
-2.448199510574340820e+00
-7.150221467018127441e-01
-2.239274829626083374e-01
2.534839630126953125e+00
-6.617528796195983887e-01
2.675815343856811523e+00
-4.318366050720214844e-01
-1.697211384773254395e+00
-1.241770744323730469e+00
-4.003749847412109375e+00
-3.368511199951171875e-01
1.427264690399169922e+00
-1.088528394699096680e+00
9.613696336746215820e-01
1.385187029838562012e+00
-1.004622220993041992e+00
-1.755034804344177246e+00
-1.368330717086791992e+00
-4.933467507362365723e-01
2.508081793785095215e-01
2.318019121885299683e-01
-1.311101913452148438e+00
7.086961269378662109e-01
9.843514561653137207e-01
3.103241920471191406e-01
-4.216142177581787109e+00
4.126116335391998291e-01
-4.290355741977691650e-01
3.665024042129516602e-01
5.469557046890258789e-01
-5.101369619369506836e-01
-2.319100141525268555e+00
-8.231058120727539062e-01
1.086932420730590820e+00
9.166705608367919922e-02
-2.273810148239135742e+00
7.619435787200927734e-01
-4.540001600980758667e-02
7.077636718750000000e-01
-8.093949556350708008e-01
6.064968109130859375e-01
-1.216671466827392578e-01
7.132902741432189941e-03
-2.653037071228027344e+00
1.393223702907562256e-01
1.778654098510742188e+00
-1.001790285110473633e+00
8.025267720222473145e-01
6.717120110988616943e-02
8.139505982398986816e-02
-6.779338717460632324e-01
-2.379465699195861816e-01
-5.679953098297119141e-02
1.307267785072326660e+00
-1.364142894744873047e+00
1.189682126045227051e+00
1.885627031326293945e+00
6.319195032119750977e-01
1.640493035316467285e+00
-9.138420224189758301e-02
1.776389479637145996e+00
-1.437942147254943848e+00
-1.456812024116516113e-01
9.289569854736328125e-01
-1.554919362068176270e+00
-4.068033218383789062e+00
-9.485867023468017578e-01
2.436444163322448730e-01
1.254675984382629395e+00
1.240908622741699219e+00
1.421500563621520996e+00
-1.644547224044799805e+00
2.136251032352447510e-01
6.583055257797241211e-01
-1.180569827556610107e-02
1.783462047576904297e+00
-1.159206151962280273e+00
-2.038144588470458984e+00
3.032808065414428711e+00
1.837018609046936035e+00
-4.477401971817016602e-01
1.428206264972686768e-01
1.025265455245971680e+00
3.292348980903625488e-02
-1.370763897895812988e+00
-8.892340660095214844e-01
2.821023225784301758e+00
-1.313943386077880859e+00
1.899429559707641602e+00
-1.317996978759765625e-01
-4.166685342788696289e-01
1.004353165626525879e+00
1.077629685401916504e+00
5.701304674148559570e-01
6.040531992912292480e-01
2.690855503082275391e+00
1.783880710601806641e+00
-8.632445335388183594e-01
1.313075900077819824e+00
-2.579448938369750977e+00
1.228516697883605957e-01
-5.596502423286437988e-01
-1.247551679611206055e+00
-1.878530502319335938e+00
1.101704835891723633e+00
2.917896509170532227e+00
2.048871517181396484e+00
3.481398522853851318e-02
-1.836447477340698242e+00
-2.073967933654785156e+00
-5.753099322319030762e-01
-2.773503661155700684e-01
5.224585533142089844e-03
-2.799596637487411499e-02
-1.313243746757507324e+00
4.888355731964111328e-02
-7.242403626441955566e-01
-2.378650426864624023e+00
-1.068047523498535156e+00
-1.124224662780761719e+00
1.106014132499694824e+00
7.197093963623046875e-01
3.982155025005340576e-01
2.882759809494018555e+00
2.299237012863159180e+00
4.301967918872833252e-01
1.448156595230102539e+00
-7.171763777732849121e-01
-3.618104457855224609e+00
-5.822485685348510742e-01
-1.985822319984436035e+00
1.507603883743286133e+00
-1.684142351150512695e+00
3.286900758743286133e+00
-4.519364356994628906e+00
-3.329474449157714844e+00
-6.225104331970214844e-01
-1.759821653366088867e+00
1.027563333511352539e+00
-4.377453327178955078e+00
-2.453135490417480469e+00
-9.370388984680175781e-01
-1.690006017684936523e+00
-1.690053701400756836e+00
-1.454393267631530762e+00
-3.036129236221313477e+00
-2.633550643920898438e+00
-4.715690612792968750e+00
-1.221401572227478027e+00
5.054125785827636719e-01
9.010712504386901855e-01
1.185953259468078613e+00
-2.949347734451293945e+00
-8.025020360946655273e-01
6.660107374191284180e-01
1.229032635688781738e+00
1.015429973602294922e+00
1.840580701828002930e-01
-2.443386793136596680e+00
9.352283477783203125e-01
9.155042767524719238e-01
-1.459392786026000977e+00
9.946832656860351562e-01
-1.430770397186279297e+00
9.098440408706665039e-01
-6.821001768112182617e-01
-6.905301809310913086e-01
-5.385830402374267578e-01
-1.180731534957885742e+00
-1.420346736907958984e+00
-3.040465593338012695e+00
3.004903078079223633e+00
1.067496180534362793e+00
2.571467876434326172e+00
2.431245565414428711e+00
-1.612917900085449219e+00
-3.676286935806274414e+00
-3.526484489440917969e+00
-2.797198295593261719e+00
6.941953897476196289e-01
-1.320536017417907715e+00
4.205760002136230469e+00
3.817722320556640625e+00
9.854564070701599121e-01
-2.371459007263183594e+00
-1.589253306388854980e+00
-9.447284340858459473e-01
-1.587449461221694946e-01
-4.575918197631835938e+00
-2.378592491149902344e+00
-1.774231791496276855e+00
-1.201076269149780273e+00
-2.810203552246093750e+00
-1.650033831596374512e+00
-2.384590148925781250e+00
4.024549722671508789e-01
-6.261640787124633789e-01
-1.828597307205200195e+00
-2.166789770126342773e+00
1.026665687561035156e+00
-1.338482797145843506e-01
-1.168203234672546387e+00
5.374217033386230469e-01
-2.417336702346801758e+00
-1.150107502937316895e+00
1.620869398117065430e+00
1.636029005050659180e+00
5.397025942802429199e-01
-2.715596437454223633e+00
-1.060167312622070312e+00
-1.430611848831176758e+00
-2.531625509262084961e+00
-1.087844967842102051e+00
-3.933627843856811523e+00
-2.098314285278320312e+00
-9.448541998863220215e-01
-4.941158294677734375e-01
-3.579145967960357666e-01
-3.155302107334136963e-01
-1.305313587188720703e+00
-1.810934394598007202e-01
-2.879727125167846680e+00
-6.343182921409606934e-01
-1.455403566360473633e+00
6.171965599060058594e-02
-1.761619448661804199e+00
1.856213808059692383e+00
-2.152640819549560547e+00
3.769299983978271484e-01
-1.618601322174072266e+00
-2.714854955673217773e+00
-3.001919984817504883e+00
-3.061170101165771484e+00
2.416356086730957031e+00
1.749092340469360352e-01
-2.311978101730346680e+00
-3.290469884872436523e+00
3.323713779449462891e+00
-2.777054786682128906e+00
3.479318380355834961e+00
3.383307456970214844e+00
1.674235939979553223e+00
-1.857537984848022461e+00
-2.235227823257446289e-01
-4.751411914825439453e+00
-7.561246156692504883e-01
7.003532052040100098e-01
-1.883072495460510254e+00
-4.038211405277252197e-01
-3.547054767608642578e+00
-1.447114467620849609e+00
-1.462734341621398926e+00
6.212181091308593750e+00
-1.215930342674255371e+00
1.415295243263244629e+00
4.107640743255615234e+00
1.104885816574096680e+00
6.837129592895507812e-03
4.176225185394287109e+00
-1.301036715507507324e+00
2.558145999908447266e+00
-5.192960500717163086e-01
-1.524909257888793945e+00
-8.185879886150360107e-02
-1.675955533981323242e+00
6.642251968383789062e+00
-1.617375612258911133e+00
-9.712913036346435547e-01
-4.124745428562164307e-01
-2.242605209350585938e+00
1.827232360839843750e+00
-1.866492748260498047e+00
2.561727762222290039e+00
-3.661734580993652344e+00
2.205638647079467773e+00
5.670057296752929688e+00
2.513235807418823242e-01
-4.856359958648681641e-01
-7.514546513557434082e-01
-1.896007537841796875e+00
-4.133934378623962402e-01
5.445147752761840820e-01
-2.376803159713745117e-01
-4.691257476806640625e+00
5.226121425628662109e+00
-1.099323153495788574e+00
1.615384817123413086e-01
9.644649028778076172e-01
8.120718002319335938e-01
-6.137137413024902344e-01
-3.348085284233093262e-01
1.042418479919433594e+00
-6.810244917869567871e-01
2.809892416000366211e+00
-2.305673360824584961e+00
-3.501713275909423828e+00
3.040671348571777344e-01
2.520588636398315430e-01
4.709752559661865234e+00
-6.234268844127655029e-02
1.577540278434753418e+00
1.357059478759765625e+00
9.147900342941284180e-01
3.295600891113281250e+00
1.646169424057006836e+00
3.822410583496093750e+00
5.742958784103393555e-01
-2.277926445007324219e+00
1.785113215446472168e-01
-1.786790370941162109e+00
-1.798327803611755371e+00
-6.585730314254760742e-01
-3.097397804260253906e+00
-4.075483798980712891e+00
-2.867217063903808594e+00
4.946905612945556641e+00
-3.113465547561645508e+00
3.972834587097167969e+00
-2.536264181137084961e+00
3.404322147369384766e+00
-3.127838611602783203e+00
-8.634135723114013672e-01
1.030092000961303711e+00
-1.481902360916137695e+00
1.487985610961914062e+00
-2.868217706680297852e+00
1.523522734642028809e+00
-3.059276580810546875e+00
1.744587898254394531e+00
4.134875535964965820e-02
1.217612028121948242e+00
7.556595206260681152e-01
-5.975160598754882812e+00
-3.766195774078369141e-01
-2.120558023452758789e+00
-8.318657279014587402e-01
-7.969741225242614746e-01
1.837146162986755371e+00
1.415741801261901855e+00
-8.608554005622863770e-01
-2.229303359985351562e+00
-3.500313282012939453e+00
5.519155025482177734e+00
2.106322765350341797e+00
-8.757328987121582031e-01
4.493804931640625000e+00
-1.308050602674484253e-01
2.971800565719604492e-01
9.124355018138885498e-02
-1.200752019882202148e+00
2.567306280136108398e+00
-8.313224315643310547e-01
-1.387498021125793457e+00
-2.823745727539062500e+00
-2.234828948974609375e+00
2.047270774841308594e+00
1.575965285301208496e-01
8.205736279487609863e-01
-2.069817066192626953e+00
3.967010974884033203e+00
1.807984828948974609e+00
3.805572986602783203e+00
-2.112271934747695923e-01
1.001456737518310547e+00
-1.453114748001098633e+00
-2.563948154449462891e+00
-2.855211734771728516e+00
-3.836836576461791992e+00
-3.210964441299438477e+00
-1.404505491256713867e+00
4.098254680633544922e+00
2.668502330780029297e+00
-3.241081476211547852e+00
-8.963740617036819458e-02
4.645753860473632812e+00
-2.648539304733276367e+00
-4.493331909179687500e+00
-1.645390272140502930e+00
2.050588130950927734e-01
-1.744564175605773926e+00
6.771216392517089844e+00
-2.001243352890014648e+00
1.175806641578674316e+00
2.651916980743408203e+00
-6.249157190322875977e-01
-2.643964290618896484e-01
-5.202129483222961426e-02
-7.871873378753662109e-01
-1.345534801483154297e+00
-4.125226974487304688e+00
5.821396350860595703e+00
-5.184889316558837891e+00
2.106063842773437500e+00
5.355587005615234375e+00
-2.578492164611816406e+00
-2.787597417831420898e+00
-1.373298287391662598e+00
6.174285411834716797e+00
1.489507436752319336e+00
-2.356203556060791016e+00
-8.696147799491882324e-01
2.658246994018554688e+00
-3.521851062774658203e+00
2.232734918594360352e+00
-2.316132068634033203e+00
7.759895324707031250e-01
4.540531635284423828e+00
-2.864244222640991211e+00
-1.076665878295898438e+00
4.247224330902099609e+00
-1.523254394531250000e+00
-2.570995688438415527e-01
-6.225794315338134766e+00
2.321787834167480469e+00
-1.418272256851196289e+00
1.500876426696777344e+00
-8.912831544876098633e-01
-1.179798722267150879e+00
1.995300292968750000e+00
2.496602296829223633e+00
-2.868427515029907227e+00
1.008493781089782715e+00
-5.172468423843383789e-01
-4.424475431442260742e-01
-2.005211353302001953e+00
4.667561531066894531e+00
4.603588581085205078e+00
-1.675278186798095703e+00
-2.778421401977539062e+00
4.043737411499023438e+00
7.317783832550048828e-01
-1.603794336318969727e+00
9.688375473022460938e+00
-2.655405759811401367e+00
8.181536793708801270e-01
-2.671196222305297852e+00
-2.828064918518066406e+00
-7.114164829254150391e-01
9.361250996589660645e-01
-2.722831010818481445e+00
2.279105901718139648e+00
2.200323581695556641e+00
4.199793338775634766e+00
1.550439476966857910e+00
-3.289377212524414062e+00
3.093616962432861328e-01
6.176720142364501953e+00
2.076856493949890137e-01
-2.211848020553588867e+00
3.805991411209106445e+00
-2.333446741104125977e+00
3.367109775543212891e+00
9.863202095031738281e+00
-1.070579171180725098e+00
-2.045340776443481445e+00
4.282251358032226562e+00
8.194488286972045898e-01
4.099140644073486328e+00
2.861088752746582031e+00
1.399192929267883301e+00
4.477216720581054688e+00
6.380867481231689453e+00
-1.202507376670837402e+00
1.251512765884399414e+00
-1.700716018676757812e+00
-3.219143390655517578e+00
-9.161317348480224609e-01
1.785431146621704102e+00
-2.700557470321655273e+00
-1.192844748497009277e+00
1.515452623367309570e+00
8.696948885917663574e-01
2.609849214553833008e+00
1.532884359359741211e+00
4.519689083099365234e-02
-3.192225217819213867e+00
-1.319988012313842773e+00
3.614766120910644531e+00
7.434417307376861572e-02
1.862333655357360840e+00
4.514082908630371094e+00
5.182660222053527832e-01
2.832385540008544922e+00
-1.561936616897583008e+00
6.225296020507812500e+00
-5.154433250427246094e-01
3.351340055465698242e+00
3.470814228057861328e+00
1.285829544067382812e-01
-2.726194381713867188e+00
-5.636590719223022461e-02
-5.375106334686279297e-01
2.216146886348724365e-02
2.020381927490234375e+00
-1.361446976661682129e-01
-2.370153665542602539e-01
3.604011535644531250e+00
-1.321371316909790039e+00
-2.371256828308105469e+00
4.781032085418701172e+00
3.715350151062011719e+00
-1.107765674591064453e+00
-3.484623193740844727e+00
-1.187324523925781250e-02
-1.883231878280639648e+00
3.145566701889038086e+00
-2.347938776016235352e+00
6.264106035232543945e-01
1.521738886833190918e+00
6.140569448471069336e-01
5.487819671630859375e+00
-8.678480982780456543e-01
1.352530717849731445e-01
5.100550055503845215e-01
9.569034576416015625e-01
-9.766440987586975098e-01
-5.304292440414428711e-01
-1.543303430080413818e-01
-2.259531021118164062e+00
-1.777275204658508301e+00
3.279775381088256836e-01
2.042826652526855469e+00
-2.243946790695190430e+00
1.403986454010009766e+00
1.034219145774841309e+00
-6.360866427421569824e-01
-1.441461086273193359e+00
-4.425335884094238281e+00
-7.515079379081726074e-01
-1.860799789428710938e+00
1.537962198257446289e+00
5.437140464782714844e-01
1.973106503486633301e+00
6.143671512603759766e+00
-1.277621269226074219e+00
-1.023681640625000000e+00
2.975077152252197266e+00
5.198610305786132812e+00
3.413121461868286133e+00
3.480836153030395508e-01
2.892149686813354492e+00
4.664318561553955078e+00
3.518417358398437500e+00
-1.915375471115112305e+00
-2.638978958129882812e+00
1.787600994110107422e+00
2.840882539749145508e-01
-1.425866246223449707e+00
1.299563884735107422e+00
-2.904113292694091797e+00
3.143578529357910156e+00
-3.213058471679687500e+00
-5.972421169281005859e-02
-5.335323810577392578e-01
-2.834445953369140625e+00
8.845037221908569336e-01
-3.879936456680297852e+00
-2.117300033569335938e-02
-3.812784910202026367e+00
-3.482118129730224609e+00
7.320541739463806152e-01
-1.426585674285888672e+00
7.303416728973388672e+00
3.537841320037841797e+00
3.096835136413574219e+00
4.254213571548461914e-01
-1.337628364562988281e+00
-4.818123817443847656e+00
-1.579481840133666992e+00
4.140065670013427734e+00
-3.389239311218261719e+00
-2.119124174118041992e+00
1.653451442718505859e+00
6.405526995658874512e-01
-2.174890041351318359e-01
-1.649693131446838379e+00
7.576978206634521484e+00
-1.161163330078125000e+00
9.698340892791748047e-01
1.073683381080627441e+00
-2.695701599121093750e+00
-3.065707921981811523e+00
9.923957824707031250e+00
5.233924984931945801e-01
3.677098274230957031e+00
-6.677612066268920898e-01
-4.177628040313720703e+00
3.619938611984252930e+00
1.906755566596984863e+00
3.728940486907958984e+00
9.238142967224121094e-01
1.062273788452148438e+01
1.394142746925354004e+00
2.189715802669525146e-01
2.218158006668090820e+00
-1.408044338226318359e+00
-2.144153833389282227e+00
-2.555684149265289307e-01
6.171147823333740234e-01
-8.752649426460266113e-01
2.023644208908081055e+00
-3.586246490478515625e+00
4.061361312866210938e+00
-1.855792045593261719e+00
-1.094948410987854004e+00
1.788706064224243164e+00
-3.132899284362792969e+00
-2.742302179336547852e+00
-1.197876811027526855e+00
3.709943771362304688e+00
1.849211454391479492e-01
1.267834186553955078e+00
-3.573622465133666992e+00
5.019422531127929688e+00
4.615866243839263916e-01
2.304357290267944336e-01
6.483604431152343750e+00
-2.545984506607055664e+00
-3.065758228302001953e+00
-1.211600303649902344e+00
-2.723995923995971680e+00
-3.246047258377075195e+00
-6.877824068069458008e-01
1.980016589164733887e+00
-3.059035778045654297e+00
-2.110138893127441406e+00
-1.139673829078674316e+00
-2.011481046676635742e+00
3.306868314743041992e+00
1.953589916229248047e+00
2.153001308441162109e+00
-1.528219223022460938e+00
-3.099102258682250977e+00
1.462923049926757812e+00
5.188534736633300781e+00
1.143382072448730469e+01
1.827270388603210449e+00
2.133297681808471680e+00
4.436857223510742188e+00
-1.641748428344726562e+00
-2.874252796173095703e-01
1.268074989318847656e+00
7.235912084579467773e-01
-2.653585910797119141e+00
-2.353652477264404297e+00
-2.550968527793884277e-02
-1.272091150283813477e+00
5.397325515747070312e+00
-1.988067746162414551e+00
4.725720882415771484e+00
3.068990468978881836e+00
-4.893430233001708984e+00
-2.024726152420043945e+00
-3.617822527885437012e-01
-1.382608413696289062e+00
-3.874357938766479492e-01
2.696280479431152344e+00
4.254596233367919922e+00
-8.681433796882629395e-01
-1.121260166168212891e+00
-1.546755731105804443e-01
-2.794232845306396484e+00
-4.780205726623535156e+00
1.272320032119750977e+00
3.140503883361816406e+00
6.124351024627685547e+00
8.509188890457153320e-01
-2.702227532863616943e-01
-4.483098506927490234e+00
-5.535262823104858398e-01
7.576882839202880859e-01
8.697944879531860352e-02
1.513242721557617188e+00
-1.023093938827514648e+00
-4.410075187683105469e+00
-4.259573221206665039e-01
-4.142169475555419922e+00
3.088947772979736328e+00
3.591821193695068359e+00
3.386585712432861328e+00
-1.703063964843750000e+00
4.179991245269775391e+00
3.777012825012207031e+00
7.676668167114257812e+00
7.217298448085784912e-02
-1.128909587860107422e+00
1.712279200553894043e+00
-1.165716290473937988e+00
-3.354318141937255859e+00
-2.332891702651977539e+00
1.725456118583679199e+00
3.643611192703247070e+00
-1.416833847761154175e-01
2.175032138824462891e+00
-2.422281980514526367e+00
4.540919780731201172e+00
2.701503276824951172e+00
-4.895099639892578125e+00
-9.538500308990478516e-01
8.990494012832641602e-01
-1.742999315261840820e+00
5.667700767517089844e-01
2.649409294128417969e+00
-3.443352878093719482e-01
1.324935197830200195e+00
5.735105276107788086e-01
4.192629337310791016e+00
-3.285089015960693359e+00
-5.429664850234985352e-01
4.249705791473388672e+00
1.301411747932434082e+00
-4.193600177764892578e+00
-3.844557046890258789e+00
1.599326372146606445e+00
-1.912169218063354492e+00
-4.294631004333496094e+00
1.458650946617126465e+00
1.483523845672607422e+00
-1.703902482986450195e+00
-1.987220168113708496e+00
4.713502883911132812e+00
4.331166744232177734e+00
-3.566696882247924805e+00
2.039599895477294922e+00
3.785012960433959961e+00
-1.980655193328857422e+00
8.668807983398437500e+00
3.368194699287414551e-01
3.472723484039306641e+00
-1.179139733314514160e+00
-7.456898689270019531e-02
1.461750507354736328e+00
-6.006006002426147461e-01
2.982724666595458984e+00
3.467937469482421875e+00
2.540122985839843750e+00
3.164146542549133301e-01
2.312510013580322266e-01
1.657672047615051270e+00
1.131636142730712891e+00
6.895821690559387207e-01
-1.168936491012573242e+00
-3.319967508316040039e+00
3.040641546249389648e+00
-1.009998321533203125e-01
3.804466724395751953e+00
2.156039953231811523e+00
2.938124895095825195e+00
6.913679242134094238e-01
-1.243211030960083008e+00
-8.472248315811157227e-01
1.048400282859802246e+00
8.351799964904785156e+00
-1.494755744934082031e+00
-7.767286300659179688e-01
-3.333294391632080078e+00
-9.336629509925842285e-01
9.345281124114990234e-01
6.254247665405273438e+00
-1.517567515373229980e+00
1.419624209403991699e+00
-3.101720333099365234e+00
4.529049873352050781e+00
2.775819778442382812e+00
6.687879562377929688e-01
-1.052139520645141602e+00
4.898769855499267578e-01
-2.058192253112792969e+00
8.200830221176147461e-01
4.802402853965759277e-02
3.348553657531738281e+00
-2.964508533477783203e+00
-2.005884408950805664e+00
-1.013278961181640625e+00
-3.985450267791748047e+00
-1.742139339447021484e+00
-3.572126388549804688e+00
3.098899364471435547e+00
-1.078202724456787109e+00
-9.631024599075317383e-01
-2.428665399551391602e+00
1.512203663587570190e-01
-2.317715883255004883e+00
-4.691623449325561523e-01
-2.712868213653564453e+00
1.369968950748443604e-01
-5.755143165588378906e-01
-2.148305654525756836e+00
-1.379337668418884277e+00
-1.287013292312622070e+00
-5.774478316307067871e-01
3.358054637908935547e+00
3.103699386119842529e-01
1.274459719657897949e+00
-1.416915535926818848e+00
-7.875788211822509766e-02
-2.768204689025878906e+00
-1.345555067062377930e+00
-1.337856173515319824e+00
-8.648231029510498047e-01
-1.698129177093505859e+00
-4.403581023216247559e-01
-3.096088171005249023e+00
-5.189684391021728516e+00
2.041180245578289032e-02
-5.035585880279541016e+00
-5.022788047790527344e+00
3.263843059539794922e+00
-6.262716650962829590e-01
2.700207233428955078e+00
-7.245236635208129883e-01
-6.245937347412109375e-01
2.447331428527832031e+00
-6.488740444183349609e-03
4.644136428833007812e+00
-1.616142153739929199e+00
7.959395647048950195e-01
-4.178776741027832031e-01
-1.738543272018432617e+00
3.371122121810913086e+00
-9.352546930313110352e-01
3.730632781982421875e+00
4.161933660507202148e-01
2.918369531631469727e+00
1.891871571540832520e+00
-1.111740469932556152e-01
2.345759868621826172e+00
-1.752203226089477539e+00
8.534078598022460938e-01
-2.762945890426635742e+00
-1.474342942237854004e+00
-2.220630407333374023e+00
-9.918403625488281250e-02
-2.394460201263427734e+00
-1.897611856460571289e+00
-4.739930152893066406e+00
-2.426288604736328125e+00
-1.919596791267395020e+00
-4.635143756866455078e+00
-3.435304164886474609e-01
4.679169654846191406e+00
