2.094838023185729980e-01
1.067406535148620605e+00
-2.477004289627075195e+00
-1.501756310462951660e+00
-3.996885061264038086e+00
8.741227388381958008e-01
-1.773232579231262207e+00
-1.663321971893310547e+00
-1.493164181709289551e+00
-5.912398695945739746e-01
5.962492227554321289e-01
-1.779981493949890137e+00
-2.433258742094039917e-01
7.166000604629516602e-01
-1.534834146499633789e+00
-1.643276333808898926e+00
-4.769130706787109375e+00
-7.537862658500671387e-01
-1.713711977005004883e+00
2.839587926864624023e-01
-6.823838710784912109e+00
-4.318030834197998047e+00
-6.298868179321289062e+00
-5.570657730102539062e+00
-3.044396042823791504e-01
-3.062222957611083984e+00
-3.373785257339477539e+00
1.503596901893615723e-01
-3.671893477439880371e-01
-3.220253467559814453e+00
-4.931268990039825439e-01
-1.456886172294616699e+00
-4.719182968139648438e+00
-1.635720252990722656e+00
9.160375595092773438e-01
-1.488368034362792969e+00
1.529476284980773926e+00
6.688551306724548340e-01
8.671424537897109985e-02
-7.337074279785156250e-01
-1.101438045501708984e+00
-3.344338238239288330e-01
-2.505689620971679688e+00
-4.346827268600463867e-01
1.007980585098266602e+00
8.425329327583312988e-01
-3.788934946060180664e-01
-2.178904533386230469e+00
2.583828568458557129e-01
-4.014771461486816406e+00
-1.893980503082275391e+00
-4.561631679534912109e+00
2.864203929901123047e+00
2.496461629867553711e+00
1.954603433609008789e+00
1.272205352783203125e+00
2.815202236175537109e+00
1.041322350502014160e+00
2.006473541259765625e+00
2.502671241760253906e+00
5.061695098876953125e+00
2.599944591522216797e+00
3.625320434570312500e+00
3.951573669910430908e-01
1.786263823509216309e+00
1.889138936996459961e+00
1.150771379470825195e+00
1.562144517898559570e+00
2.113554239273071289e+00
1.924692988395690918e+00
-2.174383163452148438e+00
-1.289853334426879883e+00
-4.750730037689208984e+00
-1.826064348220825195e+00
-3.009100198745727539e+00
-2.146155595779418945e+00
4.191275835037231445e-01
5.725347995758056641e-01
3.354716598987579346e-01
-2.079528272151947021e-01
-2.873153209686279297e+00
-3.767617225646972656e+00
-1.391331791877746582e+00
-5.124853610992431641e+00
5.423089265823364258e-01
-3.545938491821289062e+00
-1.950210571289062500e+00
-9.860426783561706543e-01
-7.635104656219482422e-02
-9.200382232666015625e-02
-6.251404285430908203e-01
-1.471326828002929688e+00
1.430687606334686279e-01
-3.798150062561035156e+00
-1.492624878883361816e+00
-2.545027494430541992e+00
4.797787666320800781e-01
-3.026386737823486328e+00
-1.716385841369628906e+00
-4.756091594696044922e+00
-5.642772674560546875e+00
-3.065556526184082031e+00
-1.946021437644958496e+00
3.405957221984863281e-01
-3.863072693347930908e-01
-2.590246200561523438e-01
-2.198509216308593750e+00
8.896650075912475586e-01
-1.983985066413879395e+00
-1.388646006584167480e+00
-4.104265689849853516e+00
9.653413295745849609e-02
-1.517937779426574707e-01
-2.020614594221115112e-01
-1.423908472061157227e+00
-3.673830986022949219e+00
-2.308099031448364258e+00
9.060878753662109375e-01
8.362108469009399414e-01
1.477421045303344727e+00
-4.374562263488769531e+00
-1.379555940628051758e+00
5.784443020820617676e-01
-2.543520450592041016e+00
2.601300001144409180e+00
-2.028161525726318359e+00
-1.645893812179565430e+00
-3.250103950500488281e+00
-5.554961204528808594e+00
-3.057261466979980469e+00
-4.735137939453125000e+00
-2.055362939834594727e+00
-2.096044301986694336e+00
-1.096493721008300781e+00
-2.863364219665527344e+00
-3.053756713867187500e+00
-4.558776855468750000e+00
-3.836789846420288086e+00
-1.302374124526977539e+00
-3.421612262725830078e+00
-1.797592878341674805e+00
-2.672475337982177734e+00
-1.652613401412963867e+00
-6.884440422058105469e+00
-2.699795722961425781e+00
-4.877571105957031250e+00
-6.307078361511230469e+00
-3.718301057815551758e+00
-2.305265903472900391e+00
-2.669352293014526367e-02
-3.930042266845703125e+00
5.593263506889343262e-01
-1.185671091079711914e+00
9.586815536022186279e-02
-6.833404302597045898e-01
2.840531110763549805e+00
1.654993772506713867e+00
-2.650641918182373047e+00
-3.583629369735717773e+00
-3.120996475219726562e+00
-2.920794486999511719e+00
8.973762989044189453e-01
3.714947223663330078e+00
7.718536257743835449e-01
2.480407476425170898e+00
1.185159906744956970e-01
1.167049288749694824e+00
-1.134180307388305664e+00
-1.636964321136474609e+00
-1.867015600204467773e+00
-1.762793511152267456e-01
-2.498534917831420898e-01
-1.116721510887145996e+00
-1.165318012237548828e+00
-3.081999540328979492e+00
-1.927060127258300781e+00
-7.997099161148071289e-01
-2.050425767898559570e+00
9.216375946998596191e-01
-4.313504219055175781e+00
-4.233496665954589844e+00
-1.626079678535461426e+00
1.734692215919494629e+00
-4.537244737148284912e-01
-2.337710857391357422e+00
-3.659751415252685547e-01
-4.397613048553466797e+00
-1.096605777740478516e+00
-3.437529087066650391e+00
-2.381506919860839844e+00
-2.246777057647705078e+00
-2.006567716598510742e+00
-9.208158850669860840e-01
-7.896000146865844727e-01
-2.390229463577270508e+00
-5.851548910140991211e-01
-7.346128821372985840e-01
-2.206033468246459961e-02
-4.155611395835876465e-01
-1.199563264846801758e+00
-2.819899320602416992e+00
-3.022982478141784668e-01
-3.183584928512573242e+00
-3.388232946395874023e+00
1.045412302017211914e+00
-2.845925390720367432e-01
-1.802975416183471680e+00
-6.920323371887207031e-01
3.434083759784698486e-01
5.744631886482238770e-01
-1.589219093322753906e+00
-9.933779239654541016e-01
-4.576437771320343018e-01
-2.810809314250946045e-01
-1.255977153778076172e-01
-6.425842046737670898e-01
-2.374547719955444336e-01
5.810213685035705566e-01
1.703966617584228516e+00
-1.496226549148559570e+00
-2.909498214721679688e+00
-7.072393298149108887e-01
-1.116785049438476562e+00
5.650359392166137695e-01
-3.701199769973754883e+00
-8.556941747665405273e-01
-1.850826501846313477e+00
-1.875995397567749023e+00
-2.206847429275512695e+00
-4.733482301235198975e-01
-6.599093675613403320e-01
1.215393245220184326e-01
3.622554242610931396e-02
-8.126772642135620117e-01
1.482203602790832520e-01
-1.471556901931762695e+00
-1.567737102508544922e+00
-1.708633303642272949e-01
-1.897514611482620239e-02
9.669526815414428711e-01
9.695049524307250977e-01
2.060057520866394043e-01
-7.851790189743041992e-01
-4.572845101356506348e-01
-1.334248542785644531e+00
6.652835607528686523e-01
3.667956590652465820e-02
3.158447742462158203e+00
-1.597552418708801270e+00
-1.110764503479003906e+00
-2.163254737854003906e+00
9.428875446319580078e-01
6.176474690437316895e-01
-1.132901668548583984e+00
4.998136997222900391e+00
2.527078628540039062e+00
-2.366267442703247070e+00
-2.058701753616333008e+00
-4.141758918762207031e+00
-1.893485069274902344e+00
-3.184398889541625977e+00
-4.195289611816406250e+00
-7.265117764472961426e-02
1.416339874267578125e+00
-4.353758692741394043e-01
-1.239233255386352539e+00
-2.845088481903076172e+00
-3.082183361053466797e+00
-3.019847869873046875e+00
-1.348075509071350098e+00
-2.231328964233398438e+00
-1.346892952919006348e+00
-1.956642866134643555e+00
-1.963811755180358887e+00
-2.083546876907348633e+00
-3.972913742065429688e+00
-5.164184570312500000e+00
-2.508202075958251953e+00
-4.757079601287841797e+00
-4.164276123046875000e+00
-1.834422349929809570e+00
-9.329789280891418457e-01
5.873865485191345215e-01
2.699616432189941406e+00
3.341265618801116943e-01
-1.664846539497375488e+00
-7.947481870651245117e-01
-3.557700395584106445e+00
-2.285845279693603516e+00
-2.859420299530029297e+00
2.661740779876708984e-02
-4.850383758544921875e+00
5.591608285903930664e-01
-5.478493213653564453e+00
-3.248960971832275391e+00
-1.427068233489990234e+00
-5.142876625061035156e+00
-1.534721136093139648e+00
-6.024509906768798828e+00
-2.732038021087646484e+00
-1.510148167610168457e+00
-1.841009140014648438e+00
-4.001258373260498047e+00
-2.569553852081298828e+00
-3.179027080535888672e+00
-7.572541236877441406e-01
-2.354220628738403320e+00
-2.902305603027343750e+00
-2.397536039352416992e+00
-8.303953409194946289e-01
-3.021441698074340820e-01
-1.486306667327880859e+00
-1.996134877204895020e+00
-8.553743362426757812e-03
2.311177968978881836e+00
-5.924558639526367188e-01
-9.104068279266357422e-01
-4.095826148986816406e+00
-1.329760313034057617e+00
-4.829606115818023682e-01
-4.770377159118652344e+00
-8.834850788116455078e-01
-8.113275766372680664e-01
-2.109874963760375977e+00
-3.572261810302734375e+00
-2.150726318359375000e+00
-3.192146062850952148e+00
-3.237121820449829102e+00
-7.524153590202331543e-01
-4.152151584625244141e+00
2.416317939758300781e+00
-3.566127717494964600e-01
1.380836606025695801e+00
2.344593048095703125e+00
-1.642523884773254395e+00
-4.707069396972656250e+00
-1.417673707008361816e+00
-2.042670249938964844e+00
2.401840925216674805e+00
-9.703792333602905273e-01
4.235236644744873047e-01
-2.185533761978149414e+00
-4.411012172698974609e+00
-1.757700800895690918e+00
-2.916760444641113281e+00
-1.430022239685058594e+00
-1.551546216011047363e+00
-4.844616413116455078e+00
-3.925804138183593750e+00
-3.607927560806274414e+00
-1.196302652359008789e+00
-2.677397251129150391e+00
-3.128873825073242188e+00
-4.963062763214111328e+00
-1.981894016265869141e+00
-8.370360136032104492e-01
-1.820122480392456055e+00
-3.277257680892944336e+00
-5.767400264739990234e-01
-3.985286951065063477e-01
-1.031663298606872559e+00
2.947393178939819336e+00
-1.403257131576538086e+00
1.661030799150466919e-01
1.220150113105773926e+00
1.013077259063720703e+00
-2.279252529144287109e+00
-2.475811719894409180e+00
-1.668591022491455078e+00
-1.647038936614990234e+00
-3.272925376892089844e+00
-9.436119198799133301e-01
-5.294545173645019531e+00
-1.215709328651428223e+00
-4.688401520252227783e-02
4.599549472332000732e-01
9.660530090332031250e-01
-1.905339598655700684e+00
-1.333745241165161133e+00
-2.722262144088745117e+00
-2.322564363479614258e+00
-1.248574614524841309e+00
-5.533427000045776367e-01
-1.191355347633361816e+00
-3.411191225051879883e+00
6.811718344688415527e-01
-1.481386184692382812e+00
-1.594917774200439453e+00
-3.493853807449340820e+00
-2.153653860092163086e+00
-1.917009651660919189e-01
-2.811369299888610840e-01
8.526738882064819336e-01
-1.717294573783874512e+00
-1.923232913017272949e+00
9.308813214302062988e-01
5.753802061080932617e-01
-2.362244367599487305e+00
1.419718384742736816e+00
5.736940503120422363e-01
-1.922082006931304932e-01
2.836453318595886230e-01
3.169736623764038086e+00
-5.517514705657958984e+00
-1.425343990325927734e+00
4.332262277603149414e-01
1.752501845359802246e+00
-1.968843579292297363e+00
-3.218406200408935547e+00
-1.048019528388977051e+00
1.585456967353820801e+00
6.579969406127929688e+00
5.180405616760253906e+00
-8.834623098373413086e-01
4.052842140197753906e+00
7.621526122093200684e-01
-2.870190620422363281e+00
4.799822807312011719e+00
-1.752122998237609863e+00
2.030346870422363281e+00
2.155913829803466797e+00
2.034320592880249023e+00
-1.053245902061462402e+00
-1.655690908432006836e+00
2.443096160888671875e+00
1.410433411598205566e+00
4.177256226539611816e-01
4.962222576141357422e+00
-7.729510068893432617e-01
2.126664519309997559e-01
-3.861398100852966309e-01
-2.512466907501220703e-02
-1.932290554046630859e+00
3.564996957778930664e+00
3.293140649795532227e+00
1.329828143119812012e+00
-1.497806906700134277e-01
3.555029034614562988e-01
1.226354837417602539e+00
-1.086526036262512207e+00
1.321782588958740234e+00
1.038604497909545898e+00
-4.271533012390136719e+00
5.148593425750732422e+00
-3.348871469497680664e-01
-1.020149469375610352e+00
2.618750095367431641e+00
5.006893157958984375e+00
3.673093795776367188e+00
-1.517042517662048340e-02
-8.267394900321960449e-01
-5.715588331222534180e-01
2.524228096008300781e+00
-1.905347347259521484e+00
-1.227748870849609375e+00
2.801330804824829102e+00
-2.555908918380737305e+00
3.115423202514648438e+00
1.541341662406921387e+00
9.414852261543273926e-01
1.345297932624816895e+00
7.528831958770751953e-01
2.463791608810424805e+00
5.997433185577392578e+00
7.363692760467529297e+00
-1.571484446525573730e+00
-2.065751791000366211e+00
-3.808337450027465820e+00
-2.800498485565185547e+00
4.448165416717529297e+00
2.569500684738159180e+00
-2.716045379638671875e+00
-2.895821571350097656e+00
-1.690907835960388184e+00
1.330507040023803711e+00
-3.671142339706420898e+00
2.780220985412597656e+00
-2.929729700088500977e+00
2.609776973724365234e+00
-2.524600505828857422e+00
-1.210189342498779297e+00
-1.216734886169433594e+00
3.919343352317810059e-01
1.037322640419006348e+00
-6.469025611877441406e+00
4.966567516326904297e+00
-1.191977977752685547e+00
-9.973132610321044922e-02
-6.338071227073669434e-01
3.978843688964843750e+00
-7.050692439079284668e-01
-4.762307643890380859e+00
3.784881591796875000e+00
1.874810218811035156e+00
1.873362302780151367e+00
5.522335767745971680e-01
1.499115467071533203e+00
4.047913074493408203e+00
1.057975530624389648e+00
-2.479523420333862305e+00
-3.062731623649597168e-01
1.579379677772521973e+00
3.230088949203491211e+00
4.026634216308593750e+00
6.411285400390625000e+00
3.896201610565185547e+00
1.447482466697692871e+00
2.209482669830322266e+00
-2.688057184219360352e+00
5.034178256988525391e+00
8.970159292221069336e-02
-1.816714167594909668e+00
-1.555910229682922363e+00
-9.450767636299133301e-01
1.726035118103027344e+00
2.527272939682006836e+00
-9.647259712219238281e-01
-2.511073112487792969e+00
3.660799503326416016e+00
2.858043909072875977e+00
2.201835155487060547e+00
2.277334690093994141e+00
6.778135299682617188e-01
-2.798040151596069336e+00
4.950212240219116211e-01
-1.865932464599609375e+00
-1.248002648353576660e-01
-4.542438030242919922e+00
-1.486281037330627441e+00
1.045375823974609375e+00
1.112410664558410645e+00
6.376909017562866211e-01
2.026295900344848633e+00
4.565376281738281250e+00
-8.277382254600524902e-01
-4.891401767730712891e+00
-1.514590620994567871e+00
-1.124557614326477051e+00
4.816320419311523438e+00
4.740699768066406250e+00
1.297949433326721191e+00
5.963999748229980469e+00
2.980545520782470703e+00
-1.886933684349060059e+00
1.518343091011047363e+00
2.378489494323730469e+00
-1.545886993408203125e+00
6.783413887023925781e-02
-2.990101337432861328e+00
6.081258296966552734e+00
-1.778806567192077637e+00
4.710774421691894531e+00
3.498769760131835938e+00
-1.705965995788574219e-01
-1.347893953323364258e+00
3.533698320388793945e-01
5.314232349395751953e+00
8.853332996368408203e-01
-1.433652877807617188e+00
-2.585245132446289062e+00
1.459169149398803711e+00
-8.521777391433715820e-02
1.983116567134857178e-01
-3.352028727531433105e-01
-3.572002649307250977e-01
2.159830570220947266e+00
-2.169478535652160645e-01
3.314908266067504883e+00
-1.418111562728881836e+00
-3.832224011421203613e-01
1.908617138862609863e+00
-7.106796741485595703e+00
4.617277145385742188e+00
-1.745374441146850586e+00
-2.449413776397705078e+00
-2.649280309677124023e+00
-2.804385662078857422e+00
3.310660839080810547e+00
1.233290195465087891e+00
1.094980239868164062e+00
3.533588409423828125e+00
1.304901361465454102e+00
3.580867648124694824e-01
-2.910244226455688477e+00
1.542517662048339844e+00
3.629065990447998047e+00
-1.547120809555053711e+00
9.178084731101989746e-01
5.837031841278076172e+00
3.509199619293212891e-01
-8.801013231277465820e-01
1.006061458587646484e+01
-1.751445531845092773e-01
1.862217426300048828e+00
-7.628170251846313477e-01
-1.836886525154113770e+00
3.869584202766418457e-01
4.500846862792968750e-01
-3.602676153182983398e+00
4.043444633483886719e+00
-1.527915239334106445e+00
-6.209912300109863281e-01
-2.999582529067993164e+00
-9.836271405220031738e-01
1.448652595281600952e-01
9.556239098310470581e-02
9.551915526390075684e-01
-6.255589723587036133e-01
4.291188240051269531e+00
-2.731814146041870117e+00
2.739502429962158203e+00
8.512986183166503906e+00
-2.031623840332031250e+00
2.257884025573730469e+00
2.082168817520141602e+00
-2.432388544082641602e+00
3.659667968750000000e+00
2.671943664550781250e+00
5.857964992523193359e+00
3.164149045944213867e+00
2.669552803039550781e+00
7.966824173927307129e-01
1.042171716690063477e+00
1.595935106277465820e+00
-1.093293666839599609e+00
-2.222764253616333008e+00
2.930510044097900391e-01
-2.753669738769531250e+00
2.048144817352294922e+00
2.397333145141601562e+00
-1.613126039505004883e+00
3.496608018875122070e+00
3.366322040557861328e+00
2.256098270416259766e+00
-1.243338823318481445e+00
4.696378111839294434e-01
4.518070220947265625e+00
8.265330195426940918e-01
-1.158974766731262207e+00
1.069980382919311523e+00
3.327899456024169922e+00
2.231988906860351562e+00
-2.766797542572021484e+00
1.579028129577636719e+00
-1.726461410522460938e+00
3.723934888839721680e+00
3.409798383712768555e+00
3.927371025085449219e+00
-2.763980388641357422e+00
-1.312038898468017578e-01
-2.098276615142822266e+00
-1.855216026306152344e+00
1.961475610733032227e-01
4.402219772338867188e+00
1.419127106666564941e+00
7.591487169265747070e-01
-8.376485109329223633e-02
-2.754518985748291016e+00
2.890106439590454102e+00
7.471502304077148438e+00
1.491476297378540039e+00
-2.455410480499267578e+00
-1.184505820274353027e-01
-1.246637105941772461e-02
-1.214009284973144531e+00
-5.902909040451049805e-01
4.434007167816162109e+00
1.118664979934692383e+00
1.173339247703552246e+00
6.240285396575927734e+00
-9.449512958526611328e-01
1.042279481887817383e+00
1.544907093048095703e-01
6.994634866714477539e-01
-1.821911811828613281e+00
-1.473976612091064453e+00
-1.529682636260986328e+00
2.856311798095703125e-01
-5.144864559173583984e+00
1.975540876388549805e+00
2.314547300338745117e-01
6.261218786239624023e-01
6.078538894653320312e-01
-2.115988492965698242e+00
4.507662057876586914e-01
-1.183496236801147461e+00
-1.819583654403686523e+00
2.886801004409790039e+00
-7.170724868774414062e-01
1.941384553909301758e+00
1.070332527160644531e-02
-6.803017854690551758e-01
4.854860305786132812e+00
2.491619348526000977e+00
-2.995675802230834961e+00
2.615347862243652344e+00
6.276567459106445312e+00
-1.290794610977172852e-01
1.182329058647155762e+00
6.353303790092468262e-03
6.015867233276367188e+00
2.715026378631591797e+00
-4.870292663574218750e+00
-5.145392417907714844e-01
-2.622579336166381836e-01
-1.624771356582641602e+00
2.813459873199462891e+00
6.044181585311889648e-01
9.442719817161560059e-01
1.576655387878417969e+00
-1.133524179458618164e+00
6.773287653923034668e-01
2.896766185760498047e+00
-2.829573631286621094e+00
1.498732566833496094e+00
-1.279300689697265625e+00
3.164652347564697266e+00
-5.054548740386962891e+00
-1.092640876770019531e+00
2.645431041717529297e+00
1.557919979095458984e+00
5.653898715972900391e+00
2.978992223739624023e+00
2.445698499679565430e+00
-3.179267644882202148e-01
5.526015281677246094e+00
-3.467791795730590820e+00
-1.332250833511352539e-01
2.349930763244628906e+00
-1.582280635833740234e+00
-2.150674581527709961e+00
5.919482111930847168e-01
1.979708671569824219e-01
2.992975711822509766e-02
-2.797482967376708984e+00
4.241024017333984375e+00
-1.052929162979125977e+00
2.396167755126953125e+00
4.068091869354248047e+00
1.292178630828857422e+00
-3.098324775695800781e+00
7.599287033081054688e+00
8.008168935775756836e-01
2.731108427047729492e+00
-6.410813331604003906e-01
-2.609611034393310547e+00
3.144027948379516602e+00
-5.271378755569458008e-01
4.712196826934814453e+00
4.656100273132324219e+00
6.488488197326660156e+00
-6.511840969324111938e-02
9.760457277297973633e-01
1.968169331550598145e+00
-7.054283618927001953e-01
-5.733085274696350098e-01
5.492034435272216797e+00
2.581385135650634766e+00
3.162954807281494141e+00
1.209146261215209961e+00
-1.881875276565551758e+00
-6.036162376403808594e-03
8.532240986824035645e-01
8.338288068771362305e-01
7.188521027565002441e-01
-1.538220286369323730e+00
-2.756914377212524414e+00
-2.591074466705322266e+00
3.096674203872680664e+00
3.286971092224121094e+00
2.705800533294677734e+00
-2.646571636199951172e+00
2.028985977172851562e+00
3.483000516891479492e+00
2.211138010025024414e+00
5.758979320526123047e+00
-1.610105991363525391e+00
-4.721987247467041016e-01
-6.227590441703796387e-01
-2.915768623352050781e-01
-3.151094913482666016e+00
-9.103633165359497070e-01
1.547339558601379395e-02
-1.744932055473327637e+00
9.976387023925781250e-02
-1.993750929832458496e+00
-1.610662937164306641e-01
4.648291587829589844e+00
1.866112947463989258e+00
1.188921213150024414e+00
4.699715137481689453e+00
-1.064590215682983398e+00
1.374127745628356934e+00
4.021289348602294922e+00
6.977045536041259766e+00
2.045172691345214844e+00
1.970379829406738281e+00
-1.200969696044921875e+00
-1.059524416923522949e-01
6.701697111129760742e-01
-8.818316459655761719e-01
-1.382682919502258301e+00
-3.379459857940673828e+00
-1.481478691101074219e+00
4.163084030151367188e+00
1.276762723922729492e+00
3.466234683990478516e+00
2.544517040252685547e+00
4.752459049224853516e+00
6.973095893859863281e+00
-4.513832092285156250e+00
-1.275022149085998535e+00
-6.317779421806335449e-01
1.192244291305541992e+00
-2.061326026916503906e+00
3.067307472229003906e+00
3.959485530853271484e+00
-4.017964363098144531e+00
1.665751099586486816e+00
4.916040599346160889e-01
-1.986147642135620117e+00
-2.874508380889892578e+00
4.279700279235839844e+00
1.011621475219726562e+00
5.483023166656494141e+00
-7.716687917709350586e-01
1.011944413185119629e+00
1.369916796684265137e-01
6.056953907012939453e+00
1.355750560760498047e+00
-4.507900714874267578e+00
8.933511376380920410e-02
1.146404981613159180e+00
-6.655094623565673828e-01
-6.854674816131591797e-01
8.251506090164184570e-01
2.432955026626586914e+00
2.942237854003906250e+00
-5.732203722000122070e-01
2.840164899826049805e+00
1.201306581497192383e+00
-1.616337895393371582e-01
1.033623218536376953e+00
-2.939331531524658203e+00
7.637043595314025879e-01
3.551385402679443359e+00
8.905536532402038574e-01
-2.627117156982421875e+00
2.417532444000244141e+00
5.658056735992431641e+00
2.195051670074462891e+00
2.683025002479553223e-01
2.405090093612670898e+00
-1.332535624504089355e+00
3.652634143829345703e+00
4.527609348297119141e+00
-4.604103088378906250e+00
-2.654037177562713623e-01
3.272498130798339844e+00
-2.013443410396575928e-01
-7.220613360404968262e-01
3.466479778289794922e+00
2.535012245178222656e+00
1.138963997364044189e-01
-9.399447441101074219e-01
1.881556749343872070e+00
-2.562365055084228516e+00
-9.324430227279663086e-01
5.630461692810058594e+00
-9.429290294647216797e-01
-1.748917460441589355e+00
-3.249228477478027344e+00
-1.069931030273437500e+00
-5.249162316322326660e-01
-2.558005332946777344e+00
-8.726745843887329102e-01
3.131447792053222656e+00
-2.405629158020019531e+00
-3.148439884185791016e+00
5.566841125488281250e+00
8.701547980308532715e-01
-1.020400226116180420e-01
3.214203357696533203e+00
7.219099044799804688e+00
1.180666327476501465e+00
7.778504371643066406e+00
2.954610109329223633e+00
-1.666849851608276367e-01
-3.721070289611816406e-02
1.492693543434143066e+00
-7.018149495124816895e-01
1.212635636329650879e+00
1.307737827301025391e+00
5.454272270202636719e+00
1.098441839218139648e+00
-2.014305591583251953e+00
3.785542964935302734e+00
2.114026069641113281e+00
2.654581069946289062e+00
4.350706100463867188e+00
7.754163146018981934e-01
1.595207929611206055e+00
1.146030426025390625e-01
-1.737565517425537109e+00
5.796416282653808594e+00
8.535884618759155273e-01
1.685978889465332031e+00
1.373188018798828125e+00
-5.790528655052185059e-01
1.494007587432861328e+00
3.589080333709716797e+00
5.337390899658203125e+00
2.619591712951660156e+00
-1.120367169380187988e+00
-2.977797508239746094e+00
3.505012989044189453e+00
-1.070115089416503906e+00
5.428982734680175781e+00
1.669357895851135254e+00
-3.395330905914306641e-01
-2.129991769790649414e+00
5.756679058074951172e+00
2.063456058502197266e+00
3.533984661102294922e+00
2.465130329132080078e+00
3.143766403198242188e+00
2.388391971588134766e+00
2.772045850753784180e+00
-7.039451599121093750e-02
3.013640165328979492e+00
-2.078883886337280273e+00
-9.898891448974609375e-01
1.095183134078979492e+00
-3.407065868377685547e-01
-1.882993221282958984e+00
-3.065490722656250000e-01
1.473529219627380371e+00
5.529778599739074707e-01
6.313880681991577148e-01
-1.455325722694396973e+00
-1.337658405303955078e+00
-5.035006403923034668e-01
-4.606249332427978516e-01
-2.994167327880859375e+00
2.496918439865112305e+00
-3.229186534881591797e-01
7.911413908004760742e-02
-2.547371685504913330e-01
-1.733745336532592773e+00
1.286015391349792480e+00
1.863121628761291504e+00
-1.390315890312194824e-01
2.350627332925796509e-01
-3.531130552291870117e-01
1.548293113708496094e+00
-2.432569742202758789e+00
-1.649992465972900391e+00
-8.717576265335083008e-01
-1.609487771987915039e+00
1.704978704452514648e+00
5.348638892173767090e-01
-9.208207726478576660e-01
-1.419951558113098145e+00
2.054822206497192383e+00
-2.134469002485275269e-01
-2.360345840454101562e+00
3.444885730743408203e+00
1.721519231796264648e+00
7.014233112335205078e+00
3.521454095840454102e+00
6.908738017082214355e-01
3.429303646087646484e+00
-3.552791476249694824e-01
6.404818296432495117e-01
-4.271389961242675781e+00
-1.031821250915527344e+00
-1.567984461784362793e+00
-3.312103509902954102e+00
1.265099525451660156e+00
-3.343313932418823242e-01
3.003609657287597656e+00
-1.797248721122741699e-01
3.800892591476440430e+00
7.563694715499877930e-01
-2.672749161720275879e-01
1.643546819686889648e+00
-8.052208423614501953e-01
1.439426302909851074e+00
-1.609528660774230957e+00
6.927742362022399902e-01
1.645244359970092773e+00
-1.956115841865539551e+00
-1.595843315124511719e+00
-2.896772623062133789e+00
-5.872669219970703125e+00
-2.668436050415039062e+00
3.682862818241119385e-01
-1.813808202743530273e+00
-1.732188344001770020e+00
5.960885047912597656e+00
