9.550890922546386719e-01
4.344564437866210938e+00
-2.924049615859985352e+00
-1.080624461174011230e+00
-1.844053268432617188e+00
-1.534852147102355957e+00
1.355967819690704346e-01
-5.648198127746582031e-01
-4.558210372924804688e-01
-1.862972021102905273e+00
1.133877515792846680e+00
1.371272325515747070e+00
7.891141176223754883e-01
4.956040084362030029e-01
1.127388477325439453e+00
6.290816068649291992e-01
-1.974235534667968750e+00
1.377451539039611816e+00
1.418299674987792969e+00
-1.832713127136230469e+00
-2.899069786071777344e+00
-5.557395815849304199e-01
-2.087803840637207031e+00
-1.354072093963623047e+00
6.883928775787353516e-01
-4.525632858276367188e-01
-1.283592224121093750e+00
6.813263893127441406e-01
-7.263024151325225830e-02
-8.888777494430541992e-01
9.789115190505981445e-01
3.545953929424285889e-01
-1.943962812423706055e+00
-7.645128369331359863e-01
-2.746139168739318848e-01
-1.266586303710937500e+00
8.842855691909790039e-02
1.014876365661621094e+00
5.234611630439758301e-01
-2.537506341934204102e+00
-2.367061614990234375e+00
-1.557486414909362793e+00
-1.464400053024291992e+00
-1.849919438362121582e+00
-1.243100523948669434e+00
1.163542747497558594e+00
-1.571328163146972656e+00
-5.993687510490417480e-01
-1.336536765098571777e+00
-2.539602994918823242e+00
-7.370707988739013672e-01
-3.851307868957519531e+00
1.744402647018432617e+00
1.239426255226135254e+00
3.533032894134521484e+00
1.775554299354553223e+00
1.433961868286132812e+00
-2.403969317674636841e-01
3.977506875991821289e+00
2.960175275802612305e-01
2.786061525344848633e+00
3.715971112251281738e-01
3.570439338684082031e+00
-3.429614901542663574e-01
2.102181196212768555e+00
-3.155376613140106201e-01
2.782072305679321289e+00
-2.040954530239105225e-01
3.285837650299072266e+00
3.537318706512451172e-01
-1.905513763427734375e+00
8.613679409027099609e-01
6.160140037536621094e-02
2.371232748031616211e+00
2.502654790878295898e+00
1.013321876525878906e+00
9.908262491226196289e-01
3.915843665599822998e-01
2.677803754806518555e+00
-4.639768302440643311e-01
-4.984823465347290039e-01
-1.719673514366149902e+00
-2.978552877902984619e-02
-2.668134689331054688e+00
3.214652061462402344e+00
-2.371245384216308594e+00
-8.068707585334777832e-01
-8.987414836883544922e-02
1.234973669052124023e-01
-2.449381351470947266e-01
1.231374025344848633e+00
5.442001223564147949e-01
6.485768556594848633e-01
-1.648272871971130371e-01
1.811743021011352539e+00
-7.711474895477294922e-01
2.940607070922851562e+00
6.527599096298217773e-01
5.893173217773437500e-01
-2.137805223464965820e+00
-2.403530836105346680e+00
-2.428375244140625000e+00
-2.582975387573242188e+00
1.776157379150390625e+00
-8.186510801315307617e-01
-5.157805681228637695e-01
6.051918864250183105e-02
4.396104812622070312e+00
2.087517738342285156e+00
2.672754049301147461e+00
-4.221003055572509766e-01
2.339139938354492188e+00
1.276939272880554199e+00
-1.283902525901794434e+00
-2.303268671035766602e+00
1.227161288261413574e+00
1.250580549240112305e+00
3.927419662475585938e+00
2.740972995758056641e+00
1.715132474899291992e+00
-8.835287690162658691e-01
-9.402824044227600098e-01
-7.650690078735351562e-01
-8.843906521797180176e-01
1.676345467567443848e+00
3.695945143699645996e-01
2.071711421012878418e-01
-1.904862642288208008e+00
-2.608056068420410156e+00
-1.865592956542968750e+00
7.382609844207763672e-01
1.311766266822814941e+00
2.559484839439392090e-01
1.329170584678649902e+00
-4.101254940032958984e-01
-9.480658173561096191e-01
-1.086213707923889160e+00
-9.610466361045837402e-01
-5.965560078620910645e-01
-1.113104581832885742e+00
2.839276075363159180e+00
-1.871781587600708008e+00
7.674095630645751953e-01
-2.618319988250732422e+00
-2.764326095581054688e+00
-4.168423652648925781e+00
-4.223180294036865234e+00
-4.476443767547607422e+00
-1.331130862236022949e+00
-1.261096596717834473e+00
7.097011208534240723e-01
2.280247688293457031e+00
-1.519747495651245117e+00
-6.430818438529968262e-01
-1.418491601943969727e+00
-1.302022457122802734e+00
6.823968887329101562e-01
-6.653704643249511719e-01
5.596804022789001465e-01
-2.303167104721069336e+00
-1.443187236785888672e+00
-4.512209296226501465e-01
1.095556020736694336e-01
-1.036405324935913086e+00
6.818350553512573242e-01
-2.572032928466796875e+00
-5.070462226867675781e-01
-1.452639222145080566e+00
-4.221221446990966797e+00
-2.264938592910766602e+00
-2.476702690124511719e+00
9.734828472137451172e-01
4.376988410949707031e-01
-2.134344339370727539e+00
-2.671126604080200195e+00
-3.203463792800903320e+00
-1.184871673583984375e+00
-2.435813665390014648e+00
-3.239915966987609863e-01
-1.961050510406494141e+00
-2.385597229003906250e+00
6.775926947593688965e-01
2.658064126968383789e+00
-1.688390016555786133e+00
-3.795936107635498047e+00
6.470260620117187500e-01
-1.035849213600158691e+00
8.607283234596252441e-03
-2.028689384460449219e+00
-8.421735167503356934e-01
-3.912460803985595703e+00
-1.778240084648132324e+00
1.300201117992401123e-01
6.220062971115112305e-01
-3.831230878829956055e+00
8.604621887207031250e-02
7.194685190916061401e-02
-9.743880033493041992e-01
-3.313718318939208984e+00
-1.255824327468872070e+00
-1.771143436431884766e+00
1.124858140945434570e+00
-3.068307876586914062e+00
-3.120078802108764648e+00
1.591957688331604004e+00
-6.915915608406066895e-01
2.300287485122680664e-01
-1.189319014549255371e+00
-1.904284000396728516e+00
-6.596078276634216309e-01
-1.304688215255737305e+00
9.442276954650878906e-01
6.766942143440246582e-01
-1.278101682662963867e+00
4.770585596561431885e-01
-9.581042826175689697e-02
-6.238252520561218262e-01
1.861825585365295410e+00
4.319582581520080566e-01
-1.524782061576843262e+00
-2.384712457656860352e+00
2.063419222831726074e-01
-1.465724468231201172e+00
1.515760421752929688e-01
-3.294830083847045898e+00
-8.770132064819335938e-01
-6.718965172767639160e-01
-8.788795471191406250e-01
-2.409009456634521484e+00
-1.044896960258483887e+00
-2.788085341453552246e-01
-1.760388851165771484e+00
-1.141773223876953125e+00
-3.306559562683105469e+00
1.340176343917846680e+00
-1.912927150726318359e+00
-1.444314599037170410e+00
2.109920024871826172e+00
-4.397062063217163086e-01
6.020915508270263672e-02
7.980045676231384277e-02
-6.671736240386962891e-01
-7.926307916641235352e-01
-3.536854028701782227e+00
-3.291214704513549805e+00
-4.454581439495086670e-01
-3.655520200729370117e+00
-1.014194369316101074e+00
-1.523054003715515137e+00
-5.548198223114013672e-01
-9.658564925193786621e-01
2.777512371540069580e-01
-1.408376812934875488e+00
-1.233295202255249023e+00
4.446831345558166504e-02
1.113301515579223633e-01
-2.523458957672119141e+00
-3.195830583572387695e+00
-2.722934722900390625e+00
-4.245139062404632568e-01
-1.920025229454040527e+00
-1.508438348770141602e+00
-1.209970474243164062e+00
-7.572284936904907227e-01
2.085660934448242188e+00
2.502800524234771729e-01
-2.037893533706665039e+00
-1.768838644027709961e+00
-1.737641930580139160e+00
-2.130571603775024414e+00
-2.988018512725830078e+00
1.704954206943511963e-01
-4.425071924924850464e-02
-1.645149111747741699e+00
1.056474924087524414e+00
-1.821813821792602539e+00
-2.299525260925292969e+00
1.324660181999206543e-01
-2.502267837524414062e+00
1.757836341857910156e-02
1.340877294540405273e+00
3.810815811157226562e-01
1.111065626144409180e+00
1.801445007324218750e+00
1.990234613418579102e+00
-5.271522998809814453e-01
-3.757897317409515381e-01
-1.291392445564270020e+00
-2.010477066040039062e+00
-1.423582196235656738e+00
9.765639305114746094e-01
-2.389649868011474609e+00
1.146389245986938477e+00
-3.510272502899169922e+00
-3.630648136138916016e+00
6.737538576126098633e-01
-2.629087686538696289e+00
-1.362315893173217773e+00
-3.331667423248291016e+00
-2.672914981842041016e+00
1.019903421401977539e-01
-2.518607139587402344e+00
-1.208969116210937500e+00
-1.210679531097412109e+00
-2.494836807250976562e+00
-3.133178055286407471e-01
-1.270530223846435547e+00
5.781682729721069336e-01
-7.561007142066955566e-01
1.466561317443847656e+00
2.996099948883056641e+00
-1.718484401702880859e+00
-2.542079687118530273e+00
1.101420521736145020e+00
2.218131780624389648e+00
-3.566786646842956543e-02
-3.035591840744018555e+00
-4.067918300628662109e+00
-8.799618482589721680e-01
-9.110177159309387207e-01
-1.546459197998046875e+00
-2.160402774810791016e+00
-1.926742315292358398e+00
-8.359646797180175781e-02
-1.225039124488830566e+00
-1.920461654663085938e-01
-3.099065303802490234e+00
4.134259223937988281e-01
1.324916481971740723e+00
-1.687093973159790039e+00
2.673686742782592773e+00
-5.559092760086059570e-01
4.699566364288330078e-01
3.120034217834472656e+00
-3.197141587734222412e-01
-1.614759445190429688e+00
-2.686178684234619141e+00
7.157079577445983887e-01
2.352141618728637695e+00
-3.230728387832641602e+00
1.583124399185180664e-01
-1.188110709190368652e+00
-2.284355878829956055e+00
-1.583591341972351074e+00
-1.298026204109191895e+00
-1.128057003021240234e+00
1.148813724517822266e+00
-2.429492473602294922e+00
-3.772849082946777344e+00
-2.157970905303955078e+00
-3.189867258071899414e+00
-1.574901103973388672e+00
-1.149795651435852051e+00
-2.431984901428222656e+00
-2.438864231109619141e+00
-2.306214094161987305e+00
-7.882511019706726074e-01
6.423419713973999023e-01
7.369878292083740234e-01
1.553938031196594238e+00
-1.849094927310943604e-01
3.386689901351928711e+00
-2.219217300415039062e+00
-6.142500042915344238e-01
1.965942502021789551e+00
7.075964808464050293e-01
-1.100214481353759766e+00
-2.956597566604614258e+00
-7.134432792663574219e-01
-8.939044475555419922e-01
-1.240220904350280762e+00
-1.515474796295166016e+00
-5.607187747955322266e+00
-2.252766847610473633e+00
-2.714493274688720703e-01
-2.640056312084197998e-01
-1.873319268226623535e+00
-3.579116165637969971e-01
-2.252867221832275391e+00
1.203830718994140625e+00
-1.363479137420654297e+00
2.117124080657958984e+00
-3.018897771835327148e-01
6.002974510192871094e-02
-1.861291170120239258e+00
4.770690798759460449e-01
-2.388991832733154297e+00
1.699419021606445312e-01
-1.181879281997680664e+00
-1.240960717201232910e+00
-1.709225177764892578e+00
-5.594179034233093262e-01
1.266521334648132324e+00
-1.014559745788574219e+00
-2.612594842910766602e+00
5.800924897193908691e-01
1.478112816810607910e+00
-2.707372665405273438e+00
4.108174324035644531e+00
-1.946450471878051758e-01
-1.167623877525329590e+00
-4.016880035400390625e+00
8.838157653808593750e-01
-2.337114095687866211e+00
-9.018537402153015137e-01
6.512686014175415039e-01
-2.088895559310913086e+00
-1.418571829795837402e+00
-5.437974452972412109e+00
4.700753688812255859e-01
1.104164570569992065e-01
6.288144111633300781e+00
-7.966452836990356445e-01
-5.383625626564025879e-01
3.613529682159423828e+00
1.002169132232666016e+00
-2.152044534683227539e+00
2.876570701599121094e+00
4.867572784423828125e-01
2.994937896728515625e+00
-3.945276737213134766e-01
-1.189839839935302734e+00
-1.785375356674194336e+00
-3.739319324493408203e+00
-3.719699382781982422e-01
5.081624388694763184e-01
7.387364506721496582e-01
2.224858552217483521e-01
-1.418756365776062012e+00
2.481077611446380615e-01
-3.573585152626037598e-01
-1.671137452125549316e+00
-3.213995695114135742e+00
5.226727008819580078e+00
4.049908638000488281e+00
1.301664113998413086e-02
-1.755616664886474609e+00
-2.023391246795654297e+00
-2.156498908996582031e+00
-2.162233591079711914e+00
-2.223344326019287109e+00
-1.499388456344604492e+00
-4.358291149139404297e+00
8.729833602905273438e+00
1.328279256820678711e+00
4.529806673526763916e-01
5.148829460144042969e+00
1.391246318817138672e+00
3.255665540695190430e+00
-6.196843981742858887e-01
-8.497912287712097168e-01
3.550759315490722656e+00
3.574810028076171875e+00
-2.459452867507934570e+00
-7.224649190902709961e-01
1.800718545913696289e+00
-1.681505680084228516e+00
2.722302913665771484e+00
1.163009703159332275e-01
2.771377801895141602e+00
-9.566470384597778320e-01
-1.694284677505493164e-01
2.204498052597045898e+00
2.833173036575317383e+00
5.554044723510742188e+00
1.669530510902404785e+00
-4.024334430694580078e+00
-2.297730207443237305e+00
-2.436441659927368164e+00
1.020057201385498047e-01
-6.032172441482543945e-01
-1.816420674324035645e+00
-1.685976028442382812e+00
1.490486264228820801e-01
2.251743555068969727e+00
-8.804342746734619141e-01
9.273222684860229492e-01
-2.545498609542846680e+00
3.004750728607177734e+00
-2.286679267883300781e+00
-1.428111076354980469e+00
1.624065756797790527e+00
-1.571334958076477051e+00
-1.111740350723266602e+00
-3.893821001052856445e+00
2.985206127166748047e+00
-2.196296453475952148e+00
4.059718132019042969e+00
3.510944366455078125e+00
9.912936091423034668e-01
2.614971399307250977e-01
-6.972609519958496094e+00
1.635456442832946777e+00
-4.701395630836486816e-01
-9.358930587768554688e-01
-5.245419740676879883e-01
1.702338218688964844e+00
-1.804786562919616699e+00
-2.108483314514160156e+00
7.011817693710327148e-01
-5.849507451057434082e-01
1.521464347839355469e+00
3.102588415145874023e+00
1.144584715366363525e-01
2.518115758895874023e+00
-2.831475436687469482e-01
2.408353805541992188e+00
1.562659502029418945e+00
-1.362963676452636719e+00
1.622827529907226562e+00
-6.795631051063537598e-01
-2.127929210662841797e+00
-1.800985932350158691e+00
-1.807730436325073242e+00
-3.776610195636749268e-01
1.573271036148071289e+00
-1.752053141593933105e+00
-1.720085382461547852e+00
4.370263099670410156e+00
1.100476503372192383e+00
4.397696852684020996e-01
-1.305271387100219727e+00
1.779508590698242188e-02
-2.986362218856811523e+00
-2.674882411956787109e+00
-1.317397713661193848e+00
-8.683362007141113281e-01
-1.989210128784179688e+00
-1.692082285881042480e+00
4.467744827270507812e+00
2.840129375457763672e+00
-2.331272363662719727e-01
1.670028805732727051e+00
3.378973245620727539e+00
-1.301327705383300781e+00
-1.222836971282958984e+00
-1.501698255538940430e+00
-2.131564378738403320e+00
6.112669706344604492e-01
3.771074056625366211e+00
-1.856353163719177246e+00
8.161119222640991211e-01
1.522688627243041992e+00
2.140363454818725586e-01
9.174726903438568115e-02
-1.336223125457763672e+00
-1.331048607826232910e-01
-2.496900558471679688e+00
-3.215059280395507812e+00
3.901368141174316406e+00
-6.204724788665771484e+00
4.663841724395751953e+00
2.103197097778320312e+00
5.167663693428039551e-01
-2.574129343032836914e+00
-2.062781095504760742e+00
8.041166305541992188e+00
1.279361724853515625e+00
-1.155532360076904297e+00
4.740859270095825195e-01
1.542520284652709961e+00
-9.687510728836059570e-01
-8.027480840682983398e-01
-7.577425241470336914e-01
-6.769073009490966797e-02
6.153827309608459473e-01
-3.766318798065185547e+00
1.549242973327636719e+00
-1.187650799751281738e+00
-5.590375065803527832e-01
-7.203979790210723877e-02
-3.143262147903442383e+00
2.721999883651733398e+00
2.061316967010498047e-01
-6.144165992736816406e-03
-2.562131166458129883e+00
-1.855719327926635742e+00
1.665037870407104492e+00
3.298621475696563721e-01
-6.287144422531127930e-01
1.904063820838928223e+00
-5.093249082565307617e-01
-2.198613166809082031e+00
-3.132252693176269531e+00
3.651258230209350586e+00
-3.359351754188537598e-01
-2.271608352661132812e+00
-1.706075072288513184e+00
3.028165102005004883e+00
-1.130814552307128906e+00
-2.729892134666442871e-01
1.262528896331787109e+01
-6.751189827919006348e-01
2.451256036758422852e+00
-6.612497568130493164e-01
-1.999830961227416992e+00
-1.371294021606445312e+00
4.239876270294189453e-01
-2.203198432922363281e+00
2.729382038116455078e+00
3.810986757278442383e+00
2.170775175094604492e+00
-1.753396153450012207e+00
-2.587229251861572266e+00
5.598819255828857422e-02
2.754224061965942383e+00
2.738232374191284180e+00
-3.648262619972229004e-01
3.662821531295776367e+00
-2.759372949600219727e+00
5.353364944458007812e+00
7.592527389526367188e+00
-1.413204669952392578e-01
8.403542041778564453e-01
3.833663225173950195e+00
-2.300916016101837158e-01
4.726689338684082031e+00
2.111477851867675781e+00
1.588767528533935547e+00
3.144452095031738281e+00
4.870081901550292969e+00
-1.446755766868591309e+00
6.218974590301513672e-01
1.241160750389099121e+00
-1.228328466415405273e+00
-9.815376996994018555e-02
8.848760128021240234e-01
-3.798204421997070312e+00
-3.899837732315063477e-01
4.094831943511962891e-01
1.003581643104553223e+00
2.623058319091796875e+00
-6.866073608398437500e-02
2.819707393646240234e+00
-4.114789485931396484e+00
5.815480947494506836e-01
6.338498115539550781e+00
3.120626926422119141e+00
2.491256445646286011e-01
3.266597509384155273e+00
1.353621721267700195e+00
1.451147437095642090e+00
-3.369169712066650391e+00
8.654863834381103516e-01
-9.771957397460937500e-01
2.176224231719970703e+00
1.606770992279052734e+00
2.488254070281982422e+00
-3.014018535614013672e+00
-2.262180328369140625e+00
-1.488525032997131348e+00
-9.002888798713684082e-01
1.565710604190826416e-01
-5.780785679817199707e-01
-1.337171554565429688e+00
1.654313445091247559e+00
-6.884389519691467285e-01
-3.377496480941772461e+00
2.603965997695922852e+00
2.788074493408203125e+00
-1.442934036254882812e+00
-1.079607605934143066e+00
-2.324519157409667969e-01
-3.016699552536010742e+00
2.448474407196044922e+00
-1.137147665023803711e+00
5.280348062515258789e-01
1.102662533521652222e-01
-4.161824584007263184e-01
3.314396142959594727e+00
-1.321916699409484863e+00
-3.511311411857604980e-01
-1.264875292778015137e+00
1.759868860244750977e+00
-9.152863621711730957e-01
-2.373913526535034180e+00
-8.850842714309692383e-01
-1.053496718406677246e+00
-2.978158473968505859e+00
6.167584419250488281e+00
4.334100484848022461e-01
6.672668457031250000e-01
1.556980729103088379e+00
-7.005351185798645020e-01
1.043321251869201660e+00
-1.365756869316101074e+00
-4.573422431945800781e+00
-2.113108038902282715e-01
3.174114823341369629e-01
6.359764337539672852e-01
-1.583820462226867676e+00
1.608341932296752930e+00
4.376863956451416016e+00
1.141600012779235840e-01
-4.184543609619140625e+00
3.494185924530029297e+00
5.252435207366943359e+00
9.422513842582702637e-02
-6.516733169555664062e-01
8.179032802581787109e-02
3.117755651473999023e+00
4.239431858062744141e+00
-2.904827117919921875e+00
-2.051381111145019531e+00
4.898982644081115723e-01
-2.364242553710937500e+00
-1.814588665962219238e+00
-8.360533714294433594e-01
-2.472980976104736328e+00
2.822100639343261719e+00
7.424526214599609375e-01
2.700174808502197266e+00
1.918519496917724609e+00
-1.137066364288330078e+00
4.533379077911376953e+00
-1.510220646858215332e+00
6.451755762100219727e-01
-4.384641647338867188e+00
-4.334402084350585938e+00
6.426669359207153320e-01
-9.421738982200622559e-01
6.414492130279541016e+00
6.793808341026306152e-01
6.181319952011108398e-01
-1.854169368743896484e-01
6.897742152214050293e-01
-4.425260543823242188e+00
-9.327361583709716797e-01
1.247721791267395020e+00
3.353677392005920410e-01
-2.269371747970581055e+00
9.961478710174560547e-01
-7.592648863792419434e-01
1.952016353607177734e-01
-4.825773239135742188e+00
2.766767263412475586e+00
-2.376788616180419922e+00
-1.731039285659790039e+00
3.495672702789306641e+00
-8.872359395027160645e-01
-4.013691425323486328e+00
6.123375892639160156e+00
2.364176809787750244e-01
2.542116641998291016e+00
-2.807749271392822266e+00
-3.391596794128417969e+00
3.995028257369995117e+00
1.201957702636718750e+00
6.906050205230712891e+00
2.671420335769653320e+00
7.629009246826171875e+00
-7.145279645919799805e-01
3.961291313171386719e-01
3.219715356826782227e-01
-1.978681564331054688e+00
-1.867857933044433594e+00
4.482821226119995117e-01
-1.262326359748840332e+00
7.722753286361694336e-01
8.822126388549804688e-01
1.099051237106323242e-01
3.188799619674682617e-01
-2.858983278274536133e-01
-2.149980783462524414e+00
-9.982353448867797852e-02
-3.765168190002441406e-01
-2.911709070205688477e+00
-4.988094568252563477e-01
2.872718811035156250e+00
2.356163501739501953e+00
1.946149110794067383e+00
-2.038140058517456055e+00
4.960834980010986328e+00
7.301291823387145996e-01
3.020237445831298828e+00
4.494883060455322266e+00
-3.159776926040649414e-01
-2.370966672897338867e+00
5.291925072669982910e-01
-1.638463497161865234e+00
-3.014240741729736328e+00
-2.662425041198730469e+00
6.252281069755554199e-01
-4.019454717636108398e-01
-3.368978977203369141e+00
-1.545510888099670410e+00
-3.747873604297637939e-01
2.266669750213623047e+00
2.379904389381408691e-01
8.419039845466613770e-01
1.786569237709045410e+00
-3.062606334686279297e+00
5.880386829376220703e-01
5.385632514953613281e+00
6.537275314331054688e+00
-9.539950489997863770e-01
5.927920937538146973e-01
2.090555906295776367e+00
-3.163688898086547852e+00
6.063224673271179199e-01
5.933925509452819824e-01
1.109018564224243164e+00
-2.107343196868896484e+00
-2.182735919952392578e+00
-3.100728988647460938e-02
-7.696587443351745605e-01
2.390841245651245117e+00
-8.676981925964355469e-01
1.947975635528564453e+00
4.970666885375976562e+00
-4.468666553497314453e+00
-2.269415855407714844e+00
-1.658820152282714844e+00
-9.853357672691345215e-01
-1.379832625389099121e+00
4.400456905364990234e+00
3.684792757034301758e+00
-1.654819607734680176e+00
1.151045441627502441e+00
-2.966738939285278320e+00
-4.443959712982177734e+00
-2.914811134338378906e+00
-3.203186988830566406e-01
3.369845628738403320e+00
5.091856956481933594e+00
-1.453543066978454590e+00
2.419757366180419922e+00
-2.514306545257568359e+00
3.063112497329711914e-01
-1.388417482376098633e+00
-2.781144857406616211e+00
-3.328003585338592529e-01
-3.804004788398742676e-01
-2.542995452880859375e+00
1.212596893310546875e-02
-1.785076737403869629e+00
8.428665399551391602e-01
2.365488290786743164e+00
7.923752665519714355e-01
2.478832006454467773e-02
-5.184101462364196777e-01
4.145047664642333984e+00
6.939839839935302734e+00
1.517938613891601562e+00
1.564471244812011719e+00
1.347445607185363770e+00
-1.842153310775756836e+00
-2.220300197601318359e+00
5.433148145675659180e-01
1.796462893486022949e+00
-7.341469526290893555e-01
1.348284482955932617e+00
7.116972208023071289e-01
-2.756945133209228516e+00
2.125943660736083984e+00
2.304662466049194336e+00
-5.556660652160644531e+00
-2.056659698486328125e+00
9.170140624046325684e-01
-4.351051151752471924e-01
-4.561163783073425293e-01
4.620805263519287109e+00
-2.795157432556152344e+00
-1.306191444396972656e+00
2.297764420509338379e-01
9.311254024505615234e-01
-1.782086253166198730e+00
-5.531435608863830566e-01
8.502030372619628906e+00
-3.932438492774963379e-01
-9.678694605827331543e-02
-1.996358513832092285e+00
-5.718947052955627441e-01
-2.719474077224731445e+00
-2.992757320404052734e+00
-9.741952419281005859e-01
1.270357370376586914e+00
-2.649521112442016602e+00
-2.485309600830078125e+00
1.264006733894348145e+00
9.402505755424499512e-01
-3.038078784942626953e+00
7.847872972488403320e-01
5.234960556030273438e+00
-1.469089746475219727e+00
6.382711410522460938e+00
2.213711142539978027e-01
2.549484968185424805e-01
-2.587642431259155273e+00
-4.095814228057861328e-01
-1.675287485122680664e-01
-1.981526255607604980e+00
5.241658687591552734e+00
5.017925262451171875e+00
1.442301988601684570e+00
8.554825782775878906e-01
-8.380683064460754395e-01
6.595660448074340820e-01
1.439775943756103516e+00
2.679646492004394531e+00
-1.497618675231933594e+00
-6.374763846397399902e-01
4.251041412353515625e+00
-2.102291107177734375e+00
4.664920806884765625e+00
1.909599900245666504e+00
4.426670551300048828e+00
-2.756108641624450684e-01
-1.258503556251525879e+00
1.069308280944824219e+00
1.230273008346557617e+00
6.534218311309814453e+00
-8.982775211334228516e-01
-9.906671047210693359e-01
-1.599019050598144531e+00
-4.656594097614288330e-01
1.100150227546691895e+00
4.517592430114746094e+00
-2.060325145721435547e-01
2.235500097274780273e+00
-4.013780593872070312e+00
4.521800994873046875e+00
3.122681856155395508e+00
4.637542247772216797e+00
2.248038530349731445e+00
5.454088211059570312e+00
-2.081062197685241699e-01
9.693650007247924805e-01
-1.017247676849365234e+00
1.246222138404846191e+00
-1.541685581207275391e+00
-1.383797883987426758e+00
1.105167746543884277e+00
-6.823636293411254883e-01
-2.178644418716430664e+00
4.142336845397949219e-01
1.111936926841735840e+00
3.157440125942230225e-01
-1.231205463409423828e-01
-1.273109078407287598e+00
-8.819845318794250488e-01
2.648943662643432617e+00
1.784016847610473633e+00
-9.081316590309143066e-01
1.373850822448730469e+00
-1.968075037002563477e-01
1.233417391777038574e-01
1.636354207992553711e+00
-1.333644390106201172e+00
5.613675117492675781e-01
1.656725525856018066e+00
1.213730275630950928e-01
1.608316063880920410e+00
7.374929785728454590e-01
4.735829830169677734e-01
-1.625974416732788086e+00
-1.090132713317871094e+00
9.379510879516601562e-01
-1.509774804115295410e+00
8.572973608970642090e-01
-6.662160158157348633e-01
-1.043114423751831055e+00
-2.181884765625000000e+00
1.402920722961425781e+00
-2.440567970275878906e+00
-3.680687904357910156e+00
2.459687232971191406e+00
-2.166725873947143555e+00
2.886334419250488281e+00
1.265102863311767578e+00
6.831883192062377930e-01
2.861925601959228516e+00
-2.007302999496459961e+00
2.534391880035400391e+00
-1.618219733238220215e+00
1.308608770370483398e+00
-1.483810782432556152e+00
-5.331528186798095703e-01
2.102098464965820312e+00
1.616381764411926270e+00
3.140709161758422852e+00
-2.716807365417480469e+00
1.288038611412048340e+00
6.608973741531372070e-01
1.918244600296020508e+00
3.098477840423583984e+00
1.046288013458251953e-02
1.962889432907104492e+00
2.410925328731536865e-01
2.197111129760742188e+00
8.366358280181884766e-01
2.888318896293640137e-01
6.211280226707458496e-01
2.680963277816772461e-01
-1.612742424011230469e+00
-6.788293123245239258e-01
2.130836725234985352e+00
-4.969425499439239502e-01
1.115178108215332031e+00
5.141878128051757812e+00
